%10/31/2018 2:58:14 PM
%Duration	ID1		ID2		ID3		ID4		ID5		ID6		ID7		ID8
1000.000000	142.040253	0.591278	2041.244507	0.381470	0.000000	0.000000	0.000000	0.000000
%Tau		Tau1		Tau2		Tau3		Tau4		Tau5		Tau6		Tau7		Tau8
%		0.000064	0.000001	0.000358	0.000001	0.000000	0.000000	0.000000	0.000000
%Delaytime	D1		D2		D3		D4		D5		D6		D7		D8
0.00000020	1.86432087	83.65370941	0.97869676	0.00000000	0.00000000	0.00000000	0.00000000	0.00000000
0.00000040	1.55622947	41.82685471	1.02366590	0.00000000	0.00000000	0.00000000	0.00000000	0.00000000
0.00000060	1.51942670	0.00000000	1.01962006	0.00000000	0.00000000	0.00000000	0.00000000	0.00000000
0.00000080	1.49787092	0.00000000	1.01786685	0.00000000	0.00000000	0.00000000	0.00000000	0.00000000
0.00000100	1.52363276	41.82685471	1.01887596	0.00000000	0.00000000	0.00000000	0.00000000	0.00000000
0.00000120	1.48683000	0.00000000	1.02026176	0.00000000	0.00000000	0.00000000	0.00000000	0.00000000
0.00000140	1.50102544	0.00000000	1.02013385	0.00000000	0.00000000	0.00000000	0.00000000	0.00000000
0.00000160	1.52626157	0.00000000	1.01725996	0.00000000	0.00000000	0.00000000	0.00000000	0.00000000
0.00000180	1.47473776	0.00000000	1.01898992	0.00000000	0.00000000	0.00000000	0.00000000	0.00000000
0.00000200	1.48788154	41.82685471	1.01979208	0.00000000	0.00000000	0.00000000	0.00000000	0.00000000
0.00000220	1.53940535	0.00000000	1.01774824	0.00000000	0.00000000	0.00000000	0.00000000	0.00000000
0.00000240	1.47105742	0.00000000	1.02086401	0.00000000	0.00000000	0.00000000	0.00000000	0.00000000
0.00000260	1.51995254	0.00000000	1.01799703	0.00000000	0.00000000	0.00000000	0.00000000	0.00000000
0.00000280	1.48525274	0.00000000	1.01959908	0.00000000	0.00000000	0.00000000	0.00000000	0.00000000
0.00000300	1.44214106	0.00000000	1.01932240	0.00000000	0.00000000	0.00000000	0.00000000	0.00000000
0.00000320	1.51311767	0.00000000	1.02019429	0.00000000	0.00000000	0.00000000	0.00000000	0.00000000
0.00000360	1.48945880	0.00000000	1.02010250	0.00000000	0.00000000	0.00000000	0.00000000	0.00000000
0.00000400	1.47578919	0.00000000	1.01955962	0.00000000	0.00000000	0.00000000	0.00000000	0.00000000
0.00000440	1.47263467	0.00000000	1.01898754	0.00000000	0.00000000	0.00000000	0.00000000	0.00000000
0.00000480	1.45291901	0.00000000	1.01810980	0.00000000	0.00000000	0.00000000	0.00000000	0.00000000
0.00000520	1.47368622	0.00000000	1.01899922	0.00000000	0.00000000	0.00000000	0.00000000	0.00000000
0.00000560	1.44056380	0.00000000	1.01976538	0.00000000	0.00000000	0.00000000	0.00000000	0.00000000
0.00000600	1.46027946	0.00000000	1.01904452	0.00000000	0.00000000	0.00000000	0.00000000	0.00000000
0.00000640	1.42978585	0.00000000	1.01961303	0.00000000	0.00000000	0.00000000	0.00000000	0.00000000
0.00000720	1.42847145	0.00000000	1.01895332	14.03507423	0.00000000	0.00000000	0.00000000	0.00000000
0.00000800	1.44424403	0.00000000	1.01974094	0.00000000	0.00000000	0.00000000	0.00000000	0.00000000
0.00000880	1.43806648	0.00000000	1.01831615	0.00000000	0.00000000	0.00000000	0.00000000	0.00000000
0.00000960	1.42991722	0.00000000	1.01851559	14.03507423	0.00000000	0.00000000	0.00000000	0.00000000
0.00001040	1.42597413	0.00000000	1.01908815	0.00000000	0.00000000	0.00000000	0.00000000	0.00000000
0.00001120	1.43872368	0.00000000	1.01872373	0.00000000	0.00000000	0.00000000	0.00000000	0.00000000
0.00001200	1.40073800	0.00000000	1.01822317	0.00000000	0.00000000	0.00000000	0.00000000	0.00000000
0.00001280	1.41401327	0.00000000	1.01858246	0.00000000	0.00000000	0.00000000	0.00000000	0.00000000
0.00001440	1.40822995	5.22835684	1.01914918	0.00000000	0.00000000	0.00000000	0.00000000	0.00000000
0.00001600	1.38930285	0.00000000	1.01954269	7.01753712	0.00000000	0.00000000	0.00000000	0.00000000
0.00001760	1.38082504	0.00000000	1.01959944	0.00000000	0.00000000	0.00000000	0.00000000	0.00000000
0.00001920	1.37320161	5.22835684	1.01907969	0.00000000	0.00000000	0.00000000	0.00000000	0.00000000
0.00002080	1.36538100	0.00000000	1.01904833	0.00000000	0.00000000	0.00000000	0.00000000	0.00000000
0.00002240	1.35223722	5.22835684	1.01807868	0.00000000	0.00000000	0.00000000	0.00000000	0.00000000
0.00002400	1.35907197	0.00000000	1.01893938	0.00000000	0.00000000	0.00000000	0.00000000	0.00000000
0.00002560	1.35880911	0.00000000	1.01880908	0.00000000	0.00000000	0.00000000	0.00000000	0.00000000
0.00002880	1.32788622	2.71613026	1.01902628	3.45797896	0.00000000	0.00000000	0.00000000	0.00000000
0.00003200	1.30846548	0.00000000	1.01916468	0.00000000	0.00000000	0.00000000	0.00000000	0.00000000
0.00003520	1.29641676	0.00000000	1.01927650	0.00000000	0.00000000	0.00000000	0.00000000	0.00000000
0.00003840	1.28745329	0.00000000	1.01915514	3.45797896	0.00000000	0.00000000	0.00000000	0.00000000
0.00004160	1.27469015	0.00000000	1.01894033	0.00000000	0.00000000	0.00000000	0.00000000	0.00000000
0.00004480	1.25796497	0.00000000	1.01789355	3.45797896	0.00000000	0.00000000	0.00000000	0.00000000
0.00004800	1.26683092	2.71613026	1.01861787	0.00000000	0.00000000	0.00000000	0.00000000	0.00000000
0.00005120	1.23683214	2.71613026	1.01873052	0.00000000	0.00000000	0.00000000	0.00000000	0.00000000
0.00005760	1.21998262	5.34018993	1.01843345	0.00000000	0.00000000	0.00000000	0.00000000	0.00000000
0.00006400	1.21347582	0.00000000	1.01839447	0.00000000	0.00000000	0.00000000	0.00000000	0.00000000
0.00007040	1.18629658	4.00514269	1.01754057	0.00000000	0.00000000	0.00000000	0.00000000	0.00000000
0.00007680	1.17740452	0.00000000	1.01749802	3.37574697	0.00000000	0.00000000	0.00000000	0.00000000
0.00008320	1.16241133	2.67009497	1.01730335	1.68787348	0.00000000	0.00000000	0.00000000	0.00000000
0.00008960	1.16093481	1.33504748	1.01720428	3.37574697	0.00000000	0.00000000	0.00000000	0.00000000
0.00009600	1.14255023	1.33504748	1.01716518	1.68787348	0.00000000	0.00000000	0.00000000	0.00000000
0.00010240	1.13143516	0.00000000	1.01690400	1.68787348	0.00000000	0.00000000	0.00000000	0.00000000
0.00011520	1.12495542	1.33504748	1.01636589	0.00000000	0.00000000	0.00000000	0.00000000	0.00000000
0.00012800	1.10478735	0.66752374	1.01620007	0.84596056	0.00000000	0.00000000	0.00000000	0.00000000
0.00014080	1.08957803	0.00000000	1.01538944	2.53788161	0.00000000	0.00000000	0.00000000	0.00000000
0.00015360	1.08090460	2.00257134	1.01494932	0.84596056	0.00000000	0.00000000	0.00000000	0.00000000
0.00016640	1.07039452	1.33504748	1.01445806	0.84596056	0.00000000	0.00000000	0.00000000	0.00000000
0.00017920	1.05810392	0.66752374	1.01424110	0.00000000	0.00000000	0.00000000	0.00000000	0.00000000
0.00019200	1.05690122	0.66752374	1.01351166	0.84596056	0.00000000	0.00000000	0.00000000	0.00000000
0.00020480	1.05558467	1.33504748	1.01334846	1.69192111	0.00000000	0.00000000	0.00000000	0.00000000
0.00023040	1.04601800	0.00000000	1.01235473	0.85618234	0.00000000	0.00000000	0.00000000	0.00000000
0.00025600	1.03671885	0.33518669	1.01140761	0.00000000	0.00000000	0.00000000	0.00000000	0.00000000
0.00028160	1.03237736	1.67593348	1.01069582	0.85618234	0.00000000	0.00000000	0.00000000	0.00000000
0.00030720	1.02931166	2.34630680	1.00955129	1.71236467	0.00000000	0.00000000	0.00000000	0.00000000
0.00033280	1.02538347	1.67593348	1.00861132	0.00000000	0.00000000	0.00000000	0.00000000	0.00000000
0.00035840	1.01929915	1.34074676	1.00767517	1.71236467	0.00000000	0.00000000	0.00000000	0.00000000
0.00038400	1.01494622	0.33518669	1.00694156	0.85618234	0.00000000	0.00000000	0.00000000	0.00000000
0.00040960	1.01403737	2.01112008	1.00609469	1.28427351	0.00000000	0.00000000	0.00000000	0.00000000
0.00046080	1.01236045	1.82016659	1.00395477	0.85618234	0.00000000	0.00000000	0.00000000	0.00000000
0.00051200	1.01172698	1.32375753	1.00222290	1.50193822	0.00000000	0.00000000	0.00000000	0.00000000
0.00056320	1.00685990	0.49640909	1.00043285	0.64368778	0.00000000	0.00000000	0.00000000	0.00000000
0.00061440	1.00943077	1.32375753	0.99968445	0.85825038	0.00000000	0.00000000	0.00000000	0.00000000
0.00066560	1.00694168	1.32375753	0.99943471	1.07281303	0.00000000	0.00000000	0.00000000	0.00000000
0.00071680	1.00487196	1.48922718	0.99938524	1.28737557	0.00000000	0.00000000	0.00000000	0.00000000
0.00076800	1.00155461	0.66187876	0.99930656	0.64368778	0.00000000	0.00000000	0.00000000	0.00000000
0.00081920	1.00583887	1.65469694	0.99932253	0.64368778	0.00000000	0.00000000	0.00000000	0.00000000
0.00092160	1.00650620	1.25160706	0.99934745	1.52762532	0.00000000	0.00000000	0.00000000	0.00000000
0.00102400	1.00953543	1.75224984	0.99943030	0.76381266	0.00000000	0.00000000	0.00000000	0.00000000
0.00112640	1.00327694	0.75096422	0.99943757	0.76381266	0.00000000	0.00000000	0.00000000	0.00000000
0.00122880	1.00080526	0.91784519	0.99954027	0.98204488	0.00000000	0.00000000	0.00000000	0.00000000
0.00133120	0.99891156	0.58408332	0.99960828	1.20027709	0.00000000	0.00000000	0.00000000	0.00000000
0.00143360	1.00117826	1.16816664	0.99954367	1.30939317	0.00000000	0.00000000	0.00000000	0.00000000
0.00153600	0.99951595	0.41720235	0.99951214	1.41850924	0.00000000	0.00000000	0.00000000	0.00000000
0.00163840	1.00016189	0.75096422	0.99945205	0.97966129	0.00000000	0.00000000	0.00000000	0.00000000
0.00184320	1.00086510	1.28784132	0.99940276	1.48026180	0.00000000	0.00000000	0.00000000	0.00000000
0.00204800	0.99694192	1.28784132	0.99928850	1.04166567	0.00000000	0.00000000	0.00000000	0.00000000
0.00225280	1.00531387	0.83086532	0.99931145	1.37061274	0.00000000	0.00000000	0.00000000	0.00000000
0.00245760	1.00701761	1.12166822	0.99929476	0.60160226	0.00000000	0.00000000	0.00000000	0.00000000
0.00266240	1.00082278	0.99703842	0.99947757	1.69542456	0.00000000	0.00000000	0.00000000	0.00000000
0.00286720	1.00154436	1.12166822	0.99969685	0.98444009	0.00000000	0.00000000	0.00000000	0.00000000
0.00307200	0.99866182	1.11929178	0.99948281	1.09382236	0.00000000	0.00000000	0.00000000	0.00000000
0.00327680	0.99763483	1.20220232	0.99953723	0.65629339	0.00000000	0.00000000	0.00000000	0.00000000
0.00368640	0.99475908	0.67967945	0.99933195	1.27962136	0.00000000	0.00000000	0.00000000	0.00000000
0.00409600	0.99670917	0.99071920	0.99960572	1.05707848	0.00000000	0.00000000	0.00000000	0.00000000
0.00450560	0.99864739	1.24102831	0.99933660	0.94813669	0.00000000	0.00000000	0.00000000	0.00000000
0.00491520	1.00327742	0.86871976	0.99945647	0.80870479	0.00000000	0.00000000	0.00000000	0.00000000
0.00532480	1.00216651	0.68256557	0.99969125	0.89236391	0.00000000	0.00000000	0.00000000	0.00000000
0.00573440	1.00072801	0.88940358	0.99945694	1.08756852	0.00000000	0.00000000	0.00000000	0.00000000
0.00614400	1.00017619	0.97213882	0.99928802	0.69715929	0.00000000	0.00000000	0.00000000	0.00000000
0.00655360	0.99599260	0.72393316	0.99939531	1.00390947	0.00000000	0.00000000	0.00000000	0.00000000
0.00737280	0.99716741	1.12802935	1.00011218	0.98029625	0.00000000	0.00000000	0.00000000	0.00000000
0.00819200	1.00172055	0.95168555	1.01021814	0.91126132	0.00000000	0.00000000	0.00000000	0.00000000
0.00901120	1.00021493	0.84935379	1.00318503	0.81461239	0.00000000	0.00000000	0.00000000	0.00000000
0.00983040	0.99644196	0.95369756	0.99952221	1.19827116	0.00000000	0.00000000	0.00000000	0.00000000
0.01064960	1.00231767	0.95571810	0.99935085	0.98029625	0.00000000	0.00000000	0.00000000	0.00000000
0.01146880	0.99533194	0.88841218	0.99955612	1.21800041	0.00000000	0.00000000	0.00000000	0.00000000
0.01228800	1.00081551	0.95168555	0.99946153	0.92734122	0.00000000	0.00000000	0.00000000	0.00000000
0.01310720	1.00140250	1.07675529	0.99943185	0.87197757	0.00000000	0.00000000	0.00000000	0.00000000
0.01474560	1.00252378	1.02251565	0.99958187	1.10875177	0.00000000	0.00000000	0.00000000	0.00000000
0.01638400	1.00129580	0.97318172	1.00528252	1.00545192	0.00000000	0.00000000	0.00000000	0.00000000
0.01802240	1.00148261	1.08131301	1.00114059	0.88837874	0.00000000	0.00000000	0.00000000	0.00000000
0.01966080	0.99758738	0.95975918	0.99951947	1.03299856	0.00000000	0.00000000	0.00000000	0.00000000
0.02129920	0.99586117	0.99892730	0.99945939	1.03299856	0.00000000	0.00000000	0.00000000	0.00000000
0.02293760	0.99777824	0.99798906	0.99950099	1.02611196	0.00000000	0.00000000	0.00000000	0.00000000
0.02457600	0.99752873	0.88564688	1.00454974	1.10457242	0.00000000	0.00000000	0.00000000	0.00000000
0.02621440	0.99724799	1.08875906	1.00189400	0.84914005	0.00000000	0.00000000	0.00000000	0.00000000
0.02949120	0.99960077	0.94228709	0.99949569	0.97552598	0.00000000	0.00000000	0.00000000	0.00000000
0.03276800	0.99966168	1.02467287	1.00243306	0.98583084	0.00000000	0.00000000	0.00000000	0.00000000
0.03604480	0.99885631	1.07873845	1.00029302	1.00202656	0.00000000	0.00000000	0.00000000	0.00000000
0.03932160	1.00092435	0.96749920	1.00037706	0.97447944	0.00000000	0.00000000	0.00000000	0.00000000
0.04259840	0.99848956	1.02860844	1.00232339	1.05282080	0.00000000	0.00000000	0.00000000	0.00000000
0.04587520	0.99977654	0.96642554	0.99948889	1.03048515	0.00000000	0.00000000	0.00000000	0.00000000
0.04915200	0.99831241	1.02901471	1.00205398	0.99027359	0.00000000	0.00000000	0.00000000	0.00000000
0.05242880	0.99952143	1.04969835	1.00064063	0.96158558	0.00000000	0.00000000	0.00000000	0.00000000
0.05898240	1.00003016	0.95644712	1.00126040	1.08808529	0.00000000	0.00000000	0.00000000	0.00000000
0.06553600	1.00173545	0.94815773	1.00095773	0.96520960	0.00000000	0.00000000	0.00000000	0.00000000
0.07208960	1.00025785	1.06393754	1.00084496	0.95943463	0.00000000	0.00000000	0.00000000	0.00000000
0.07864320	1.00034201	0.99635273	1.00082147	1.07324338	0.00000000	0.00000000	0.00000000	0.00000000
0.08519680	0.99855447	0.99635273	1.00088036	1.04520571	0.00000000	0.00000000	0.00000000	0.00000000
0.09175040	0.99997848	1.01179457	1.00125337	1.02654135	0.00000000	0.00000000	0.00000000	0.00000000
0.09830400	1.00080311	1.01309001	1.00080740	0.96885145	0.00000000	0.00000000	0.00000000	0.00000000
0.10485760	1.00026190	0.99025047	1.00081623	0.94282490	0.00000000	0.00000000	0.00000000	0.00000000
0.11796480	1.00013804	0.99526089	1.00096858	1.01248682	0.00000000	0.00000000	0.00000000	0.00000000
0.13107200	0.99996173	1.05408955	1.00080872	1.01073563	0.00000000	0.00000000	0.00000000	0.00000000
0.14417920	0.99932277	0.97295964	1.00087106	1.01958442	0.00000000	0.00000000	0.00000000	0.00000000
0.15728641	0.99979818	1.03169441	1.00088620	1.01203132	0.00000000	0.00000000	0.00000000	0.00000000
0.17039360	0.99989349	1.01926684	1.00075448	1.00164199	0.00000000	0.00000000	0.00000000	0.00000000
0.18350080	0.99933285	0.97107422	1.00092387	0.92509872	0.00000000	0.00000000	0.00000000	0.00000000
0.19660801	0.99948603	1.00594616	1.00067139	1.01511800	0.00000000	0.00000000	0.00000000	0.00000000
0.20971520	0.99983084	1.01123679	1.00088370	1.00714362	0.00000000	0.00000000	0.00000000	0.00000000
0.23592959	1.00034118	0.97854000	1.00072539	0.95913386	0.00000000	0.00000000	0.00000000	0.00000000
0.26214400	0.99956745	1.00246835	1.00067973	0.97377968	0.00000000	0.00000000	0.00000000	0.00000000
0.28835839	1.00041592	1.01360357	1.00063348	0.98844314	0.00000000	0.00000000	0.00000000	0.00000000
0.31457281	1.00074542	1.00332260	1.00058746	1.01909626	0.00000000	0.00000000	0.00000000	0.00000000
0.34078720	0.99988514	0.99091256	1.00055301	0.98444188	0.00000000	0.00000000	0.00000000	0.00000000
0.36700159	0.99988824	0.98658806	1.00050092	0.99450481	0.00000000	0.00000000	0.00000000	0.00000000
0.39321601	0.99999791	0.96963954	1.00047243	0.99338740	0.00000000	0.00000000	0.00000000	0.00000000
0.41943040	1.00046599	0.97798407	1.00043070	0.99069971	0.00000000	0.00000000	0.00000000	0.00000000
0.47185919	0.99984306	0.98877335	1.00033307	1.00945628	0.00000000	0.00000000	0.00000000	0.00000000
0.52428800	1.00027156	0.97826087	1.00027347	0.98169678	0.00000000	0.00000000	0.00000000	0.00000000
0.57671678	0.99984694	1.00749123	1.00024092	0.97184968	0.00000000	0.00000000	0.00000000	0.00000000
0.62914562	1.00021946	0.99675077	1.00020933	0.98557693	0.00000000	0.00000000	0.00000000	0.00000000
0.68157440	1.00068676	0.98131490	1.00018692	0.97692305	0.00000000	0.00000000	0.00000000	0.00000000
0.73400319	1.00000358	1.00166190	1.00017476	0.99511915	0.00000000	0.00000000	0.00000000	0.00000000
0.78643203	1.00011754	1.03270972	1.00017107	1.03245509	0.00000000	0.00000000	0.00000000	0.00000000
0.83886081	0.99989659	1.00821090	1.00016153	1.01356304	0.00000000	0.00000000	0.00000000	0.00000000
0.94371837	1.00009441	1.01986015	1.00010824	1.00439882	0.00000000	0.00000000	0.00000000	0.00000000
1.04857600	1.00048935	0.99414355	1.00002909	0.94770122	0.00000000	0.00000000	0.00000000	0.00000000
1.15343356	0.99939865	0.99099278	0.99997354	0.99117821	0.00000000	0.00000000	0.00000000	0.00000000
1.25829124	1.00026262	0.99000388	0.99993861	1.04713917	0.00000000	0.00000000	0.00000000	0.00000000
1.36314881	1.00040483	0.99204624	0.99995357	1.01376486	0.00000000	0.00000000	0.00000000	0.00000000
1.46800637	0.99983233	0.99202496	0.99998188	0.98739141	0.00000000	0.00000000	0.00000000	0.00000000
1.57286406	0.99951881	1.00729609	1.00000536	1.02428567	0.00000000	0.00000000	0.00000000	0.00000000
1.67772162	0.99931955	0.99818182	1.00000596	0.99259257	0.00000000	0.00000000	0.00000000	0.00000000
1.88743675	0.00000000	0.00000000	0.00000000	0.00000000	0.00000000	0.00000000	0.00000000	0.00000000
2.09715199	0.00000000	0.00000000	0.00000000	0.00000000	0.00000000	0.00000000	0.00000000	0.00000000
2.30686712	0.00000000	0.00000000	0.00000000	0.00000000	0.00000000	0.00000000	0.00000000	0.00000000
2.51658249	0.00000000	0.00000000	0.00000000	0.00000000	0.00000000	0.00000000	0.00000000	0.00000000
2.72629762	0.00000000	0.00000000	0.00000000	0.00000000	0.00000000	0.00000000	0.00000000	0.00000000
2.93601274	0.00000000	0.00000000	0.00000000	0.00000000	0.00000000	0.00000000	0.00000000	0.00000000
3.14572811	0.00000000	0.00000000	0.00000000	0.00000000	0.00000000	0.00000000	0.00000000	0.00000000
3.35544324	0.00000000	0.00000000	0.00000000	0.00000000	0.00000000	0.00000000	0.00000000	0.00000000
3.77487350	0.00000000	0.00000000	0.00000000	0.00000000	0.00000000	0.00000000	0.00000000	0.00000000
4.19430399	0.00000000	0.00000000	0.00000000	0.00000000	0.00000000	0.00000000	0.00000000	0.00000000
4.61373425	0.00000000	0.00000000	0.00000000	0.00000000	0.00000000	0.00000000	0.00000000	0.00000000
5.03316498	0.00000000	0.00000000	0.00000000	0.00000000	0.00000000	0.00000000	0.00000000	0.00000000
5.45259523	0.00000000	0.00000000	0.00000000	0.00000000	0.00000000	0.00000000	0.00000000	0.00000000
5.87202549	0.00000000	0.00000000	0.00000000	0.00000000	0.00000000	0.00000000	0.00000000	0.00000000
6.29145622	0.00000000	0.00000000	0.00000000	0.00000000	0.00000000	0.00000000	0.00000000	0.00000000
6.71088648	0.00000000	0.00000000	0.00000000	0.00000000	0.00000000	0.00000000	0.00000000	0.00000000
7.54974699	0.00000000	0.00000000	0.00000000	0.00000000	0.00000000	0.00000000	0.00000000	0.00000000
8.38860798	0.00000000	0.00000000	0.00000000	0.00000000	0.00000000	0.00000000	0.00000000	0.00000000
9.22746849	0.00000000	0.00000000	0.00000000	0.00000000	0.00000000	0.00000000	0.00000000	0.00000000
10.06632996	0.00000000	0.00000000	0.00000000	0.00000000	0.00000000	0.00000000	0.00000000	0.00000000
10.90519047	0.00000000	0.00000000	0.00000000	0.00000000	0.00000000	0.00000000	0.00000000	0.00000000
11.74405098	0.00000000	0.00000000	0.00000000	0.00000000	0.00000000	0.00000000	0.00000000	0.00000000
12.58291245	0.00000000	0.00000000	0.00000000	0.00000000	0.00000000	0.00000000	0.00000000	0.00000000
13.42177296	0.00000000	0.00000000	0.00000000	0.00000000	0.00000000	0.00000000	0.00000000	0.00000000
15.09949398	0.00000000	0.00000000	0.00000000	0.00000000	0.00000000	0.00000000	0.00000000	0.00000000
16.77721596	0.00000000	0.00000000	0.00000000	0.00000000	0.00000000	0.00000000	0.00000000	0.00000000
18.45493698	0.00000000	0.00000000	0.00000000	0.00000000	0.00000000	0.00000000	0.00000000	0.00000000
20.13265991	0.00000000	0.00000000	0.00000000	0.00000000	0.00000000	0.00000000	0.00000000	0.00000000
21.81038094	0.00000000	0.00000000	0.00000000	0.00000000	0.00000000	0.00000000	0.00000000	0.00000000
23.48810196	0.00000000	0.00000000	0.00000000	0.00000000	0.00000000	0.00000000	0.00000000	0.00000000
25.16582489	0.00000000	0.00000000	0.00000000	0.00000000	0.00000000	0.00000000	0.00000000	0.00000000
26.84354591	0.00000000	0.00000000	0.00000000	0.00000000	0.00000000	0.00000000	0.00000000	0.00000000
30.19898796	0.00000000	0.00000000	0.00000000	0.00000000	0.00000000	0.00000000	0.00000000	0.00000000
33.55443192	0.00000000	0.00000000	0.00000000	0.00000000	0.00000000	0.00000000	0.00000000	0.00000000
36.90987396	0.00000000	0.00000000	0.00000000	0.00000000	0.00000000	0.00000000	0.00000000	0.00000000
40.26531982	0.00000000	0.00000000	0.00000000	0.00000000	0.00000000	0.00000000	0.00000000	0.00000000
43.62076187	0.00000000	0.00000000	0.00000000	0.00000000	0.00000000	0.00000000	0.00000000	0.00000000
46.97620392	0.00000000	0.00000000	0.00000000	0.00000000	0.00000000	0.00000000	0.00000000	0.00000000
50.33164978	0.00000000	0.00000000	0.00000000	0.00000000	0.00000000	0.00000000	0.00000000	0.00000000
53.68709183	0.00000000	0.00000000	0.00000000	0.00000000	0.00000000	0.00000000	0.00000000	0.00000000
60.39797592	0.00000000	0.00000000	0.00000000	0.00000000	0.00000000	0.00000000	0.00000000	0.00000000
67.10886383	0.00000000	0.00000000	0.00000000	0.00000000	0.00000000	0.00000000	0.00000000	0.00000000
73.81974792	0.00000000	0.00000000	0.00000000	0.00000000	0.00000000	0.00000000	0.00000000	0.00000000
80.53063965	0.00000000	0.00000000	0.00000000	0.00000000	0.00000000	0.00000000	0.00000000	0.00000000
87.24152374	0.00000000	0.00000000	0.00000000	0.00000000	0.00000000	0.00000000	0.00000000	0.00000000
93.95240784	0.00000000	0.00000000	0.00000000	0.00000000	0.00000000	0.00000000	0.00000000	0.00000000
100.66329956	0.00000000	0.00000000	0.00000000	0.00000000	0.00000000	0.00000000	0.00000000	0.00000000
107.37418365	0.00000000	0.00000000	0.00000000	0.00000000	0.00000000	0.00000000	0.00000000	0.00000000
120.79595184	0.00000000	0.00000000	0.00000000	0.00000000	0.00000000	0.00000000	0.00000000	0.00000000
134.21772766	0.00000000	0.00000000	0.00000000	0.00000000	0.00000000	0.00000000	0.00000000	0.00000000
147.63949585	0.00000000	0.00000000	0.00000000	0.00000000	0.00000000	0.00000000	0.00000000	0.00000000
161.06127930	0.00000000	0.00000000	0.00000000	0.00000000	0.00000000	0.00000000	0.00000000	0.00000000
174.48304749	0.00000000	0.00000000	0.00000000	0.00000000	0.00000000	0.00000000	0.00000000	0.00000000
187.90481567	0.00000000	0.00000000	0.00000000	0.00000000	0.00000000	0.00000000	0.00000000	0.00000000
201.32659912	0.00000000	0.00000000	0.00000000	0.00000000	0.00000000	0.00000000	0.00000000	0.00000000
214.74836731	0.00000000	0.00000000	0.00000000	0.00000000	0.00000000	0.00000000	0.00000000	0.00000000
241.59190369	0.00000000	0.00000000	0.00000000	0.00000000	0.00000000	0.00000000	0.00000000	0.00000000
268.43545532	0.00000000	0.00000000	0.00000000	0.00000000	0.00000000	0.00000000	0.00000000	0.00000000
295.27899170	0.00000000	0.00000000	0.00000000	0.00000000	0.00000000	0.00000000	0.00000000	0.00000000
322.12255859	0.00000000	0.00000000	0.00000000	0.00000000	0.00000000	0.00000000	0.00000000	0.00000000
348.96609497	0.00000000	0.00000000	0.00000000	0.00000000	0.00000000	0.00000000	0.00000000	0.00000000
375.80963135	0.00000000	0.00000000	0.00000000	0.00000000	0.00000000	0.00000000	0.00000000	0.00000000
402.65319824	0.00000000	0.00000000	0.00000000	0.00000000	0.00000000	0.00000000	0.00000000	0.00000000
429.49673462	0.00000000	0.00000000	0.00000000	0.00000000	0.00000000	0.00000000	0.00000000	0.00000000
483.18380737	0.00000000	0.00000000	0.00000000	0.00000000	0.00000000	0.00000000	0.00000000	0.00000000
536.87091064	0.00000000	0.00000000	0.00000000	0.00000000	0.00000000	0.00000000	0.00000000	0.00000000
590.55798340	0.00000000	0.00000000	0.00000000	0.00000000	0.00000000	0.00000000	0.00000000	0.00000000
644.24511719	0.00000000	0.00000000	0.00000000	0.00000000	0.00000000	0.00000000	0.00000000	0.00000000
697.93218994	0.00000000	0.00000000	0.00000000	0.00000000	0.00000000	0.00000000	0.00000000	0.00000000
751.61926270	0.00000000	0.00000000	0.00000000	0.00000000	0.00000000	0.00000000	0.00000000	0.00000000
805.30639648	0.00000000	0.00000000	0.00000000	0.00000000	0.00000000	0.00000000	0.00000000	0.00000000
858.99346924	0.00000000	0.00000000	0.00000000	0.00000000	0.00000000	0.00000000	0.00000000	0.00000000
966.36761475	0.00000000	0.00000000	0.00000000	0.00000000	0.00000000	0.00000000	0.00000000	0.00000000
1073.74182129	0.00000000	0.00000000	0.00000000	0.00000000	0.00000000	0.00000000	0.00000000	0.00000000
1181.11596680	0.00000000	0.00000000	0.00000000	0.00000000	0.00000000	0.00000000	0.00000000	0.00000000
1288.49023437	0.00000000	0.00000000	0.00000000	0.00000000	0.00000000	0.00000000	0.00000000	0.00000000
1395.86437988	0.00000000	0.00000000	0.00000000	0.00000000	0.00000000	0.00000000	0.00000000	0.00000000
1503.23852539	0.00000000	0.00000000	0.00000000	0.00000000	0.00000000	0.00000000	0.00000000	0.00000000
1610.61279297	0.00000000	0.00000000	0.00000000	0.00000000	0.00000000	0.00000000	0.00000000	0.00000000
1717.98693848	0.00000000	0.00000000	0.00000000	0.00000000	0.00000000	0.00000000	0.00000000	0.00000000
1932.73522949	0.00000000	0.00000000	0.00000000	0.00000000	0.00000000	0.00000000	0.00000000	0.00000000
2147.48364258	0.00000000	0.00000000	0.00000000	0.00000000	0.00000000	0.00000000	0.00000000	0.00000000
2362.23193359	0.00000000	0.00000000	0.00000000	0.00000000	0.00000000	0.00000000	0.00000000	0.00000000
2576.98046875	0.00000000	0.00000000	0.00000000	0.00000000	0.00000000	0.00000000	0.00000000	0.00000000
2791.72875977	0.00000000	0.00000000	0.00000000	0.00000000	0.00000000	0.00000000	0.00000000	0.00000000
3006.47705078	0.00000000	0.00000000	0.00000000	0.00000000	0.00000000	0.00000000	0.00000000	0.00000000
3221.22558594	0.00000000	0.00000000	0.00000000	0.00000000	0.00000000	0.00000000	0.00000000	0.00000000
3435.97387695	0.00000000	0.00000000	0.00000000	0.00000000	0.00000000	0.00000000	0.00000000	0.00000000
0	0	0	0	0	0	0	0	0
