%10/31/2018 3:08:32 PM
%Duration	ID1		ID2		ID3		ID4		ID5		ID6		ID7		ID8
3000.000000	42.734146	0.467300	2058.782715	0.524521	0.000000	0.000000	0.000000	0.000000
%Tau		Tau1		Tau2		Tau3		Tau4		Tau5		Tau6		Tau7		Tau8
%		0.000051	0.000001	0.000019	0.000001	0.000000	0.000000	0.000000	0.000000
%Delaytime	D1		D2		D3		D4		D5		D6		D7		D8
0.00000020	2.59424305	129.83845520	0.96446306	33.49746704	0.00000000	0.00000000	0.00000000	0.00000000
0.00000040	1.56248152	0.00000000	1.00341940	16.74873352	0.00000000	0.00000000	0.00000000	0.00000000
0.00000060	1.56073570	0.00000000	1.00074875	16.74873352	0.00000000	0.00000000	0.00000000	0.00000000
0.00000080	1.51709092	16.22980690	1.00273013	16.74873352	0.00000000	0.00000000	0.00000000	0.00000000
0.00000100	1.48566675	0.00000000	1.00069463	0.00000000	0.00000000	0.00000000	0.00000000	0.00000000
0.00000120	1.42805576	0.00000000	1.00131440	0.00000000	0.00000000	0.00000000	0.00000000	0.00000000
0.00000140	1.54502356	0.00000000	1.00161910	0.00000000	0.00000000	0.00000000	0.00000000	0.00000000
0.00000160	1.53454888	0.00000000	1.00050640	0.00000000	0.00000000	0.00000000	0.00000000	0.00000000
0.00000180	1.42980146	0.00000000	1.00105095	0.00000000	0.00000000	0.00000000	0.00000000	0.00000000
0.00000200	1.44376779	16.22980690	1.00091362	0.00000000	0.00000000	0.00000000	0.00000000	0.00000000
0.00000220	1.48392093	0.00000000	1.00116086	0.00000000	0.00000000	0.00000000	0.00000000	0.00000000
0.00000240	1.45075095	0.00000000	1.00024533	0.00000000	0.00000000	0.00000000	0.00000000	0.00000000
0.00000260	1.50836205	0.00000000	1.00089741	0.00000000	0.00000000	0.00000000	0.00000000	0.00000000
0.00000280	1.47868359	0.00000000	1.00262105	0.00000000	0.00000000	0.00000000	0.00000000	0.00000000
0.00000300	1.43154728	0.00000000	1.00251365	0.00000000	0.00000000	0.00000000	0.00000000	0.00000000
0.00000320	1.54327786	16.22980690	1.00117540	0.00000000	0.00000000	0.00000000	0.00000000	0.00000000
0.00000360	1.48653960	0.00000000	1.00194550	0.00000000	0.00000000	0.00000000	0.00000000	0.00000000
0.00000400	1.42369127	0.00000000	1.00042510	0.00000000	0.00000000	0.00000000	0.00000000	0.00000000
0.00000440	1.49701440	0.00000000	1.00009024	8.37436676	0.00000000	0.00000000	0.00000000	0.00000000
0.00000480	1.43067443	0.00000000	1.00149703	0.00000000	0.00000000	0.00000000	0.00000000	0.00000000
0.00000520	1.40274179	8.11490345	1.00068331	0.00000000	0.00000000	0.00000000	0.00000000	0.00000000
0.00000560	1.39750445	0.00000000	1.00102437	0.00000000	0.00000000	0.00000000	0.00000000	0.00000000
0.00000600	1.45162392	0.00000000	1.00144458	0.00000000	0.00000000	0.00000000	0.00000000	0.00000000
0.00000640	1.46209860	0.00000000	1.00033021	0.00000000	0.00000000	0.00000000	0.00000000	0.00000000
0.00000720	1.36826241	0.00000000	1.00067723	0.00000000	0.00000000	0.00000000	0.00000000	0.00000000
0.00000800	1.42587352	0.00000000	1.00072110	0.00000000	0.00000000	0.00000000	0.00000000	0.00000000
0.00000880	1.44856870	0.00000000	0.99983102	4.18718338	0.00000000	0.00000000	0.00000000	0.00000000
0.00000960	1.41408944	0.00000000	1.00024235	0.00000000	0.00000000	0.00000000	0.00000000	0.00000000
0.00001040	1.41234362	0.00000000	1.00064528	0.00000000	0.00000000	0.00000000	0.00000000	0.00000000
0.00001120	1.38615680	0.00000000	1.00138235	4.18718338	0.00000000	0.00000000	0.00000000	0.00000000
0.00001200	1.43896687	0.00000000	1.00086331	0.00000000	0.00000000	0.00000000	0.00000000	0.00000000
0.00001280	1.41321647	0.00000000	1.00125742	0.00000000	0.00000000	0.00000000	0.00000000	0.00000000
0.00001440	1.34993160	0.00000000	1.00100136	0.00000000	0.00000000	0.00000000	0.00000000	0.00000000
0.00001600	1.35145915	0.00000000	1.00118363	4.18718338	0.00000000	0.00000000	0.00000000	0.00000000
0.00001760	1.33203733	6.08617783	1.00080860	2.09359169	0.00000000	0.00000000	0.00000000	0.00000000
0.00001920	1.33531070	0.00000000	1.00086761	0.00000000	0.00000000	0.00000000	0.00000000	0.00000000
0.00002080	1.29952192	0.00000000	1.00110149	0.00000000	0.00000000	0.00000000	0.00000000	0.00000000
0.00002240	1.32243550	0.00000000	1.00064671	2.09359169	0.00000000	0.00000000	0.00000000	0.00000000
0.00002400	1.30170417	0.00000000	1.00148416	8.37436676	0.00000000	0.00000000	0.00000000	0.00000000
0.00002560	1.27682674	0.00000000	1.00096762	0.00000000	0.00000000	0.00000000	0.00000000	0.00000000
0.00002880	1.27460897	1.00388646	1.00117660	0.00000000	0.00000000	0.00000000	0.00000000	0.00000000
0.00003200	1.27808595	0.00000000	1.00105453	0.00000000	0.00000000	0.00000000	0.00000000	0.00000000
0.00003520	1.25331306	0.00000000	1.00111198	1.05474722	0.00000000	0.00000000	0.00000000	0.00000000
0.00003840	1.24744570	1.00388646	1.00111389	0.00000000	0.00000000	0.00000000	0.00000000	0.00000000
0.00004160	1.21876132	3.01165915	1.00090969	0.00000000	0.00000000	0.00000000	0.00000000	0.00000000
0.00004480	1.21810937	0.00000000	1.00069308	2.10949445	0.00000000	0.00000000	0.00000000	0.00000000
0.00004800	1.20952582	2.00777292	1.00093746	0.00000000	0.00000000	0.00000000	0.00000000	0.00000000
0.00005120	1.22039115	1.00388646	1.00072896	1.05474722	0.00000000	0.00000000	0.00000000	0.00000000
0.00005760	1.16761255	1.00092292	1.00105941	1.58452249	0.00000000	0.00000000	0.00000000	0.00000000
0.00006400	1.15596616	2.50230718	1.00109243	1.58452249	0.00000000	0.00000000	0.00000000	0.00000000
0.00007040	1.15418053	0.00000000	1.00106180	2.11269665	0.00000000	0.00000000	0.00000000	0.00000000
0.00007680	1.13362455	2.00184584	1.00112450	0.52817416	0.00000000	0.00000000	0.00000000	0.00000000
0.00008320	1.11518943	0.50046146	1.00108647	1.58452249	0.00000000	0.00000000	0.00000000	0.00000000
0.00008960	1.09969079	1.50138438	1.00120735	0.00000000	0.00000000	0.00000000	0.00000000	0.00000000
0.00009600	1.09414399	1.00092292	1.00113893	0.52817416	0.00000000	0.00000000	0.00000000	0.00000000
0.00010240	1.09627330	1.00092292	1.00115335	0.00000000	0.00000000	0.00000000	0.00000000	0.00000000
0.00011520	1.07506096	0.74737668	1.00108182	1.58212078	0.00000000	0.00000000	0.00000000	0.00000000
0.00012800	1.06404114	0.99650222	1.00114119	0.26368681	0.00000000	0.00000000	0.00000000	0.00000000
0.00014080	1.05691767	1.74387884	1.00108397	1.05474722	0.00000000	0.00000000	0.00000000	0.00000000
0.00015360	1.04220843	1.24562776	1.00093544	1.31843400	0.00000000	0.00000000	0.00000000	0.00000000
0.00016640	1.03456831	0.74737668	1.00093865	1.84580755	0.00000000	0.00000000	0.00000000	0.00000000
0.00017920	1.01925302	1.99300444	1.00091648	1.05474722	0.00000000	0.00000000	0.00000000	0.00000000
0.00019200	1.02186322	0.74737668	1.00102711	0.52737361	0.00000000	0.00000000	0.00000000	0.00000000
0.00020480	1.02257013	0.49825111	1.00081789	1.31843400	0.00000000	0.00000000	0.00000000	0.00000000
0.00023040	1.01052713	0.87451535	1.00080872	0.92290378	0.00000000	0.00000000	0.00000000	0.00000000
0.00025600	1.01259649	0.74958456	1.00082481	0.92290378	0.00000000	0.00000000	0.00000000	0.00000000
0.00028160	1.00231183	0.99944609	1.00061655	1.05474722	0.00000000	0.00000000	0.00000000	0.00000000
0.00030720	1.00930953	0.87451535	1.00060916	0.79106039	0.00000000	0.00000000	0.00000000	0.00000000
0.00033280	1.00344002	0.99944609	1.00065565	0.52737361	0.00000000	0.00000000	0.00000000	0.00000000
0.00035840	0.99856788	1.24930763	1.00053036	0.92290378	0.00000000	0.00000000	0.00000000	0.00000000
0.00038400	1.00202596	1.37423837	1.00049067	1.18659055	0.00000000	0.00000000	0.00000000	0.00000000
0.00040960	0.99721414	1.24930763	1.00035453	1.31843400	0.00000000	0.00000000	0.00000000	0.00000000
0.00046080	1.00582528	1.19388056	1.00026429	0.91871989	0.00000000	0.00000000	0.00000000	0.00000000
0.00051200	1.00551116	1.25671637	1.00007105	0.52498275	0.00000000	0.00000000	0.00000000	0.00000000
0.00056320	1.00609660	0.87970150	0.99997222	0.98434269	0.00000000	0.00000000	0.00000000	0.00000000
0.00061440	1.00620651	1.19388056	0.99994332	1.24683404	0.00000000	0.00000000	0.00000000	0.00000000
0.00066560	0.99976093	1.19388056	0.99992788	0.78747416	0.00000000	0.00000000	0.00000000	0.00000000
0.00071680	0.99569529	1.13104475	0.99995643	1.04996550	0.00000000	0.00000000	0.00000000	0.00000000
0.00076800	0.99945283	1.00537312	1.00000715	0.91871989	0.00000000	0.00000000	0.00000000	0.00000000
0.00081920	1.00169051	1.13104475	0.99996823	0.91871989	0.00000000	0.00000000	0.00000000	0.00000000
0.00092160	1.00184906	1.03220177	0.99999988	0.91456431	0.00000000	0.00000000	0.00000000	0.00000000
0.00102400	1.00048053	1.06348062	0.99994504	1.20853138	0.00000000	0.00000000	0.00000000	0.00000000
0.00112640	1.00206184	0.65685564	0.99998683	1.11054242	0.00000000	0.00000000	0.00000000	0.00000000
0.00122880	0.99992591	1.12603831	0.99995422	1.17586839	0.00000000	0.00000000	0.00000000	0.00000000
0.00133120	0.99973005	0.71941334	0.99990577	0.84923828	0.00000000	0.00000000	0.00000000	0.00000000
0.00143360	1.00728488	0.90775681	0.99991179	0.65326023	0.00000000	0.00000000	0.00000000	0.00000000
0.00153600	1.00123823	0.93905878	0.99996394	1.11054242	0.00000000	0.00000000	0.00000000	0.00000000
0.00163840	0.99670368	0.90775681	0.99997079	1.20853138	0.00000000	0.00000000	0.00000000	0.00000000
0.00184320	0.99702412	1.16418540	0.99995065	0.94508642	0.00000000	0.00000000	0.00000000	0.00000000
0.00204800	1.00155485	0.88100523	0.99993259	0.84731889	0.00000000	0.00000000	0.00000000	0.00000000
0.00225280	1.00372648	0.95824677	0.99995786	0.86361349	0.00000000	0.00000000	0.00000000	0.00000000
0.00245760	0.99854869	1.20959020	0.99992853	1.05914855	0.00000000	0.00000000	0.00000000	0.00000000
0.00266240	1.00097501	0.84828401	0.99996430	0.92879188	0.00000000	0.00000000	0.00000000	0.00000000
0.00286720	0.99854827	0.89541090	0.99994087	1.10803235	0.00000000	0.00000000	0.00000000	0.00000000
0.00307200	0.99948233	0.97395575	0.99992365	1.27097833	0.00000000	0.00000000	0.00000000	0.00000000
0.00327680	1.00161290	1.19388127	0.99986380	1.22209454	0.00000000	0.00000000	0.00000000	0.00000000
0.00368640	1.00130916	1.12363815	0.99991024	0.91594636	0.00000000	0.00000000	0.00000000	0.00000000
0.00409600	1.00171566	0.96537924	0.99991012	1.07133007	0.00000000	0.00000000	0.00000000	0.00000000
0.00450560	0.99727285	0.98120511	0.99992919	0.88323402	0.00000000	0.00000000	0.00000000	0.00000000
0.00491520	0.99993438	0.69633913	0.99989146	0.93230253	0.00000000	0.00000000	0.00000000	0.00000000
0.00532480	0.99880522	0.97329217	0.99991858	0.94048065	0.00000000	0.00000000	0.00000000	0.00000000
0.00573440	1.00113738	0.93372744	0.99997222	1.03043962	0.00000000	0.00000000	0.00000000	0.00000000
0.00614400	1.00177455	0.94955331	0.99994677	1.10404253	0.00000000	0.00000000	0.00000000	0.00000000
0.00655360	1.00071251	0.83085918	0.99991709	0.90776825	0.00000000	0.00000000	0.00000000	0.00000000
0.00737280	1.00146401	1.02533531	0.99997497	1.03609324	0.00000000	0.00000000	0.00000000	0.00000000
0.00819200	0.99844366	0.83060110	1.00068295	0.96647429	0.00000000	0.00000000	0.00000000	0.00000000
0.00901120	0.99695617	0.82601142	1.00018227	1.03940284	0.00000000	0.00000000	0.00000000	0.00000000
0.00983040	1.00072169	1.10564256	0.99993318	1.02303421	0.00000000	0.00000000	0.00000000	0.00000000
0.01064960	1.00051093	0.98235148	0.99993813	0.92891508	0.00000000	0.00000000	0.00000000	0.00000000
0.01146880	0.99902940	1.03174603	0.99989980	0.95346791	0.00000000	0.00000000	0.00000000	0.00000000
0.01228800	0.99677628	0.95960349	0.99990582	1.01485002	0.00000000	0.00000000	0.00000000	0.00000000
0.01310720	1.00068915	0.93115401	0.99988204	1.10078490	0.00000000	0.00000000	0.00000000	0.00000000
0.01474560	1.00179672	1.00000000	0.99992937	1.00386083	0.00000000	0.00000000	0.00000000	0.00000000
0.01638400	1.00006878	0.85778111	1.00036240	1.00666571	0.00000000	0.00000000	0.00000000	0.00000000
0.01802240	1.00012004	0.98161948	1.00004041	0.98620504	0.00000000	0.00000000	0.00000000	0.00000000
0.01966080	1.00040042	1.02136111	0.99991351	0.99029714	0.00000000	0.00000000	0.00000000	0.00000000
0.02129920	1.00007331	1.03847110	0.99990922	1.00181639	0.00000000	0.00000000	0.00000000	0.00000000
0.02293760	0.99878937	1.02212274	0.99993408	1.04475129	0.00000000	0.00000000	0.00000000	0.00000000
0.02457600	1.00098681	1.00916982	1.00030196	1.03248417	0.00000000	0.00000000	0.00000000	0.00000000
0.02621440	0.99939650	0.96158612	1.00009608	1.06439269	0.00000000	0.00000000	0.00000000	0.00000000
0.02949120	1.00070608	1.04200733	0.99990785	1.01306176	0.00000000	0.00000000	0.00000000	0.00000000
0.03276800	0.99965018	0.97466415	1.00014651	1.00310326	0.00000000	0.00000000	0.00000000	0.00000000
0.03604480	1.00071537	0.94246083	0.99996769	1.02046859	0.00000000	0.00000000	0.00000000	0.00000000
0.03932160	1.00020862	1.07082891	0.99998999	0.94385684	0.00000000	0.00000000	0.00000000	0.00000000
0.04259840	1.00130498	0.95790154	1.00014055	1.01229668	0.00000000	0.00000000	0.00000000	0.00000000
0.04587520	1.00054729	0.96961033	0.99990886	1.01433957	0.00000000	0.00000000	0.00000000	0.00000000
0.04915200	1.00010324	1.01408792	1.00011373	1.03728843	0.00000000	0.00000000	0.00000000	0.00000000
0.05242880	0.99994713	1.00370538	1.00001037	0.98860532	0.00000000	0.00000000	0.00000000	0.00000000
0.05898240	0.99907875	1.01814234	1.00005484	0.98856705	0.00000000	0.00000000	0.00000000	0.00000000
0.06553600	1.00000250	1.01687539	1.00003135	1.03117001	0.00000000	0.00000000	0.00000000	0.00000000
0.07208960	1.00044560	1.01562953	1.00002003	0.98624867	0.00000000	0.00000000	0.00000000	0.00000000
0.07864320	1.00057411	1.00102544	1.00002456	1.00590539	0.00000000	0.00000000	0.00000000	0.00000000
0.08519680	1.00081921	1.04665542	1.00003421	1.03148663	0.00000000	0.00000000	0.00000000	0.00000000
0.09175040	1.00027943	0.96585828	1.00004578	0.99743170	0.00000000	0.00000000	0.00000000	0.00000000
0.09830400	1.00048971	1.00647211	1.00002956	1.01023161	0.00000000	0.00000000	0.00000000	0.00000000
0.10485760	0.99963027	0.98177761	1.00002372	1.02023256	0.00000000	0.00000000	0.00000000	0.00000000
0.11796480	1.00040555	1.01475453	1.00004101	1.02101052	0.00000000	0.00000000	0.00000000	0.00000000
0.13107200	1.00041533	0.99506253	1.00002301	0.98245549	0.00000000	0.00000000	0.00000000	0.00000000
0.14417920	1.00021899	1.02624822	1.00002897	1.00119495	0.00000000	0.00000000	0.00000000	0.00000000
0.15728641	1.00073731	0.99203521	1.00003195	0.99266160	0.00000000	0.00000000	0.00000000	0.00000000
0.17039360	1.00025654	1.01528585	1.00001848	1.01705360	0.00000000	0.00000000	0.00000000	0.00000000
0.18350080	1.00087070	0.99976802	1.00003946	1.00745356	0.00000000	0.00000000	0.00000000	0.00000000
0.19660801	0.99979699	0.99321431	1.00002265	1.00955629	0.00000000	0.00000000	0.00000000	0.00000000
0.20971520	1.00012743	1.01641047	1.00003350	1.01008677	0.00000000	0.00000000	0.00000000	0.00000000
0.23592959	1.00060952	1.01259363	1.00002933	0.99809134	0.00000000	0.00000000	0.00000000	0.00000000
0.26214400	1.00060439	0.99102670	1.00002384	0.99236673	0.00000000	0.00000000	0.00000000	0.00000000
0.28835839	1.00073040	1.00153613	1.00002170	1.00397134	0.00000000	0.00000000	0.00000000	0.00000000
0.31457281	1.00040507	0.99921221	1.00002396	1.00125945	0.00000000	0.00000000	0.00000000	0.00000000
0.34078720	1.00008440	1.01131070	1.00002038	0.98890519	0.00000000	0.00000000	0.00000000	0.00000000
0.36700159	1.00084245	0.99181414	1.00001824	0.99065709	0.00000000	0.00000000	0.00000000	0.00000000
0.39321601	0.99990207	0.99464118	1.00001800	1.01016331	0.00000000	0.00000000	0.00000000	0.00000000
0.41943040	1.00051439	0.98466617	1.00001752	1.01014161	0.00000000	0.00000000	0.00000000	0.00000000
0.47185919	1.00023854	1.00077462	1.00001037	1.00377285	0.00000000	0.00000000	0.00000000	0.00000000
0.52428800	1.00047958	0.99980724	1.00000870	0.98733044	0.00000000	0.00000000	0.00000000	0.00000000
0.57671678	1.00003636	0.99556291	1.00000203	1.00402820	0.00000000	0.00000000	0.00000000	0.00000000
0.62914562	1.00060046	1.00384831	1.00000191	0.98681515	0.00000000	0.00000000	0.00000000	0.00000000
0.68157440	1.00028288	0.99218363	0.99999696	0.99659282	0.00000000	0.00000000	0.00000000	0.00000000
0.73400319	1.00028002	1.01177669	0.99999589	1.00523698	0.00000000	0.00000000	0.00000000	0.00000000
0.78643203	1.00037360	0.99262094	0.99999189	1.00145662	0.00000000	0.00000000	0.00000000	0.00000000
0.83886081	1.00021827	0.99298406	0.99998540	0.99677366	0.00000000	0.00000000	0.00000000	0.00000000
0.94371837	1.00029087	0.99503660	0.99998337	1.00218928	0.00000000	0.00000000	0.00000000	0.00000000
1.04857600	1.00035012	0.99588841	0.99998063	1.00566125	0.00000000	0.00000000	0.00000000	0.00000000
1.15343356	1.00022149	0.99216455	0.99998230	1.00585103	0.00000000	0.00000000	0.00000000	0.00000000
1.25829124	1.00037241	0.99297714	0.99998355	0.99952739	0.00000000	0.00000000	0.00000000	0.00000000
1.36314881	1.00020480	0.99508613	0.99998492	0.98165244	0.00000000	0.00000000	0.00000000	0.00000000
1.46800637	1.00007093	0.99907637	0.99998719	0.99950117	0.00000000	0.00000000	0.00000000	0.00000000
1.57286406	1.00002027	0.99950504	0.99999052	0.99986857	0.00000000	0.00000000	0.00000000	0.00000000
1.67772162	1.00010836	1.00124216	0.99999714	1.00510156	0.00000000	0.00000000	0.00000000	0.00000000
1.88743675	0.99994802	0.99843121	1.00000203	1.00554574	0.00000000	0.00000000	0.00000000	0.00000000
2.09715199	0.99997866	0.99936473	1.00000191	0.99602890	0.00000000	0.00000000	0.00000000	0.00000000
2.30686712	0.99998742	0.99508232	1.00000060	0.99481654	0.00000000	0.00000000	0.00000000	0.00000000
2.51658249	1.00007272	0.99833691	1.00000000	0.99451846	0.00000000	0.00000000	0.00000000	0.00000000
2.72629762	0.99997687	1.00022125	0.99999756	1.00681841	0.00000000	0.00000000	0.00000000	0.00000000
2.93601274	0.99996507	0.99836141	0.99999362	1.00645494	0.00000000	0.00000000	0.00000000	0.00000000
3.14572811	0.99989551	1.00928366	0.99999374	0.99446732	0.00000000	0.00000000	0.00000000	0.00000000
3.35544324	0.99985218	1.00589764	0.99999648	1.00945890	0.00000000	0.00000000	0.00000000	0.00000000
3.77487350	1.00001717	1.00463963	1.00000381	1.00447488	0.00000000	0.00000000	0.00000000	0.00000000
4.19430399	0.99994683	0.99334848	1.00001335	0.97500002	0.00000000	0.00000000	0.00000000	0.00000000
4.61373425	0.99989283	0.99565506	1.00000310	1.01084244	0.00000000	0.00000000	0.00000000	0.00000000
5.03316498	1.00000000	1.00000000	1.00000000	1.00000000	0.00000000	0.00000000	0.00000000	0.00000000
5.45259523	0.00000000	0.00000000	0.00000000	0.00000000	0.00000000	0.00000000	0.00000000	0.00000000
5.87202549	0.00000000	0.00000000	0.00000000	0.00000000	0.00000000	0.00000000	0.00000000	0.00000000
6.29145622	0.00000000	0.00000000	0.00000000	0.00000000	0.00000000	0.00000000	0.00000000	0.00000000
6.71088648	0.00000000	0.00000000	0.00000000	0.00000000	0.00000000	0.00000000	0.00000000	0.00000000
7.54974699	0.00000000	0.00000000	0.00000000	0.00000000	0.00000000	0.00000000	0.00000000	0.00000000
8.38860798	0.00000000	0.00000000	0.00000000	0.00000000	0.00000000	0.00000000	0.00000000	0.00000000
9.22746849	0.00000000	0.00000000	0.00000000	0.00000000	0.00000000	0.00000000	0.00000000	0.00000000
10.06632996	0.00000000	0.00000000	0.00000000	0.00000000	0.00000000	0.00000000	0.00000000	0.00000000
10.90519047	0.00000000	0.00000000	0.00000000	0.00000000	0.00000000	0.00000000	0.00000000	0.00000000
11.74405098	0.00000000	0.00000000	0.00000000	0.00000000	0.00000000	0.00000000	0.00000000	0.00000000
12.58291245	0.00000000	0.00000000	0.00000000	0.00000000	0.00000000	0.00000000	0.00000000	0.00000000
13.42177296	0.00000000	0.00000000	0.00000000	0.00000000	0.00000000	0.00000000	0.00000000	0.00000000
15.09949398	0.00000000	0.00000000	0.00000000	0.00000000	0.00000000	0.00000000	0.00000000	0.00000000
16.77721596	0.00000000	0.00000000	0.00000000	0.00000000	0.00000000	0.00000000	0.00000000	0.00000000
18.45493698	0.00000000	0.00000000	0.00000000	0.00000000	0.00000000	0.00000000	0.00000000	0.00000000
20.13265991	0.00000000	0.00000000	0.00000000	0.00000000	0.00000000	0.00000000	0.00000000	0.00000000
21.81038094	0.00000000	0.00000000	0.00000000	0.00000000	0.00000000	0.00000000	0.00000000	0.00000000
23.48810196	0.00000000	0.00000000	0.00000000	0.00000000	0.00000000	0.00000000	0.00000000	0.00000000
25.16582489	0.00000000	0.00000000	0.00000000	0.00000000	0.00000000	0.00000000	0.00000000	0.00000000
26.84354591	0.00000000	0.00000000	0.00000000	0.00000000	0.00000000	0.00000000	0.00000000	0.00000000
30.19898796	0.00000000	0.00000000	0.00000000	0.00000000	0.00000000	0.00000000	0.00000000	0.00000000
33.55443192	0.00000000	0.00000000	0.00000000	0.00000000	0.00000000	0.00000000	0.00000000	0.00000000
36.90987396	0.00000000	0.00000000	0.00000000	0.00000000	0.00000000	0.00000000	0.00000000	0.00000000
40.26531982	0.00000000	0.00000000	0.00000000	0.00000000	0.00000000	0.00000000	0.00000000	0.00000000
43.62076187	0.00000000	0.00000000	0.00000000	0.00000000	0.00000000	0.00000000	0.00000000	0.00000000
46.97620392	0.00000000	0.00000000	0.00000000	0.00000000	0.00000000	0.00000000	0.00000000	0.00000000
50.33164978	0.00000000	0.00000000	0.00000000	0.00000000	0.00000000	0.00000000	0.00000000	0.00000000
53.68709183	0.00000000	0.00000000	0.00000000	0.00000000	0.00000000	0.00000000	0.00000000	0.00000000
60.39797592	0.00000000	0.00000000	0.00000000	0.00000000	0.00000000	0.00000000	0.00000000	0.00000000
67.10886383	0.00000000	0.00000000	0.00000000	0.00000000	0.00000000	0.00000000	0.00000000	0.00000000
73.81974792	0.00000000	0.00000000	0.00000000	0.00000000	0.00000000	0.00000000	0.00000000	0.00000000
80.53063965	0.00000000	0.00000000	0.00000000	0.00000000	0.00000000	0.00000000	0.00000000	0.00000000
87.24152374	0.00000000	0.00000000	0.00000000	0.00000000	0.00000000	0.00000000	0.00000000	0.00000000
93.95240784	0.00000000	0.00000000	0.00000000	0.00000000	0.00000000	0.00000000	0.00000000	0.00000000
100.66329956	0.00000000	0.00000000	0.00000000	0.00000000	0.00000000	0.00000000	0.00000000	0.00000000
107.37418365	0.00000000	0.00000000	0.00000000	0.00000000	0.00000000	0.00000000	0.00000000	0.00000000
120.79595184	0.00000000	0.00000000	0.00000000	0.00000000	0.00000000	0.00000000	0.00000000	0.00000000
134.21772766	0.00000000	0.00000000	0.00000000	0.00000000	0.00000000	0.00000000	0.00000000	0.00000000
147.63949585	0.00000000	0.00000000	0.00000000	0.00000000	0.00000000	0.00000000	0.00000000	0.00000000
161.06127930	0.00000000	0.00000000	0.00000000	0.00000000	0.00000000	0.00000000	0.00000000	0.00000000
174.48304749	0.00000000	0.00000000	0.00000000	0.00000000	0.00000000	0.00000000	0.00000000	0.00000000
187.90481567	0.00000000	0.00000000	0.00000000	0.00000000	0.00000000	0.00000000	0.00000000	0.00000000
201.32659912	0.00000000	0.00000000	0.00000000	0.00000000	0.00000000	0.00000000	0.00000000	0.00000000
214.74836731	0.00000000	0.00000000	0.00000000	0.00000000	0.00000000	0.00000000	0.00000000	0.00000000
241.59190369	0.00000000	0.00000000	0.00000000	0.00000000	0.00000000	0.00000000	0.00000000	0.00000000
268.43545532	0.00000000	0.00000000	0.00000000	0.00000000	0.00000000	0.00000000	0.00000000	0.00000000
295.27899170	0.00000000	0.00000000	0.00000000	0.00000000	0.00000000	0.00000000	0.00000000	0.00000000
322.12255859	0.00000000	0.00000000	0.00000000	0.00000000	0.00000000	0.00000000	0.00000000	0.00000000
348.96609497	0.00000000	0.00000000	0.00000000	0.00000000	0.00000000	0.00000000	0.00000000	0.00000000
375.80963135	0.00000000	0.00000000	0.00000000	0.00000000	0.00000000	0.00000000	0.00000000	0.00000000
402.65319824	0.00000000	0.00000000	0.00000000	0.00000000	0.00000000	0.00000000	0.00000000	0.00000000
429.49673462	0.00000000	0.00000000	0.00000000	0.00000000	0.00000000	0.00000000	0.00000000	0.00000000
483.18380737	0.00000000	0.00000000	0.00000000	0.00000000	0.00000000	0.00000000	0.00000000	0.00000000
536.87091064	0.00000000	0.00000000	0.00000000	0.00000000	0.00000000	0.00000000	0.00000000	0.00000000
590.55798340	0.00000000	0.00000000	0.00000000	0.00000000	0.00000000	0.00000000	0.00000000	0.00000000
644.24511719	0.00000000	0.00000000	0.00000000	0.00000000	0.00000000	0.00000000	0.00000000	0.00000000
697.93218994	0.00000000	0.00000000	0.00000000	0.00000000	0.00000000	0.00000000	0.00000000	0.00000000
751.61926270	0.00000000	0.00000000	0.00000000	0.00000000	0.00000000	0.00000000	0.00000000	0.00000000
805.30639648	0.00000000	0.00000000	0.00000000	0.00000000	0.00000000	0.00000000	0.00000000	0.00000000
858.99346924	0.00000000	0.00000000	0.00000000	0.00000000	0.00000000	0.00000000	0.00000000	0.00000000
966.36761475	0.00000000	0.00000000	0.00000000	0.00000000	0.00000000	0.00000000	0.00000000	0.00000000
1073.74182129	0.00000000	0.00000000	0.00000000	0.00000000	0.00000000	0.00000000	0.00000000	0.00000000
1181.11596680	0.00000000	0.00000000	0.00000000	0.00000000	0.00000000	0.00000000	0.00000000	0.00000000
1288.49023437	0.00000000	0.00000000	0.00000000	0.00000000	0.00000000	0.00000000	0.00000000	0.00000000
1395.86437988	0.00000000	0.00000000	0.00000000	0.00000000	0.00000000	0.00000000	0.00000000	0.00000000
1503.23852539	0.00000000	0.00000000	0.00000000	0.00000000	0.00000000	0.00000000	0.00000000	0.00000000
1610.61279297	0.00000000	0.00000000	0.00000000	0.00000000	0.00000000	0.00000000	0.00000000	0.00000000
1717.98693848	0.00000000	0.00000000	0.00000000	0.00000000	0.00000000	0.00000000	0.00000000	0.00000000
1932.73522949	0.00000000	0.00000000	0.00000000	0.00000000	0.00000000	0.00000000	0.00000000	0.00000000
2147.48364258	0.00000000	0.00000000	0.00000000	0.00000000	0.00000000	0.00000000	0.00000000	0.00000000
2362.23193359	0.00000000	0.00000000	0.00000000	0.00000000	0.00000000	0.00000000	0.00000000	0.00000000
2576.98046875	0.00000000	0.00000000	0.00000000	0.00000000	0.00000000	0.00000000	0.00000000	0.00000000
2791.72875977	0.00000000	0.00000000	0.00000000	0.00000000	0.00000000	0.00000000	0.00000000	0.00000000
3006.47705078	0.00000000	0.00000000	0.00000000	0.00000000	0.00000000	0.00000000	0.00000000	0.00000000
3221.22558594	0.00000000	0.00000000	0.00000000	0.00000000	0.00000000	0.00000000	0.00000000	0.00000000
3435.97387695	0.00000000	0.00000000	0.00000000	0.00000000	0.00000000	0.00000000	0.00000000	0.00000000
0	0	0	0	0	0	0	0	0
