%12/22/2018 12:34:33 PM
%Duration	ID1		ID2		ID3		ID4		ID5		ID6		ID7		ID8
5000.000000	48.131943	0.457764	0.419617	0.429153	0.000000	0.000000	0.000000	0.000000
%Tau		Tau1		Tau2		Tau3		Tau4		Tau5		Tau6		Tau7		Tau8
%		0.000064	0.000001	0.000001	0.000001	0.000000	0.000000	0.000000	0.000000
%Delaytime	D1		D2		D3		D4		D5		D6		D7		D8
0.00000020	2.61352134	155.31781006	108.62719727	47.88435745	0.00000000	0.00000000	0.00000000	0.00000000
0.00000040	1.61439025	11.94752407	21.72543907	23.94217873	0.00000000	0.00000000	0.00000000	0.00000000
0.00000060	1.50091302	0.00000000	0.00000000	0.00000000	0.00000000	0.00000000	0.00000000	0.00000000
0.00000080	1.40693974	0.00000000	0.00000000	0.00000000	0.00000000	0.00000000	0.00000000	0.00000000
0.00000100	1.52130353	0.00000000	0.00000000	0.00000000	0.00000000	0.00000000	0.00000000	0.00000000
0.00000120	1.45658600	0.00000000	21.72543907	0.00000000	0.00000000	0.00000000	0.00000000	0.00000000
0.00000140	1.44594753	11.94752407	0.00000000	0.00000000	0.00000000	0.00000000	0.00000000	0.00000000
0.00000160	1.54789972	0.00000000	0.00000000	0.00000000	0.00000000	0.00000000	0.00000000	0.00000000
0.00000180	1.48406875	11.94752407	0.00000000	0.00000000	0.00000000	0.00000000	0.00000000	0.00000000
0.00000200	1.47431684	0.00000000	0.00000000	0.00000000	0.00000000	0.00000000	0.00000000	0.00000000
0.00000220	1.40073395	0.00000000	0.00000000	0.00000000	0.00000000	0.00000000	0.00000000	0.00000000
0.00000240	1.50889194	0.00000000	0.00000000	0.00000000	0.00000000	0.00000000	0.00000000	0.00000000
0.00000260	1.48052263	11.94752407	0.00000000	0.00000000	0.00000000	0.00000000	0.00000000	0.00000000
0.00000280	1.50268614	0.00000000	0.00000000	0.00000000	0.00000000	0.00000000	0.00000000	0.00000000
0.00000300	1.41048598	0.00000000	0.00000000	0.00000000	0.00000000	0.00000000	0.00000000	0.00000000
0.00000320	1.50357270	11.94752407	0.00000000	0.00000000	0.00000000	0.00000000	0.00000000	0.00000000
0.00000360	1.52662277	0.00000000	0.00000000	0.00000000	0.00000000	0.00000000	0.00000000	0.00000000
0.00000400	1.49071789	0.00000000	0.00000000	0.00000000	0.00000000	0.00000000	0.00000000	0.00000000
0.00000440	1.50135636	0.00000000	0.00000000	5.98554468	0.00000000	0.00000000	0.00000000	0.00000000
0.00000480	1.46146202	0.00000000	0.00000000	0.00000000	0.00000000	0.00000000	0.00000000	0.00000000
0.00000520	1.50445926	0.00000000	0.00000000	0.00000000	0.00000000	0.00000000	0.00000000	0.00000000
0.00000560	1.44107163	0.00000000	0.00000000	0.00000000	0.00000000	0.00000000	0.00000000	0.00000000
0.00000600	1.47741973	0.00000000	0.00000000	0.00000000	0.00000000	0.00000000	0.00000000	0.00000000
0.00000640	1.41935134	0.00000000	0.00000000	0.00000000	0.00000000	0.00000000	0.00000000	0.00000000
0.00000720	1.44949377	0.00000000	0.00000000	0.00000000	0.00000000	0.00000000	0.00000000	0.00000000
0.00000800	1.42356241	0.00000000	0.00000000	2.99277234	0.00000000	0.00000000	0.00000000	0.00000000
0.00000880	1.43220615	2.98688102	2.71567988	0.00000000	0.00000000	0.00000000	0.00000000	0.00000000
0.00000960	1.41802156	2.98688102	0.00000000	2.99277234	0.00000000	0.00000000	0.00000000	0.00000000
0.00001040	1.45946729	0.00000000	0.00000000	2.99277234	0.00000000	0.00000000	0.00000000	0.00000000
0.00001120	1.43575239	0.00000000	0.00000000	0.00000000	0.00000000	0.00000000	0.00000000	0.00000000
0.00001200	1.41292393	2.98688102	0.00000000	0.00000000	0.00000000	0.00000000	0.00000000	0.00000000
0.00001280	1.43397927	2.98688102	2.71567988	2.99277234	0.00000000	0.00000000	0.00000000	0.00000000
0.00001440	1.39153612	0.00000000	1.35783994	0.00000000	0.00000000	0.00000000	0.00000000	0.00000000
0.00001600	1.40494502	0.00000000	1.35783994	1.49638617	0.00000000	0.00000000	0.00000000	0.00000000
0.00001760	1.38156259	0.00000000	4.07351971	1.49638617	0.00000000	0.00000000	0.00000000	0.00000000
0.00001920	1.37513518	0.00000000	1.35783994	0.00000000	0.00000000	0.00000000	0.00000000	0.00000000
0.00002080	1.34920382	0.00000000	1.35783994	0.00000000	0.00000000	0.00000000	0.00000000	0.00000000
0.00002240	1.38599527	1.49344051	1.35783994	0.00000000	0.00000000	0.00000000	0.00000000	0.00000000
0.00002400	1.34787405	0.00000000	1.35783994	0.00000000	0.00000000	0.00000000	0.00000000	0.00000000
0.00002560	1.35308242	1.49344051	0.00000000	1.49638617	0.00000000	0.00000000	0.00000000	0.00000000
0.00002880	1.31838942	0.00000000	0.67955792	0.00000000	0.00000000	0.00000000	0.00000000	0.00000000
0.00003200	1.31850028	1.50602007	0.00000000	1.50082099	0.00000000	0.00000000	0.00000000	0.00000000
0.00003520	1.29494917	0.75301003	2.03867364	0.75041050	0.00000000	0.00000000	0.00000000	0.00000000
0.00003840	1.27743411	0.00000000	0.00000000	0.75041050	0.00000000	0.00000000	0.00000000	0.00000000
0.00004160	1.25720322	1.50602007	0.67955792	0.00000000	0.00000000	0.00000000	0.00000000	0.00000000
0.00004480	1.25775743	3.01204014	1.35911584	1.50082099	0.00000000	0.00000000	0.00000000	0.00000000
0.00004800	1.23037636	0.00000000	2.03867364	0.75041050	0.00000000	0.00000000	0.00000000	0.00000000
0.00005120	1.25199306	2.25903010	2.03867364	1.50082099	0.00000000	0.00000000	0.00000000	0.00000000
0.00005760	1.22436094	1.49786222	1.02125466	0.75189424	0.00000000	0.00000000	0.00000000	0.00000000
0.00006400	1.20139360	1.12339675	1.36167288	1.50378847	0.00000000	0.00000000	0.00000000	0.00000000
0.00007040	1.19696081	0.74893111	1.02125466	1.12784135	0.00000000	0.00000000	0.00000000	0.00000000
0.00007680	1.16737199	0.00000000	0.68083644	0.37594712	0.00000000	0.00000000	0.00000000	0.00000000
0.00008320	1.15188503	0.74893111	1.70209122	1.12784135	0.00000000	0.00000000	0.00000000	0.00000000
0.00008960	1.14781237	0.37446555	0.34041822	1.12784135	0.00000000	0.00000000	0.00000000	0.00000000
0.00009600	1.13565481	2.24679351	2.38292766	0.75189424	0.00000000	0.00000000	0.00000000	0.00000000
0.00010240	1.11726344	1.12339675	1.02125466	0.00000000	0.00000000	0.00000000	0.00000000	0.00000000
0.00011520	1.10184669	0.74967027	0.85345137	1.50230372	0.00000000	0.00000000	0.00000000	0.00000000
0.00012800	1.08650208	0.93708783	1.02414167	1.12672770	0.00000000	0.00000000	0.00000000	0.00000000
0.00014080	1.07169759	0.93708783	1.19483197	0.37557593	0.00000000	0.00000000	0.00000000	0.00000000
0.00015360	1.05758560	1.31192303	1.02414167	0.18778796	0.00000000	0.00000000	0.00000000	0.00000000
0.00016640	1.05275226	1.31192303	0.51207083	0.75115186	0.00000000	0.00000000	0.00000000	0.00000000
0.00017920	1.04477525	0.18741757	0.68276107	1.31451571	0.00000000	0.00000000	0.00000000	0.00000000
0.00019200	1.04577243	0.93708783	0.85345137	1.31451571	0.00000000	0.00000000	0.00000000	0.00000000
0.00020480	1.03332222	2.24901080	1.02414167	0.93893981	0.00000000	0.00000000	0.00000000	0.00000000
0.00023040	1.02635610	1.31062949	1.10948682	0.74967027	0.00000000	0.00000000	0.00000000	0.00000000
0.00025600	1.03124273	1.68509507	1.02414167	1.78046691	0.00000000	0.00000000	0.00000000	0.00000000
0.00028160	1.01390183	1.02978027	0.51207083	0.74967027	0.00000000	0.00000000	0.00000000	0.00000000
0.00030720	1.01118016	1.21701312	1.10948682	1.12450540	0.00000000	0.00000000	0.00000000	0.00000000
0.00033280	1.00889647	1.49786222	0.76810622	0.65596151	0.00000000	0.00000000	0.00000000	0.00000000
0.00035840	1.00426233	0.74893111	1.19483197	1.12450540	0.00000000	0.00000000	0.00000000	0.00000000
0.00038400	1.00087476	1.96594429	0.59741598	0.84337908	0.00000000	0.00000000	0.00000000	0.00000000
0.00040960	1.00462306	0.56169838	1.19483197	1.03079665	0.00000000	0.00000000	0.00000000	0.00000000
0.00046080	1.01082945	0.74967027	0.72203028	1.08405924	0.00000000	0.00000000	0.00000000	0.00000000
0.00051200	1.01017499	0.79652464	0.89191973	0.89552718	0.00000000	0.00000000	0.00000000	0.00000000
0.00056320	1.00316310	0.74967027	1.18922627	1.27259123	0.00000000	0.00000000	0.00000000	0.00000000
0.00061440	1.00430131	0.74967027	1.27417111	1.22545826	0.00000000	0.00000000	0.00000000	0.00000000
0.00066560	1.00373423	1.07765102	0.93439209	0.80126119	0.00000000	0.00000000	0.00000000	0.00000000
0.00071680	1.00163043	0.65596151	1.10428154	1.08405924	0.00000000	0.00000000	0.00000000	0.00000000
0.00076800	0.99938655	0.89023346	0.93439209	1.22545826	0.00000000	0.00000000	0.00000000	0.00000000
0.00081920	1.00084782	0.84337908	0.93483120	1.03692627	0.00000000	0.00000000	0.00000000	0.00000000
0.00092160	1.00174785	0.90827560	1.06180918	1.08513284	0.00000000	0.00000000	0.00000000	0.00000000
0.00102400	0.99942660	0.95485389	1.14675391	1.25026178	0.00000000	0.00000000	0.00000000	0.00000000
0.00112640	1.00472879	1.02472126	1.06180918	1.13231254	0.00000000	0.00000000	0.00000000	0.00000000
0.00122880	1.00295532	1.25761235	0.87068355	1.10872269	0.00000000	0.00000000	0.00000000	0.00000000
0.00133120	0.99972951	1.09458852	1.12551773	1.17949224	0.00000000	0.00000000	0.00000000	0.00000000
0.00143360	1.00045133	1.02472126	0.89191973	0.96718359	0.00000000	0.00000000	0.00000000	0.00000000
0.00153600	0.99583787	0.74525177	1.25293493	0.77846485	0.00000000	0.00000000	0.00000000	0.00000000
0.00163840	0.99919093	0.79183006	1.01933682	0.73128515	0.00000000	0.00000000	0.00000000	0.00000000
0.00184320	0.99993420	0.88716716	1.03862071	0.77769464	0.00000000	0.00000000	0.00000000	0.00000000
0.00204800	0.99759585	1.00389969	1.05981708	0.74234492	0.00000000	0.00000000	0.00000000	0.00000000
0.00225280	0.99731779	0.81712765	1.14460242	0.89552718	0.00000000	0.00000000	0.00000000	0.00000000
0.00245760	0.99990124	1.14397871	1.12340605	0.97752631	0.00000000	0.00000000	0.00000000	0.00000000
0.00266240	0.99854743	0.88716716	1.12340605	0.94219398	0.00000000	0.00000000	0.00000000	0.00000000
0.00286720	0.99892825	1.13230538	1.04921889	1.11940897	0.00000000	0.00000000	0.00000000	0.00000000
0.00307200	1.00073719	1.12063217	0.98562986	0.90731043	0.00000000	0.00000000	0.00000000	0.00000000
0.00327680	0.99858445	0.98055315	0.96443355	1.15475881	0.00000000	0.00000000	0.00000000	0.00000000
0.00368640	1.00046551	0.82880086	1.03667390	0.96128637	0.00000000	0.00000000	0.00000000	0.00000000
0.00409600	1.00119328	0.78794450	0.99436069	1.07923567	0.00000000	0.00000000	0.00000000	0.00000000
0.00450560	1.00147951	1.13230538	0.97320408	1.01436353	0.00000000	0.00000000	0.00000000	0.00000000
0.00491520	0.99890649	1.16675067	0.98907155	1.09692800	0.00000000	0.00000000	0.00000000	0.00000000
0.00532480	0.99926358	1.06174314	1.14774609	0.97897875	0.00000000	0.00000000	0.00000000	0.00000000
0.00573440	1.00101256	0.96840310	1.03667390	1.09692800	0.00000000	0.00000000	0.00000000	0.00000000
0.00614400	0.99791098	0.86922926	1.01022816	1.12641537	0.00000000	0.00000000	0.00000000	0.00000000
0.00655360	0.99720442	1.02090693	1.19005942	1.06796920	0.00000000	0.00000000	0.00000000	0.00000000
0.00737280	0.99848783	0.95230782	0.97676516	1.06238794	0.00000000	0.00000000	0.00000000	0.00000000
0.00819200	0.99951661	1.03410113	1.02705932	1.03641498	0.00000000	0.00000000	0.00000000	0.00000000
0.00901120	0.99983472	0.90556878	0.98113805	0.95102847	0.00000000	0.00000000	0.00000000	0.00000000
0.00983040	0.99969679	1.00196803	1.05783081	1.02758181	0.00000000	0.00000000	0.00000000	0.00000000
0.01064960	0.99797976	0.96107137	0.98067808	0.97163898	0.00000000	0.00000000	0.00000000	0.00000000
0.01146880	1.00106454	1.00196803	1.11284494	0.91275179	0.00000000	0.00000000	0.00000000	0.00000000
0.01228800	0.99918163	1.00488925	1.08641160	1.05702543	0.00000000	0.00000000	0.00000000	0.00000000
0.01310720	0.99888593	1.05747056	1.00182474	0.93925101	0.00000000	0.00000000	0.00000000	0.00000000
0.01474560	0.99967253	1.01073158	0.96262580	1.02453768	0.00000000	0.00000000	0.00000000	0.00000000
0.01638400	1.00040448	1.04432523	0.98688966	0.93646854	0.00000000	0.00000000	0.00000000	0.00000000
0.01802240	0.99934185	1.00877380	0.92206717	0.97754931	0.00000000	0.00000000	0.00000000	0.00000000
0.01966080	0.99932939	1.02045286	1.01297522	0.98048925	0.00000000	0.00000000	0.00000000	0.00000000
0.02129920	1.00002670	0.92264116	1.00276458	0.96626765	0.00000000	0.00000000	0.00000000	0.00000000
0.02293760	0.99965554	0.97227693	0.98378241	0.98097491	0.00000000	0.00000000	0.00000000	0.00000000
0.02457600	0.99872065	1.01023364	1.03402936	0.97950417	0.00000000	0.00000000	0.00000000	0.00000000
0.02621440	1.00102878	0.95037878	0.99964988	0.99518925	0.00000000	0.00000000	0.00000000	0.00000000
0.02949120	0.99976689	1.01703203	0.97304475	1.03210652	0.00000000	0.00000000	0.00000000	0.00000000
0.03276800	1.00017095	1.03527153	0.95582277	0.99959159	0.00000000	0.00000000	0.00000000	0.00000000
0.03604480	1.00009847	0.96669114	0.98715425	1.04949772	0.00000000	0.00000000	0.00000000	0.00000000
0.03932160	0.99979055	0.94845170	0.96067125	0.98540497	0.00000000	0.00000000	0.00000000	0.00000000
0.04259840	1.00030458	0.99853837	0.96133333	0.99053729	0.00000000	0.00000000	0.00000000	0.00000000
0.04587520	0.99996698	1.02601111	1.01591396	1.02206433	0.00000000	0.00000000	0.00000000	0.00000000
0.04915200	1.00029325	1.01580215	0.99470770	0.99004740	0.00000000	0.00000000	0.00000000	0.00000000
0.05242880	0.99960381	0.98711938	0.96223557	1.00080192	0.00000000	0.00000000	0.00000000	0.00000000
0.05898240	1.00036681	0.99793625	1.02883661	1.00606155	0.00000000	0.00000000	0.00000000	0.00000000
0.06553600	1.00005543	0.97264212	0.98774934	0.96520400	0.00000000	0.00000000	0.00000000	0.00000000
0.07208960	1.00026536	1.02828002	0.95750129	1.04891133	0.00000000	0.00000000	0.00000000	0.00000000
0.07864320	0.99991053	0.99234307	0.99046916	1.04508972	0.00000000	0.00000000	0.00000000	0.00000000
0.08519680	1.00005066	1.00392413	0.98436570	0.98344111	0.00000000	0.00000000	0.00000000	0.00000000
0.09175040	1.00004804	1.02008808	1.01170528	0.98955560	0.00000000	0.00000000	0.00000000	0.00000000
0.09830400	1.00006235	0.99685639	1.03422189	0.99809182	0.00000000	0.00000000	0.00000000	0.00000000
0.10485760	0.99962592	0.96592993	0.98588634	0.98870111	0.00000000	0.00000000	0.00000000	0.00000000
0.11796480	0.99994338	1.00598514	0.98296750	0.99486691	0.00000000	0.00000000	0.00000000	0.00000000
0.13107200	0.99983788	1.00150025	0.97428691	1.02918029	0.00000000	0.00000000	0.00000000	0.00000000
0.14417920	1.00067532	1.00137460	1.01827896	1.01411664	0.00000000	0.00000000	0.00000000	0.00000000
0.15728641	0.99984920	1.00168812	1.00760210	1.01422048	0.00000000	0.00000000	0.00000000	0.00000000
0.17039360	1.00004649	0.98794127	0.98631811	0.98862100	0.00000000	0.00000000	0.00000000	0.00000000
0.18350080	1.00047100	1.01143539	0.98244387	1.00445318	0.00000000	0.00000000	0.00000000	0.00000000
0.19660801	0.99976915	1.00126982	1.00692701	1.01470506	0.00000000	0.00000000	0.00000000	0.00000000
0.20971520	1.00048268	0.99240392	1.01460135	1.01186168	0.00000000	0.00000000	0.00000000	0.00000000
0.23592959	0.99981034	0.99941957	0.98772478	0.99097645	0.00000000	0.00000000	0.00000000	0.00000000
0.26214400	1.00007248	0.99418402	0.99957538	1.00397587	0.00000000	0.00000000	0.00000000	0.00000000
0.28835839	1.00029790	1.00359786	0.98859310	0.99983913	0.00000000	0.00000000	0.00000000	0.00000000
0.31457281	0.99979007	1.00774300	1.00827682	1.00137389	0.00000000	0.00000000	0.00000000	0.00000000
0.34078720	1.00006068	0.99426603	0.99953246	1.00441504	0.00000000	0.00000000	0.00000000	0.00000000
0.36700159	0.99999946	1.00680828	1.00656712	1.00201118	0.00000000	0.00000000	0.00000000	0.00000000
0.39321601	1.00024641	0.99206173	0.98731738	1.00795269	0.00000000	0.00000000	0.00000000	0.00000000
0.41943040	0.99969774	0.98530990	1.02343762	0.99084848	0.00000000	0.00000000	0.00000000	0.00000000
0.47185919	1.00004542	0.99154866	0.99914646	0.99318898	0.00000000	0.00000000	0.00000000	0.00000000
0.52428800	1.00010145	0.99705428	1.00189638	0.99103624	0.00000000	0.00000000	0.00000000	0.00000000
0.57671678	1.00008798	0.99811339	1.00126886	1.00266171	0.00000000	0.00000000	0.00000000	0.00000000
0.62914562	0.99996120	1.00094950	1.00005305	0.99946469	0.00000000	0.00000000	0.00000000	0.00000000
0.68157440	1.00010979	1.00647032	0.98449641	0.99384958	0.00000000	0.00000000	0.00000000	0.00000000
0.73400319	1.00015485	0.99404025	0.99229360	1.00986373	0.00000000	0.00000000	0.00000000	0.00000000
0.78643203	1.00024450	0.99957472	1.00768912	0.99893898	0.00000000	0.00000000	0.00000000	0.00000000
0.83886081	0.99995130	1.00121665	0.99166358	0.99907476	0.00000000	0.00000000	0.00000000	0.00000000
0.94371837	1.00005090	1.00263953	0.99773103	0.99742705	0.00000000	0.00000000	0.00000000	0.00000000
1.04857600	0.99988884	0.99102223	1.00594831	0.99524724	0.00000000	0.00000000	0.00000000	0.00000000
1.15343356	1.00002253	1.00019014	0.99627304	0.99441278	0.00000000	0.00000000	0.00000000	0.00000000
1.25829124	0.99993682	0.99948114	0.99826372	1.00069451	0.00000000	0.00000000	0.00000000	0.00000000
1.36314881	1.00002038	1.00200176	0.99869835	1.00711441	0.00000000	0.00000000	0.00000000	0.00000000
1.46800637	0.99990177	1.00217092	0.99969393	1.00512004	0.00000000	0.00000000	0.00000000	0.00000000
1.57286406	0.99996269	0.99868637	1.00383282	1.00473619	0.00000000	0.00000000	0.00000000	0.00000000
1.67772162	1.00009322	1.00260520	1.00404608	1.00653636	0.00000000	0.00000000	0.00000000	0.00000000
1.88743675	1.00000894	1.00021589	0.99847937	1.00883794	0.00000000	0.00000000	0.00000000	0.00000000
2.09715199	1.00000834	1.00488675	1.00182128	1.00667119	0.00000000	0.00000000	0.00000000	0.00000000
2.30686712	0.99989742	1.00105679	0.99982572	0.99464536	0.00000000	0.00000000	0.00000000	0.00000000
2.51658249	0.99992543	0.99586654	0.99998552	0.98944622	0.00000000	0.00000000	0.00000000	0.00000000
2.72629762	0.99996662	0.99803007	1.00244296	0.99859810	0.00000000	0.00000000	0.00000000	0.00000000
2.93601274	0.99995857	0.99873614	0.99819249	0.99621642	0.00000000	0.00000000	0.00000000	0.00000000
3.14572811	0.99998474	1.00251269	1.00505304	0.99238837	0.00000000	0.00000000	0.00000000	0.00000000
3.35544324	1.00003576	1.00356913	0.99488229	0.99975985	0.00000000	0.00000000	0.00000000	0.00000000
3.77487350	1.00006175	1.00118315	0.99796844	1.00101733	0.00000000	0.00000000	0.00000000	0.00000000
4.19430399	1.00007188	0.99723381	0.99945521	0.99598938	0.00000000	0.00000000	0.00000000	0.00000000
4.61373425	1.00010264	1.00112355	1.00153399	0.99220014	0.00000000	0.00000000	0.00000000	0.00000000
5.03316498	1.00002670	0.99825764	0.99978280	0.99911129	0.00000000	0.00000000	0.00000000	0.00000000
5.45259523	1.00008488	1.00147009	0.99867100	1.00488341	0.00000000	0.00000000	0.00000000	0.00000000
5.87202549	0.99998671	1.00412917	0.99879801	0.99511838	0.00000000	0.00000000	0.00000000	0.00000000
6.29145622	0.99998438	1.00071836	0.99632639	0.99834943	0.00000000	0.00000000	0.00000000	0.00000000
6.71088648	0.99991268	0.99902678	0.99896997	0.99922884	0.00000000	0.00000000	0.00000000	0.00000000
7.54974699	0.99996400	1.00034487	0.99978018	1.00178957	0.00000000	0.00000000	0.00000000	0.00000000
8.38860798	1.00000000	1.00000000	1.00000000	1.00000000	0.00000000	0.00000000	0.00000000	0.00000000
9.22746849	0.00000000	0.00000000	0.00000000	0.00000000	0.00000000	0.00000000	0.00000000	0.00000000
10.06632996	0.00000000	0.00000000	0.00000000	0.00000000	0.00000000	0.00000000	0.00000000	0.00000000
10.90519047	0.00000000	0.00000000	0.00000000	0.00000000	0.00000000	0.00000000	0.00000000	0.00000000
11.74405098	0.00000000	0.00000000	0.00000000	0.00000000	0.00000000	0.00000000	0.00000000	0.00000000
12.58291245	0.00000000	0.00000000	0.00000000	0.00000000	0.00000000	0.00000000	0.00000000	0.00000000
13.42177296	0.00000000	0.00000000	0.00000000	0.00000000	0.00000000	0.00000000	0.00000000	0.00000000
15.09949398	0.00000000	0.00000000	0.00000000	0.00000000	0.00000000	0.00000000	0.00000000	0.00000000
16.77721596	0.00000000	0.00000000	0.00000000	0.00000000	0.00000000	0.00000000	0.00000000	0.00000000
18.45493698	0.00000000	0.00000000	0.00000000	0.00000000	0.00000000	0.00000000	0.00000000	0.00000000
20.13265991	0.00000000	0.00000000	0.00000000	0.00000000	0.00000000	0.00000000	0.00000000	0.00000000
21.81038094	0.00000000	0.00000000	0.00000000	0.00000000	0.00000000	0.00000000	0.00000000	0.00000000
23.48810196	0.00000000	0.00000000	0.00000000	0.00000000	0.00000000	0.00000000	0.00000000	0.00000000
25.16582489	0.00000000	0.00000000	0.00000000	0.00000000	0.00000000	0.00000000	0.00000000	0.00000000
26.84354591	0.00000000	0.00000000	0.00000000	0.00000000	0.00000000	0.00000000	0.00000000	0.00000000
30.19898796	0.00000000	0.00000000	0.00000000	0.00000000	0.00000000	0.00000000	0.00000000	0.00000000
33.55443192	0.00000000	0.00000000	0.00000000	0.00000000	0.00000000	0.00000000	0.00000000	0.00000000
36.90987396	0.00000000	0.00000000	0.00000000	0.00000000	0.00000000	0.00000000	0.00000000	0.00000000
40.26531982	0.00000000	0.00000000	0.00000000	0.00000000	0.00000000	0.00000000	0.00000000	0.00000000
43.62076187	0.00000000	0.00000000	0.00000000	0.00000000	0.00000000	0.00000000	0.00000000	0.00000000
46.97620392	0.00000000	0.00000000	0.00000000	0.00000000	0.00000000	0.00000000	0.00000000	0.00000000
50.33164978	0.00000000	0.00000000	0.00000000	0.00000000	0.00000000	0.00000000	0.00000000	0.00000000
53.68709183	0.00000000	0.00000000	0.00000000	0.00000000	0.00000000	0.00000000	0.00000000	0.00000000
60.39797592	0.00000000	0.00000000	0.00000000	0.00000000	0.00000000	0.00000000	0.00000000	0.00000000
67.10886383	0.00000000	0.00000000	0.00000000	0.00000000	0.00000000	0.00000000	0.00000000	0.00000000
73.81974792	0.00000000	0.00000000	0.00000000	0.00000000	0.00000000	0.00000000	0.00000000	0.00000000
80.53063965	0.00000000	0.00000000	0.00000000	0.00000000	0.00000000	0.00000000	0.00000000	0.00000000
87.24152374	0.00000000	0.00000000	0.00000000	0.00000000	0.00000000	0.00000000	0.00000000	0.00000000
93.95240784	0.00000000	0.00000000	0.00000000	0.00000000	0.00000000	0.00000000	0.00000000	0.00000000
100.66329956	0.00000000	0.00000000	0.00000000	0.00000000	0.00000000	0.00000000	0.00000000	0.00000000
107.37418365	0.00000000	0.00000000	0.00000000	0.00000000	0.00000000	0.00000000	0.00000000	0.00000000
120.79595184	0.00000000	0.00000000	0.00000000	0.00000000	0.00000000	0.00000000	0.00000000	0.00000000
134.21772766	0.00000000	0.00000000	0.00000000	0.00000000	0.00000000	0.00000000	0.00000000	0.00000000
147.63949585	0.00000000	0.00000000	0.00000000	0.00000000	0.00000000	0.00000000	0.00000000	0.00000000
161.06127930	0.00000000	0.00000000	0.00000000	0.00000000	0.00000000	0.00000000	0.00000000	0.00000000
174.48304749	0.00000000	0.00000000	0.00000000	0.00000000	0.00000000	0.00000000	0.00000000	0.00000000
187.90481567	0.00000000	0.00000000	0.00000000	0.00000000	0.00000000	0.00000000	0.00000000	0.00000000
201.32659912	0.00000000	0.00000000	0.00000000	0.00000000	0.00000000	0.00000000	0.00000000	0.00000000
214.74836731	0.00000000	0.00000000	0.00000000	0.00000000	0.00000000	0.00000000	0.00000000	0.00000000
241.59190369	0.00000000	0.00000000	0.00000000	0.00000000	0.00000000	0.00000000	0.00000000	0.00000000
268.43545532	0.00000000	0.00000000	0.00000000	0.00000000	0.00000000	0.00000000	0.00000000	0.00000000
295.27899170	0.00000000	0.00000000	0.00000000	0.00000000	0.00000000	0.00000000	0.00000000	0.00000000
322.12255859	0.00000000	0.00000000	0.00000000	0.00000000	0.00000000	0.00000000	0.00000000	0.00000000
348.96609497	0.00000000	0.00000000	0.00000000	0.00000000	0.00000000	0.00000000	0.00000000	0.00000000
375.80963135	0.00000000	0.00000000	0.00000000	0.00000000	0.00000000	0.00000000	0.00000000	0.00000000
402.65319824	0.00000000	0.00000000	0.00000000	0.00000000	0.00000000	0.00000000	0.00000000	0.00000000
429.49673462	0.00000000	0.00000000	0.00000000	0.00000000	0.00000000	0.00000000	0.00000000	0.00000000
483.18380737	0.00000000	0.00000000	0.00000000	0.00000000	0.00000000	0.00000000	0.00000000	0.00000000
536.87091064	0.00000000	0.00000000	0.00000000	0.00000000	0.00000000	0.00000000	0.00000000	0.00000000
590.55798340	0.00000000	0.00000000	0.00000000	0.00000000	0.00000000	0.00000000	0.00000000	0.00000000
644.24511719	0.00000000	0.00000000	0.00000000	0.00000000	0.00000000	0.00000000	0.00000000	0.00000000
697.93218994	0.00000000	0.00000000	0.00000000	0.00000000	0.00000000	0.00000000	0.00000000	0.00000000
751.61926270	0.00000000	0.00000000	0.00000000	0.00000000	0.00000000	0.00000000	0.00000000	0.00000000
805.30639648	0.00000000	0.00000000	0.00000000	0.00000000	0.00000000	0.00000000	0.00000000	0.00000000
858.99346924	0.00000000	0.00000000	0.00000000	0.00000000	0.00000000	0.00000000	0.00000000	0.00000000
966.36761475	0.00000000	0.00000000	0.00000000	0.00000000	0.00000000	0.00000000	0.00000000	0.00000000
1073.74182129	0.00000000	0.00000000	0.00000000	0.00000000	0.00000000	0.00000000	0.00000000	0.00000000
1181.11596680	0.00000000	0.00000000	0.00000000	0.00000000	0.00000000	0.00000000	0.00000000	0.00000000
1288.49023437	0.00000000	0.00000000	0.00000000	0.00000000	0.00000000	0.00000000	0.00000000	0.00000000
1395.86437988	0.00000000	0.00000000	0.00000000	0.00000000	0.00000000	0.00000000	0.00000000	0.00000000
1503.23852539	0.00000000	0.00000000	0.00000000	0.00000000	0.00000000	0.00000000	0.00000000	0.00000000
1610.61279297	0.00000000	0.00000000	0.00000000	0.00000000	0.00000000	0.00000000	0.00000000	0.00000000
1717.98693848	0.00000000	0.00000000	0.00000000	0.00000000	0.00000000	0.00000000	0.00000000	0.00000000
1932.73522949	0.00000000	0.00000000	0.00000000	0.00000000	0.00000000	0.00000000	0.00000000	0.00000000
2147.48364258	0.00000000	0.00000000	0.00000000	0.00000000	0.00000000	0.00000000	0.00000000	0.00000000
2362.23193359	0.00000000	0.00000000	0.00000000	0.00000000	0.00000000	0.00000000	0.00000000	0.00000000
2576.98046875	0.00000000	0.00000000	0.00000000	0.00000000	0.00000000	0.00000000	0.00000000	0.00000000
2791.72875977	0.00000000	0.00000000	0.00000000	0.00000000	0.00000000	0.00000000	0.00000000	0.00000000
3006.47705078	0.00000000	0.00000000	0.00000000	0.00000000	0.00000000	0.00000000	0.00000000	0.00000000
3221.22558594	0.00000000	0.00000000	0.00000000	0.00000000	0.00000000	0.00000000	0.00000000	0.00000000
3435.97387695	0.00000000	0.00000000	0.00000000	0.00000000	0.00000000	0.00000000	0.00000000	0.00000000
0	0	0	0	0	0	0	0	0
