%12/22/2018 12:34:27 PM
%Duration	ID1		ID2		ID3		ID4		ID5		ID6		ID7		ID8
5000.000000	46.920776	0.333786	0.400543	0.362396	0.000000	0.000000	0.000000	0.000000
%Tau		Tau1		Tau2		Tau3		Tau4		Tau5		Tau6		Tau7		Tau8
%		0.000051	0.000001	0.000001	0.000001	0.000000	0.000000	0.000000	0.000000
%Delaytime	D1		D2		D3		D4		D5		D6		D7		D8
0.00000020	2.66453123	166.93640137	70.63789368	55.66424179	0.00000000	0.00000000	0.00000000	0.00000000
0.00000040	1.71850693	35.77208710	47.09193039	0.00000000	0.00000000	0.00000000	0.00000000	0.00000000
0.00000060	1.54852521	0.00000000	0.00000000	11.13284874	0.00000000	0.00000000	0.00000000	0.00000000
0.00000080	1.56009459	0.00000000	0.00000000	0.00000000	0.00000000	0.00000000	0.00000000	0.00000000
0.00000100	1.53428590	0.00000000	0.00000000	0.00000000	0.00000000	0.00000000	0.00000000	0.00000000
0.00000120	1.51203692	0.00000000	0.00000000	0.00000000	0.00000000	0.00000000	0.00000000	0.00000000
0.00000140	1.44262028	0.00000000	11.77298260	0.00000000	0.00000000	0.00000000	0.00000000	0.00000000
0.00000160	1.46219933	0.00000000	0.00000000	0.00000000	0.00000000	0.00000000	0.00000000	0.00000000
0.00000180	1.48800814	0.00000000	0.00000000	22.26569748	0.00000000	0.00000000	0.00000000	0.00000000
0.00000200	1.45151985	0.00000000	11.77298260	11.13284874	0.00000000	0.00000000	0.00000000	0.00000000
0.00000220	1.44440019	0.00000000	0.00000000	11.13284874	0.00000000	0.00000000	0.00000000	0.00000000
0.00000240	1.48711812	0.00000000	0.00000000	0.00000000	0.00000000	0.00000000	0.00000000	0.00000000
0.00000260	1.47109890	0.00000000	0.00000000	0.00000000	0.00000000	0.00000000	0.00000000	0.00000000
0.00000280	1.48711812	0.00000000	11.77298260	0.00000000	0.00000000	0.00000000	0.00000000	0.00000000
0.00000300	1.47821856	0.00000000	0.00000000	11.13284874	0.00000000	0.00000000	0.00000000	0.00000000
0.00000320	1.43461072	0.00000000	0.00000000	0.00000000	0.00000000	0.00000000	0.00000000	0.00000000
0.00000360	1.47821856	0.00000000	5.88649130	0.00000000	0.00000000	0.00000000	0.00000000	0.00000000
0.00000400	1.49112296	0.00000000	5.88649130	5.56642437	0.00000000	0.00000000	0.00000000	0.00000000
0.00000440	1.46887398	0.00000000	0.00000000	0.00000000	0.00000000	0.00000000	0.00000000	0.00000000
0.00000480	1.45819449	0.00000000	0.00000000	5.56642437	0.00000000	0.00000000	0.00000000	0.00000000
0.00000520	1.45997441	0.00000000	0.00000000	0.00000000	0.00000000	0.00000000	0.00000000	0.00000000
0.00000560	1.48400331	5.96201420	0.00000000	0.00000000	0.00000000	0.00000000	0.00000000	0.00000000
0.00000600	1.47999847	0.00000000	0.00000000	0.00000000	0.00000000	0.00000000	0.00000000	0.00000000
0.00000640	1.51070201	0.00000000	0.00000000	5.56642437	0.00000000	0.00000000	0.00000000	0.00000000
0.00000720	1.46286678	2.98100710	2.94324565	0.00000000	0.00000000	0.00000000	0.00000000	0.00000000
0.00000800	1.40791202	0.00000000	0.00000000	0.00000000	0.00000000	0.00000000	0.00000000	0.00000000
0.00000880	1.42838097	0.00000000	2.94324565	5.56642437	0.00000000	0.00000000	0.00000000	0.00000000
0.00000960	1.41770148	0.00000000	2.94324565	0.00000000	0.00000000	0.00000000	0.00000000	0.00000000
0.00001040	1.40546453	2.98100710	0.00000000	0.00000000	0.00000000	0.00000000	0.00000000	0.00000000
0.00001120	1.41547656	0.00000000	0.00000000	0.00000000	0.00000000	0.00000000	0.00000000	0.00000000
0.00001200	1.42170632	0.00000000	0.00000000	0.00000000	0.00000000	0.00000000	0.00000000	0.00000000
0.00001280	1.41147184	0.00000000	0.00000000	0.00000000	0.00000000	0.00000000	0.00000000	0.00000000
0.00001440	1.39500761	2.98100710	0.00000000	1.39160609	0.00000000	0.00000000	0.00000000	0.00000000
0.00001600	1.39878988	0.00000000	0.00000000	0.00000000	0.00000000	0.00000000	0.00000000	0.00000000
0.00001760	1.37231374	0.00000000	1.47162282	0.00000000	0.00000000	0.00000000	0.00000000	0.00000000
0.00001920	1.37587357	0.00000000	2.94324565	1.39160609	0.00000000	0.00000000	0.00000000	0.00000000
0.00002080	1.37654102	2.98100710	2.94324565	0.00000000	0.00000000	0.00000000	0.00000000	0.00000000
0.00002240	1.34238887	0.00000000	1.47162282	1.39160609	0.00000000	0.00000000	0.00000000	0.00000000
0.00002400	1.35373580	1.49050355	0.00000000	1.39160609	0.00000000	0.00000000	0.00000000	0.00000000
0.00002560	1.32525718	0.00000000	2.94324565	0.00000000	0.00000000	0.00000000	0.00000000	0.00000000
0.00002880	1.32338512	1.46445644	0.73581141	0.69250774	0.00000000	0.00000000	0.00000000	0.00000000
0.00003200	1.31271982	0.00000000	1.47162282	2.07752323	0.00000000	0.00000000	0.00000000	0.00000000
0.00003520	1.29027832	0.73222822	0.73581141	2.07752323	0.00000000	0.00000000	0.00000000	0.00000000
0.00003840	1.30261004	0.73222822	0.73581141	1.38501549	0.00000000	0.00000000	0.00000000	0.00000000
0.00004160	1.27233613	0.73222822	0.00000000	0.69250774	0.00000000	0.00000000	0.00000000	0.00000000
0.00004480	1.26339293	0.73222822	0.00000000	2.07752323	0.00000000	0.00000000	0.00000000	0.00000000
0.00004800	1.24383986	2.19668460	3.67905712	2.07752323	0.00000000	0.00000000	0.00000000	0.00000000
0.00005120	1.23684072	1.46445644	0.00000000	1.38501549	0.00000000	0.00000000	0.00000000	0.00000000
0.00005760	1.21899819	0.00000000	0.73869693	0.34658247	0.00000000	0.00000000	0.00000000	0.00000000
0.00006400	1.20813441	0.73294276	1.10804546	2.07949471	0.00000000	0.00000000	0.00000000	0.00000000
0.00007040	1.18562877	1.83235693	0.36934847	0.69316494	0.00000000	0.00000000	0.00000000	0.00000000
0.00007680	1.17987740	2.19882822	1.47739387	1.38632989	0.00000000	0.00000000	0.00000000	0.00000000
0.00008320	1.15420425	0.36647138	0.36934847	0.34658247	0.00000000	0.00000000	0.00000000	0.00000000
0.00008960	1.14490128	0.00000000	0.36934847	1.03974736	0.00000000	0.00000000	0.00000000	0.00000000
0.00009600	1.13020313	0.36647138	1.47739387	1.03974736	0.00000000	0.00000000	0.00000000	0.00000000
0.00010240	1.11517155	0.73294276	0.00000000	1.03974736	0.00000000	0.00000000	0.00000000	0.00000000
0.00011520	1.10977745	0.54917115	1.10913146	0.52185225	0.00000000	0.00000000	0.00000000	0.00000000
0.00012800	1.08393347	1.28139937	0.73942101	0.52185225	0.00000000	0.00000000	0.00000000	0.00000000
0.00014080	1.07426405	0.54917115	0.73942101	1.39160609	0.00000000	0.00000000	0.00000000	0.00000000
0.00015360	1.06503475	1.28139937	0.55456573	0.52185225	0.00000000	0.00000000	0.00000000	0.00000000
0.00016640	1.05544865	2.01362753	0.92427623	0.52185225	0.00000000	0.00000000	0.00000000	0.00000000
0.00017920	1.04393983	0.73222822	1.10913146	1.04370451	0.00000000	0.00000000	0.00000000	0.00000000
0.00019200	1.04002964	1.28139937	1.10913146	0.86975378	0.00000000	0.00000000	0.00000000	0.00000000
0.00020480	1.03291309	1.64751351	1.84855247	1.21765530	0.00000000	0.00000000	0.00000000	0.00000000
0.00023040	1.02221835	1.00681376	1.10479689	0.78055090	0.00000000	0.00000000	0.00000000	0.00000000
0.00025600	1.02013385	0.54917115	0.46033201	1.56110179	0.00000000	0.00000000	0.00000000	0.00000000
0.00028160	1.01514685	0.64069968	1.19686329	1.64782977	0.00000000	0.00000000	0.00000000	0.00000000
0.00030720	1.00942862	1.18987083	1.01273048	0.86727881	0.00000000	0.00000000	0.00000000	0.00000000
0.00033280	1.00410640	0.73222822	0.64446485	0.86727881	0.00000000	0.00000000	0.00000000	0.00000000
0.00035840	1.00585997	0.73222822	1.01273048	1.30091822	0.00000000	0.00000000	0.00000000	0.00000000
0.00038400	1.00769699	1.00681376	0.64446485	1.12746239	0.00000000	0.00000000	0.00000000	0.00000000
0.00040960	1.00105464	1.64751351	1.28892970	0.95400667	0.00000000	0.00000000	0.00000000	0.00000000
0.00046080	1.00185573	1.01174068	1.05566406	0.60738343	0.00000000	0.00000000	0.00000000	0.00000000
0.00051200	0.99992537	1.42563462	1.37695312	0.82430607	0.00000000	0.00000000	0.00000000	0.00000000
0.00056320	1.00205374	1.01174068	0.87207031	1.08461332	0.00000000	0.00000000	0.00000000	0.00000000
0.00061440	1.00500810	1.01174068	0.78027344	1.34492040	0.00000000	0.00000000	0.00000000	0.00000000
0.00066560	1.00141740	1.24168181	0.78027344	1.08461332	0.00000000	0.00000000	0.00000000	0.00000000
0.00071680	1.00076330	1.10371709	1.05566406	1.21476686	0.00000000	0.00000000	0.00000000	0.00000000
0.00076800	1.00109875	1.19569361	1.14746094	0.99784422	0.00000000	0.00000000	0.00000000	0.00000000
0.00081920	0.99931449	0.87377608	0.82617187	0.82430607	0.00000000	0.00000000	0.00000000	0.00000000
0.00092160	0.99687719	1.26097536	1.44792104	0.97430098	0.00000000	0.00000000	0.00000000	0.00000000
0.00102400	0.99598688	0.91707295	0.89633209	1.36402142	0.00000000	0.00000000	0.00000000	0.00000000
0.00112640	0.99913168	1.07756066	1.17212653	0.84439421	0.00000000	0.00000000	0.00000000	0.00000000
0.00122880	0.99849927	0.93999976	1.12616086	1.10420775	0.00000000	0.00000000	0.00000000	0.00000000
0.00133120	1.00059044	0.87121928	1.03422928	0.80109191	0.00000000	0.00000000	0.00000000	0.00000000
0.00143360	1.00244474	1.14634120	0.87334919	0.88769644	0.00000000	0.00000000	0.00000000	0.00000000
0.00153600	1.00696385	0.93999976	1.10317791	1.01760328	0.00000000	0.00000000	0.00000000	0.00000000
0.00163840	1.00544631	1.05463386	0.87334919	0.82274306	0.00000000	0.00000000	0.00000000	0.00000000
0.00184320	1.00121164	1.01075244	0.93217236	0.84760708	0.00000000	0.00000000	0.00000000	0.00000000
0.00204800	1.00311601	1.20601141	1.19744885	1.08667576	0.00000000	0.00000000	0.00000000	0.00000000
0.00225280	1.00147736	1.27492642	1.02473986	0.92367440	0.00000000	0.00000000	0.00000000	0.00000000
0.00245760	0.99959391	0.97629499	0.94414234	1.09754252	0.00000000	0.00000000	0.00000000	0.00000000
0.00266240	1.00184381	0.95332330	0.86354482	0.86934060	0.00000000	0.00000000	0.00000000	0.00000000
0.00286720	0.99828184	0.98778081	1.12781346	0.77117342	0.00000000	0.00000000	0.00000000	0.00000000
0.00307200	0.99943829	0.87292254	0.88570601	0.89065099	0.00000000	0.00000000	0.00000000	0.00000000
0.00327680	0.99638772	0.81549346	0.88570601	1.08615983	0.00000000	0.00000000	0.00000000	0.00000000
0.00368640	1.00007927	0.98830444	0.97581828	1.13067997	0.00000000	0.00000000	0.00000000	0.00000000
0.00409600	1.00089729	1.08077741	1.00451887	0.92954934	0.00000000	0.00000000	0.00000000	0.00000000
0.00450560	0.99839598	0.94252980	0.99303859	1.00565279	0.00000000	0.00000000	0.00000000	0.00000000
0.00491520	1.00018907	0.95987695	1.11358082	0.89149761	0.00000000	0.00000000	0.00000000	0.00000000
0.00532480	0.99945194	1.02348328	0.94711775	1.10297585	0.00000000	0.00000000	0.00000000	0.00000000
0.00573440	0.99619836	1.06395996	0.99303859	0.96760112	0.00000000	0.00000000	0.00000000	0.00000000
0.00614400	0.99585599	0.95409459	1.15893555	0.95084131	0.00000000	0.00000000	0.00000000	0.00000000
0.00655360	0.99938637	1.02825761	0.90649414	0.97257483	0.00000000	0.00000000	0.00000000	0.00000000
0.00737280	1.00045037	1.00910211	0.97868878	1.02488148	0.00000000	0.00000000	0.00000000	0.00000000
0.00819200	0.99990094	0.96560633	0.98968530	1.09575093	0.00000000	0.00000000	0.00000000	0.00000000
0.00901120	0.99880481	1.00620234	0.95239282	0.96491504	0.00000000	0.00000000	0.00000000	0.00000000
0.00983040	1.00106490	1.13613224	1.05618024	1.03851020	0.00000000	0.00000000	0.00000000	0.00000000
0.01064960	0.99920940	0.95064127	0.97007865	0.96491504	0.00000000	0.00000000	0.00000000	0.00000000
0.01146880	1.00066411	1.05787826	1.01599956	0.91585159	0.00000000	0.00000000	0.00000000	0.00000000
0.01228800	0.99965578	1.04287529	0.94332600	1.04618979	0.00000000	0.00000000	0.00000000	0.00000000
0.01310720	0.99922353	0.99362844	1.03845239	1.01029146	0.00000000	0.00000000	0.00000000	0.00000000
0.01474560	1.00092745	1.07302713	1.01649535	0.99033850	0.00000000	0.00000000	0.00000000	0.00000000
0.01638400	0.99970424	0.98687500	0.96290302	1.02303195	0.00000000	0.00000000	0.00000000	0.00000000
0.01802240	1.00140786	0.99461919	1.01025891	0.95900732	0.00000000	0.00000000	0.00000000	0.00000000
0.01966080	0.99930590	1.00913918	0.91500568	1.00708830	0.00000000	0.00000000	0.00000000	0.00000000
0.02129920	0.99962395	1.03527522	0.99639517	0.99483997	0.00000000	0.00000000	0.00000000	0.00000000
0.02293760	0.99950975	0.97961855	0.94373429	1.03566790	0.00000000	0.00000000	0.00000000	0.00000000
0.02457600	0.99975389	0.90951073	1.01169395	1.04061651	0.00000000	0.00000000	0.00000000	0.00000000
0.02621440	1.00083292	1.09083259	1.04090273	0.98301721	0.00000000	0.00000000	0.00000000	0.00000000
0.02949120	1.00013101	1.04086912	0.97916669	1.05181968	0.00000000	0.00000000	0.00000000	0.00000000
0.03276800	0.99933165	1.01181483	1.03925681	0.98212457	0.00000000	0.00000000	0.00000000	0.00000000
0.03604480	0.99879891	1.00574338	1.01649559	0.98301721	0.00000000	0.00000000	0.00000000	0.00000000
0.03932160	1.00006163	0.96390915	0.95738035	0.95672917	0.00000000	0.00000000	0.00000000	0.00000000
0.04259840	1.00083303	1.01154852	0.99065250	1.00517511	0.00000000	0.00000000	0.00000000	0.00000000
0.04587520	0.99955124	1.01296151	0.98251784	1.00837076	0.00000000	0.00000000	0.00000000	0.00000000
0.04915200	1.00065005	1.05075610	1.00958502	0.99749887	0.00000000	0.00000000	0.00000000	0.00000000
0.05242880	0.99977887	0.95963752	0.98874658	1.00334013	0.00000000	0.00000000	0.00000000	0.00000000
0.05898240	1.00007069	1.01893687	0.98179966	1.02671719	0.00000000	0.00000000	0.00000000	0.00000000
0.06553600	1.00027025	1.02074480	1.02273786	0.99261039	0.00000000	0.00000000	0.00000000	0.00000000
0.07208960	1.00002348	0.99337876	1.00119150	0.97186887	0.00000000	0.00000000	0.00000000	0.00000000
0.07864320	1.00049984	0.98904401	0.98968530	0.99140567	0.00000000	0.00000000	0.00000000	0.00000000
0.08519680	0.99926513	0.98868543	1.04649329	0.97436571	0.00000000	0.00000000	0.00000000	0.00000000
0.09175040	0.99976099	1.01387477	0.97066730	0.99451506	0.00000000	0.00000000	0.00000000	0.00000000
0.09830400	0.99988163	0.97400540	0.97653121	0.99200743	0.00000000	0.00000000	0.00000000	0.00000000
0.10485760	1.00022364	0.98579454	1.00900078	1.00456023	0.00000000	0.00000000	0.00000000	0.00000000
0.11796480	0.99996167	0.98302305	1.01192260	1.00662696	0.00000000	0.00000000	0.00000000	0.00000000
0.13107200	1.00013876	0.99796009	1.00446534	1.00564218	0.00000000	0.00000000	0.00000000	0.00000000
0.14417920	0.99934655	0.98806494	1.00612569	1.01230240	0.00000000	0.00000000	0.00000000	0.00000000
0.15728641	1.00039697	0.99832886	0.97728539	1.00214195	0.00000000	0.00000000	0.00000000	0.00000000
0.17039360	0.99970627	0.99149257	1.00125980	0.99722272	0.00000000	0.00000000	0.00000000	0.00000000
0.18350080	0.99981391	0.99884462	1.01279819	1.00883806	0.00000000	0.00000000	0.00000000	0.00000000
0.19660801	1.00020182	1.01548004	1.00494695	1.00285518	0.00000000	0.00000000	0.00000000	0.00000000
0.20971520	0.99962467	0.99170238	0.97557783	1.00894547	0.00000000	0.00000000	0.00000000	0.00000000
0.23592959	0.99984068	0.99131632	0.98781645	0.98049515	0.00000000	0.00000000	0.00000000	0.00000000
0.26214400	1.00009704	1.00648153	1.01074779	1.00142682	0.00000000	0.00000000	0.00000000	0.00000000
0.28835839	0.99974602	0.99400342	0.98566788	1.00683308	0.00000000	0.00000000	0.00000000	0.00000000
0.31457281	1.00024700	0.99588162	1.00746644	0.99198991	0.00000000	0.00000000	0.00000000	0.00000000
0.34078720	1.00035763	1.00521386	0.98626775	1.00744021	0.00000000	0.00000000	0.00000000	0.00000000
0.36700159	0.99990457	1.00824451	1.00920689	0.99205542	0.00000000	0.00000000	0.00000000	0.00000000
0.39321601	0.99987030	1.02191484	1.01073241	0.98185122	0.00000000	0.00000000	0.00000000	0.00000000
0.41943040	1.00005746	0.99605399	0.98367578	1.00164878	0.00000000	0.00000000	0.00000000	0.00000000
0.47185919	0.99999124	0.99152976	0.99370748	1.00311720	0.00000000	0.00000000	0.00000000	0.00000000
0.52428800	0.99999821	1.00496173	0.99954957	0.99828005	0.00000000	0.00000000	0.00000000	0.00000000
0.57671678	0.99983913	1.00022101	0.99815375	0.99558949	0.00000000	0.00000000	0.00000000	0.00000000
0.62914562	0.99977362	0.99327767	0.99196565	0.99395955	0.00000000	0.00000000	0.00000000	0.00000000
0.68157440	1.00011885	1.00940394	0.99653798	0.98699772	0.00000000	0.00000000	0.00000000	0.00000000
0.73400319	1.00019062	0.97575653	1.00492620	0.99159932	0.00000000	0.00000000	0.00000000	0.00000000
0.78643203	1.00000143	0.99033344	0.99974573	0.99832523	0.00000000	0.00000000	0.00000000	0.00000000
0.83886081	0.99998724	1.00209069	0.99526423	0.98513293	0.00000000	0.00000000	0.00000000	0.00000000
0.94371837	1.00013685	0.99351668	1.00364101	1.00580633	0.00000000	0.00000000	0.00000000	0.00000000
1.04857600	0.99993521	0.99802876	0.99874336	0.99503034	0.00000000	0.00000000	0.00000000	0.00000000
1.15343356	1.00004518	1.00401449	1.00405192	1.01217937	0.00000000	0.00000000	0.00000000	0.00000000
1.25829124	1.00016057	0.99879897	1.00051963	0.99880314	0.00000000	0.00000000	0.00000000	0.00000000
1.36314881	1.00010693	0.99431139	0.99946278	1.00460124	0.00000000	0.00000000	0.00000000	0.00000000
1.46800637	0.99997723	1.00560331	1.00280249	1.00160313	0.00000000	0.00000000	0.00000000	0.00000000
1.57286406	0.99967593	1.00230062	1.00214279	0.99814802	0.00000000	0.00000000	0.00000000	0.00000000
1.67772162	1.00022197	1.00064814	1.00127554	0.99966532	0.00000000	0.00000000	0.00000000	0.00000000
1.88743675	0.99990356	0.99991006	0.99273777	1.00025964	0.00000000	0.00000000	0.00000000	0.00000000
2.09715199	1.00020862	0.99628848	0.99800307	0.99704075	0.00000000	0.00000000	0.00000000	0.00000000
2.30686712	0.99991828	1.00329018	1.00065577	1.00143075	0.00000000	0.00000000	0.00000000	0.00000000
2.51658249	1.00000846	0.99309283	1.00577831	0.99803263	0.00000000	0.00000000	0.00000000	0.00000000
2.72629762	0.99993956	1.00094295	0.99800110	0.99778384	0.00000000	0.00000000	0.00000000	0.00000000
2.93601274	1.00002432	1.00069439	0.99851722	0.99950171	0.00000000	0.00000000	0.00000000	0.00000000
3.14572811	0.99978322	1.00145042	0.99456799	1.00381505	0.00000000	0.00000000	0.00000000	0.00000000
3.35544324	1.00017774	1.00620353	0.99814910	1.00495112	0.00000000	0.00000000	0.00000000	0.00000000
3.77487350	1.00001109	1.00036108	1.00241947	0.99659920	0.00000000	0.00000000	0.00000000	0.00000000
4.19430399	0.99996996	0.99756765	0.99654222	0.99856508	0.00000000	0.00000000	0.00000000	0.00000000
4.61373425	1.00002062	1.00050342	1.00001287	1.00073385	0.00000000	0.00000000	0.00000000	0.00000000
5.03316498	0.99995708	1.00317252	1.00374186	1.00024164	0.00000000	0.00000000	0.00000000	0.00000000
5.45259523	0.99998713	0.99946940	0.99544567	0.99746555	0.00000000	0.00000000	0.00000000	0.00000000
5.87202549	1.00006437	1.00483906	1.00131381	0.99996096	0.00000000	0.00000000	0.00000000	0.00000000
6.29145622	0.99983704	0.99868238	1.00206828	1.00257921	0.00000000	0.00000000	0.00000000	0.00000000
6.71088648	0.99991900	0.99662733	0.99656689	1.00286806	0.00000000	0.00000000	0.00000000	0.00000000
7.54974699	1.00010586	0.99179381	1.00139308	1.00040925	0.00000000	0.00000000	0.00000000	0.00000000
8.38860798	1.00000000	1.00000000	1.00000000	1.00000000	0.00000000	0.00000000	0.00000000	0.00000000
9.22746849	0.00000000	0.00000000	0.00000000	0.00000000	0.00000000	0.00000000	0.00000000	0.00000000
10.06632996	0.00000000	0.00000000	0.00000000	0.00000000	0.00000000	0.00000000	0.00000000	0.00000000
10.90519047	0.00000000	0.00000000	0.00000000	0.00000000	0.00000000	0.00000000	0.00000000	0.00000000
11.74405098	0.00000000	0.00000000	0.00000000	0.00000000	0.00000000	0.00000000	0.00000000	0.00000000
12.58291245	0.00000000	0.00000000	0.00000000	0.00000000	0.00000000	0.00000000	0.00000000	0.00000000
13.42177296	0.00000000	0.00000000	0.00000000	0.00000000	0.00000000	0.00000000	0.00000000	0.00000000
15.09949398	0.00000000	0.00000000	0.00000000	0.00000000	0.00000000	0.00000000	0.00000000	0.00000000
16.77721596	0.00000000	0.00000000	0.00000000	0.00000000	0.00000000	0.00000000	0.00000000	0.00000000
18.45493698	0.00000000	0.00000000	0.00000000	0.00000000	0.00000000	0.00000000	0.00000000	0.00000000
20.13265991	0.00000000	0.00000000	0.00000000	0.00000000	0.00000000	0.00000000	0.00000000	0.00000000
21.81038094	0.00000000	0.00000000	0.00000000	0.00000000	0.00000000	0.00000000	0.00000000	0.00000000
23.48810196	0.00000000	0.00000000	0.00000000	0.00000000	0.00000000	0.00000000	0.00000000	0.00000000
25.16582489	0.00000000	0.00000000	0.00000000	0.00000000	0.00000000	0.00000000	0.00000000	0.00000000
26.84354591	0.00000000	0.00000000	0.00000000	0.00000000	0.00000000	0.00000000	0.00000000	0.00000000
30.19898796	0.00000000	0.00000000	0.00000000	0.00000000	0.00000000	0.00000000	0.00000000	0.00000000
33.55443192	0.00000000	0.00000000	0.00000000	0.00000000	0.00000000	0.00000000	0.00000000	0.00000000
36.90987396	0.00000000	0.00000000	0.00000000	0.00000000	0.00000000	0.00000000	0.00000000	0.00000000
40.26531982	0.00000000	0.00000000	0.00000000	0.00000000	0.00000000	0.00000000	0.00000000	0.00000000
43.62076187	0.00000000	0.00000000	0.00000000	0.00000000	0.00000000	0.00000000	0.00000000	0.00000000
46.97620392	0.00000000	0.00000000	0.00000000	0.00000000	0.00000000	0.00000000	0.00000000	0.00000000
50.33164978	0.00000000	0.00000000	0.00000000	0.00000000	0.00000000	0.00000000	0.00000000	0.00000000
53.68709183	0.00000000	0.00000000	0.00000000	0.00000000	0.00000000	0.00000000	0.00000000	0.00000000
60.39797592	0.00000000	0.00000000	0.00000000	0.00000000	0.00000000	0.00000000	0.00000000	0.00000000
67.10886383	0.00000000	0.00000000	0.00000000	0.00000000	0.00000000	0.00000000	0.00000000	0.00000000
73.81974792	0.00000000	0.00000000	0.00000000	0.00000000	0.00000000	0.00000000	0.00000000	0.00000000
80.53063965	0.00000000	0.00000000	0.00000000	0.00000000	0.00000000	0.00000000	0.00000000	0.00000000
87.24152374	0.00000000	0.00000000	0.00000000	0.00000000	0.00000000	0.00000000	0.00000000	0.00000000
93.95240784	0.00000000	0.00000000	0.00000000	0.00000000	0.00000000	0.00000000	0.00000000	0.00000000
100.66329956	0.00000000	0.00000000	0.00000000	0.00000000	0.00000000	0.00000000	0.00000000	0.00000000
107.37418365	0.00000000	0.00000000	0.00000000	0.00000000	0.00000000	0.00000000	0.00000000	0.00000000
120.79595184	0.00000000	0.00000000	0.00000000	0.00000000	0.00000000	0.00000000	0.00000000	0.00000000
134.21772766	0.00000000	0.00000000	0.00000000	0.00000000	0.00000000	0.00000000	0.00000000	0.00000000
147.63949585	0.00000000	0.00000000	0.00000000	0.00000000	0.00000000	0.00000000	0.00000000	0.00000000
161.06127930	0.00000000	0.00000000	0.00000000	0.00000000	0.00000000	0.00000000	0.00000000	0.00000000
174.48304749	0.00000000	0.00000000	0.00000000	0.00000000	0.00000000	0.00000000	0.00000000	0.00000000
187.90481567	0.00000000	0.00000000	0.00000000	0.00000000	0.00000000	0.00000000	0.00000000	0.00000000
201.32659912	0.00000000	0.00000000	0.00000000	0.00000000	0.00000000	0.00000000	0.00000000	0.00000000
214.74836731	0.00000000	0.00000000	0.00000000	0.00000000	0.00000000	0.00000000	0.00000000	0.00000000
241.59190369	0.00000000	0.00000000	0.00000000	0.00000000	0.00000000	0.00000000	0.00000000	0.00000000
268.43545532	0.00000000	0.00000000	0.00000000	0.00000000	0.00000000	0.00000000	0.00000000	0.00000000
295.27899170	0.00000000	0.00000000	0.00000000	0.00000000	0.00000000	0.00000000	0.00000000	0.00000000
322.12255859	0.00000000	0.00000000	0.00000000	0.00000000	0.00000000	0.00000000	0.00000000	0.00000000
348.96609497	0.00000000	0.00000000	0.00000000	0.00000000	0.00000000	0.00000000	0.00000000	0.00000000
375.80963135	0.00000000	0.00000000	0.00000000	0.00000000	0.00000000	0.00000000	0.00000000	0.00000000
402.65319824	0.00000000	0.00000000	0.00000000	0.00000000	0.00000000	0.00000000	0.00000000	0.00000000
429.49673462	0.00000000	0.00000000	0.00000000	0.00000000	0.00000000	0.00000000	0.00000000	0.00000000
483.18380737	0.00000000	0.00000000	0.00000000	0.00000000	0.00000000	0.00000000	0.00000000	0.00000000
536.87091064	0.00000000	0.00000000	0.00000000	0.00000000	0.00000000	0.00000000	0.00000000	0.00000000
590.55798340	0.00000000	0.00000000	0.00000000	0.00000000	0.00000000	0.00000000	0.00000000	0.00000000
644.24511719	0.00000000	0.00000000	0.00000000	0.00000000	0.00000000	0.00000000	0.00000000	0.00000000
697.93218994	0.00000000	0.00000000	0.00000000	0.00000000	0.00000000	0.00000000	0.00000000	0.00000000
751.61926270	0.00000000	0.00000000	0.00000000	0.00000000	0.00000000	0.00000000	0.00000000	0.00000000
805.30639648	0.00000000	0.00000000	0.00000000	0.00000000	0.00000000	0.00000000	0.00000000	0.00000000
858.99346924	0.00000000	0.00000000	0.00000000	0.00000000	0.00000000	0.00000000	0.00000000	0.00000000
966.36761475	0.00000000	0.00000000	0.00000000	0.00000000	0.00000000	0.00000000	0.00000000	0.00000000
1073.74182129	0.00000000	0.00000000	0.00000000	0.00000000	0.00000000	0.00000000	0.00000000	0.00000000
1181.11596680	0.00000000	0.00000000	0.00000000	0.00000000	0.00000000	0.00000000	0.00000000	0.00000000
1288.49023437	0.00000000	0.00000000	0.00000000	0.00000000	0.00000000	0.00000000	0.00000000	0.00000000
1395.86437988	0.00000000	0.00000000	0.00000000	0.00000000	0.00000000	0.00000000	0.00000000	0.00000000
1503.23852539	0.00000000	0.00000000	0.00000000	0.00000000	0.00000000	0.00000000	0.00000000	0.00000000
1610.61279297	0.00000000	0.00000000	0.00000000	0.00000000	0.00000000	0.00000000	0.00000000	0.00000000
1717.98693848	0.00000000	0.00000000	0.00000000	0.00000000	0.00000000	0.00000000	0.00000000	0.00000000
1932.73522949	0.00000000	0.00000000	0.00000000	0.00000000	0.00000000	0.00000000	0.00000000	0.00000000
2147.48364258	0.00000000	0.00000000	0.00000000	0.00000000	0.00000000	0.00000000	0.00000000	0.00000000
2362.23193359	0.00000000	0.00000000	0.00000000	0.00000000	0.00000000	0.00000000	0.00000000	0.00000000
2576.98046875	0.00000000	0.00000000	0.00000000	0.00000000	0.00000000	0.00000000	0.00000000	0.00000000
2791.72875977	0.00000000	0.00000000	0.00000000	0.00000000	0.00000000	0.00000000	0.00000000	0.00000000
3006.47705078	0.00000000	0.00000000	0.00000000	0.00000000	0.00000000	0.00000000	0.00000000	0.00000000
3221.22558594	0.00000000	0.00000000	0.00000000	0.00000000	0.00000000	0.00000000	0.00000000	0.00000000
3435.97387695	0.00000000	0.00000000	0.00000000	0.00000000	0.00000000	0.00000000	0.00000000	0.00000000
0	0	0	0	0	0	0	0	0
