%10/26/2018 2:03:39 PM
%Duration	ID1		ID2		ID3		ID4		ID5		ID6		ID7		ID8
1000.000000	363.521576	0.400543	0.438690	0.457764	0.000000	0.000000	0.000000	0.000000
%Tau		Tau1		Tau2		Tau3		Tau4		Tau5		Tau6		Tau7		Tau8
%		0.000154	0.000001	0.000001	0.000002	0.000000	0.000000	0.000000	0.000000
%Delaytime	D1		D2		D3		D4		D5		D6		D7		D8
0.00000020	1.55367267	206.07005310	119.75437927	0.00000000	0.00000000	0.00000000	0.00000000	0.00000000
0.00000040	1.48958743	0.00000000	0.00000000	0.00000000	0.00000000	0.00000000	0.00000000	0.00000000
0.00000060	1.49474084	0.00000000	0.00000000	0.00000000	0.00000000	0.00000000	0.00000000	0.00000000
0.00000080	1.49100053	0.00000000	0.00000000	0.00000000	0.00000000	0.00000000	0.00000000	0.00000000
0.00000100	1.47645450	0.00000000	0.00000000	0.00000000	0.00000000	0.00000000	0.00000000	0.00000000
0.00000120	1.48277164	0.00000000	0.00000000	0.00000000	0.00000000	0.00000000	0.00000000	0.00000000
0.00000140	1.46398664	0.00000000	0.00000000	0.00000000	0.00000000	0.00000000	0.00000000	0.00000000
0.00000160	1.47869873	0.00000000	0.00000000	0.00000000	0.00000000	0.00000000	0.00000000	0.00000000
0.00000180	1.48011184	0.00000000	0.00000000	0.00000000	0.00000000	0.00000000	0.00000000	0.00000000
0.00000200	1.48468339	0.00000000	0.00000000	0.00000000	0.00000000	0.00000000	0.00000000	0.00000000
0.00000220	1.48069370	0.00000000	0.00000000	0.00000000	0.00000000	0.00000000	0.00000000	0.00000000
0.00000240	1.48435092	0.00000000	0.00000000	0.00000000	0.00000000	0.00000000	0.00000000	0.00000000
0.00000260	1.46116054	0.00000000	0.00000000	0.00000000	0.00000000	0.00000000	0.00000000	0.00000000
0.00000280	1.45949817	0.00000000	0.00000000	0.00000000	0.00000000	0.00000000	0.00000000	0.00000000
0.00000300	1.46947253	0.00000000	0.00000000	0.00000000	0.00000000	0.00000000	0.00000000	0.00000000
0.00000320	1.47254789	0.00000000	0.00000000	0.00000000	0.00000000	0.00000000	0.00000000	0.00000000
0.00000360	1.47071934	0.00000000	0.00000000	0.00000000	0.00000000	0.00000000	0.00000000	0.00000000
0.00000400	1.46045399	0.00000000	0.00000000	0.00000000	0.00000000	0.00000000	0.00000000	0.00000000
0.00000440	1.46556592	0.00000000	0.00000000	0.00000000	0.00000000	0.00000000	0.00000000	0.00000000
0.00000480	1.45870852	0.00000000	0.00000000	0.00000000	0.00000000	0.00000000	0.00000000	0.00000000
0.00000520	1.44931602	0.00000000	0.00000000	0.00000000	0.00000000	0.00000000	0.00000000	0.00000000
0.00000560	1.47487533	0.00000000	0.00000000	0.00000000	0.00000000	0.00000000	0.00000000	0.00000000
0.00000600	1.45783579	0.00000000	0.00000000	0.00000000	0.00000000	0.00000000	0.00000000	0.00000000
0.00000640	1.45658898	0.00000000	0.00000000	0.00000000	0.00000000	0.00000000	0.00000000	0.00000000
0.00000720	1.46197093	0.00000000	0.00000000	0.00000000	0.00000000	0.00000000	0.00000000	0.00000000
0.00000800	1.45295250	0.00000000	0.00000000	0.00000000	0.00000000	0.00000000	0.00000000	0.00000000
0.00000880	1.44917047	0.00000000	0.00000000	0.00000000	0.00000000	0.00000000	0.00000000	0.00000000
0.00000960	1.43408430	0.00000000	0.00000000	0.00000000	0.00000000	0.00000000	0.00000000	0.00000000
0.00001040	1.45338881	0.00000000	0.00000000	18.20444489	0.00000000	0.00000000	0.00000000	0.00000000
0.00001120	1.44931602	0.00000000	0.00000000	0.00000000	0.00000000	0.00000000	0.00000000	0.00000000
0.00001200	1.45070827	0.00000000	0.00000000	0.00000000	0.00000000	0.00000000	0.00000000	0.00000000
0.00001280	1.44898355	0.00000000	0.00000000	0.00000000	0.00000000	0.00000000	0.00000000	0.00000000
0.00001440	1.43398046	0.00000000	0.00000000	0.00000000	0.00000000	0.00000000	0.00000000	0.00000000
0.00001600	1.43082190	0.00000000	0.00000000	0.00000000	0.00000000	0.00000000	0.00000000	0.00000000
0.00001760	1.42995954	0.00000000	0.00000000	0.00000000	0.00000000	0.00000000	0.00000000	0.00000000
0.00001920	1.41138220	6.43968916	0.00000000	0.00000000	0.00000000	0.00000000	0.00000000	0.00000000
0.00002080	1.41251481	0.00000000	7.48464870	0.00000000	0.00000000	0.00000000	0.00000000	0.00000000
0.00002240	1.40857697	0.00000000	0.00000000	0.00000000	0.00000000	0.00000000	0.00000000	0.00000000
0.00002400	1.40284169	0.00000000	0.00000000	0.00000000	0.00000000	0.00000000	0.00000000	0.00000000
0.00002560	1.40383911	0.00000000	7.48464870	0.00000000	0.00000000	0.00000000	0.00000000	0.00000000
0.00002880	1.39119911	0.00000000	0.00000000	0.00000000	0.00000000	0.00000000	0.00000000	0.00000000
0.00003200	1.38485003	0.00000000	0.00000000	0.00000000	0.00000000	0.00000000	0.00000000	0.00000000
0.00003520	1.37677538	0.00000000	3.66803694	0.00000000	0.00000000	0.00000000	0.00000000	0.00000000
0.00003840	1.37201321	0.00000000	0.00000000	0.00000000	0.00000000	0.00000000	0.00000000	0.00000000
0.00004160	1.36085236	0.00000000	0.00000000	0.00000000	0.00000000	0.00000000	0.00000000	0.00000000
0.00004480	1.35663533	0.00000000	0.00000000	4.50096130	0.00000000	0.00000000	0.00000000	0.00000000
0.00004800	1.34553254	0.00000000	0.00000000	0.00000000	0.00000000	0.00000000	0.00000000	0.00000000
0.00005120	1.33792198	3.21984458	3.66803694	0.00000000	0.00000000	0.00000000	0.00000000	0.00000000
0.00005760	1.32869101	1.60992229	0.00000000	0.00000000	0.00000000	0.00000000	0.00000000	0.00000000
0.00006400	1.31324780	0.00000000	0.00000000	0.00000000	0.00000000	0.00000000	0.00000000	0.00000000
0.00007040	1.29788983	1.60992229	0.00000000	2.23809838	0.00000000	0.00000000	0.00000000	0.00000000
0.00007680	1.28666103	0.00000000	3.63171983	2.23809838	0.00000000	0.00000000	0.00000000	0.00000000
0.00008320	1.27301133	1.60992229	1.81585991	2.23809838	0.00000000	0.00000000	0.00000000	0.00000000
0.00008960	1.26628780	0.00000000	1.81585991	0.00000000	0.00000000	0.00000000	0.00000000	0.00000000
0.00009600	1.25487339	1.60992229	0.00000000	4.47619677	0.00000000	0.00000000	0.00000000	0.00000000
0.00010240	1.24327648	0.00000000	0.00000000	0.00000000	0.00000000	0.00000000	0.00000000	0.00000000
0.00011520	1.22531414	0.80496114	0.92159998	3.30233812	0.00000000	0.00000000	0.00000000	0.00000000
0.00012800	1.20590425	0.80496114	1.84319997	0.00000000	0.00000000	0.00000000	0.00000000	0.00000000
0.00014080	1.18999219	0.00000000	0.00000000	0.00000000	0.00000000	0.00000000	0.00000000	0.00000000
0.00015360	1.17719483	0.80496114	0.00000000	1.10077941	0.00000000	0.00000000	0.00000000	0.00000000
0.00016640	1.16471338	0.80496114	0.92159998	2.20155883	0.00000000	0.00000000	0.00000000	0.00000000
0.00017920	1.15298188	1.60992229	0.00000000	1.10077941	0.00000000	0.00000000	0.00000000	0.00000000
0.00019200	1.14017212	3.21984458	0.00000000	1.10077941	0.00000000	0.00000000	0.00000000	0.00000000
0.00020480	1.12865078	2.41488338	0.00000000	3.30233812	0.00000000	0.00000000	0.00000000	0.00000000
0.00023040	1.11062574	0.40060639	0.46079999	1.62442994	0.00000000	0.00000000	0.00000000	0.00000000
0.00025600	1.09410083	0.40060639	2.76480007	1.08589613	0.00000000	0.00000000	0.00000000	0.00000000
0.00028160	1.07693648	0.40060639	1.38240004	1.62884414	0.00000000	0.00000000	0.00000000	0.00000000
0.00030720	1.06586742	1.20181918	0.92159998	1.08589613	0.00000000	0.00000000	0.00000000	0.00000000
0.00033280	1.05605459	0.40060639	1.38240004	2.17179227	0.00000000	0.00000000	0.00000000	0.00000000
0.00035840	1.04770219	1.20181918	1.84319997	1.08589613	0.00000000	0.00000000	0.00000000	0.00000000
0.00038400	1.03730845	2.40363836	0.92159998	0.54294807	0.00000000	0.00000000	0.00000000	0.00000000
0.00040960	1.03450441	1.60242558	0.46079999	0.00000000	0.00000000	0.00000000	0.00000000	0.00000000
0.00046080	1.02887309	0.60797572	0.92855251	0.27221173	0.00000000	0.00000000	0.00000000	0.00000000
0.00051200	1.02184319	1.21595144	0.92855251	0.81663513	0.00000000	0.00000000	0.00000000	0.00000000
0.00056320	1.01130342	1.62126863	0.92855251	1.08884692	0.00000000	0.00000000	0.00000000	0.00000000
0.00061440	1.00631857	1.82392716	0.69641441	0.54442346	0.00000000	0.00000000	0.00000000	0.00000000
0.00066560	1.00327051	1.01329291	0.92855251	1.36105859	0.00000000	0.00000000	0.00000000	0.00000000
0.00071680	1.00125539	1.21595144	1.39282882	1.08884692	0.00000000	0.00000000	0.00000000	0.00000000
0.00076800	1.00100577	0.40531716	0.92855251	1.36105859	0.00000000	0.00000000	0.00000000	0.00000000
0.00081920	1.00228715	0.60797572	0.23213813	0.81663513	0.00000000	0.00000000	0.00000000	0.00000000
0.00092160	0.99776173	1.00620139	1.04724634	0.95533705	0.00000000	0.00000000	0.00000000	0.00000000
0.00102400	0.99843824	1.30806184	0.58180350	1.36476719	0.00000000	0.00000000	0.00000000	0.00000000
0.00112640	0.99465084	0.70434099	1.51268911	0.95533705	0.00000000	0.00000000	0.00000000	0.00000000
0.00122880	0.99516732	1.10682154	1.04724634	1.09181380	0.00000000	0.00000000	0.00000000	0.00000000
0.00133120	0.99815923	0.90558130	0.81452489	0.81886035	0.00000000	0.00000000	0.00000000	0.00000000
0.00143360	1.00212944	1.50930214	1.16360700	0.27295345	0.00000000	0.00000000	0.00000000	0.00000000
0.00153600	1.00307047	0.60372084	0.81452489	1.22829044	0.00000000	0.00000000	0.00000000	0.00000000
0.00163840	1.00326037	0.70434099	0.81452489	1.63772070	0.00000000	0.00000000	0.00000000	0.00000000
0.00184320	1.00500989	1.25481999	0.80842108	1.02079391	0.00000000	0.00000000	0.00000000	0.00000000
0.00204800	1.00363421	1.10424161	0.69293231	0.54442346	0.00000000	0.00000000	0.00000000	0.00000000
0.00225280	0.99755639	1.15443432	0.86616540	0.95274103	0.00000000	0.00000000	0.00000000	0.00000000
0.00245760	0.99947464	0.90347034	0.75067669	0.74858224	0.00000000	0.00000000	0.00000000	0.00000000
0.00266240	1.00158203	1.15443432	0.80842108	0.68052930	0.00000000	0.00000000	0.00000000	0.00000000
0.00286720	0.99963176	1.35520554	1.15199995	1.70132327	0.00000000	0.00000000	0.00000000	0.00000000
0.00307200	1.00271738	0.60231358	0.86400002	1.56521738	0.00000000	0.00000000	0.00000000	0.00000000
0.00327680	1.00169110	0.95366317	1.09440005	0.95274103	0.00000000	0.00000000	0.00000000	0.00000000
0.00368640	1.00268173	1.10682154	1.06560004	1.14134192	0.00000000	0.00000000	0.00000000	0.00000000
0.00409600	1.00534081	0.98104638	1.00800002	0.97349751	0.00000000	0.00000000	0.00000000	0.00000000
0.00450560	0.99509174	0.95589137	1.03939855	0.77208424	0.00000000	0.00000000	0.00000000	0.00000000
0.00491520	1.00159538	1.03135645	0.89503759	1.17491078	0.00000000	0.00000000	0.00000000	0.00000000
0.00532480	1.00189936	1.13197660	1.01052630	0.93992859	0.00000000	0.00000000	0.00000000	0.00000000
0.00573440	1.00148940	0.77980608	0.95278198	0.84149629	0.00000000	0.00000000	0.00000000	0.00000000
0.00614400	0.99642634	0.90558130	0.69293231	1.21175468	0.00000000	0.00000000	0.00000000	0.00000000
0.00655360	0.99795848	1.00620139	0.89503759	0.80783641	0.00000000	0.00000000	0.00000000	0.00000000
0.00737280	0.99429792	0.86582577	0.83939701	0.87280357	0.00000000	0.00000000	0.00000000	0.00000000
0.00819200	0.99582398	1.07160449	1.18673372	0.97613567	0.00000000	0.00000000	0.00000000	0.00000000
0.00901120	0.99454802	0.94553334	0.72361809	0.97613567	0.00000000	0.00000000	0.00000000	0.00000000
0.00983040	0.99860454	0.96847415	1.27675974	0.74051672	0.00000000	0.00000000	0.00000000	0.00000000
0.01064960	1.00278127	1.01878452	0.79797482	0.99029636	0.00000000	0.00000000	0.00000000	0.00000000
0.01146880	1.00093460	0.94331896	1.09989953	1.07421982	0.00000000	0.00000000	0.00000000	0.00000000
0.01228800	1.00338387	0.99362934	0.94070351	1.04065037	0.00000000	0.00000000	0.00000000	0.00000000
0.01310720	1.00631416	1.04150057	1.18673372	0.72368681	0.00000000	0.00000000	0.00000000	0.00000000
0.01474560	0.99798065	1.05159748	0.86982012	1.19946837	0.00000000	0.00000000	0.00000000	0.00000000
0.01638400	0.99995363	1.05785704	1.07179749	0.90778136	0.00000000	0.00000000	0.00000000	0.00000000
0.01802240	1.00047767	0.88259077	0.95513922	1.26070857	0.00000000	0.00000000	0.00000000	0.00000000
0.01966080	0.99546456	1.03281891	0.92597467	1.10840821	0.00000000	0.00000000	0.00000000	0.00000000
0.02129920	0.99742639	0.90560102	0.90410125	1.11139584	0.00000000	0.00000000	0.00000000	0.00000000
0.02293760	1.00244606	1.11680186	1.00138950	1.11686933	0.00000000	0.00000000	0.00000000	0.00000000
0.02457600	1.00222659	1.02896357	1.04263294	0.82072979	0.00000000	0.00000000	0.00000000	0.00000000
0.02621440	0.99966967	0.97022384	0.88951898	1.01807261	0.00000000	0.00000000	0.00000000	0.00000000
0.02949120	1.00271356	0.94111496	1.01198995	1.00215054	0.00000000	0.00000000	0.00000000	0.00000000
0.03276800	1.00186884	0.90771198	1.08816123	1.07816708	0.00000000	0.00000000	0.00000000	0.00000000
0.03604480	1.00009787	1.07852805	0.99385393	1.03225803	0.00000000	0.00000000	0.00000000	0.00000000
0.03932160	1.00029302	0.99758184	0.95758188	0.95309973	0.00000000	0.00000000	0.00000000	0.00000000
0.04259840	1.00118029	0.96621138	1.01452625	0.94959348	0.00000000	0.00000000	0.00000000	0.00000000
0.04587520	1.00339472	0.92856675	0.96361810	0.95135134	0.00000000	0.00000000	0.00000000	0.00000000
0.04915200	0.99750042	0.92542970	0.93219143	0.95217389	0.00000000	0.00000000	0.00000000	0.00000000
0.05242880	0.99749231	0.95769966	1.05551636	0.99130434	0.00000000	0.00000000	0.00000000	0.00000000
0.05898240	0.99884135	0.99113798	0.95220000	0.93999279	0.00000000	0.00000000	0.00000000	0.00000000
0.06553600	0.99966353	1.04253399	1.02496243	1.01821780	0.00000000	0.00000000	0.00000000	0.00000000
0.07208960	1.00072587	0.94363934	1.04924619	0.95984870	0.00000000	0.00000000	0.00000000	0.00000000
0.07864320	0.99971151	0.98724806	0.95278198	1.03834164	0.00000000	0.00000000	0.00000000	0.00000000
0.08519680	0.99869549	1.00932908	1.04743719	1.01545095	0.00000000	0.00000000	0.00000000	0.00000000
0.09175040	0.99798799	0.99747115	0.99022669	1.01210630	0.00000000	0.00000000	0.00000000	0.00000000
0.09830400	1.00041616	0.95028180	0.97380000	0.99764830	0.00000000	0.00000000	0.00000000	0.00000000
0.10485760	1.00081301	1.06238592	1.02703238	1.04918027	0.00000000	0.00000000	0.00000000	0.00000000
0.11796480	0.99972796	1.00148487	0.98645550	1.00275481	0.00000000	0.00000000	0.00000000	0.00000000
0.13107200	1.00033963	1.01658773	1.00350881	0.94978273	0.00000000	0.00000000	0.00000000	0.00000000
0.14417920	1.00043762	1.01915622	0.90469748	0.97303373	0.00000000	0.00000000	0.00000000	0.00000000
0.15728641	0.99795544	0.98516136	1.02692568	0.99802101	0.00000000	0.00000000	0.00000000	0.00000000
0.17039360	0.99961960	0.99068993	0.99296731	0.99260873	0.00000000	0.00000000	0.00000000	0.00000000
0.18350080	1.00022697	0.99893773	1.01809406	1.00030637	0.00000000	0.00000000	0.00000000	0.00000000
0.19660801	0.99863571	0.92898154	0.99465442	1.00815654	0.00000000	0.00000000	0.00000000	0.00000000
0.20971520	1.00096500	1.00568235	1.00911319	1.02895999	0.00000000	0.00000000	0.00000000	0.00000000
0.23592959	0.99945152	0.98828232	0.97582448	0.93877554	0.00000000	0.00000000	0.00000000	0.00000000
0.26214400	1.00086987	1.02010930	0.99851662	0.95538652	0.00000000	0.00000000	0.00000000	0.00000000
0.28835839	0.99998862	0.97765630	0.97593051	1.02446043	0.00000000	0.00000000	0.00000000	0.00000000
0.31457281	0.99945706	0.99145919	1.00275326	0.97977585	0.00000000	0.00000000	0.00000000	0.00000000
0.34078720	0.99966007	0.99357051	0.98307693	0.95000285	0.00000000	0.00000000	0.00000000	0.00000000
0.36700159	1.00001740	0.99355435	1.03694820	1.01951051	0.00000000	0.00000000	0.00000000	0.00000000
0.39321601	1.00108409	0.99460638	0.98989397	1.01950884	0.00000000	0.00000000	0.00000000	0.00000000
0.41943040	0.99955964	1.01683426	1.00014305	0.99015635	0.00000000	0.00000000	0.00000000	0.00000000
0.47185919	0.99929011	0.97897899	1.01451683	0.98609614	0.00000000	0.00000000	0.00000000	0.00000000
0.52428800	0.99995065	1.01960123	0.98344374	0.99735963	0.00000000	0.00000000	0.00000000	0.00000000
0.57671678	1.00054753	1.01761198	1.00513065	1.04189038	0.00000000	0.00000000	0.00000000	0.00000000
0.62914562	1.00092435	1.00302041	1.00166500	1.00555658	0.00000000	0.00000000	0.00000000	0.00000000
0.68157440	0.99974489	1.01934254	1.00640237	0.97280002	0.00000000	0.00000000	0.00000000	0.00000000
0.73400319	0.99843132	0.98733073	0.99249798	0.98512363	0.00000000	0.00000000	0.00000000	0.00000000
0.78643203	1.00000620	0.97027832	1.00888360	1.02957273	0.00000000	0.00000000	0.00000000	0.00000000
0.83886081	0.99929565	0.99730092	1.02727103	0.98827726	0.00000000	0.00000000	0.00000000	0.00000000
0.94371837	0.99975157	1.00961542	1.00157511	1.02267921	0.00000000	0.00000000	0.00000000	0.00000000
1.04857600	0.99964523	0.99448788	0.97439992	0.95826703	0.00000000	0.00000000	0.00000000	0.00000000
1.15343356	1.00018013	1.00750518	0.99040425	1.00917995	0.00000000	0.00000000	0.00000000	0.00000000
1.25829124	0.99928504	0.99879950	1.02189779	0.97914994	0.00000000	0.00000000	0.00000000	0.00000000
1.36314881	0.99965549	0.99230003	1.01685023	1.07188392	0.00000000	0.00000000	0.00000000	0.00000000
1.46800637	0.99951380	0.99482280	0.97804880	0.98293030	0.00000000	0.00000000	0.00000000	0.00000000
1.57286406	0.99924195	1.01430929	0.98583984	1.00526321	0.00000000	0.00000000	0.00000000	0.00000000
1.67772162	0.99977309	1.00000000	0.99907494	0.87142855	0.00000000	0.00000000	0.00000000	0.00000000
1.88743675	0.00000000	0.00000000	0.00000000	0.00000000	0.00000000	0.00000000	0.00000000	0.00000000
2.09715199	0.00000000	0.00000000	0.00000000	0.00000000	0.00000000	0.00000000	0.00000000	0.00000000
2.30686712	0.00000000	0.00000000	0.00000000	0.00000000	0.00000000	0.00000000	0.00000000	0.00000000
2.51658249	0.00000000	0.00000000	0.00000000	0.00000000	0.00000000	0.00000000	0.00000000	0.00000000
2.72629762	0.00000000	0.00000000	0.00000000	0.00000000	0.00000000	0.00000000	0.00000000	0.00000000
2.93601274	0.00000000	0.00000000	0.00000000	0.00000000	0.00000000	0.00000000	0.00000000	0.00000000
3.14572811	0.00000000	0.00000000	0.00000000	0.00000000	0.00000000	0.00000000	0.00000000	0.00000000
3.35544324	0.00000000	0.00000000	0.00000000	0.00000000	0.00000000	0.00000000	0.00000000	0.00000000
3.77487350	0.00000000	0.00000000	0.00000000	0.00000000	0.00000000	0.00000000	0.00000000	0.00000000
4.19430399	0.00000000	0.00000000	0.00000000	0.00000000	0.00000000	0.00000000	0.00000000	0.00000000
4.61373425	0.00000000	0.00000000	0.00000000	0.00000000	0.00000000	0.00000000	0.00000000	0.00000000
5.03316498	0.00000000	0.00000000	0.00000000	0.00000000	0.00000000	0.00000000	0.00000000	0.00000000
5.45259523	0.00000000	0.00000000	0.00000000	0.00000000	0.00000000	0.00000000	0.00000000	0.00000000
5.87202549	0.00000000	0.00000000	0.00000000	0.00000000	0.00000000	0.00000000	0.00000000	0.00000000
6.29145622	0.00000000	0.00000000	0.00000000	0.00000000	0.00000000	0.00000000	0.00000000	0.00000000
6.71088648	0.00000000	0.00000000	0.00000000	0.00000000	0.00000000	0.00000000	0.00000000	0.00000000
7.54974699	0.00000000	0.00000000	0.00000000	0.00000000	0.00000000	0.00000000	0.00000000	0.00000000
8.38860798	0.00000000	0.00000000	0.00000000	0.00000000	0.00000000	0.00000000	0.00000000	0.00000000
9.22746849	0.00000000	0.00000000	0.00000000	0.00000000	0.00000000	0.00000000	0.00000000	0.00000000
10.06632996	0.00000000	0.00000000	0.00000000	0.00000000	0.00000000	0.00000000	0.00000000	0.00000000
10.90519047	0.00000000	0.00000000	0.00000000	0.00000000	0.00000000	0.00000000	0.00000000	0.00000000
11.74405098	0.00000000	0.00000000	0.00000000	0.00000000	0.00000000	0.00000000	0.00000000	0.00000000
12.58291245	0.00000000	0.00000000	0.00000000	0.00000000	0.00000000	0.00000000	0.00000000	0.00000000
13.42177296	0.00000000	0.00000000	0.00000000	0.00000000	0.00000000	0.00000000	0.00000000	0.00000000
15.09949398	0.00000000	0.00000000	0.00000000	0.00000000	0.00000000	0.00000000	0.00000000	0.00000000
16.77721596	0.00000000	0.00000000	0.00000000	0.00000000	0.00000000	0.00000000	0.00000000	0.00000000
18.45493698	0.00000000	0.00000000	0.00000000	0.00000000	0.00000000	0.00000000	0.00000000	0.00000000
20.13265991	0.00000000	0.00000000	0.00000000	0.00000000	0.00000000	0.00000000	0.00000000	0.00000000
21.81038094	0.00000000	0.00000000	0.00000000	0.00000000	0.00000000	0.00000000	0.00000000	0.00000000
23.48810196	0.00000000	0.00000000	0.00000000	0.00000000	0.00000000	0.00000000	0.00000000	0.00000000
25.16582489	0.00000000	0.00000000	0.00000000	0.00000000	0.00000000	0.00000000	0.00000000	0.00000000
26.84354591	0.00000000	0.00000000	0.00000000	0.00000000	0.00000000	0.00000000	0.00000000	0.00000000
30.19898796	0.00000000	0.00000000	0.00000000	0.00000000	0.00000000	0.00000000	0.00000000	0.00000000
33.55443192	0.00000000	0.00000000	0.00000000	0.00000000	0.00000000	0.00000000	0.00000000	0.00000000
36.90987396	0.00000000	0.00000000	0.00000000	0.00000000	0.00000000	0.00000000	0.00000000	0.00000000
40.26531982	0.00000000	0.00000000	0.00000000	0.00000000	0.00000000	0.00000000	0.00000000	0.00000000
43.62076187	0.00000000	0.00000000	0.00000000	0.00000000	0.00000000	0.00000000	0.00000000	0.00000000
46.97620392	0.00000000	0.00000000	0.00000000	0.00000000	0.00000000	0.00000000	0.00000000	0.00000000
50.33164978	0.00000000	0.00000000	0.00000000	0.00000000	0.00000000	0.00000000	0.00000000	0.00000000
53.68709183	0.00000000	0.00000000	0.00000000	0.00000000	0.00000000	0.00000000	0.00000000	0.00000000
60.39797592	0.00000000	0.00000000	0.00000000	0.00000000	0.00000000	0.00000000	0.00000000	0.00000000
67.10886383	0.00000000	0.00000000	0.00000000	0.00000000	0.00000000	0.00000000	0.00000000	0.00000000
73.81974792	0.00000000	0.00000000	0.00000000	0.00000000	0.00000000	0.00000000	0.00000000	0.00000000
80.53063965	0.00000000	0.00000000	0.00000000	0.00000000	0.00000000	0.00000000	0.00000000	0.00000000
87.24152374	0.00000000	0.00000000	0.00000000	0.00000000	0.00000000	0.00000000	0.00000000	0.00000000
93.95240784	0.00000000	0.00000000	0.00000000	0.00000000	0.00000000	0.00000000	0.00000000	0.00000000
100.66329956	0.00000000	0.00000000	0.00000000	0.00000000	0.00000000	0.00000000	0.00000000	0.00000000
107.37418365	0.00000000	0.00000000	0.00000000	0.00000000	0.00000000	0.00000000	0.00000000	0.00000000
120.79595184	0.00000000	0.00000000	0.00000000	0.00000000	0.00000000	0.00000000	0.00000000	0.00000000
134.21772766	0.00000000	0.00000000	0.00000000	0.00000000	0.00000000	0.00000000	0.00000000	0.00000000
147.63949585	0.00000000	0.00000000	0.00000000	0.00000000	0.00000000	0.00000000	0.00000000	0.00000000
161.06127930	0.00000000	0.00000000	0.00000000	0.00000000	0.00000000	0.00000000	0.00000000	0.00000000
174.48304749	0.00000000	0.00000000	0.00000000	0.00000000	0.00000000	0.00000000	0.00000000	0.00000000
187.90481567	0.00000000	0.00000000	0.00000000	0.00000000	0.00000000	0.00000000	0.00000000	0.00000000
201.32659912	0.00000000	0.00000000	0.00000000	0.00000000	0.00000000	0.00000000	0.00000000	0.00000000
214.74836731	0.00000000	0.00000000	0.00000000	0.00000000	0.00000000	0.00000000	0.00000000	0.00000000
241.59190369	0.00000000	0.00000000	0.00000000	0.00000000	0.00000000	0.00000000	0.00000000	0.00000000
268.43545532	0.00000000	0.00000000	0.00000000	0.00000000	0.00000000	0.00000000	0.00000000	0.00000000
295.27899170	0.00000000	0.00000000	0.00000000	0.00000000	0.00000000	0.00000000	0.00000000	0.00000000
322.12255859	0.00000000	0.00000000	0.00000000	0.00000000	0.00000000	0.00000000	0.00000000	0.00000000
348.96609497	0.00000000	0.00000000	0.00000000	0.00000000	0.00000000	0.00000000	0.00000000	0.00000000
375.80963135	0.00000000	0.00000000	0.00000000	0.00000000	0.00000000	0.00000000	0.00000000	0.00000000
402.65319824	0.00000000	0.00000000	0.00000000	0.00000000	0.00000000	0.00000000	0.00000000	0.00000000
429.49673462	0.00000000	0.00000000	0.00000000	0.00000000	0.00000000	0.00000000	0.00000000	0.00000000
483.18380737	0.00000000	0.00000000	0.00000000	0.00000000	0.00000000	0.00000000	0.00000000	0.00000000
536.87091064	0.00000000	0.00000000	0.00000000	0.00000000	0.00000000	0.00000000	0.00000000	0.00000000
590.55798340	0.00000000	0.00000000	0.00000000	0.00000000	0.00000000	0.00000000	0.00000000	0.00000000
644.24511719	0.00000000	0.00000000	0.00000000	0.00000000	0.00000000	0.00000000	0.00000000	0.00000000
697.93218994	0.00000000	0.00000000	0.00000000	0.00000000	0.00000000	0.00000000	0.00000000	0.00000000
751.61926270	0.00000000	0.00000000	0.00000000	0.00000000	0.00000000	0.00000000	0.00000000	0.00000000
805.30639648	0.00000000	0.00000000	0.00000000	0.00000000	0.00000000	0.00000000	0.00000000	0.00000000
858.99346924	0.00000000	0.00000000	0.00000000	0.00000000	0.00000000	0.00000000	0.00000000	0.00000000
966.36761475	0.00000000	0.00000000	0.00000000	0.00000000	0.00000000	0.00000000	0.00000000	0.00000000
1073.74182129	0.00000000	0.00000000	0.00000000	0.00000000	0.00000000	0.00000000	0.00000000	0.00000000
1181.11596680	0.00000000	0.00000000	0.00000000	0.00000000	0.00000000	0.00000000	0.00000000	0.00000000
1288.49023437	0.00000000	0.00000000	0.00000000	0.00000000	0.00000000	0.00000000	0.00000000	0.00000000
1395.86437988	0.00000000	0.00000000	0.00000000	0.00000000	0.00000000	0.00000000	0.00000000	0.00000000
1503.23852539	0.00000000	0.00000000	0.00000000	0.00000000	0.00000000	0.00000000	0.00000000	0.00000000
1610.61279297	0.00000000	0.00000000	0.00000000	0.00000000	0.00000000	0.00000000	0.00000000	0.00000000
1717.98693848	0.00000000	0.00000000	0.00000000	0.00000000	0.00000000	0.00000000	0.00000000	0.00000000
1932.73522949	0.00000000	0.00000000	0.00000000	0.00000000	0.00000000	0.00000000	0.00000000	0.00000000
2147.48364258	0.00000000	0.00000000	0.00000000	0.00000000	0.00000000	0.00000000	0.00000000	0.00000000
2362.23193359	0.00000000	0.00000000	0.00000000	0.00000000	0.00000000	0.00000000	0.00000000	0.00000000
2576.98046875	0.00000000	0.00000000	0.00000000	0.00000000	0.00000000	0.00000000	0.00000000	0.00000000
2791.72875977	0.00000000	0.00000000	0.00000000	0.00000000	0.00000000	0.00000000	0.00000000	0.00000000
3006.47705078	0.00000000	0.00000000	0.00000000	0.00000000	0.00000000	0.00000000	0.00000000	0.00000000
3221.22558594	0.00000000	0.00000000	0.00000000	0.00000000	0.00000000	0.00000000	0.00000000	0.00000000
3435.97387695	0.00000000	0.00000000	0.00000000	0.00000000	0.00000000	0.00000000	0.00000000	0.00000000
0	0	0	0	0	0	0	0	0
