%10/26/2018 2:06:46 PM
%Duration	ID1		ID2		ID3		ID4		ID5		ID6		ID7		ID8
2000.000000	51.774979	0.514984	0.543594	0.438690	0.000000	0.000000	0.000000	0.000000
%Tau		Tau1		Tau2		Tau3		Tau4		Tau5		Tau6		Tau7		Tau8
%		0.000090	0.000001	0.000001	0.000001	0.000000	0.000000	0.000000	0.000000
%Delaytime	D1		D2		D3		D4		D5		D6		D7		D8
0.00000020	2.45253015	76.83119965	106.75445557	32.16651917	0.00000000	0.00000000	0.00000000	0.00000000
0.00000040	1.60337079	25.61039925	26.68861389	0.00000000	0.00000000	0.00000000	0.00000000	0.00000000
0.00000060	1.49767375	0.00000000	0.00000000	32.16651917	0.00000000	0.00000000	0.00000000	0.00000000
0.00000080	1.50483966	0.00000000	26.68861389	0.00000000	0.00000000	0.00000000	0.00000000	0.00000000
0.00000100	1.52275431	0.00000000	0.00000000	0.00000000	0.00000000	0.00000000	0.00000000	0.00000000
0.00000120	1.44213796	0.00000000	0.00000000	0.00000000	0.00000000	0.00000000	0.00000000	0.00000000
0.00000140	1.52454579	0.00000000	0.00000000	0.00000000	0.00000000	0.00000000	0.00000000	0.00000000
0.00000160	1.57649863	0.00000000	0.00000000	0.00000000	0.00000000	0.00000000	0.00000000	0.00000000
0.00000180	1.56933272	0.00000000	0.00000000	0.00000000	0.00000000	0.00000000	0.00000000	0.00000000
0.00000200	1.42780614	25.61039925	0.00000000	0.00000000	0.00000000	0.00000000	0.00000000	0.00000000
0.00000220	1.42601466	25.61039925	0.00000000	0.00000000	0.00000000	0.00000000	0.00000000	0.00000000
0.00000240	1.59799635	0.00000000	0.00000000	0.00000000	0.00000000	0.00000000	0.00000000	0.00000000
0.00000260	1.58724749	0.00000000	0.00000000	0.00000000	0.00000000	0.00000000	0.00000000	0.00000000
0.00000280	1.49050784	0.00000000	0.00000000	0.00000000	0.00000000	0.00000000	0.00000000	0.00000000
0.00000300	1.50663114	0.00000000	0.00000000	0.00000000	0.00000000	0.00000000	0.00000000	0.00000000
0.00000320	1.51021397	0.00000000	0.00000000	0.00000000	0.00000000	0.00000000	0.00000000	0.00000000
0.00000360	1.41616154	0.00000000	0.00000000	0.00000000	0.00000000	0.00000000	0.00000000	0.00000000
0.00000400	1.45736551	0.00000000	0.00000000	0.00000000	0.00000000	0.00000000	0.00000000	0.00000000
0.00000440	1.49229932	0.00000000	0.00000000	0.00000000	0.00000000	0.00000000	0.00000000	0.00000000
0.00000480	1.50752687	0.00000000	0.00000000	0.00000000	0.00000000	0.00000000	0.00000000	0.00000000
0.00000520	1.44303370	0.00000000	13.34430695	0.00000000	0.00000000	0.00000000	0.00000000	0.00000000
0.00000560	1.47169733	0.00000000	0.00000000	0.00000000	0.00000000	0.00000000	0.00000000	0.00000000
0.00000600	1.48871636	0.00000000	0.00000000	0.00000000	0.00000000	0.00000000	0.00000000	0.00000000
0.00000640	1.46094847	0.00000000	0.00000000	0.00000000	0.00000000	0.00000000	0.00000000	0.00000000
0.00000720	1.46945798	0.00000000	0.00000000	0.00000000	0.00000000	0.00000000	0.00000000	0.00000000
0.00000800	1.41347432	0.00000000	0.00000000	0.00000000	0.00000000	0.00000000	0.00000000	0.00000000
0.00000880	1.41213071	6.40259981	0.00000000	0.00000000	0.00000000	0.00000000	0.00000000	0.00000000
0.00000960	1.41033924	0.00000000	0.00000000	0.00000000	0.00000000	0.00000000	0.00000000	0.00000000
0.00001040	1.45915699	0.00000000	0.00000000	0.00000000	0.00000000	0.00000000	0.00000000	0.00000000
0.00001120	1.48737276	0.00000000	0.00000000	0.00000000	0.00000000	0.00000000	0.00000000	0.00000000
0.00001200	1.45870912	0.00000000	6.67215347	0.00000000	0.00000000	0.00000000	0.00000000	0.00000000
0.00001280	1.46139634	0.00000000	0.00000000	8.04162979	0.00000000	0.00000000	0.00000000	0.00000000
0.00001440	1.42668653	0.00000000	0.00000000	0.00000000	0.00000000	0.00000000	0.00000000	0.00000000
0.00001600	1.45646977	0.00000000	0.00000000	0.00000000	0.00000000	0.00000000	0.00000000	0.00000000
0.00001760	1.42623866	3.20129991	3.33607674	0.00000000	0.00000000	0.00000000	0.00000000	0.00000000
0.00001920	1.38996124	3.20129991	0.00000000	0.00000000	0.00000000	0.00000000	0.00000000	0.00000000
0.00002080	1.40787601	3.20129991	0.00000000	0.00000000	0.00000000	0.00000000	0.00000000	0.00000000
0.00002240	1.39511168	0.00000000	0.00000000	4.02081490	0.00000000	0.00000000	0.00000000	0.00000000
0.00002400	1.38413894	0.00000000	3.33607674	0.00000000	0.00000000	0.00000000	0.00000000	0.00000000
0.00002560	1.36420882	0.00000000	0.00000000	0.00000000	0.00000000	0.00000000	0.00000000	0.00000000
0.00002880	1.37777185	3.25272560	5.02736330	4.02081490	0.00000000	0.00000000	0.00000000	0.00000000
0.00003200	1.34905195	0.00000000	0.00000000	0.00000000	0.00000000	0.00000000	0.00000000	0.00000000
0.00003520	1.35651028	0.00000000	1.67578769	0.00000000	0.00000000	0.00000000	0.00000000	0.00000000
0.00003840	1.34805012	0.00000000	1.67578769	2.01040745	0.00000000	0.00000000	0.00000000	0.00000000
0.00004160	1.34515595	0.00000000	0.00000000	2.01040745	0.00000000	0.00000000	0.00000000	0.00000000
0.00004480	1.32166803	1.62636280	0.00000000	0.00000000	0.00000000	0.00000000	0.00000000	0.00000000
0.00004800	1.31521165	0.00000000	1.67578769	0.00000000	0.00000000	0.00000000	0.00000000	0.00000000
0.00005120	1.29829144	1.62636280	1.67578769	2.01040745	0.00000000	0.00000000	0.00000000	0.00000000
0.00005760	1.29753494	0.00000000	0.83984131	0.00000000	0.00000000	0.00000000	0.00000000	0.00000000
0.00006400	1.27503216	0.00000000	0.00000000	1.01291132	0.00000000	0.00000000	0.00000000	0.00000000
0.00007040	1.24879742	0.00000000	3.35936522	2.02582264	0.00000000	0.00000000	0.00000000	0.00000000
0.00007680	1.23865998	1.63757265	0.00000000	0.00000000	0.00000000	0.00000000	0.00000000	0.00000000
0.00008320	1.23148632	0.00000000	1.67968261	0.00000000	0.00000000	0.00000000	0.00000000	0.00000000
0.00008960	1.19951403	0.00000000	0.83984131	0.00000000	0.00000000	0.00000000	0.00000000	0.00000000
0.00009600	1.20990717	0.81878632	0.00000000	0.00000000	0.00000000	0.00000000	0.00000000	0.00000000
0.00010240	1.19419992	2.45635891	0.83984131	0.00000000	0.00000000	0.00000000	0.00000000	0.00000000
0.00011520	1.18345249	0.40473834	2.09960318	1.51164460	0.00000000	0.00000000	0.00000000	0.00000000
0.00012800	1.16447783	1.21421504	0.83984131	0.50388151	0.00000000	0.00000000	0.00000000	0.00000000
0.00014080	1.14115655	1.21421504	2.09960318	2.51940775	0.00000000	0.00000000	0.00000000	0.00000000
0.00015360	1.12967694	0.40473834	0.83984131	0.50388151	0.00000000	0.00000000	0.00000000	0.00000000
0.00016640	1.11755657	0.00000000	0.41992065	1.00776303	0.00000000	0.00000000	0.00000000	0.00000000
0.00017920	1.10774875	1.21421504	1.25976193	1.51164460	0.00000000	0.00000000	0.00000000	0.00000000
0.00019200	1.08604348	0.80947667	0.41992065	1.00776303	0.00000000	0.00000000	0.00000000	0.00000000
0.00020480	1.09168220	0.40473834	1.67968261	1.51164460	0.00000000	0.00000000	0.00000000	0.00000000
0.00023040	1.07754624	1.00724661	0.42187834	1.25970387	0.00000000	0.00000000	0.00000000	0.00000000
0.00025600	1.06060410	1.00724661	1.89845240	0.75582230	0.00000000	0.00000000	0.00000000	0.00000000
0.00028160	1.04663980	1.00724661	0.84375668	1.25970387	0.00000000	0.00000000	0.00000000	0.00000000
0.00030720	1.04647636	1.20869589	0.42187834	0.25194076	0.00000000	0.00000000	0.00000000	0.00000000
0.00033280	1.03302836	0.60434794	0.84375668	0.25194076	0.00000000	0.00000000	0.00000000	0.00000000
0.00035840	1.02410996	1.00724661	1.05469584	1.51164460	0.00000000	0.00000000	0.00000000	0.00000000
0.00038400	1.01630735	1.00724661	0.00000000	1.25970387	0.00000000	0.00000000	0.00000000	0.00000000
0.00040960	1.01913393	1.00724661	0.42187834	1.76358545	0.00000000	0.00000000	0.00000000	0.00000000
0.00046080	1.00740826	0.90036559	1.15210402	1.14829636	0.00000000	0.00000000	0.00000000	0.00000000
0.00051200	1.00529623	1.20048749	0.73315710	1.52910399	0.00000000	0.00000000	0.00000000	0.00000000
0.00056320	1.00775278	0.80032498	0.94263059	1.01940262	0.00000000	0.00000000	0.00000000	0.00000000
0.00061440	1.00510085	0.80032498	0.83789384	1.01940262	0.00000000	0.00000000	0.00000000	0.00000000
0.00066560	1.00217855	1.20048749	0.83789384	2.03880525	0.00000000	0.00000000	0.00000000	0.00000000
0.00071680	0.99921507	1.00040627	1.15210402	0.76455200	0.00000000	0.00000000	0.00000000	0.00000000
0.00076800	0.99918467	0.80032498	1.25684083	1.40167856	0.00000000	0.00000000	0.00000000	0.00000000
0.00081920	0.99842399	1.30052805	0.94263059	1.14536333	0.00000000	0.00000000	0.00000000	0.00000000
0.00092160	0.99946249	1.44730532	0.93179083	0.82826465	0.00000000	0.00000000	0.00000000	0.00000000
0.00102400	0.99924624	1.14786279	1.13885546	0.89197731	0.00000000	0.00000000	0.00000000	0.00000000
0.00112640	0.99825698	1.09795570	1.34592009	1.08311534	0.00000000	0.00000000	0.00000000	0.00000000
0.00122880	1.00092161	0.89832741	1.34592009	0.95568997	0.00000000	0.00000000	0.00000000	0.00000000
0.00133120	1.00432038	0.84842032	0.98469406	1.01940262	0.00000000	0.00000000	0.00000000	0.00000000
0.00143360	1.00516796	1.49721229	0.72556406	0.89197731	0.00000000	0.00000000	0.00000000	0.00000000
0.00153600	1.00720513	0.59888494	1.03652012	0.82826465	0.00000000	0.00000000	0.00000000	0.00000000
0.00163840	1.00576687	1.04804862	0.98469406	1.14682794	0.00000000	0.00000000	0.00000000	0.00000000
0.00184320	1.00200248	1.10169590	0.88409770	0.82509392	0.00000000	0.00000000	0.00000000	0.00000000
0.00204800	0.99558020	0.77619487	1.30014372	0.85682827	0.00000000	0.00000000	0.00000000	0.00000000
0.00225280	0.99491674	0.80214286	1.01411211	0.95203143	0.00000000	0.00000000	0.00000000	0.00000000
0.00245760	0.99943763	1.10294640	1.01411211	0.82509392	0.00000000	0.00000000	0.00000000	0.00000000
0.00266240	0.99419051	1.22828126	1.06611776	0.66727418	0.00000000	0.00000000	0.00000000	0.00000000
0.00286720	0.99504960	1.35361612	0.83209193	0.92147392	0.00000000	0.00000000	0.00000000	0.00000000
0.00307200	0.99651724	0.80214286	0.67607468	1.08034873	0.00000000	0.00000000	0.00000000	0.00000000
0.00327680	0.99715298	0.62667412	1.17012930	1.04723454	0.00000000	0.00000000	0.00000000	0.00000000
0.00368640	0.99944359	0.98206669	0.91010058	0.97037727	0.00000000	0.00000000	0.00000000	0.00000000
0.00409600	1.00252604	1.00724792	0.93610346	1.06582415	0.00000000	0.00000000	0.00000000	0.00000000
0.00450560	1.00066578	0.91807044	1.02711356	1.00219285	0.00000000	0.00000000	0.00000000	0.00000000
0.00491520	1.00089931	0.88034153	0.79308766	1.03400850	0.00000000	0.00000000	0.00000000	0.00000000
0.00532480	0.99850869	1.06898606	0.89709914	1.01810074	0.00000000	0.00000000	0.00000000	0.00000000
0.00573440	0.99904466	1.04383349	0.83209193	0.93856162	0.00000000	0.00000000	0.00000000	0.00000000
0.00614400	1.00154376	1.05640984	1.09212065	0.89083815	0.00000000	0.00000000	0.00000000	0.00000000
0.00655360	0.99820691	0.83003628	1.01411211	0.82720685	0.00000000	0.00000000	0.00000000	0.00000000
0.00737280	1.00050914	0.85471952	0.98047495	0.80129445	0.00000000	0.00000000	0.00000000	0.00000000
0.00819200	0.99721181	1.02566350	0.87009037	0.87269688	0.00000000	0.00000000	0.00000000	0.00000000
0.00901120	1.00115907	0.97501343	1.00644779	0.97583383	0.00000000	0.00000000	0.00000000	0.00000000
0.00983040	1.00183082	1.06243813	1.07137990	1.08690429	0.00000000	0.00000000	0.00000000	0.00000000
0.01064960	0.99763387	0.96125358	1.06488669	1.02212834	0.00000000	0.00000000	0.00000000	0.00000000
0.01146880	0.99708593	1.08141029	1.01411211	1.12513363	0.00000000	0.00000000	0.00000000	0.00000000
0.01228800	0.99825293	1.02332711	1.11812353	1.12513363	0.00000000	0.00000000	0.00000000	0.00000000
0.01310720	0.99577290	0.97279245	0.93610346	0.98251098	0.00000000	0.00000000	0.00000000	0.00000000
0.01474560	1.00122607	1.03558743	1.02830231	0.96666408	0.00000000	0.00000000	0.00000000	0.00000000
0.01638400	0.99856889	1.02929211	1.01528585	1.13556850	0.00000000	0.00000000	0.00000000	0.00000000
0.01802240	1.00289714	0.94430465	1.02830231	0.98647273	0.00000000	0.00000000	0.00000000	0.00000000
0.01966080	1.00096309	0.97578150	1.02386451	0.97980064	0.00000000	0.00000000	0.00000000	0.00000000
0.02129920	1.00251520	0.97263378	1.01086307	0.98376739	0.00000000	0.00000000	0.00000000	0.00000000
0.02293760	1.00043976	1.04383886	1.03686595	0.91119975	0.00000000	0.00000000	0.00000000	0.00000000
0.02457600	0.99978709	1.08661723	0.94369513	0.93100840	0.00000000	0.00000000	0.00000000	0.00000000
0.02621440	1.00026619	1.10420263	0.90789980	0.93219894	0.00000000	0.00000000	0.00000000	0.00000000
0.02949120	0.99995899	0.96901095	0.98991728	0.96618021	0.00000000	0.00000000	0.00000000	0.00000000
0.03276800	0.99916160	0.92016649	0.93664765	1.05248499	0.00000000	0.00000000	0.00000000	0.00000000
0.03604480	0.99899679	1.04854965	0.96708554	0.95037353	0.00000000	0.00000000	0.00000000	0.00000000
0.03932160	0.99857062	0.99867898	0.99480975	1.03204286	0.00000000	0.00000000	0.00000000	0.00000000
0.04259840	0.99844712	0.97761160	0.99644059	1.06571794	0.00000000	0.00000000	0.00000000	0.00000000
0.04587520	1.00035214	1.01051199	0.98176306	1.05311668	0.00000000	0.00000000	0.00000000	0.00000000
0.04915200	1.00071394	0.99641180	0.98665559	1.01360011	0.00000000	0.00000000	0.00000000	0.00000000
0.05242880	0.99758959	1.05907929	1.01437974	0.95752394	0.00000000	0.00000000	0.00000000	0.00000000
0.05898240	0.99979681	1.00810051	0.96048117	1.05177855	0.00000000	0.00000000	0.00000000	0.00000000
0.06553600	0.99944729	0.97623330	1.06286740	0.99257898	0.00000000	0.00000000	0.00000000	0.00000000
0.07208960	0.99896777	0.99955034	0.99279189	1.01231217	0.00000000	0.00000000	0.00000000	0.00000000
0.07864320	1.00052691	1.00895047	1.00133312	0.95258582	0.00000000	0.00000000	0.00000000	0.00000000
0.08519680	0.99931645	1.00852597	0.99725604	1.02479637	0.00000000	0.00000000	0.00000000	0.00000000
0.09175040	0.99901599	1.00645971	1.01764143	0.98145890	0.00000000	0.00000000	0.00000000	0.00000000
0.09830400	0.99947518	1.06941259	1.00810325	0.96323526	0.00000000	0.00000000	0.00000000	0.00000000
0.10485760	1.00120056	0.96931958	0.99433243	1.01890409	0.00000000	0.00000000	0.00000000	0.00000000
0.11796480	1.00011361	0.99132496	1.00365639	1.00560117	0.00000000	0.00000000	0.00000000	0.00000000
0.13107200	0.99995917	1.01298523	0.96308291	1.01143575	0.00000000	0.00000000	0.00000000	0.00000000
0.14417920	1.00015807	0.99122441	0.99435329	0.99650621	0.00000000	0.00000000	0.00000000	0.00000000
0.15728641	1.00007737	1.00887096	1.00492835	1.01836419	0.00000000	0.00000000	0.00000000	0.00000000
0.17039360	1.00018322	0.98820955	0.99828911	1.00037861	0.00000000	0.00000000	0.00000000	0.00000000
0.18350080	1.00086975	0.97466123	0.98316550	0.97496003	0.00000000	0.00000000	0.00000000	0.00000000
0.19660801	0.99972415	1.01116943	1.02695918	0.99481863	0.00000000	0.00000000	0.00000000	0.00000000
0.20971520	1.00043476	1.00010586	1.00131273	0.99241072	0.00000000	0.00000000	0.00000000	0.00000000
0.23592959	0.99983555	0.97155523	1.00290406	0.98369664	0.00000000	0.00000000	0.00000000	0.00000000
0.26214400	0.99919313	0.99574339	1.01016581	1.00065529	0.00000000	0.00000000	0.00000000	0.00000000
0.28835839	0.99983764	0.99505609	1.00965941	1.00128210	0.00000000	0.00000000	0.00000000	0.00000000
0.31457281	1.00061953	0.98204792	0.99820358	1.01224232	0.00000000	0.00000000	0.00000000	0.00000000
0.34078720	1.00073922	0.99285376	1.00443232	1.00295222	0.00000000	0.00000000	0.00000000	0.00000000
0.36700159	0.99919116	0.99690503	1.00388169	1.02561092	0.00000000	0.00000000	0.00000000	0.00000000
0.39321601	0.99949789	0.99274790	1.00260627	0.97726917	0.00000000	0.00000000	0.00000000	0.00000000
0.41943040	1.00078523	1.00228167	0.98905247	1.00977564	0.00000000	0.00000000	0.00000000	0.00000000
0.47185919	1.00002658	0.99832797	1.01334941	1.01408267	0.00000000	0.00000000	0.00000000	0.00000000
0.52428800	0.99975413	1.01560223	0.99722904	0.99242741	0.00000000	0.00000000	0.00000000	0.00000000
0.57671678	1.00063610	0.99546933	0.99276119	0.98253310	0.00000000	0.00000000	0.00000000	0.00000000
0.62914562	0.99990457	1.00940919	0.97563612	0.98824787	0.00000000	0.00000000	0.00000000	0.00000000
0.68157440	0.99994284	1.00494707	1.00536883	1.00446248	0.00000000	0.00000000	0.00000000	0.00000000
0.73400319	1.00023723	1.00062633	1.00567079	0.99803764	0.00000000	0.00000000	0.00000000	0.00000000
0.78643203	1.00029957	1.00651300	1.02436173	1.00744450	0.00000000	0.00000000	0.00000000	0.00000000
0.83886081	0.99968517	0.98335296	0.98408204	1.00596249	0.00000000	0.00000000	0.00000000	0.00000000
0.94371837	0.99998158	0.98981762	0.99886829	1.00316358	0.00000000	0.00000000	0.00000000	0.00000000
1.04857600	1.00012767	1.00647736	0.99800092	0.99814504	0.00000000	0.00000000	0.00000000	0.00000000
1.15343356	1.00004613	1.00846398	0.99797451	0.99414206	0.00000000	0.00000000	0.00000000	0.00000000
1.25829124	0.99981219	1.00886917	0.99911958	1.00853467	0.00000000	0.00000000	0.00000000	0.00000000
1.36314881	1.00007772	0.99074686	0.99634111	0.99893165	0.00000000	0.00000000	0.00000000	0.00000000
1.46800637	1.00024867	0.99750119	0.99887037	1.00233281	0.00000000	0.00000000	0.00000000	0.00000000
1.57286406	1.00007343	1.00763202	1.00500190	1.01066625	0.00000000	0.00000000	0.00000000	0.00000000
1.67772162	0.99977213	0.99870265	0.98795551	0.99947071	0.00000000	0.00000000	0.00000000	0.00000000
1.88743675	0.99988866	0.98508674	1.00684023	0.99803472	0.00000000	0.00000000	0.00000000	0.00000000
2.09715199	1.00005162	1.00555789	0.99758804	0.99587476	0.00000000	0.00000000	0.00000000	0.00000000
2.30686712	1.00002170	1.01156485	1.00001109	0.98746806	0.00000000	0.00000000	0.00000000	0.00000000
2.51658249	1.00027955	0.98566574	1.00161076	1.00411403	0.00000000	0.00000000	0.00000000	0.00000000
2.72629762	0.99970222	0.99514115	0.99956834	0.99777979	0.00000000	0.00000000	0.00000000	0.00000000
2.93601274	1.00011218	0.98384416	1.00012934	1.02389622	0.00000000	0.00000000	0.00000000	0.00000000
3.14572811	0.99966472	0.97039723	0.99539411	0.98241669	0.00000000	0.00000000	0.00000000	0.00000000
3.35544324	0.99956441	0.99117649	1.00035477	1.01900458	0.00000000	0.00000000	0.00000000	0.00000000
3.77487350	0.00000000	0.00000000	0.00000000	0.00000000	0.00000000	0.00000000	0.00000000	0.00000000
4.19430399	0.00000000	0.00000000	0.00000000	0.00000000	0.00000000	0.00000000	0.00000000	0.00000000
4.61373425	0.00000000	0.00000000	0.00000000	0.00000000	0.00000000	0.00000000	0.00000000	0.00000000
5.03316498	0.00000000	0.00000000	0.00000000	0.00000000	0.00000000	0.00000000	0.00000000	0.00000000
5.45259523	0.00000000	0.00000000	0.00000000	0.00000000	0.00000000	0.00000000	0.00000000	0.00000000
5.87202549	0.00000000	0.00000000	0.00000000	0.00000000	0.00000000	0.00000000	0.00000000	0.00000000
6.29145622	0.00000000	0.00000000	0.00000000	0.00000000	0.00000000	0.00000000	0.00000000	0.00000000
6.71088648	0.00000000	0.00000000	0.00000000	0.00000000	0.00000000	0.00000000	0.00000000	0.00000000
7.54974699	0.00000000	0.00000000	0.00000000	0.00000000	0.00000000	0.00000000	0.00000000	0.00000000
8.38860798	0.00000000	0.00000000	0.00000000	0.00000000	0.00000000	0.00000000	0.00000000	0.00000000
9.22746849	0.00000000	0.00000000	0.00000000	0.00000000	0.00000000	0.00000000	0.00000000	0.00000000
10.06632996	0.00000000	0.00000000	0.00000000	0.00000000	0.00000000	0.00000000	0.00000000	0.00000000
10.90519047	0.00000000	0.00000000	0.00000000	0.00000000	0.00000000	0.00000000	0.00000000	0.00000000
11.74405098	0.00000000	0.00000000	0.00000000	0.00000000	0.00000000	0.00000000	0.00000000	0.00000000
12.58291245	0.00000000	0.00000000	0.00000000	0.00000000	0.00000000	0.00000000	0.00000000	0.00000000
13.42177296	0.00000000	0.00000000	0.00000000	0.00000000	0.00000000	0.00000000	0.00000000	0.00000000
15.09949398	0.00000000	0.00000000	0.00000000	0.00000000	0.00000000	0.00000000	0.00000000	0.00000000
16.77721596	0.00000000	0.00000000	0.00000000	0.00000000	0.00000000	0.00000000	0.00000000	0.00000000
18.45493698	0.00000000	0.00000000	0.00000000	0.00000000	0.00000000	0.00000000	0.00000000	0.00000000
20.13265991	0.00000000	0.00000000	0.00000000	0.00000000	0.00000000	0.00000000	0.00000000	0.00000000
21.81038094	0.00000000	0.00000000	0.00000000	0.00000000	0.00000000	0.00000000	0.00000000	0.00000000
23.48810196	0.00000000	0.00000000	0.00000000	0.00000000	0.00000000	0.00000000	0.00000000	0.00000000
25.16582489	0.00000000	0.00000000	0.00000000	0.00000000	0.00000000	0.00000000	0.00000000	0.00000000
26.84354591	0.00000000	0.00000000	0.00000000	0.00000000	0.00000000	0.00000000	0.00000000	0.00000000
30.19898796	0.00000000	0.00000000	0.00000000	0.00000000	0.00000000	0.00000000	0.00000000	0.00000000
33.55443192	0.00000000	0.00000000	0.00000000	0.00000000	0.00000000	0.00000000	0.00000000	0.00000000
36.90987396	0.00000000	0.00000000	0.00000000	0.00000000	0.00000000	0.00000000	0.00000000	0.00000000
40.26531982	0.00000000	0.00000000	0.00000000	0.00000000	0.00000000	0.00000000	0.00000000	0.00000000
43.62076187	0.00000000	0.00000000	0.00000000	0.00000000	0.00000000	0.00000000	0.00000000	0.00000000
46.97620392	0.00000000	0.00000000	0.00000000	0.00000000	0.00000000	0.00000000	0.00000000	0.00000000
50.33164978	0.00000000	0.00000000	0.00000000	0.00000000	0.00000000	0.00000000	0.00000000	0.00000000
53.68709183	0.00000000	0.00000000	0.00000000	0.00000000	0.00000000	0.00000000	0.00000000	0.00000000
60.39797592	0.00000000	0.00000000	0.00000000	0.00000000	0.00000000	0.00000000	0.00000000	0.00000000
67.10886383	0.00000000	0.00000000	0.00000000	0.00000000	0.00000000	0.00000000	0.00000000	0.00000000
73.81974792	0.00000000	0.00000000	0.00000000	0.00000000	0.00000000	0.00000000	0.00000000	0.00000000
80.53063965	0.00000000	0.00000000	0.00000000	0.00000000	0.00000000	0.00000000	0.00000000	0.00000000
87.24152374	0.00000000	0.00000000	0.00000000	0.00000000	0.00000000	0.00000000	0.00000000	0.00000000
93.95240784	0.00000000	0.00000000	0.00000000	0.00000000	0.00000000	0.00000000	0.00000000	0.00000000
100.66329956	0.00000000	0.00000000	0.00000000	0.00000000	0.00000000	0.00000000	0.00000000	0.00000000
107.37418365	0.00000000	0.00000000	0.00000000	0.00000000	0.00000000	0.00000000	0.00000000	0.00000000
120.79595184	0.00000000	0.00000000	0.00000000	0.00000000	0.00000000	0.00000000	0.00000000	0.00000000
134.21772766	0.00000000	0.00000000	0.00000000	0.00000000	0.00000000	0.00000000	0.00000000	0.00000000
147.63949585	0.00000000	0.00000000	0.00000000	0.00000000	0.00000000	0.00000000	0.00000000	0.00000000
161.06127930	0.00000000	0.00000000	0.00000000	0.00000000	0.00000000	0.00000000	0.00000000	0.00000000
174.48304749	0.00000000	0.00000000	0.00000000	0.00000000	0.00000000	0.00000000	0.00000000	0.00000000
187.90481567	0.00000000	0.00000000	0.00000000	0.00000000	0.00000000	0.00000000	0.00000000	0.00000000
201.32659912	0.00000000	0.00000000	0.00000000	0.00000000	0.00000000	0.00000000	0.00000000	0.00000000
214.74836731	0.00000000	0.00000000	0.00000000	0.00000000	0.00000000	0.00000000	0.00000000	0.00000000
241.59190369	0.00000000	0.00000000	0.00000000	0.00000000	0.00000000	0.00000000	0.00000000	0.00000000
268.43545532	0.00000000	0.00000000	0.00000000	0.00000000	0.00000000	0.00000000	0.00000000	0.00000000
295.27899170	0.00000000	0.00000000	0.00000000	0.00000000	0.00000000	0.00000000	0.00000000	0.00000000
322.12255859	0.00000000	0.00000000	0.00000000	0.00000000	0.00000000	0.00000000	0.00000000	0.00000000
348.96609497	0.00000000	0.00000000	0.00000000	0.00000000	0.00000000	0.00000000	0.00000000	0.00000000
375.80963135	0.00000000	0.00000000	0.00000000	0.00000000	0.00000000	0.00000000	0.00000000	0.00000000
402.65319824	0.00000000	0.00000000	0.00000000	0.00000000	0.00000000	0.00000000	0.00000000	0.00000000
429.49673462	0.00000000	0.00000000	0.00000000	0.00000000	0.00000000	0.00000000	0.00000000	0.00000000
483.18380737	0.00000000	0.00000000	0.00000000	0.00000000	0.00000000	0.00000000	0.00000000	0.00000000
536.87091064	0.00000000	0.00000000	0.00000000	0.00000000	0.00000000	0.00000000	0.00000000	0.00000000
590.55798340	0.00000000	0.00000000	0.00000000	0.00000000	0.00000000	0.00000000	0.00000000	0.00000000
644.24511719	0.00000000	0.00000000	0.00000000	0.00000000	0.00000000	0.00000000	0.00000000	0.00000000
697.93218994	0.00000000	0.00000000	0.00000000	0.00000000	0.00000000	0.00000000	0.00000000	0.00000000
751.61926270	0.00000000	0.00000000	0.00000000	0.00000000	0.00000000	0.00000000	0.00000000	0.00000000
805.30639648	0.00000000	0.00000000	0.00000000	0.00000000	0.00000000	0.00000000	0.00000000	0.00000000
858.99346924	0.00000000	0.00000000	0.00000000	0.00000000	0.00000000	0.00000000	0.00000000	0.00000000
966.36761475	0.00000000	0.00000000	0.00000000	0.00000000	0.00000000	0.00000000	0.00000000	0.00000000
1073.74182129	0.00000000	0.00000000	0.00000000	0.00000000	0.00000000	0.00000000	0.00000000	0.00000000
1181.11596680	0.00000000	0.00000000	0.00000000	0.00000000	0.00000000	0.00000000	0.00000000	0.00000000
1288.49023437	0.00000000	0.00000000	0.00000000	0.00000000	0.00000000	0.00000000	0.00000000	0.00000000
1395.86437988	0.00000000	0.00000000	0.00000000	0.00000000	0.00000000	0.00000000	0.00000000	0.00000000
1503.23852539	0.00000000	0.00000000	0.00000000	0.00000000	0.00000000	0.00000000	0.00000000	0.00000000
1610.61279297	0.00000000	0.00000000	0.00000000	0.00000000	0.00000000	0.00000000	0.00000000	0.00000000
1717.98693848	0.00000000	0.00000000	0.00000000	0.00000000	0.00000000	0.00000000	0.00000000	0.00000000
1932.73522949	0.00000000	0.00000000	0.00000000	0.00000000	0.00000000	0.00000000	0.00000000	0.00000000
2147.48364258	0.00000000	0.00000000	0.00000000	0.00000000	0.00000000	0.00000000	0.00000000	0.00000000
2362.23193359	0.00000000	0.00000000	0.00000000	0.00000000	0.00000000	0.00000000	0.00000000	0.00000000
2576.98046875	0.00000000	0.00000000	0.00000000	0.00000000	0.00000000	0.00000000	0.00000000	0.00000000
2791.72875977	0.00000000	0.00000000	0.00000000	0.00000000	0.00000000	0.00000000	0.00000000	0.00000000
3006.47705078	0.00000000	0.00000000	0.00000000	0.00000000	0.00000000	0.00000000	0.00000000	0.00000000
3221.22558594	0.00000000	0.00000000	0.00000000	0.00000000	0.00000000	0.00000000	0.00000000	0.00000000
3435.97387695	0.00000000	0.00000000	0.00000000	0.00000000	0.00000000	0.00000000	0.00000000	0.00000000
0	0	0	0	0	0	0	0	0
