%4/4/2019 1:10:03 PM
%Duration	ID1		ID2		ID3		ID4		ID5		ID6		ID7		ID8
1000.000000	0.000000	0.400543	370.798126	197.458267	82.359314	24.023056	0.467300	0.228882
%Tau		Tau1		Tau2		Tau3		Tau4		Tau5		Tau6		Tau7		Tau8
%		0.000000	0.000001	0.000307	0.000205	0.000141	0.000022	0.000001	0.000002
%Delaytime	D1		D2		D3		D4		D5		D6		D7		D8
0.00000020	0.00000000	101.13580322	1.56649601	1.53685951	1.79994321	5.72703123	284.65835571	0.00000000
0.00000040	0.00000000	0.00000000	1.48770654	1.48760998	1.51634562	1.94469285	0.00000000	0.00000000
0.00000060	0.00000000	0.00000000	1.48310041	1.48843086	1.49011695	1.81980431	0.00000000	0.00000000
0.00000080	0.00000000	0.00000000	1.49885833	1.53056657	1.49175620	1.44513869	0.00000000	0.00000000
0.00000100	0.00000000	0.00000000	1.49166632	1.47721291	1.54093504	1.17752039	0.00000000	0.00000000
0.00000120	0.00000000	0.00000000	1.48495913	1.46626854	1.52618134	1.32025015	0.00000000	0.00000000
0.00000140	0.00000000	0.00000000	1.49667645	1.44738948	1.52782059	1.37377381	0.00000000	0.00000000
0.00000160	0.00000000	0.00000000	1.48520148	1.50238490	1.50978839	1.14183795	0.00000000	0.00000000
0.00000180	0.00000000	0.00000000	1.49813104	1.47283506	1.42946315	1.33809137	0.00000000	0.00000000
0.00000200	0.00000000	0.00000000	1.47873676	1.47365594	1.40159512	1.65923333	0.00000000	0.00000000
0.00000220	0.00000000	0.00000000	1.48996925	1.50676262	1.46552753	1.55218601	0.00000000	0.00000000
0.00000240	0.00000000	0.00000000	1.49910080	1.47283506	1.54749215	1.35593259	0.00000000	0.00000000
0.00000260	0.00000000	0.00000000	1.49489868	1.50101686	1.42946315	1.24888527	0.00000000	0.00000000
0.00000280	0.00000000	0.00000000	1.47308004	1.45422971	1.49011695	1.48082113	0.00000000	0.00000000
0.00000300	0.00000000	0.00000000	1.50693929	1.47529757	1.46060967	1.48082113	0.00000000	0.00000000
0.00000320	0.00000000	0.00000000	1.48075700	1.47283506	1.42618454	1.37377381	0.00000000	0.00000000
0.00000360	0.00000000	0.00000000	1.47994888	1.48760998	1.54995108	1.59678912	0.00000000	0.00000000
0.00000400	0.00000000	0.00000000	1.48314083	1.45026243	1.44995427	1.36485326	0.00000000	0.00000000
0.00000440	0.00000000	0.00000000	1.47324169	1.46722615	1.52044380	1.41837692	0.00000000	0.00000000
0.00000480	0.00000000	0.00000000	1.48895919	1.48350585	1.40569329	1.43621814	0.00000000	0.00000000
0.00000520	0.00000000	0.00000000	1.47340333	1.46216440	1.44667566	1.39161503	0.00000000	0.00000000
0.00000560	0.00000000	0.00000000	1.47384775	1.45368254	1.49257588	1.41837692	0.00000000	0.00000000
0.00000600	0.00000000	0.00000000	1.47627199	1.45696580	1.44093812	1.35593259	0.00000000	0.00000000
0.00000640	0.00000000	0.00000000	1.47303963	1.47803366	1.44749534	1.46297991	0.00000000	0.00000000
0.00000720	0.00000000	0.00000000	1.47158504	1.46141195	1.45364261	1.40499592	0.00000000	0.00000000
0.00000800	0.00000000	0.00000000	1.47984791	1.46325886	1.48233032	1.53434479	0.00000000	0.00000000
0.00000880	0.00000000	0.00000000	1.47338307	1.46948338	1.48478925	1.43175781	0.00000000	0.00000000
0.00000960	0.00000000	0.00000000	1.47257495	1.44608986	1.43356133	1.43621814	0.00000000	0.00000000
0.00001040	0.00000000	0.00000000	1.47176683	1.44492698	1.46101952	1.36039293	0.00000000	0.00000000
0.00001120	0.00000000	0.00000000	1.47550428	1.47358751	1.44011855	1.45851958	0.00000000	0.00000000
0.00001200	0.00000000	0.00000000	1.48334289	1.45874429	1.45446229	1.48974180	11.86076546	0.00000000
0.00001280	0.00000000	12.64197540	1.46526170	1.46449006	1.47495341	1.43621814	0.00000000	0.00000000
0.00001440	0.00000000	0.00000000	1.46087778	1.44342220	1.42946315	1.40722609	5.93038273	0.00000000
0.00001600	0.00000000	0.00000000	1.46893859	1.45152783	1.43397117	1.38492465	0.00000000	0.00000000
0.00001760	0.00000000	0.00000000	1.47054470	1.43842888	1.42126667	1.44959903	5.93038273	0.00000000
0.00001920	0.00000000	0.00000000	1.46539307	1.43603480	1.44360197	1.27787733	5.93038273	0.00000000
0.00002080	0.00000000	0.00000000	1.46269596	1.44444823	1.44216764	1.41391659	0.00000000	0.00000000
0.00002240	0.00000000	0.00000000	1.45924139	1.42796326	1.42905331	1.38715470	0.00000000	0.00000000
0.00002400	0.00000000	0.00000000	1.45531201	1.42180705	1.40876698	1.35816276	0.00000000	0.00000000
0.00002560	0.00000000	0.00000000	1.45554435	1.42389333	1.42188132	1.25334561	0.00000000	0.00000000
0.00002880	0.00000000	0.00000000	1.46004701	1.42338419	1.42242968	1.31222022	2.91271114	0.00000000
0.00003200	0.00000000	0.00000000	1.45420945	1.43206990	1.39324629	1.31216323	0.00000000	0.00000000
0.00003520	0.00000000	0.00000000	1.45560253	1.41377151	1.41146004	1.33219624	0.00000000	0.00000000
0.00003840	0.00000000	0.00000000	1.45298791	1.41442370	1.38796854	1.32440567	2.91271114	0.00000000
0.00004160	0.00000000	0.00000000	1.44383907	1.39930093	1.37389421	1.30103385	0.00000000	0.00000000
0.00004480	0.00000000	3.04661155	1.44145584	1.40502656	1.34458959	1.29101729	0.00000000	0.00000000
0.00004800	0.00000000	0.00000000	1.43577385	1.40040159	1.35586953	1.28656554	0.00000000	0.00000000
0.00005120	0.00000000	6.09322309	1.42801297	1.38981056	1.34251988	1.25206423	0.00000000	0.00000000
0.00005760	0.00000000	4.50823212	1.42735171	1.37564528	1.36085033	1.27459395	1.46284986	0.00000000
0.00006400	0.00000000	1.50274396	1.41711628	1.37594724	1.32652533	1.21554375	1.46284986	0.00000000
0.00007040	0.00000000	1.50274396	1.41071236	1.35637772	1.32840395	1.25559878	1.46284986	0.00000000
0.00007680	0.00000000	0.00000000	1.40347517	1.33769357	1.28925383	1.21047735	0.00000000	0.00000000
0.00008320	0.00000000	0.00000000	1.39478779	1.33653736	1.28703094	1.20824921	0.00000000	0.00000000
0.00008960	0.00000000	0.00000000	1.38651133	1.33057582	1.27653706	1.20602095	0.00000000	0.00000000
0.00009600	0.00000000	3.00548792	1.37876976	1.31451368	1.25256753	1.15198672	0.00000000	0.00000000
0.00010240	0.00000000	0.00000000	1.36943090	1.31107306	1.26218271	1.15142977	1.46284986	0.00000000
0.00011520	0.00000000	0.00000000	1.35601699	1.28786361	1.23274982	1.18150818	0.00000000	0.00000000
0.00012800	0.00000000	0.00000000	1.34378815	1.27664852	1.22176874	1.14091039	1.44990432	0.00000000
0.00014080	0.00000000	0.75477570	1.33105588	1.25440228	1.20118582	1.11115718	1.44990432	0.00000000
0.00015360	0.00000000	0.75477570	1.31640971	1.24233317	1.17526376	1.09836602	3.62476087	0.00000000
0.00016640	0.00000000	0.75477570	1.30567181	1.22501504	1.17420626	1.11755276	0.00000000	0.00000000
0.00017920	0.00000000	0.00000000	1.29480445	1.21328497	1.16597819	1.07194960	0.72495216	0.00000000
0.00019200	0.00000000	0.75477570	1.28250301	1.20084035	1.14900637	1.06027079	0.72495216	0.00000000
0.00020480	0.00000000	0.75477570	1.26955557	1.18709111	1.13649666	1.04275262	3.62476087	0.00000000
0.00023040	0.00000000	2.31643867	1.24702716	1.16768980	1.11665225	1.06926370	0.73142493	0.00000000
0.00025600	0.00000000	1.54429257	1.22797108	1.14659834	1.09118974	1.04536831	0.73142493	2.04232693
0.00028160	0.00000000	1.15821934	1.20631611	1.12806153	1.07845843	1.05678248	1.09713745	0.00000000
0.00030720	0.00000000	1.54429257	1.18719983	1.10900974	1.07178748	1.02857018	1.09713745	0.00000000
0.00033280	0.00000000	0.77214628	1.17349792	1.09534383	1.06128204	1.02323604	1.09713745	0.00000000
0.00035840	0.00000000	2.31643867	1.15752220	1.08239198	1.05064750	1.01952195	1.46284986	0.00000000
0.00038400	0.00000000	0.38607314	1.14274287	1.06978679	1.04108417	1.02945018	1.09713745	2.04232693
0.00040960	0.00000000	0.38607314	1.13072777	1.06309402	1.03617668	0.99149913	0.73142493	0.00000000
0.00046080	0.00000000	0.78105831	1.10582447	1.04907548	1.02485240	1.01768327	2.01141858	0.00000000
0.00051200	0.00000000	0.97632289	1.08792257	1.03634882	1.01856923	1.00041556	0.91428119	0.00000000
0.00056320	0.00000000	1.75738120	1.07088840	1.02557790	1.01722646	1.01576686	0.91428119	2.06399608
0.00061440	0.00000000	0.97632289	1.05655324	1.02033746	1.02164781	1.00233972	0.73142493	1.03199804
0.00066560	0.00000000	0.78105831	1.04691064	1.01517856	1.01828694	1.01981401	0.73142493	2.06399608
0.00071680	0.00000000	0.78105831	1.03556192	1.01390898	1.01190984	1.00701129	1.27999365	3.09599400
0.00076800	0.00000000	0.58579373	1.02963316	1.01278698	1.01109719	0.98780441	0.18285623	2.06399608
0.00081920	0.00000000	0.78105831	1.02426589	1.01219106	1.00500643	0.99023128	0.54856873	2.06399608
0.00092160	0.00000000	0.97407848	1.02056599	1.00663626	1.00035369	1.00287640	1.37142181	1.04300594
0.00102400	0.00000000	0.58444709	1.01788628	0.99982917	1.00173736	0.99712402	0.45714059	0.52150297
0.00112640	0.00000000	0.87667066	1.01707363	0.99944490	0.99862397	0.99279648	0.91632199	0.00000000
0.00122880	0.00000000	0.48816144	1.01580679	0.99459499	0.99592066	0.98628891	1.09958637	1.04300594
0.00133120	0.00000000	0.78105831	1.01769745	0.99474496	0.99795485	0.99062508	1.09958637	1.56450880
0.00143360	0.00000000	0.68342602	1.01922655	0.99644113	0.99502456	0.98862779	1.00795424	0.00000000
0.00153600	0.00000000	1.36685205	1.01954484	0.99430698	1.00044072	0.99798435	1.19121861	1.04300594
0.00163840	0.00000000	0.48816144	1.01682258	0.99181259	0.99850118	0.99569911	1.19121861	1.04300594
0.00184320	0.00000000	0.68500072	1.01476991	0.98901016	0.99512392	1.00518477	0.83396006	0.26075149
0.00204800	0.00000000	0.73392940	1.01177335	0.99053371	0.99879378	1.00630665	1.06561565	0.78225440
0.00225280	0.00000000	0.88071525	1.00684857	0.99437505	1.00514567	0.99064755	0.88029116	2.08601189
0.00245760	0.00000000	0.73392940	1.00346923	0.99666095	1.00366092	0.99022079	1.15827787	1.04300594
0.00266240	0.00000000	1.22321558	1.00351024	1.00190175	0.99889618	1.00461853	1.11194670	1.56450880
0.00286720	0.00000000	1.07642972	1.00262976	1.00493348	1.00076079	1.00005949	1.29727125	1.04300594
0.00307200	0.00000000	1.22604060	1.00166225	1.00039768	1.00435662	1.00997972	0.97295338	1.30375731
0.00327680	0.00000000	1.37316549	1.00386250	1.00022388	1.00808549	1.00665605	1.06561565	1.30375731
0.00368640	0.00000000	0.99614048	1.00349748	0.99742395	0.99567062	1.00754201	0.94979262	1.01049864
0.00409600	0.00000000	1.09332490	0.99446809	1.00615609	1.00055408	0.99568444	0.85712993	0.75787395
0.00450560	0.00000000	1.02043653	0.99165016	1.00508130	1.00480056	0.99045217	1.01928961	0.75787395
0.00491520	0.00000000	1.06902874	1.00124860	1.00345528	1.00471866	0.99513561	1.04479265	1.01049864
0.00532480	0.00000000	0.80177158	1.00188768	1.00713229	1.00723386	0.99653000	0.85905176	0.50524932
0.00573440	0.00000000	0.92537457	0.99961114	1.00259018	0.99832284	1.00244486	0.60365796	1.38943565
0.00614400	0.00000000	0.87667066	1.00106359	0.99986434	0.98976189	0.99429822	1.13766313	0.88418627
0.00655360	0.00000000	1.12019026	1.00135827	1.00031984	0.99189049	0.99856716	1.07041025	1.13681090
0.00737280	0.00000000	0.85185641	0.99636644	1.00439203	1.00022376	1.00812471	0.97733611	0.56840545
0.00819200	0.00000000	1.08642554	1.00621009	1.00336099	1.00165796	0.99375659	1.04714584	0.69471782
0.00901120	0.00000000	1.09877133	0.99669832	0.99730831	0.99806643	0.99912757	0.96570110	0.69471782
0.00983040	0.00000000	0.89916283	0.99712074	0.99675226	0.99852759	1.00368738	1.07041574	1.01049864
0.01064960	0.00000000	0.81107289	1.01021254	0.99774891	1.00077450	0.99735022	1.04019642	1.26312327
0.01146880	0.00000000	1.06914151	1.00753677	0.99730933	0.99429327	1.00217497	0.92870462	0.82103014
0.01228800	0.00000000	1.05685258	1.00837314	1.00289845	1.00269973	0.99902254	1.02157509	0.94734246
0.01310720	0.00000000	0.97082967	1.00920773	1.00059915	1.00554752	0.99962896	0.88226938	1.26312327
0.01474560	0.00000000	0.94227338	0.99805897	1.00189757	1.00139487	1.00615942	0.88608259	0.95736724
0.01638400	0.00000000	0.87661904	0.99111104	0.99755055	1.00051236	1.00124347	1.08542347	0.60633260
0.01802240	0.00000000	0.91953045	0.99805570	1.00035775	1.00355601	1.00240839	0.84163851	0.86163050
0.01966080	0.00000000	0.90727001	1.00146639	0.99926883	1.00096631	0.99442589	1.01224089	1.24457741
0.02129920	0.00000000	0.90727001	1.00172698	0.99941856	1.00265527	1.00042820	0.99478853	0.89354277
0.02293760	0.00000000	1.00683296	1.00499630	1.00202167	0.99799562	0.99857348	0.97591460	1.08501625
0.02457600	0.00000000	1.03734303	1.00860643	1.00069904	1.00180149	1.00484896	0.95772660	1.21266520
0.02621440	0.00000000	0.89089465	0.99994493	1.00013554	0.99895996	0.99524051	0.83396006	1.02119172
0.02949120	0.00000000	1.05801606	0.99048060	0.99941844	0.99827003	0.99891257	0.87066054	1.13891053
0.03276800	0.00000000	0.91570973	1.00104034	0.99931777	1.00434196	0.99912435	1.01224089	0.76996768
0.03604480	0.00000000	0.96076983	1.00233114	1.00050044	1.00145113	0.99907595	0.97804201	0.83413166
0.03932160	0.00000000	1.08453166	1.00337613	1.00370896	1.00078082	0.99882525	0.99322325	0.88225466
0.04259840	0.00000000	0.95153165	1.00270295	1.00040078	0.99538958	0.99780607	0.94110078	0.91433662
0.04587520	0.00000000	1.05557823	1.00140989	1.00003290	1.00023413	0.99875206	1.05349922	1.18338394
0.04915200	0.00000000	1.02779984	0.99926251	1.00089431	0.99907088	0.99689090	1.06561565	1.25486648
0.05242880	0.00000000	1.03636074	0.99794334	0.99977690	0.99960297	0.99946165	1.06271994	0.96152103
0.05898240	0.00000000	1.00385988	0.99740750	1.00165975	0.99969673	0.99899489	1.06851137	0.92077863
0.06553600	0.00000000	1.00847888	0.99558020	1.00002670	0.99892557	1.00178313	0.96716201	0.97781801
0.07208960	0.00000000	1.04235137	1.00081599	1.00055909	1.00141358	0.99959993	1.02829409	1.16523314
0.07864320	0.00000000	1.04149127	0.99379814	0.99981481	1.00353110	1.00097024	0.93466157	1.05369806
0.08519680	0.00000000	1.02233577	0.99620420	0.99752504	1.00177300	0.99930441	1.02829409	1.11854100
0.09175040	0.00000000	0.93242657	0.99769288	0.99930912	1.00167513	1.00332379	1.07334399	0.83114529
0.09830400	0.00000000	1.07342303	0.99519682	0.99947172	1.00361526	0.99966979	0.95350903	1.09652853
0.10485760	0.00000000	1.00003695	1.00172579	1.00074470	1.00002277	1.00099897	0.97218937	0.84658456
0.11796480	0.00000000	0.98946577	1.00667834	1.00000131	1.00216246	0.99870425	0.96069992	0.94208670
0.13107200	0.00000000	0.98093235	0.99871302	0.99771136	0.99958789	0.99944228	1.02457821	1.04309797
0.14417920	0.00000000	1.05936003	1.00188398	1.00036252	0.99875456	0.99970484	1.03156447	0.96259934
0.15728641	0.00000000	1.01038182	1.00049889	1.00074255	0.99967772	1.00070465	0.98938042	1.12450159
0.17039360	0.00000000	1.00677991	1.00332713	0.99992859	1.00235987	0.99884653	0.99417412	0.98360658
0.18350080	0.00000000	1.00063980	1.00081003	0.99826515	1.00074828	1.00065649	0.98682749	1.00817907
0.19660801	0.00000000	0.99694359	0.99548703	0.99934220	1.00140619	1.00045168	0.98612326	0.98317742
0.20971520	0.00000000	0.97885221	0.99680430	0.99851823	1.00079286	0.99871129	0.94572103	1.03794539
0.23592959	0.00000000	1.02593756	1.00034308	0.99914247	1.00027239	0.99976623	1.00546014	0.97617376
0.26214400	0.00000000	0.97201341	0.99999547	0.99956375	1.00079417	0.99967980	0.97650677	0.99491715
0.28835839	0.00000000	0.99547857	1.00109529	1.00017726	1.00001597	1.00066006	1.02378154	1.00017929
0.31457281	0.00000000	1.00705123	0.99653286	0.99966389	0.99960756	1.00146711	0.99255812	1.04020536
0.34078720	0.00000000	1.00412309	0.99828231	0.99893367	0.99959880	0.99940223	1.00000000	0.98112774
0.36700159	0.00000000	0.95878565	1.00050044	1.00067079	1.00033903	0.99923635	0.99513537	1.01724970
0.39321601	0.00000000	1.02511322	1.00232053	0.99913424	0.99968743	1.00114799	0.99960679	0.98256731
0.41943040	0.00000000	0.97488052	0.99765211	0.99860168	0.99994218	1.00006795	1.00353515	0.95631945
0.47185919	0.00000000	0.99233925	0.99963689	1.00101423	1.00003994	0.99968064	0.99830377	0.91081083
0.52428800	0.00000000	1.01115894	1.00160789	1.00069547	0.99912524	0.99970758	0.99416029	0.98174024
0.57671678	0.00000000	0.98949271	0.99843282	1.00005925	0.99980402	1.00056684	1.00307763	1.01046121
0.62914562	0.00000000	0.96950150	0.99939162	0.99997163	0.99932003	0.99942368	0.99404824	0.96808189
0.68157440	0.00000000	0.98658878	1.00263810	0.99943274	0.99949533	0.99968672	1.01003802	0.96650845
0.73400319	0.00000000	0.98529601	0.99975544	1.00093091	0.99960852	1.00107276	1.00290775	0.99831933
0.78643203	0.00000000	0.97759116	0.99728966	0.99932086	0.99913669	0.99947590	0.98671246	1.00971174
0.83886081	0.00000000	0.99399483	1.00248921	0.99874872	0.99978161	1.00044739	1.00556719	0.95795107
0.94371837	0.00000000	0.98415095	1.00106454	1.00070083	0.99976671	0.99960375	0.99101686	1.05008316
1.04857600	0.00000000	1.02422142	1.00087893	0.99969208	0.99992931	1.00022745	1.00902867	0.99018782
1.15343356	0.00000000	1.01832306	0.99951810	0.99938905	0.99953514	1.00032592	0.99889880	1.01433873
1.25829124	0.00000000	1.00853956	0.99647194	0.99981129	0.99977392	0.99962574	0.98996073	0.98750001
1.36314881	0.00000000	1.02608013	1.00045812	0.99968123	0.99932146	1.00007379	1.00729442	1.01410937
1.46800637	0.00000000	1.00154734	0.99989808	1.00084031	1.00082994	1.00021827	1.00275934	0.97600001
1.57286406	0.00000000	1.01253557	1.00257063	0.99975485	1.00004601	0.99957389	0.99608612	1.00000000
1.67772162	0.00000000	1.00915754	0.99777162	1.00028944	0.99938637	1.00041270	1.00041926	1.00000000
1.88743675	0.00000000	0.00000000	0.00000000	0.00000000	0.00000000	0.00000000	0.00000000	0.00000000
2.09715199	0.00000000	0.00000000	0.00000000	0.00000000	0.00000000	0.00000000	0.00000000	0.00000000
2.30686712	0.00000000	0.00000000	0.00000000	0.00000000	0.00000000	0.00000000	0.00000000	0.00000000
2.51658249	0.00000000	0.00000000	0.00000000	0.00000000	0.00000000	0.00000000	0.00000000	0.00000000
2.72629762	0.00000000	0.00000000	0.00000000	0.00000000	0.00000000	0.00000000	0.00000000	0.00000000
2.93601274	0.00000000	0.00000000	0.00000000	0.00000000	0.00000000	0.00000000	0.00000000	0.00000000
3.14572811	0.00000000	0.00000000	0.00000000	0.00000000	0.00000000	0.00000000	0.00000000	0.00000000
3.35544324	0.00000000	0.00000000	0.00000000	0.00000000	0.00000000	0.00000000	0.00000000	0.00000000
3.77487350	0.00000000	0.00000000	0.00000000	0.00000000	0.00000000	0.00000000	0.00000000	0.00000000
4.19430399	0.00000000	0.00000000	0.00000000	0.00000000	0.00000000	0.00000000	0.00000000	0.00000000
4.61373425	0.00000000	0.00000000	0.00000000	0.00000000	0.00000000	0.00000000	0.00000000	0.00000000
5.03316498	0.00000000	0.00000000	0.00000000	0.00000000	0.00000000	0.00000000	0.00000000	0.00000000
5.45259523	0.00000000	0.00000000	0.00000000	0.00000000	0.00000000	0.00000000	0.00000000	0.00000000
5.87202549	0.00000000	0.00000000	0.00000000	0.00000000	0.00000000	0.00000000	0.00000000	0.00000000
6.29145622	0.00000000	0.00000000	0.00000000	0.00000000	0.00000000	0.00000000	0.00000000	0.00000000
6.71088648	0.00000000	0.00000000	0.00000000	0.00000000	0.00000000	0.00000000	0.00000000	0.00000000
7.54974699	0.00000000	0.00000000	0.00000000	0.00000000	0.00000000	0.00000000	0.00000000	0.00000000
8.38860798	0.00000000	0.00000000	0.00000000	0.00000000	0.00000000	0.00000000	0.00000000	0.00000000
9.22746849	0.00000000	0.00000000	0.00000000	0.00000000	0.00000000	0.00000000	0.00000000	0.00000000
10.06632996	0.00000000	0.00000000	0.00000000	0.00000000	0.00000000	0.00000000	0.00000000	0.00000000
10.90519047	0.00000000	0.00000000	0.00000000	0.00000000	0.00000000	0.00000000	0.00000000	0.00000000
11.74405098	0.00000000	0.00000000	0.00000000	0.00000000	0.00000000	0.00000000	0.00000000	0.00000000
12.58291245	0.00000000	0.00000000	0.00000000	0.00000000	0.00000000	0.00000000	0.00000000	0.00000000
13.42177296	0.00000000	0.00000000	0.00000000	0.00000000	0.00000000	0.00000000	0.00000000	0.00000000
15.09949398	0.00000000	0.00000000	0.00000000	0.00000000	0.00000000	0.00000000	0.00000000	0.00000000
16.77721596	0.00000000	0.00000000	0.00000000	0.00000000	0.00000000	0.00000000	0.00000000	0.00000000
18.45493698	0.00000000	0.00000000	0.00000000	0.00000000	0.00000000	0.00000000	0.00000000	0.00000000
20.13265991	0.00000000	0.00000000	0.00000000	0.00000000	0.00000000	0.00000000	0.00000000	0.00000000
21.81038094	0.00000000	0.00000000	0.00000000	0.00000000	0.00000000	0.00000000	0.00000000	0.00000000
23.48810196	0.00000000	0.00000000	0.00000000	0.00000000	0.00000000	0.00000000	0.00000000	0.00000000
25.16582489	0.00000000	0.00000000	0.00000000	0.00000000	0.00000000	0.00000000	0.00000000	0.00000000
26.84354591	0.00000000	0.00000000	0.00000000	0.00000000	0.00000000	0.00000000	0.00000000	0.00000000
30.19898796	0.00000000	0.00000000	0.00000000	0.00000000	0.00000000	0.00000000	0.00000000	0.00000000
33.55443192	0.00000000	0.00000000	0.00000000	0.00000000	0.00000000	0.00000000	0.00000000	0.00000000
36.90987396	0.00000000	0.00000000	0.00000000	0.00000000	0.00000000	0.00000000	0.00000000	0.00000000
40.26531982	0.00000000	0.00000000	0.00000000	0.00000000	0.00000000	0.00000000	0.00000000	0.00000000
43.62076187	0.00000000	0.00000000	0.00000000	0.00000000	0.00000000	0.00000000	0.00000000	0.00000000
46.97620392	0.00000000	0.00000000	0.00000000	0.00000000	0.00000000	0.00000000	0.00000000	0.00000000
50.33164978	0.00000000	0.00000000	0.00000000	0.00000000	0.00000000	0.00000000	0.00000000	0.00000000
53.68709183	0.00000000	0.00000000	0.00000000	0.00000000	0.00000000	0.00000000	0.00000000	0.00000000
60.39797592	0.00000000	0.00000000	0.00000000	0.00000000	0.00000000	0.00000000	0.00000000	0.00000000
67.10886383	0.00000000	0.00000000	0.00000000	0.00000000	0.00000000	0.00000000	0.00000000	0.00000000
73.81974792	0.00000000	0.00000000	0.00000000	0.00000000	0.00000000	0.00000000	0.00000000	0.00000000
80.53063965	0.00000000	0.00000000	0.00000000	0.00000000	0.00000000	0.00000000	0.00000000	0.00000000
87.24152374	0.00000000	0.00000000	0.00000000	0.00000000	0.00000000	0.00000000	0.00000000	0.00000000
93.95240784	0.00000000	0.00000000	0.00000000	0.00000000	0.00000000	0.00000000	0.00000000	0.00000000
100.66329956	0.00000000	0.00000000	0.00000000	0.00000000	0.00000000	0.00000000	0.00000000	0.00000000
107.37418365	0.00000000	0.00000000	0.00000000	0.00000000	0.00000000	0.00000000	0.00000000	0.00000000
120.79595184	0.00000000	0.00000000	0.00000000	0.00000000	0.00000000	0.00000000	0.00000000	0.00000000
134.21772766	0.00000000	0.00000000	0.00000000	0.00000000	0.00000000	0.00000000	0.00000000	0.00000000
147.63949585	0.00000000	0.00000000	0.00000000	0.00000000	0.00000000	0.00000000	0.00000000	0.00000000
161.06127930	0.00000000	0.00000000	0.00000000	0.00000000	0.00000000	0.00000000	0.00000000	0.00000000
174.48304749	0.00000000	0.00000000	0.00000000	0.00000000	0.00000000	0.00000000	0.00000000	0.00000000
187.90481567	0.00000000	0.00000000	0.00000000	0.00000000	0.00000000	0.00000000	0.00000000	0.00000000
201.32659912	0.00000000	0.00000000	0.00000000	0.00000000	0.00000000	0.00000000	0.00000000	0.00000000
214.74836731	0.00000000	0.00000000	0.00000000	0.00000000	0.00000000	0.00000000	0.00000000	0.00000000
241.59190369	0.00000000	0.00000000	0.00000000	0.00000000	0.00000000	0.00000000	0.00000000	0.00000000
268.43545532	0.00000000	0.00000000	0.00000000	0.00000000	0.00000000	0.00000000	0.00000000	0.00000000
295.27899170	0.00000000	0.00000000	0.00000000	0.00000000	0.00000000	0.00000000	0.00000000	0.00000000
322.12255859	0.00000000	0.00000000	0.00000000	0.00000000	0.00000000	0.00000000	0.00000000	0.00000000
348.96609497	0.00000000	0.00000000	0.00000000	0.00000000	0.00000000	0.00000000	0.00000000	0.00000000
375.80963135	0.00000000	0.00000000	0.00000000	0.00000000	0.00000000	0.00000000	0.00000000	0.00000000
402.65319824	0.00000000	0.00000000	0.00000000	0.00000000	0.00000000	0.00000000	0.00000000	0.00000000
429.49673462	0.00000000	0.00000000	0.00000000	0.00000000	0.00000000	0.00000000	0.00000000	0.00000000
483.18380737	0.00000000	0.00000000	0.00000000	0.00000000	0.00000000	0.00000000	0.00000000	0.00000000
536.87091064	0.00000000	0.00000000	0.00000000	0.00000000	0.00000000	0.00000000	0.00000000	0.00000000
590.55798340	0.00000000	0.00000000	0.00000000	0.00000000	0.00000000	0.00000000	0.00000000	0.00000000
644.24511719	0.00000000	0.00000000	0.00000000	0.00000000	0.00000000	0.00000000	0.00000000	0.00000000
697.93218994	0.00000000	0.00000000	0.00000000	0.00000000	0.00000000	0.00000000	0.00000000	0.00000000
751.61926270	0.00000000	0.00000000	0.00000000	0.00000000	0.00000000	0.00000000	0.00000000	0.00000000
805.30639648	0.00000000	0.00000000	0.00000000	0.00000000	0.00000000	0.00000000	0.00000000	0.00000000
858.99346924	0.00000000	0.00000000	0.00000000	0.00000000	0.00000000	0.00000000	0.00000000	0.00000000
966.36761475	0.00000000	0.00000000	0.00000000	0.00000000	0.00000000	0.00000000	0.00000000	0.00000000
1073.74182129	0.00000000	0.00000000	0.00000000	0.00000000	0.00000000	0.00000000	0.00000000	0.00000000
1181.11596680	0.00000000	0.00000000	0.00000000	0.00000000	0.00000000	0.00000000	0.00000000	0.00000000
1288.49023437	0.00000000	0.00000000	0.00000000	0.00000000	0.00000000	0.00000000	0.00000000	0.00000000
1395.86437988	0.00000000	0.00000000	0.00000000	0.00000000	0.00000000	0.00000000	0.00000000	0.00000000
1503.23852539	0.00000000	0.00000000	0.00000000	0.00000000	0.00000000	0.00000000	0.00000000	0.00000000
1610.61279297	0.00000000	0.00000000	0.00000000	0.00000000	0.00000000	0.00000000	0.00000000	0.00000000
1717.98693848	0.00000000	0.00000000	0.00000000	0.00000000	0.00000000	0.00000000	0.00000000	0.00000000
1932.73522949	0.00000000	0.00000000	0.00000000	0.00000000	0.00000000	0.00000000	0.00000000	0.00000000
2147.48364258	0.00000000	0.00000000	0.00000000	0.00000000	0.00000000	0.00000000	0.00000000	0.00000000
2362.23193359	0.00000000	0.00000000	0.00000000	0.00000000	0.00000000	0.00000000	0.00000000	0.00000000
2576.98046875	0.00000000	0.00000000	0.00000000	0.00000000	0.00000000	0.00000000	0.00000000	0.00000000
2791.72875977	0.00000000	0.00000000	0.00000000	0.00000000	0.00000000	0.00000000	0.00000000	0.00000000
3006.47705078	0.00000000	0.00000000	0.00000000	0.00000000	0.00000000	0.00000000	0.00000000	0.00000000
3221.22558594	0.00000000	0.00000000	0.00000000	0.00000000	0.00000000	0.00000000	0.00000000	0.00000000
3435.97387695	0.00000000	0.00000000	0.00000000	0.00000000	0.00000000	0.00000000	0.00000000	0.00000000
0	0	0	0	0	0	0	0	0
