%4/4/2019 1:12:07 PM
%Duration	ID1		ID2		ID3		ID4		ID5		ID6		ID7		ID8
1000.000000	0.000000	0.429153	361.566559	199.451447	78.716278	24.547577	0.543594	0.190735
%Tau		Tau1		Tau2		Tau3		Tau4		Tau5		Tau6		Tau7		Tau8
%		0.000000	0.000001	0.000307	0.000192	0.000141	0.000032	0.000001	0.000002
%Delaytime	D1		D2		D3		D4		D5		D6		D7		D8
0.00000020	0.00000000	123.45790863	1.53807747	1.49812114	1.69275856	5.05514956	88.81177521	0.00000000
0.00000040	0.00000000	0.00000000	1.47339952	1.55685985	1.57515991	1.40822029	0.00000000	248.18367004
0.00000060	0.00000000	0.00000000	1.47218978	1.52720809	1.57847250	1.46238256	0.00000000	0.00000000
0.00000080	0.00000000	0.00000000	1.45243156	1.55573022	1.47081172	1.53459907	0.00000000	0.00000000
0.00000100	0.00000000	0.00000000	1.47541571	1.55290627	1.59503567	1.60681546	0.00000000	0.00000000
0.00000120	0.00000000	61.72895432	1.47694790	1.50292182	1.57019091	1.35405791	0.00000000	0.00000000
0.00000140	0.00000000	0.00000000	1.48025441	1.50433385	1.50062549	1.42627442	0.00000000	0.00000000
0.00000160	0.00000000	0.00000000	1.48460925	1.52777290	1.43271637	1.51654494	0.00000000	0.00000000
0.00000180	0.00000000	0.00000000	1.46331882	1.51167619	1.55694032	1.66097772	0.00000000	0.00000000
0.00000200	0.00000000	0.00000000	1.46904469	1.50094509	1.53872085	1.85957289	0.00000000	0.00000000
0.00000220	0.00000000	0.00000000	1.47509313	1.50207472	1.49234390	1.48043668	0.00000000	0.00000000
0.00000240	0.00000000	0.00000000	1.46864140	1.53059685	1.45424855	1.82346475	0.00000000	0.00000000
0.00000260	0.00000000	0.00000000	1.48041570	1.51930094	1.42277849	1.57070720	0.00000000	0.00000000
0.00000280	0.00000000	0.00000000	1.45202839	1.51506495	1.41780949	1.49849081	0.00000000	0.00000000
0.00000300	0.00000000	0.00000000	1.46420586	1.51252341	1.58012879	1.37211204	0.00000000	0.00000000
0.00000320	0.00000000	0.00000000	1.45606065	1.49106109	1.50228179	1.13740873	0.00000000	0.00000000
0.00000360	0.00000000	0.00000000	1.46670592	1.48315406	1.43934166	1.59778833	22.20294380	0.00000000
0.00000400	0.00000000	0.00000000	1.46827853	1.51675940	1.52878296	1.38113916	22.20294380	0.00000000
0.00000440	0.00000000	0.00000000	1.44593966	1.48767233	1.53954899	1.25476038	0.00000000	0.00000000
0.00000480	0.00000000	0.00000000	1.45718968	1.48089480	1.50393808	1.48043668	0.00000000	0.00000000
0.00000520	0.00000000	0.00000000	1.46223009	1.49529707	1.53954899	1.55265307	0.00000000	0.00000000
0.00000560	0.00000000	0.00000000	1.45505261	1.52170134	1.48903120	1.09227347	0.00000000	0.00000000
0.00000600	0.00000000	0.00000000	1.45585907	1.48061240	1.49896920	1.43530142	0.00000000	0.00000000
0.00000640	0.00000000	0.00000000	1.44779444	1.50306308	1.50973523	1.36308503	0.00000000	0.00000000
0.00000720	0.00000000	0.00000000	1.44827831	1.49670911	1.51677454	1.41273379	0.00000000	0.00000000
0.00000800	0.00000000	15.43223858	1.45854056	1.50645185	1.49689877	1.28635502	0.00000000	0.00000000
0.00000880	0.00000000	0.00000000	1.45134294	1.48830771	1.51594639	1.45786905	0.00000000	0.00000000
0.00000960	0.00000000	0.00000000	1.45539534	1.48025942	1.50062549	1.53911257	0.00000000	0.00000000
0.00001040	0.00000000	0.00000000	1.45731068	1.46310377	1.45134997	1.58424783	0.00000000	0.00000000
0.00001120	0.00000000	0.00000000	1.45335901	1.48908436	1.49400020	1.54362607	0.00000000	0.00000000
0.00001200	0.00000000	15.43223858	1.45204854	1.50066268	1.47495258	1.46689618	0.00000000	0.00000000
0.00001280	0.00000000	0.00000000	1.44942760	1.47390544	1.45921755	1.31794977	0.00000000	0.00000000
0.00001440	0.00000000	0.00000000	1.44659483	1.48220086	1.49089456	1.32697678	0.00000000	0.00000000
0.00001600	0.00000000	0.00000000	1.44552636	1.47418785	1.45652592	1.38565266	0.00000000	0.00000000
0.00001760	0.00000000	0.00000000	1.44416535	1.47090495	1.46315122	1.49397731	0.00000000	0.00000000
0.00001920	0.00000000	7.71611929	1.44580853	1.46310377	1.45983863	1.41273379	0.00000000	0.00000000
0.00002080	0.00000000	0.00000000	1.43664515	1.45276093	1.44596696	1.46012580	0.00000000	0.00000000
0.00002240	0.00000000	0.00000000	1.43887305	1.45321977	1.41201234	1.37888241	0.00000000	0.00000000
0.00002400	0.00000000	0.00000000	1.44379246	1.44877207	1.42257142	1.39242291	0.00000000	0.00000000
0.00002560	0.00000000	0.00000000	1.43884277	1.46056211	1.42215729	1.37662554	0.00000000	0.00000000
0.00002880	0.00000000	0.00000000	1.43397462	1.43072474	1.42109132	1.36436713	0.00000000	0.00000000
0.00003200	0.00000000	0.00000000	1.42511892	1.43956971	1.41984499	1.35317838	0.00000000	0.00000000
0.00003520	0.00000000	0.00000000	1.42654645	1.42847550	1.40717435	1.36999106	0.00000000	0.00000000
0.00003840	0.00000000	3.91795087	1.42197526	1.41858315	1.38837600	1.39023721	0.00000000	0.00000000
0.00004160	0.00000000	0.00000000	1.41391921	1.41604972	1.40655112	1.30137897	2.77536798	0.00000000
0.00004480	0.00000000	0.00000000	1.41437232	1.40362585	1.36801982	1.30362856	0.00000000	0.00000000
0.00004800	0.00000000	0.00000000	1.41255033	1.40470004	1.37674391	1.29125595	0.00000000	0.00000000
0.00005120	0.00000000	0.00000000	1.40594697	1.39688981	1.34942913	1.23164225	5.55073595	0.00000000
0.00005760	0.00000000	3.87786984	1.39738059	1.38524079	1.34252119	1.27799332	1.38768399	0.00000000
0.00006400	0.00000000	1.93893492	1.38930523	1.37344313	1.33471406	1.21304882	1.38768399	0.00000000
0.00007040	0.00000000	0.00000000	1.38388121	1.36944294	1.32867646	1.23846185	1.38768399	0.00000000
0.00007680	0.00000000	1.93893492	1.37758482	1.35503864	1.31535220	1.22090173	1.38768399	0.00000000
0.00008320	0.00000000	0.00000000	1.37044835	1.34126592	1.30556726	1.22818923	1.38768399	0.00000000
0.00008960	0.00000000	3.87786984	1.36346316	1.33503449	1.27501523	1.23609471	1.38768399	0.00000000
0.00009600	0.00000000	1.93893492	1.35530400	1.32292128	1.28375924	1.24851787	1.38768399	0.00000000
0.00010240	0.00000000	3.87786984	1.34820235	1.30964851	1.27151108	1.19430804	0.00000000	0.00000000
0.00011520	0.00000000	0.00000000	1.33641195	1.29553914	1.25671566	1.14261508	1.38768399	0.00000000
0.00012800	0.00000000	2.89354467	1.32050395	1.27501369	1.22058558	1.11269045	1.38768399	0.00000000
0.00014080	0.00000000	1.92902982	1.30802774	1.26287067	1.21540177	1.10874474	2.08152604	0.00000000
0.00015360	0.00000000	0.00000000	1.29546475	1.24698210	1.20555520	1.10705364	1.38768399	0.00000000
0.00016640	0.00000000	0.96451491	1.28727984	1.23173404	1.18691969	1.10423529	2.08152604	0.00000000
0.00017920	0.00000000	0.00000000	1.26856327	1.21623099	1.16832542	1.12396383	2.77536798	0.00000000
0.00019200	0.00000000	1.92902982	1.25772858	1.20692778	1.15708244	1.09831679	1.38768399	0.00000000
0.00020480	0.00000000	0.00000000	1.25037050	1.18934441	1.13895166	1.08647966	1.38768399	4.17202377
0.00023040	0.00000000	2.39289618	1.22656155	1.16932130	1.12232876	1.05198276	0.34995088	0.00000000
0.00025600	0.00000000	0.47857922	1.20692968	1.15331733	1.09681058	1.04105091	1.39980352	0.00000000
0.00028160	0.00000000	0.95715845	1.18877423	1.12861037	1.08999491	1.05763316	0.69990176	0.00000000
0.00030720	0.00000000	0.47857922	1.17267966	1.11640942	1.07257235	1.02908278	0.69990176	0.00000000
0.00033280	0.00000000	0.00000000	1.15773022	1.10039759	1.05448365	1.03294420	0.34995088	2.15421486
0.00035840	0.00000000	1.43573761	1.14534152	1.08902073	1.04939771	0.99623829	0.34995088	0.00000000
0.00038400	0.00000000	0.47857922	1.13061750	1.08349717	1.03826249	1.00419796	1.39980352	2.15421486
0.00040960	0.00000000	0.95715845	1.11839366	1.07039559	1.04105330	1.01102734	1.04985261	2.15421486
0.00046080	0.00000000	1.16947639	1.09708190	1.05152726	1.02858043	0.99876243	0.52492630	0.00000000
0.00051200	0.00000000	1.40337169	1.08112991	1.04000378	1.01888382	0.99208599	0.69838023	2.10838175
0.00056320	0.00000000	1.40337169	1.06533301	1.03067768	1.00937080	0.97832662	0.34919012	0.00000000
0.00061440	0.00000000	1.16947639	1.05315912	1.02330673	1.00661564	1.00295234	1.04757035	1.05419087
0.00066560	0.00000000	1.16947639	1.04564786	1.01715791	1.00428569	0.98368925	0.34919012	0.00000000
0.00071680	0.00000000	0.93558109	1.03822982	1.01423502	1.00536013	0.99544591	0.52378517	2.10838175
0.00076800	0.00000000	0.93558109	1.03274107	1.00870693	1.00600994	1.00737119	1.39676046	1.05419087
0.00081920	0.00000000	0.46779054	1.02563071	1.01064682	1.00713694	1.00278461	1.22216535	1.05419087
0.00092160	0.00000000	1.27355981	1.01903665	1.00896347	1.01011992	0.99705398	0.78738946	0.51328319
0.00102400	0.00000000	1.50511622	1.01274765	1.00329053	1.00741065	0.99524939	0.96236491	0.00000000
0.00112640	0.00000000	0.92622536	1.00920141	0.99785978	1.00444388	0.98620290	1.22482800	0.00000000
0.00122880	0.00000000	1.27355981	1.00809824	0.99536973	0.99590105	0.99431372	1.22750235	0.51328319
0.00133120	0.00000000	0.69466901	1.00933123	0.99521911	0.99026704	0.99817681	0.78910863	1.02656639
0.00143360	0.00000000	1.27355981	1.00804782	0.99341094	0.99336392	0.99979579	0.96446615	1.53984964
0.00153600	0.00000000	0.57889086	1.00435817	0.99422270	0.99446231	0.99396181	1.31518114	0.51328319
0.00163840	0.00000000	0.57889086	1.00087404	0.99753946	0.99808007	0.99306309	0.78910863	0.51328319
0.00184320	0.00000000	0.89278102	0.99878085	0.99698395	0.99531281	0.99823016	0.83659333	1.26312327
0.00204800	0.00000000	1.19037473	0.99638289	1.00489855	0.99894726	1.00442779	0.96868700	1.51574790
0.00225280	0.00000000	1.01181853	0.99791640	1.00665832	1.00039768	0.99414963	1.62915540	1.26312327
0.00245760	0.00000000	0.65470606	1.00129259	1.00796711	0.99826282	0.99404430	1.36496806	0.50524932
0.00266240	0.00000000	1.07133722	1.00292242	1.00603974	1.00189173	0.98805004	1.01271820	0.25395426
0.00286720	0.00000000	0.53566861	1.00173271	0.99856848	1.00817883	0.99684465	0.96868700	1.77767980
0.00307200	0.00000000	1.30941212	0.99893391	0.99272013	1.00649393	0.99718660	0.92465580	1.26977134
0.00327680	0.00000000	0.59368056	1.00130212	0.99254465	1.01168001	1.00301433	1.01271820	1.26977134
0.00368640	0.00000000	0.89733601	1.00243342	1.00122619	0.99987143	0.99852681	0.82355273	1.01049864
0.00409600	0.00000000	0.83751363	1.00023603	0.99741024	0.99859232	1.00334156	1.13766766	1.01049864
0.00450560	0.00000000	0.92724723	1.00183511	0.99577075	1.00011933	0.99332982	1.17968357	0.75787395
0.00491520	0.00000000	0.98706967	1.00499797	0.99442446	0.99908626	0.99898309	1.28532469	1.13681090
0.00532480	0.00000000	0.98706967	1.00589037	1.00022531	0.99830133	0.99912417	0.99723470	1.01049864
0.00573440	0.00000000	0.89733601	1.00298107	1.00492907	0.99994624	0.99778956	0.66482311	0.88418627
0.00614400	0.00000000	0.86742485	1.00239027	0.99927300	1.00130153	1.00185883	1.19406879	1.01049864
0.00655360	0.00000000	1.28618169	1.00113583	0.99829859	1.00809538	0.99783915	0.88449544	1.01049864
0.00737280	0.00000000	0.86964333	0.99603206	1.00201797	0.99808383	0.99718565	1.15137398	1.29893422
0.00819200	0.00000000	1.01958179	0.99650145	1.00246620	1.00441229	0.99777818	0.98152667	0.92781013
0.00901120	0.00000000	1.21450186	0.99885243	0.99783278	1.00280368	1.00416613	0.91460437	0.79995728
0.00983040	0.00000000	1.01958179	0.99572384	0.99903589	0.99717832	1.00097179	0.92575812	0.36921105
0.01064960	0.00000000	0.92961872	0.99541199	0.99935108	0.99924314	1.00450790	0.95710641	0.61535174
0.01146880	0.00000000	1.01958179	0.99814445	0.99535304	0.99525356	0.99447393	1.00162303	1.42264223
0.01228800	0.00000000	0.97460026	0.99492025	0.99571943	0.99889868	1.00357902	0.77732795	0.87046629
0.01310720	0.00000000	0.89505273	0.99091595	0.99918449	1.00428951	1.00322270	0.87727010	0.93752545
0.01474560	0.00000000	1.19340360	0.99424332	0.99970669	0.99985689	1.00386012	0.95636070	0.92781013
0.01638400	0.00000000	0.98455799	0.99635035	1.00034332	1.00159180	1.00363505	0.93424827	0.86595613
0.01802240	0.00000000	1.03457570	1.00429857	1.00171661	1.00303137	0.99876988	0.95083255	1.26800716
0.01966080	0.00000000	1.04207253	1.00241029	1.00336778	1.00168586	1.00537848	1.04618001	1.14429915
0.02129920	0.00000000	0.96710336	1.00134349	0.99974102	1.00197983	0.99770772	0.94392550	0.79995728
0.02293760	0.00000000	1.10204804	0.99575132	0.99174815	1.00313866	1.00021470	1.09143376	0.92302763
0.02457600	0.00000000	0.83965564	0.99678832	0.99532562	0.99786347	1.00234020	1.10009122	1.02590668
0.02621440	0.00000000	0.87267643	0.99617159	1.00179541	0.99782258	0.99944711	1.02495050	1.03127801
0.02949120	0.00000000	1.06624103	0.99962592	1.00001013	1.00085962	1.00039029	0.95359659	0.87687624
0.03276800	0.00000000	1.06624103	1.00611246	1.00250566	0.99967569	1.00129771	0.94670177	0.91826975
0.03604480	0.00000000	1.06247342	1.00175619	0.99711263	1.00194979	0.99816138	0.98400116	1.12886596
0.03932160	0.00000000	1.06456339	0.99701452	1.00218856	1.00415695	0.99869621	1.03651810	1.05705190
0.04259840	0.00000000	1.10204804	1.00048816	0.99615836	0.99520409	1.00161910	0.96382600	1.05705190
0.04587520	0.00000000	1.01583338	1.00176203	1.00112593	0.99979538	1.00255442	0.94735038	0.77724403
0.04915200	0.00000000	0.95960641	1.00344098	0.99684435	1.00062013	0.99930423	0.99186575	0.87051332
0.05242880	0.00000000	0.93473715	1.00224352	1.00266767	0.99935907	0.99606663	0.99620652	1.23450899
0.05898240	0.00000000	1.08412683	0.99586046	0.99885333	1.00213706	1.00200272	1.05346429	0.95884013
0.06553600	0.00000000	1.00281167	1.00363600	0.99886602	0.99935234	1.00058770	1.01843107	0.94834006
0.07208960	0.00000000	0.97480816	0.99713898	0.99834180	1.00051534	1.00057852	0.95138448	1.05716598
0.07864320	0.00000000	1.12277412	1.00526738	0.99790394	1.00122225	1.00198948	0.99221641	1.07838833
0.08519680	0.00000000	0.96476150	1.00399613	0.99872810	0.99782586	0.99725246	0.98677212	0.86877829
0.09175040	0.00000000	1.08903468	1.00363219	0.99997032	0.99980080	1.00121653	0.98813319	0.82928836
0.09830400	0.00000000	0.98024708	0.99767494	1.00262547	0.99918717	1.00008798	1.05482543	0.89413720
0.10485760	0.00000000	0.95758241	0.99366832	0.99961692	1.00100088	0.99921203	1.05431461	0.95565611
0.11796480	0.00000000	0.96226639	1.00151384	0.99986374	0.99934125	0.99975049	1.00891674	0.96628475
0.13107200	0.00000000	1.03405249	1.00054634	1.00093675	0.99899554	1.00100207	1.02071607	1.04983926
0.14417920	0.00000000	1.00179923	1.00315964	1.00003982	0.99686551	1.00053453	0.97837228	0.90658605
0.15728641	0.00000000	0.97148323	1.00149584	1.00078094	0.99731541	1.00065327	0.98070031	0.98706317
0.17039360	0.00000000	1.02102721	0.99938375	0.99989033	0.99945688	1.00066495	1.00432515	1.01032972
0.18350080	0.00000000	0.99218816	0.99843115	1.00168324	0.99928933	0.99967414	0.99638289	1.19734061
0.19660801	0.00000000	0.98132008	0.99795705	0.99913001	0.99905860	1.00116158	0.98601633	1.04594600
0.20971520	0.00000000	0.98935348	1.00106227	0.99923331	1.00044203	1.00133932	0.98039341	0.94689274
0.23592959	0.00000000	0.98880565	0.99965531	1.00057793	0.99963874	0.99911863	1.01405680	1.05771768
0.26214400	0.00000000	0.95567298	0.99958885	0.99867553	0.99992603	0.99827057	0.97520465	0.95586205
0.28835839	0.00000000	0.98274183	0.99960059	1.00020576	1.00059843	0.99961907	0.98815703	0.99616855
0.31457281	0.00000000	0.97856176	0.99737626	1.00088823	0.99955642	0.99896079	0.99619937	0.99880224
0.34078720	0.00000000	0.95815814	1.00045943	1.00157046	0.99992895	0.99972916	0.98981261	1.01594901
0.36700159	0.00000000	1.01430106	0.99975610	0.99834377	1.00109243	1.00033343	0.97346765	1.03288329
0.39321601	0.00000000	1.00918913	0.99848557	0.99856132	0.99962628	0.99956673	0.99777281	0.91981590
0.41943040	0.00000000	0.94396627	0.99976510	1.00037301	1.00034678	0.99996424	1.03268206	1.02837288
0.47185919	0.00000000	0.99907088	1.00030792	0.99980271	1.00029051	0.99957687	0.98892272	1.00124538
0.52428800	0.00000000	1.00544667	0.99991381	1.00124478	0.99942565	0.99940038	1.02080655	1.01240551
0.57671678	0.00000000	1.02516830	0.99958980	0.99893409	1.00031435	0.99973381	0.98345649	0.96635777
0.62914562	0.00000000	1.00782192	0.99827379	0.99958450	0.99912816	0.99980861	1.01077843	0.99098355
0.68157440	0.00000000	0.99745548	1.00033724	0.99917525	1.00112271	0.99994528	0.98524779	1.02211761
0.73400319	0.00000000	0.98481530	1.00039732	0.99878001	1.00028741	1.00023603	1.01982558	0.98571426
0.78643203	0.00000000	0.98596269	0.99962020	1.00063765	1.00163043	1.00103474	0.98347169	0.95953441
0.83886081	0.00000000	1.00249147	1.00063026	0.99919742	0.99877119	1.00017869	1.00926244	1.00326800
0.94371837	0.00000000	1.00872922	1.00067663	1.00006127	0.99918026	1.00049436	0.99676275	0.98068821
1.04857600	0.00000000	0.97448981	0.99870467	0.99980772	1.00024116	0.99972677	1.00293386	0.98313254
1.15343356	0.00000000	1.00323701	0.99812126	0.99880350	1.00128520	0.99995416	1.01773047	0.99531251
1.25829124	0.00000000	0.99571776	0.99938017	0.99992979	0.99845105	0.99971026	1.02082610	0.96792454
1.36314881	0.00000000	1.04264820	0.99990886	1.00053012	0.99918216	0.99977881	0.96403098	1.05363071
1.46800637	0.00000000	1.03778756	1.00067091	0.99845278	1.00294042	1.00045335	1.00890803	0.95356894
1.57286406	0.00000000	0.99711609	0.99949837	1.00010765	0.99940175	0.99977052	0.99187499	1.06318676
1.67772162	0.00000000	0.98989898	1.00015700	1.00029731	0.99758494	1.00031292	1.03008270	0.92982459
1.88743675	0.00000000	0.00000000	0.00000000	0.00000000	0.00000000	0.00000000	0.00000000	0.00000000
2.09715199	0.00000000	0.00000000	0.00000000	0.00000000	0.00000000	0.00000000	0.00000000	0.00000000
2.30686712	0.00000000	0.00000000	0.00000000	0.00000000	0.00000000	0.00000000	0.00000000	0.00000000
2.51658249	0.00000000	0.00000000	0.00000000	0.00000000	0.00000000	0.00000000	0.00000000	0.00000000
2.72629762	0.00000000	0.00000000	0.00000000	0.00000000	0.00000000	0.00000000	0.00000000	0.00000000
2.93601274	0.00000000	0.00000000	0.00000000	0.00000000	0.00000000	0.00000000	0.00000000	0.00000000
3.14572811	0.00000000	0.00000000	0.00000000	0.00000000	0.00000000	0.00000000	0.00000000	0.00000000
3.35544324	0.00000000	0.00000000	0.00000000	0.00000000	0.00000000	0.00000000	0.00000000	0.00000000
3.77487350	0.00000000	0.00000000	0.00000000	0.00000000	0.00000000	0.00000000	0.00000000	0.00000000
4.19430399	0.00000000	0.00000000	0.00000000	0.00000000	0.00000000	0.00000000	0.00000000	0.00000000
4.61373425	0.00000000	0.00000000	0.00000000	0.00000000	0.00000000	0.00000000	0.00000000	0.00000000
5.03316498	0.00000000	0.00000000	0.00000000	0.00000000	0.00000000	0.00000000	0.00000000	0.00000000
5.45259523	0.00000000	0.00000000	0.00000000	0.00000000	0.00000000	0.00000000	0.00000000	0.00000000
5.87202549	0.00000000	0.00000000	0.00000000	0.00000000	0.00000000	0.00000000	0.00000000	0.00000000
6.29145622	0.00000000	0.00000000	0.00000000	0.00000000	0.00000000	0.00000000	0.00000000	0.00000000
6.71088648	0.00000000	0.00000000	0.00000000	0.00000000	0.00000000	0.00000000	0.00000000	0.00000000
7.54974699	0.00000000	0.00000000	0.00000000	0.00000000	0.00000000	0.00000000	0.00000000	0.00000000
8.38860798	0.00000000	0.00000000	0.00000000	0.00000000	0.00000000	0.00000000	0.00000000	0.00000000
9.22746849	0.00000000	0.00000000	0.00000000	0.00000000	0.00000000	0.00000000	0.00000000	0.00000000
10.06632996	0.00000000	0.00000000	0.00000000	0.00000000	0.00000000	0.00000000	0.00000000	0.00000000
10.90519047	0.00000000	0.00000000	0.00000000	0.00000000	0.00000000	0.00000000	0.00000000	0.00000000
11.74405098	0.00000000	0.00000000	0.00000000	0.00000000	0.00000000	0.00000000	0.00000000	0.00000000
12.58291245	0.00000000	0.00000000	0.00000000	0.00000000	0.00000000	0.00000000	0.00000000	0.00000000
13.42177296	0.00000000	0.00000000	0.00000000	0.00000000	0.00000000	0.00000000	0.00000000	0.00000000
15.09949398	0.00000000	0.00000000	0.00000000	0.00000000	0.00000000	0.00000000	0.00000000	0.00000000
16.77721596	0.00000000	0.00000000	0.00000000	0.00000000	0.00000000	0.00000000	0.00000000	0.00000000
18.45493698	0.00000000	0.00000000	0.00000000	0.00000000	0.00000000	0.00000000	0.00000000	0.00000000
20.13265991	0.00000000	0.00000000	0.00000000	0.00000000	0.00000000	0.00000000	0.00000000	0.00000000
21.81038094	0.00000000	0.00000000	0.00000000	0.00000000	0.00000000	0.00000000	0.00000000	0.00000000
23.48810196	0.00000000	0.00000000	0.00000000	0.00000000	0.00000000	0.00000000	0.00000000	0.00000000
25.16582489	0.00000000	0.00000000	0.00000000	0.00000000	0.00000000	0.00000000	0.00000000	0.00000000
26.84354591	0.00000000	0.00000000	0.00000000	0.00000000	0.00000000	0.00000000	0.00000000	0.00000000
30.19898796	0.00000000	0.00000000	0.00000000	0.00000000	0.00000000	0.00000000	0.00000000	0.00000000
33.55443192	0.00000000	0.00000000	0.00000000	0.00000000	0.00000000	0.00000000	0.00000000	0.00000000
36.90987396	0.00000000	0.00000000	0.00000000	0.00000000	0.00000000	0.00000000	0.00000000	0.00000000
40.26531982	0.00000000	0.00000000	0.00000000	0.00000000	0.00000000	0.00000000	0.00000000	0.00000000
43.62076187	0.00000000	0.00000000	0.00000000	0.00000000	0.00000000	0.00000000	0.00000000	0.00000000
46.97620392	0.00000000	0.00000000	0.00000000	0.00000000	0.00000000	0.00000000	0.00000000	0.00000000
50.33164978	0.00000000	0.00000000	0.00000000	0.00000000	0.00000000	0.00000000	0.00000000	0.00000000
53.68709183	0.00000000	0.00000000	0.00000000	0.00000000	0.00000000	0.00000000	0.00000000	0.00000000
60.39797592	0.00000000	0.00000000	0.00000000	0.00000000	0.00000000	0.00000000	0.00000000	0.00000000
67.10886383	0.00000000	0.00000000	0.00000000	0.00000000	0.00000000	0.00000000	0.00000000	0.00000000
73.81974792	0.00000000	0.00000000	0.00000000	0.00000000	0.00000000	0.00000000	0.00000000	0.00000000
80.53063965	0.00000000	0.00000000	0.00000000	0.00000000	0.00000000	0.00000000	0.00000000	0.00000000
87.24152374	0.00000000	0.00000000	0.00000000	0.00000000	0.00000000	0.00000000	0.00000000	0.00000000
93.95240784	0.00000000	0.00000000	0.00000000	0.00000000	0.00000000	0.00000000	0.00000000	0.00000000
100.66329956	0.00000000	0.00000000	0.00000000	0.00000000	0.00000000	0.00000000	0.00000000	0.00000000
107.37418365	0.00000000	0.00000000	0.00000000	0.00000000	0.00000000	0.00000000	0.00000000	0.00000000
120.79595184	0.00000000	0.00000000	0.00000000	0.00000000	0.00000000	0.00000000	0.00000000	0.00000000
134.21772766	0.00000000	0.00000000	0.00000000	0.00000000	0.00000000	0.00000000	0.00000000	0.00000000
147.63949585	0.00000000	0.00000000	0.00000000	0.00000000	0.00000000	0.00000000	0.00000000	0.00000000
161.06127930	0.00000000	0.00000000	0.00000000	0.00000000	0.00000000	0.00000000	0.00000000	0.00000000
174.48304749	0.00000000	0.00000000	0.00000000	0.00000000	0.00000000	0.00000000	0.00000000	0.00000000
187.90481567	0.00000000	0.00000000	0.00000000	0.00000000	0.00000000	0.00000000	0.00000000	0.00000000
201.32659912	0.00000000	0.00000000	0.00000000	0.00000000	0.00000000	0.00000000	0.00000000	0.00000000
214.74836731	0.00000000	0.00000000	0.00000000	0.00000000	0.00000000	0.00000000	0.00000000	0.00000000
241.59190369	0.00000000	0.00000000	0.00000000	0.00000000	0.00000000	0.00000000	0.00000000	0.00000000
268.43545532	0.00000000	0.00000000	0.00000000	0.00000000	0.00000000	0.00000000	0.00000000	0.00000000
295.27899170	0.00000000	0.00000000	0.00000000	0.00000000	0.00000000	0.00000000	0.00000000	0.00000000
322.12255859	0.00000000	0.00000000	0.00000000	0.00000000	0.00000000	0.00000000	0.00000000	0.00000000
348.96609497	0.00000000	0.00000000	0.00000000	0.00000000	0.00000000	0.00000000	0.00000000	0.00000000
375.80963135	0.00000000	0.00000000	0.00000000	0.00000000	0.00000000	0.00000000	0.00000000	0.00000000
402.65319824	0.00000000	0.00000000	0.00000000	0.00000000	0.00000000	0.00000000	0.00000000	0.00000000
429.49673462	0.00000000	0.00000000	0.00000000	0.00000000	0.00000000	0.00000000	0.00000000	0.00000000
483.18380737	0.00000000	0.00000000	0.00000000	0.00000000	0.00000000	0.00000000	0.00000000	0.00000000
536.87091064	0.00000000	0.00000000	0.00000000	0.00000000	0.00000000	0.00000000	0.00000000	0.00000000
590.55798340	0.00000000	0.00000000	0.00000000	0.00000000	0.00000000	0.00000000	0.00000000	0.00000000
644.24511719	0.00000000	0.00000000	0.00000000	0.00000000	0.00000000	0.00000000	0.00000000	0.00000000
697.93218994	0.00000000	0.00000000	0.00000000	0.00000000	0.00000000	0.00000000	0.00000000	0.00000000
751.61926270	0.00000000	0.00000000	0.00000000	0.00000000	0.00000000	0.00000000	0.00000000	0.00000000
805.30639648	0.00000000	0.00000000	0.00000000	0.00000000	0.00000000	0.00000000	0.00000000	0.00000000
858.99346924	0.00000000	0.00000000	0.00000000	0.00000000	0.00000000	0.00000000	0.00000000	0.00000000
966.36761475	0.00000000	0.00000000	0.00000000	0.00000000	0.00000000	0.00000000	0.00000000	0.00000000
1073.74182129	0.00000000	0.00000000	0.00000000	0.00000000	0.00000000	0.00000000	0.00000000	0.00000000
1181.11596680	0.00000000	0.00000000	0.00000000	0.00000000	0.00000000	0.00000000	0.00000000	0.00000000
1288.49023437	0.00000000	0.00000000	0.00000000	0.00000000	0.00000000	0.00000000	0.00000000	0.00000000
1395.86437988	0.00000000	0.00000000	0.00000000	0.00000000	0.00000000	0.00000000	0.00000000	0.00000000
1503.23852539	0.00000000	0.00000000	0.00000000	0.00000000	0.00000000	0.00000000	0.00000000	0.00000000
1610.61279297	0.00000000	0.00000000	0.00000000	0.00000000	0.00000000	0.00000000	0.00000000	0.00000000
1717.98693848	0.00000000	0.00000000	0.00000000	0.00000000	0.00000000	0.00000000	0.00000000	0.00000000
1932.73522949	0.00000000	0.00000000	0.00000000	0.00000000	0.00000000	0.00000000	0.00000000	0.00000000
2147.48364258	0.00000000	0.00000000	0.00000000	0.00000000	0.00000000	0.00000000	0.00000000	0.00000000
2362.23193359	0.00000000	0.00000000	0.00000000	0.00000000	0.00000000	0.00000000	0.00000000	0.00000000
2576.98046875	0.00000000	0.00000000	0.00000000	0.00000000	0.00000000	0.00000000	0.00000000	0.00000000
2791.72875977	0.00000000	0.00000000	0.00000000	0.00000000	0.00000000	0.00000000	0.00000000	0.00000000
3006.47705078	0.00000000	0.00000000	0.00000000	0.00000000	0.00000000	0.00000000	0.00000000	0.00000000
3221.22558594	0.00000000	0.00000000	0.00000000	0.00000000	0.00000000	0.00000000	0.00000000	0.00000000
3435.97387695	0.00000000	0.00000000	0.00000000	0.00000000	0.00000000	0.00000000	0.00000000	0.00000000
0	0	0	0	0	0	0	0	0
