%4/4/2019 1:10:58 PM
%Duration	ID1		ID2		ID3		ID4		ID5		ID6		ID7		ID8
1000.000000	0.000000	0.391006	404.043213	202.751160	80.518723	24.147034	0.543594	0.200272
%Tau		Tau1		Tau2		Tau3		Tau4		Tau5		Tau6		Tau7		Tau8
%		0.000000	0.000001	0.000307	0.000205	0.000141	0.000045	0.000001	0.000001
%Delaytime	D1		D2		D3		D4		D5		D6		D7		D8
0.00000020	0.00000000	242.62483215	1.57199895	1.52413309	1.68634856	4.82050371	50.56790161	801.02850342
0.00000040	0.00000000	48.52496719	1.48473096	1.55194378	1.57403708	1.60683453	101.13580322	0.00000000
0.00000060	0.00000000	48.52496719	1.47377348	1.49414122	1.50363290	1.44964421	0.00000000	0.00000000
0.00000080	0.00000000	0.00000000	1.46438146	1.52058864	1.57906604	1.36231625	0.00000000	0.00000000
0.00000100	0.00000000	0.00000000	1.46649468	1.49932158	1.49022257	1.62430012	0.00000000	0.00000000
0.00000120	0.00000000	0.00000000	1.47956526	1.50259352	1.56062675	1.41471303	0.00000000	0.00000000
0.00000140	0.00000000	0.00000000	1.47361696	1.50395679	1.49357522	1.76402485	0.00000000	0.00000000
0.00000160	0.00000000	0.00000000	1.47846949	1.49332321	1.54218757	1.22259152	0.00000000	0.00000000
0.00000180	0.00000000	0.00000000	1.48692238	1.47914529	1.45669675	1.37978184	0.00000000	0.00000000
0.00000200	0.00000000	0.00000000	1.46665120	1.48105383	1.45502043	1.51950657	0.00000000	0.00000000
0.00000220	0.00000000	0.00000000	1.44152737	1.43115830	1.51201439	1.72909367	0.00000000	0.00000000
0.00000240	0.00000000	0.00000000	1.46790349	1.50504732	1.57738972	1.51950657	0.00000000	0.00000000
0.00000260	0.00000000	0.00000000	1.46923399	1.49632239	1.57738972	1.39724743	0.00000000	0.00000000
0.00000280	0.00000000	0.00000000	1.47111237	1.52522373	1.51536691	1.41471303	0.00000000	0.00000000
0.00000300	0.00000000	0.00000000	1.46117246	1.52358782	1.49860406	1.30991948	50.56790161	0.00000000
0.00000320	0.00000000	0.00000000	1.47111237	1.45787835	1.44328642	1.50204098	0.00000000	0.00000000
0.00000360	0.00000000	0.00000000	1.47686505	1.48446202	1.50111842	1.41471303	0.00000000	133.50476074
0.00000400	0.00000000	0.00000000	1.46324658	1.49618614	1.53296804	1.48457539	0.00000000	0.00000000
0.00000440	0.00000000	0.00000000	1.46727729	1.48473465	1.49189889	1.58936894	0.00000000	0.00000000
0.00000480	0.00000000	0.00000000	1.46422493	1.48255348	1.46340191	1.45837700	0.00000000	0.00000000
0.00000520	0.00000000	24.26248360	1.47013414	1.45978689	1.50279474	1.50204098	0.00000000	0.00000000
0.00000560	0.00000000	0.00000000	1.45244563	1.47819102	1.52291024	1.37978184	0.00000000	0.00000000
0.00000600	0.00000000	0.00000000	1.45612419	1.47764564	1.53129172	1.49330819	0.00000000	0.00000000
0.00000640	0.00000000	0.00000000	1.46986020	1.47219265	1.53548241	1.44091141	0.00000000	0.00000000
0.00000720	0.00000000	0.00000000	1.46027243	1.46462643	1.42526627	1.51950657	0.00000000	0.00000000
0.00000800	0.00000000	0.00000000	1.45673084	1.46728480	1.45166790	1.42344582	0.00000000	0.00000000
0.00000880	0.00000000	0.00000000	1.46230733	1.45419753	1.45543957	1.44964421	0.00000000	0.00000000
0.00000960	0.00000000	0.00000000	1.46573150	1.45971870	1.47345972	1.38851464	0.00000000	0.00000000
0.00001040	0.00000000	0.00000000	1.45721996	1.47239709	1.48687005	1.48020899	0.00000000	0.00000000
0.00001120	0.00000000	0.00000000	1.46322703	1.47621429	1.47010708	1.29682028	0.00000000	0.00000000
0.00001200	0.00000000	0.00000000	1.45878530	1.47451019	1.45921123	1.37104905	0.00000000	0.00000000
0.00001280	0.00000000	0.00000000	1.46457708	1.45181179	1.43700039	1.26188910	0.00000000	0.00000000
0.00001440	0.00000000	6.06562090	1.45215213	1.45804870	1.45313466	1.41689622	18.96296310	0.00000000
0.00001600	0.00000000	0.00000000	1.45519483	1.45603788	1.45753491	1.38414824	0.00000000	0.00000000
0.00001760	0.00000000	0.00000000	1.45240653	1.44734704	1.43176198	1.32083547	0.00000000	33.37619019
0.00001920	0.00000000	0.00000000	1.44232965	1.45937788	1.43385732	1.26843870	0.00000000	0.00000000
0.00002080	0.00000000	0.00000000	1.44597888	1.45082343	1.44538176	1.38414824	0.00000000	0.00000000
0.00002240	0.00000000	12.13124180	1.44131219	1.45177770	1.44475317	1.28153789	0.00000000	0.00000000
0.00002400	0.00000000	0.00000000	1.44322968	1.43879259	1.43595266	1.31428587	0.00000000	0.00000000
0.00002560	0.00000000	0.00000000	1.44201660	1.42376256	1.42296135	1.36886585	0.00000000	0.00000000
0.00002880	0.00000000	2.79960704	1.43995571	1.41776454	1.41649830	1.35306311	0.00000000	0.00000000
0.00003200	0.00000000	0.00000000	1.43527198	1.42472363	1.42591906	1.42359161	0.00000000	0.00000000
0.00003520	0.00000000	2.79960704	1.43452990	1.41343772	1.40056562	1.38669980	0.00000000	0.00000000
0.00003840	0.00000000	0.00000000	1.42551935	1.40932786	1.37986040	1.30098045	0.00000000	0.00000000
0.00004160	0.00000000	0.00000000	1.42921019	1.40069366	1.37058246	1.37259412	0.00000000	0.00000000
0.00004480	0.00000000	0.00000000	1.42350852	1.39337182	1.36447358	1.33027697	0.00000000	0.00000000
0.00004800	0.00000000	0.00000000	1.41892099	1.39162779	1.38162458	1.26083350	3.31205487	15.51147938
0.00005120	0.00000000	0.00000000	1.41448307	1.39326823	1.34234262	1.33570218	3.31205487	0.00000000
0.00005760	0.00000000	1.41208243	1.40609193	1.37495470	1.34556723	1.26852167	1.67183673	0.00000000
0.00006400	0.00000000	0.00000000	1.40332651	1.36010599	1.32348537	1.25446308	1.67183673	0.00000000
0.00007040	0.00000000	0.00000000	1.39666641	1.36016476	1.32491171	1.25824809	1.67183673	7.91731310
0.00007680	0.00000000	0.00000000	1.38825417	1.34909856	1.32214701	1.23121226	3.34367347	0.00000000
0.00008320	0.00000000	1.41208243	1.37747717	1.33875859	1.29937863	1.24689305	3.34367347	7.91731310
0.00008960	0.00000000	0.00000000	1.36844826	1.31875002	1.29140186	1.21715355	0.00000000	0.00000000
0.00009600	0.00000000	1.41208243	1.36718297	1.32195342	1.26868629	1.20422792	1.67183673	7.91731310
0.00010240	0.00000000	1.41208243	1.35783398	1.30747402	1.25537407	1.19557607	1.67183673	0.00000000
0.00011520	0.00000000	1.41828251	1.34344673	1.29034400	1.24110377	1.13855612	0.82801372	4.00000000
0.00012800	0.00000000	0.70914125	1.33137512	1.27356791	1.22611523	1.17709184	2.48404121	0.00000000
0.00014080	0.00000000	0.00000000	1.31566858	1.25625181	1.21121633	1.17758048	0.82801372	0.00000000
0.00015360	0.00000000	1.41828251	1.30405664	1.24499035	1.18812656	1.14771855	1.65602744	0.00000000
0.00016640	0.00000000	1.41828251	1.29137242	1.22728181	1.17230082	1.10082889	1.65602744	0.00000000
0.00017920	0.00000000	0.70914125	1.27977347	1.21853352	1.15884709	1.09786451	2.48404121	0.00000000
0.00019200	0.00000000	1.41828251	1.26852751	1.20282066	1.14437604	1.09436131	0.00000000	0.00000000
0.00020480	0.00000000	1.41828251	1.25634992	1.19448650	1.13089144	1.10891330	1.65602744	0.00000000
0.00023040	0.00000000	2.44965601	1.23656750	1.17609560	1.11054909	1.06696343	2.47231030	0.00000000
0.00025600	0.00000000	1.04985261	1.21630943	1.15522432	1.09423459	1.02964187	2.47231030	1.97932827
0.00028160	0.00000000	1.39980352	1.19609797	1.13373804	1.08029401	1.05411851	0.82410342	0.00000000
0.00030720	0.00000000	1.39980352	1.17656624	1.11768341	1.06681097	1.02878952	1.64820683	1.97932827
0.00033280	0.00000000	1.39980352	1.15900004	1.10574186	1.04875815	1.03134942	1.23615515	0.00000000
0.00035840	0.00000000	1.04985261	1.14270735	1.09206629	1.05211520	1.03471756	0.41205171	0.00000000
0.00038400	0.00000000	0.34995088	1.13024724	1.08465648	1.03785408	1.00076592	0.82410342	0.00000000
0.00040960	0.00000000	0.00000000	1.11723351	1.07452679	1.03084970	0.99672407	0.82410342	0.00000000
0.00046080	0.00000000	0.18083708	1.09375572	1.05515110	1.02612269	1.00302410	1.22743618	1.00523555
0.00051200	0.00000000	0.90418541	1.07310772	1.04265380	1.01103437	1.00150251	1.02286351	1.00523555
0.00056320	0.00000000	1.08502245	1.05558527	1.03151011	1.01410341	1.00600588	0.81829077	0.00000000
0.00061440	0.00000000	0.90418541	1.04162490	1.02553558	1.01792514	1.01483488	1.43538630	0.00000000
0.00066560	0.00000000	1.62753367	1.03161538	1.02015400	1.01216316	0.99339432	1.02527595	1.00523555
0.00071680	0.00000000	0.90418541	1.02218902	1.01337743	1.01432776	0.98616052	0.82022071	2.01047111
0.00076800	0.00000000	0.72334832	1.01621592	1.00972831	1.00840068	0.99104935	0.61516553	1.00523555
0.00081920	0.00000000	1.26585960	1.01145959	1.00799894	1.00496221	0.99462885	1.23033106	0.00000000
0.00092160	0.00000000	0.99902439	1.00726664	1.00563073	1.00328600	0.99349999	0.60655189	1.46923161
0.00102400	0.00000000	1.08984482	1.00539756	1.00837255	1.01098716	1.00140142	0.90982783	0.97948772
0.00112640	0.00000000	0.72656322	1.00402927	1.00706434	1.00526929	1.00227571	0.90982783	0.97948772
0.00122880	0.00000000	0.81738359	1.00020349	1.00799716	1.00441504	1.00155127	1.01091981	0.48974386
0.00133120	0.00000000	1.36230600	0.99767345	1.00267756	1.00495481	1.00391984	0.90982783	1.95897543
0.00143360	0.00000000	1.63476717	0.99789238	0.99900591	1.00655663	0.98735493	1.31419575	0.48974386
0.00153600	0.00000000	1.63476717	1.00038731	0.99507356	1.00745428	0.99139792	1.01091981	0.97948772
0.00163840	0.00000000	1.27148557	1.00157630	0.99526078	1.00576234	0.99028844	1.21310377	0.97948772
0.00184320	0.00000000	0.82653064	1.00229883	0.99872899	1.00065339	0.98315221	0.95367354	0.25529087
0.00204800	0.00000000	0.96428573	1.00178111	0.99926215	0.99692863	0.98483396	1.00386691	1.27645433
0.00225280	0.00000000	1.23979592	0.99944311	0.99584717	0.99907035	1.00599849	1.00386691	1.27645433
0.00245760	0.00000000	1.14795923	0.99665564	0.99636924	1.00095177	1.00216722	0.50193346	0.76587260
0.00266240	0.00000000	1.28571427	0.99306709	1.00040460	0.99812907	1.00461948	0.90348023	1.02116346
0.00286720	0.00000000	1.05612242	0.99400628	1.00232804	0.99512482	1.00418818	0.70270681	0.51058173
0.00307200	0.00000000	1.19387758	0.99736375	1.00580895	0.99559343	1.00009799	1.00152135	0.51058173
0.00327680	0.00000000	1.09958637	0.99868178	1.00913048	0.98955649	0.99694651	0.95144534	0.76587260
0.00368640	0.00000000	0.85520810	1.00227320	1.01240158	0.99706423	0.99941123	0.81860024	1.14880884
0.00409600	0.00000000	0.76275319	1.00840724	1.00639915	0.99752909	1.00462925	0.96743667	0.89351803
0.00450560	0.00000000	1.20191407	1.00135601	0.99898022	1.00629413	1.00174332	0.86821240	0.63822716
0.00491520	0.00000000	0.94766307	0.99749166	0.99354047	1.00146520	1.00554407	1.24030340	0.89351803
0.00532480	0.00000000	1.08634543	1.00159848	0.99564070	0.99432284	0.99525279	0.79379416	1.02116346
0.00573440	0.00000000	1.06323171	1.00011361	1.00466835	1.00271380	0.99448717	1.11627305	0.63822716
0.00614400	0.00000000	0.87832183	0.99769348	1.00455177	1.00315559	1.00522101	0.96743667	0.89351803
0.00655360	0.00000000	0.64573991	1.00123179	1.00478625	0.99773747	1.00624788	0.84340632	0.51058173
0.00737280	0.00000000	1.12198687	1.00425613	1.00340748	1.00437307	1.00358474	1.10387599	0.70206928
0.00819200	0.00000000	1.01451564	1.00520313	0.99864686	1.00410843	1.00442958	0.90542638	0.57442033
0.00901120	0.00000000	0.91916132	1.00458074	0.99702191	1.00126004	0.99331766	0.95503879	0.82971829
0.00983040	0.00000000	1.17513025	1.00075018	0.99920046	0.99284643	0.99752301	1.05181754	1.21266520
0.01064960	0.00000000	1.04714584	1.00068247	0.99851483	0.99341446	0.99494058	0.82907969	0.83408523
0.01146880	0.00000000	0.96570110	1.00388658	0.99934340	0.99752551	0.99878228	0.94044858	1.08501625
0.01228800	0.00000000	0.89589143	1.00026321	0.99371457	1.00266242	0.99748921	0.82907969	1.09072685
0.01310720	0.00000000	0.97733611	1.00511646	1.00130320	1.00659955	1.00538516	0.86620265	1.21904767
0.01474560	0.00000000	1.14536154	0.99821228	1.00329304	1.00041711	1.00362158	1.04563034	0.87074828
0.01638400	0.00000000	0.91161430	0.99758792	0.99988848	0.99955314	0.99982446	0.96913582	0.96749812
0.01802240	0.00000000	1.09861207	0.99568933	1.00078428	1.00345528	0.99694902	1.08894050	0.93032581
0.01966080	0.00000000	1.05186272	0.99959046	0.99816006	1.00216544	1.00341797	0.86821705	0.92545497
0.02129920	0.00000000	0.94824868	0.99872303	0.99943203	1.00312483	1.00520051	1.04186046	0.76589382
0.02293760	0.00000000	0.95406616	1.00236070	0.99277973	1.00206721	1.00186718	1.00232017	0.86616540
0.02457600	0.00000000	0.97151858	1.00416017	1.00031006	1.00322115	0.99935263	0.92807424	1.09072685
0.02621440	0.00000000	0.97151858	1.00817561	1.00047791	0.99742997	1.00710130	1.08894050	0.83408523
0.02949120	0.00000000	0.97737557	0.99575156	0.99917924	1.00003481	1.00369942	0.98148674	0.91273344
0.03276800	0.00000000	0.97007084	1.00145364	0.99712408	0.99998939	0.99715936	1.05492234	0.90795475
0.03604480	0.00000000	0.94961751	0.99758399	1.00024998	0.99843526	1.00469649	0.95062238	0.99422753
0.03932160	0.00000000	0.97373134	1.00393939	0.99853128	0.99790835	0.99759293	0.99153197	0.94533110
0.04259840	0.00000000	1.02329254	1.00392914	0.99941272	1.00107539	1.00273407	0.98457319	0.97792870
0.04587520	0.00000000	0.93083388	1.00375009	0.99712038	0.99726754	0.99688876	0.96296811	0.99422753
0.04915200	0.00000000	1.02973497	0.99622720	0.99689442	1.00273573	1.00135183	1.03945434	1.25500846
0.05242880	0.00000000	1.05882359	1.00177670	0.99904555	1.00070143	0.99812335	0.95728564	0.94533110
0.05898240	0.00000000	1.03031278	1.00062811	0.99743521	1.00077832	0.99985623	1.03775465	0.96240604
0.06553600	0.00000000	1.02886164	1.00081336	0.99818683	0.99975371	0.99730879	1.01175332	0.95238096
0.07208960	0.00000000	0.94994318	1.00120592	1.00113308	0.99995428	0.99911660	0.95666641	1.10751104
0.07864320	0.00000000	1.00471985	1.00024450	0.99733198	1.00346816	0.99845076	1.04996347	0.96323711
0.08519680	0.00000000	0.99674386	1.00198174	0.99836606	1.00097883	1.00065100	0.96499676	1.19670904
0.09175040	0.00000000	0.96944141	1.00301385	1.00281954	1.00283492	0.99772704	1.04397166	0.90796942
0.09830400	0.00000000	0.98295933	1.00068891	1.00202620	1.00212073	1.00069809	0.97510391	1.06587708
0.10485760	0.00000000	0.97374982	1.00400746	1.00088835	0.99876112	0.99710584	1.05805826	0.93955094
0.11796480	0.00000000	1.05961680	1.00244296	1.00029743	1.00007904	0.99908775	0.98174602	0.94057989
0.13107200	0.00000000	0.92730033	1.00024402	1.00117326	0.99935561	0.99758452	1.00164294	1.02863526
0.14417920	0.00000000	0.99680734	0.99835640	0.99997205	0.99987900	0.99815559	0.93954206	0.94909215
0.15728641	0.00000000	0.94683462	1.00269568	1.00009334	0.99968308	0.99955428	0.97191709	0.97774869
0.17039360	0.00000000	0.99894118	1.00198066	0.99872696	1.00086176	0.99894333	1.02864933	1.03791738
0.18350080	0.00000000	1.05680442	0.99812078	0.99832928	0.99773806	0.99985695	1.00819325	1.05192268
0.19660801	0.00000000	0.89918554	0.99999774	0.99901485	0.99819058	0.99920046	0.96834779	0.93243241
0.20971520	0.00000000	1.01156926	1.00008810	0.99962014	0.99872458	1.00147259	0.96047950	1.04564619
0.23592959	0.00000000	1.00760710	1.00038183	1.00005627	0.99932003	1.00061452	1.00142825	1.05434847
0.26214400	0.00000000	1.00228024	1.00238538	0.99960870	0.99873203	1.00036120	0.98820859	0.90471911
0.28835839	0.00000000	1.00195837	0.99825579	1.00046396	0.99841386	0.99976051	1.00339627	1.01076555
0.31457281	0.00000000	1.01111019	1.00026667	1.00035131	0.99927133	1.00114429	1.00417531	0.96556973
0.34078720	0.00000000	0.96870142	0.99962038	1.00056946	0.99909747	0.99888217	0.99997735	0.96651787
0.36700159	0.00000000	1.01148510	0.99920487	0.99979872	0.99922717	1.00006843	0.97795349	0.96429354
0.39321601	0.00000000	1.00928521	0.99929988	0.99956155	1.00062346	1.00022101	1.02799034	1.04055071
0.41943040	0.00000000	0.99712235	1.00063169	1.00104058	0.99989593	1.00039470	0.98832297	0.96250296
0.47185919	0.00000000	0.99632919	1.00156844	1.00048077	1.00137162	1.00107121	1.01480794	1.00266623
0.52428800	0.00000000	1.00285649	1.00052714	0.99987179	0.99976200	0.99961418	1.01498973	0.98284072
0.57671678	0.00000000	0.98768300	1.00111687	0.99964613	1.00015438	0.99934083	0.99624002	1.01151192
0.62914562	0.00000000	0.99926507	1.00025213	1.00008094	0.99968809	0.99995977	0.97962832	1.00757408
0.68157440	0.00000000	0.98511982	1.00156915	0.99993896	0.99894291	1.00035918	0.99404407	1.03390729
0.73400319	0.00000000	0.98520708	1.00230014	1.00084054	0.99914092	1.00045311	1.01192224	0.99533856
0.78643203	0.00000000	0.99621499	1.00241244	1.00026953	1.00001132	1.00033998	1.00464809	0.98300076
0.83886081	0.00000000	1.02571523	0.99943560	0.99884105	1.00045335	1.00050223	1.00196075	1.01346982
0.94371837	0.00000000	0.98599923	0.99952972	0.99990273	1.00119817	0.99880362	0.97846216	0.97229379
1.04857600	0.00000000	1.01052010	0.99867153	1.00086474	1.00054657	1.00066090	1.01266682	1.03100777
1.15343356	0.00000000	0.99907321	1.00010800	0.99939954	0.99902642	1.00030923	0.97799259	1.00273967
1.25829124	0.00000000	0.99962896	1.00028622	1.00040519	0.99902052	0.99940038	1.00551164	0.99193549
1.36314881	0.00000000	0.99377650	0.99976182	0.99927360	0.99995565	1.00089657	1.00390804	0.96103895
1.46800637	0.00000000	0.98874688	1.00013161	1.00117111	1.00063682	0.99955428	0.96923077	1.02127659
1.57286406	0.00000000	0.99176008	0.99950093	0.99929225	1.00015044	0.99989992	1.03238869	1.03710937
1.67772162	0.00000000	1.05454540	1.00055182	1.00015008	1.00000918	0.99982554	1.00000000	0.98564595
1.88743675	0.00000000	0.00000000	0.00000000	0.00000000	0.00000000	0.00000000	0.00000000	0.00000000
2.09715199	0.00000000	0.00000000	0.00000000	0.00000000	0.00000000	0.00000000	0.00000000	0.00000000
2.30686712	0.00000000	0.00000000	0.00000000	0.00000000	0.00000000	0.00000000	0.00000000	0.00000000
2.51658249	0.00000000	0.00000000	0.00000000	0.00000000	0.00000000	0.00000000	0.00000000	0.00000000
2.72629762	0.00000000	0.00000000	0.00000000	0.00000000	0.00000000	0.00000000	0.00000000	0.00000000
2.93601274	0.00000000	0.00000000	0.00000000	0.00000000	0.00000000	0.00000000	0.00000000	0.00000000
3.14572811	0.00000000	0.00000000	0.00000000	0.00000000	0.00000000	0.00000000	0.00000000	0.00000000
3.35544324	0.00000000	0.00000000	0.00000000	0.00000000	0.00000000	0.00000000	0.00000000	0.00000000
3.77487350	0.00000000	0.00000000	0.00000000	0.00000000	0.00000000	0.00000000	0.00000000	0.00000000
4.19430399	0.00000000	0.00000000	0.00000000	0.00000000	0.00000000	0.00000000	0.00000000	0.00000000
4.61373425	0.00000000	0.00000000	0.00000000	0.00000000	0.00000000	0.00000000	0.00000000	0.00000000
5.03316498	0.00000000	0.00000000	0.00000000	0.00000000	0.00000000	0.00000000	0.00000000	0.00000000
5.45259523	0.00000000	0.00000000	0.00000000	0.00000000	0.00000000	0.00000000	0.00000000	0.00000000
5.87202549	0.00000000	0.00000000	0.00000000	0.00000000	0.00000000	0.00000000	0.00000000	0.00000000
6.29145622	0.00000000	0.00000000	0.00000000	0.00000000	0.00000000	0.00000000	0.00000000	0.00000000
6.71088648	0.00000000	0.00000000	0.00000000	0.00000000	0.00000000	0.00000000	0.00000000	0.00000000
7.54974699	0.00000000	0.00000000	0.00000000	0.00000000	0.00000000	0.00000000	0.00000000	0.00000000
8.38860798	0.00000000	0.00000000	0.00000000	0.00000000	0.00000000	0.00000000	0.00000000	0.00000000
9.22746849	0.00000000	0.00000000	0.00000000	0.00000000	0.00000000	0.00000000	0.00000000	0.00000000
10.06632996	0.00000000	0.00000000	0.00000000	0.00000000	0.00000000	0.00000000	0.00000000	0.00000000
10.90519047	0.00000000	0.00000000	0.00000000	0.00000000	0.00000000	0.00000000	0.00000000	0.00000000
11.74405098	0.00000000	0.00000000	0.00000000	0.00000000	0.00000000	0.00000000	0.00000000	0.00000000
12.58291245	0.00000000	0.00000000	0.00000000	0.00000000	0.00000000	0.00000000	0.00000000	0.00000000
13.42177296	0.00000000	0.00000000	0.00000000	0.00000000	0.00000000	0.00000000	0.00000000	0.00000000
15.09949398	0.00000000	0.00000000	0.00000000	0.00000000	0.00000000	0.00000000	0.00000000	0.00000000
16.77721596	0.00000000	0.00000000	0.00000000	0.00000000	0.00000000	0.00000000	0.00000000	0.00000000
18.45493698	0.00000000	0.00000000	0.00000000	0.00000000	0.00000000	0.00000000	0.00000000	0.00000000
20.13265991	0.00000000	0.00000000	0.00000000	0.00000000	0.00000000	0.00000000	0.00000000	0.00000000
21.81038094	0.00000000	0.00000000	0.00000000	0.00000000	0.00000000	0.00000000	0.00000000	0.00000000
23.48810196	0.00000000	0.00000000	0.00000000	0.00000000	0.00000000	0.00000000	0.00000000	0.00000000
25.16582489	0.00000000	0.00000000	0.00000000	0.00000000	0.00000000	0.00000000	0.00000000	0.00000000
26.84354591	0.00000000	0.00000000	0.00000000	0.00000000	0.00000000	0.00000000	0.00000000	0.00000000
30.19898796	0.00000000	0.00000000	0.00000000	0.00000000	0.00000000	0.00000000	0.00000000	0.00000000
33.55443192	0.00000000	0.00000000	0.00000000	0.00000000	0.00000000	0.00000000	0.00000000	0.00000000
36.90987396	0.00000000	0.00000000	0.00000000	0.00000000	0.00000000	0.00000000	0.00000000	0.00000000
40.26531982	0.00000000	0.00000000	0.00000000	0.00000000	0.00000000	0.00000000	0.00000000	0.00000000
43.62076187	0.00000000	0.00000000	0.00000000	0.00000000	0.00000000	0.00000000	0.00000000	0.00000000
46.97620392	0.00000000	0.00000000	0.00000000	0.00000000	0.00000000	0.00000000	0.00000000	0.00000000
50.33164978	0.00000000	0.00000000	0.00000000	0.00000000	0.00000000	0.00000000	0.00000000	0.00000000
53.68709183	0.00000000	0.00000000	0.00000000	0.00000000	0.00000000	0.00000000	0.00000000	0.00000000
60.39797592	0.00000000	0.00000000	0.00000000	0.00000000	0.00000000	0.00000000	0.00000000	0.00000000
67.10886383	0.00000000	0.00000000	0.00000000	0.00000000	0.00000000	0.00000000	0.00000000	0.00000000
73.81974792	0.00000000	0.00000000	0.00000000	0.00000000	0.00000000	0.00000000	0.00000000	0.00000000
80.53063965	0.00000000	0.00000000	0.00000000	0.00000000	0.00000000	0.00000000	0.00000000	0.00000000
87.24152374	0.00000000	0.00000000	0.00000000	0.00000000	0.00000000	0.00000000	0.00000000	0.00000000
93.95240784	0.00000000	0.00000000	0.00000000	0.00000000	0.00000000	0.00000000	0.00000000	0.00000000
100.66329956	0.00000000	0.00000000	0.00000000	0.00000000	0.00000000	0.00000000	0.00000000	0.00000000
107.37418365	0.00000000	0.00000000	0.00000000	0.00000000	0.00000000	0.00000000	0.00000000	0.00000000
120.79595184	0.00000000	0.00000000	0.00000000	0.00000000	0.00000000	0.00000000	0.00000000	0.00000000
134.21772766	0.00000000	0.00000000	0.00000000	0.00000000	0.00000000	0.00000000	0.00000000	0.00000000
147.63949585	0.00000000	0.00000000	0.00000000	0.00000000	0.00000000	0.00000000	0.00000000	0.00000000
161.06127930	0.00000000	0.00000000	0.00000000	0.00000000	0.00000000	0.00000000	0.00000000	0.00000000
174.48304749	0.00000000	0.00000000	0.00000000	0.00000000	0.00000000	0.00000000	0.00000000	0.00000000
187.90481567	0.00000000	0.00000000	0.00000000	0.00000000	0.00000000	0.00000000	0.00000000	0.00000000
201.32659912	0.00000000	0.00000000	0.00000000	0.00000000	0.00000000	0.00000000	0.00000000	0.00000000
214.74836731	0.00000000	0.00000000	0.00000000	0.00000000	0.00000000	0.00000000	0.00000000	0.00000000
241.59190369	0.00000000	0.00000000	0.00000000	0.00000000	0.00000000	0.00000000	0.00000000	0.00000000
268.43545532	0.00000000	0.00000000	0.00000000	0.00000000	0.00000000	0.00000000	0.00000000	0.00000000
295.27899170	0.00000000	0.00000000	0.00000000	0.00000000	0.00000000	0.00000000	0.00000000	0.00000000
322.12255859	0.00000000	0.00000000	0.00000000	0.00000000	0.00000000	0.00000000	0.00000000	0.00000000
348.96609497	0.00000000	0.00000000	0.00000000	0.00000000	0.00000000	0.00000000	0.00000000	0.00000000
375.80963135	0.00000000	0.00000000	0.00000000	0.00000000	0.00000000	0.00000000	0.00000000	0.00000000
402.65319824	0.00000000	0.00000000	0.00000000	0.00000000	0.00000000	0.00000000	0.00000000	0.00000000
429.49673462	0.00000000	0.00000000	0.00000000	0.00000000	0.00000000	0.00000000	0.00000000	0.00000000
483.18380737	0.00000000	0.00000000	0.00000000	0.00000000	0.00000000	0.00000000	0.00000000	0.00000000
536.87091064	0.00000000	0.00000000	0.00000000	0.00000000	0.00000000	0.00000000	0.00000000	0.00000000
590.55798340	0.00000000	0.00000000	0.00000000	0.00000000	0.00000000	0.00000000	0.00000000	0.00000000
644.24511719	0.00000000	0.00000000	0.00000000	0.00000000	0.00000000	0.00000000	0.00000000	0.00000000
697.93218994	0.00000000	0.00000000	0.00000000	0.00000000	0.00000000	0.00000000	0.00000000	0.00000000
751.61926270	0.00000000	0.00000000	0.00000000	0.00000000	0.00000000	0.00000000	0.00000000	0.00000000
805.30639648	0.00000000	0.00000000	0.00000000	0.00000000	0.00000000	0.00000000	0.00000000	0.00000000
858.99346924	0.00000000	0.00000000	0.00000000	0.00000000	0.00000000	0.00000000	0.00000000	0.00000000
966.36761475	0.00000000	0.00000000	0.00000000	0.00000000	0.00000000	0.00000000	0.00000000	0.00000000
1073.74182129	0.00000000	0.00000000	0.00000000	0.00000000	0.00000000	0.00000000	0.00000000	0.00000000
1181.11596680	0.00000000	0.00000000	0.00000000	0.00000000	0.00000000	0.00000000	0.00000000	0.00000000
1288.49023437	0.00000000	0.00000000	0.00000000	0.00000000	0.00000000	0.00000000	0.00000000	0.00000000
1395.86437988	0.00000000	0.00000000	0.00000000	0.00000000	0.00000000	0.00000000	0.00000000	0.00000000
1503.23852539	0.00000000	0.00000000	0.00000000	0.00000000	0.00000000	0.00000000	0.00000000	0.00000000
1610.61279297	0.00000000	0.00000000	0.00000000	0.00000000	0.00000000	0.00000000	0.00000000	0.00000000
1717.98693848	0.00000000	0.00000000	0.00000000	0.00000000	0.00000000	0.00000000	0.00000000	0.00000000
1932.73522949	0.00000000	0.00000000	0.00000000	0.00000000	0.00000000	0.00000000	0.00000000	0.00000000
2147.48364258	0.00000000	0.00000000	0.00000000	0.00000000	0.00000000	0.00000000	0.00000000	0.00000000
2362.23193359	0.00000000	0.00000000	0.00000000	0.00000000	0.00000000	0.00000000	0.00000000	0.00000000
2576.98046875	0.00000000	0.00000000	0.00000000	0.00000000	0.00000000	0.00000000	0.00000000	0.00000000
2791.72875977	0.00000000	0.00000000	0.00000000	0.00000000	0.00000000	0.00000000	0.00000000	0.00000000
3006.47705078	0.00000000	0.00000000	0.00000000	0.00000000	0.00000000	0.00000000	0.00000000	0.00000000
3221.22558594	0.00000000	0.00000000	0.00000000	0.00000000	0.00000000	0.00000000	0.00000000	0.00000000
3435.97387695	0.00000000	0.00000000	0.00000000	0.00000000	0.00000000	0.00000000	0.00000000	0.00000000
0	0	0	0	0	0	0	0	0
