%4/4/2019 1:10:38 PM
%Duration	ID1		ID2		ID3		ID4		ID5		ID6		ID7		ID8
1000.000000	0.000000	0.524521	370.473877	203.962326	79.669952	23.717880	0.476837	0.209808
%Tau		Tau1		Tau2		Tau3		Tau4		Tau5		Tau6		Tau7		Tau8
%		0.000000	0.000001	0.000282	0.000205	0.000128	0.000064	0.000001	0.000001
%Delaytime	D1		D2		D3		D4		D5		D6		D7		D8
0.00000020	0.00000000	198.57722473	1.56724930	1.51132643	1.75177610	5.00290108	48.08780670	0.00000000
0.00000040	0.00000000	0.00000000	1.51446629	1.51412153	1.55404770	1.66763377	0.00000000	0.00000000
0.00000060	0.00000000	0.00000000	1.51267982	1.50322056	1.53117001	1.54211295	0.00000000	0.00000000
0.00000080	0.00000000	0.00000000	1.48507023	1.50909030	1.51319468	1.63177073	0.00000000	0.00000000
0.00000100	0.00000000	0.00000000	1.47232115	1.48337519	1.46580517	1.45245516	0.00000000	0.00000000
0.00000120	0.00000000	0.00000000	1.48490787	1.50489759	1.49031699	1.63177073	0.00000000	0.00000000
0.00000140	0.00000000	0.00000000	1.45234478	1.47778487	1.49195111	1.54211295	0.00000000	0.00000000
0.00000160	0.00000000	0.00000000	1.48856199	1.47638726	1.53117001	1.30900288	0.00000000	0.00000000
0.00000180	0.00000000	0.00000000	1.48783123	1.46632481	1.59816885	1.45245516	0.00000000	0.00000000
0.00000200	0.00000000	0.00000000	1.48653185	1.47023809	1.55731595	1.29107130	0.00000000	0.00000000
0.00000220	0.00000000	0.00000000	1.49424636	1.49036300	1.49521935	1.56004453	0.00000000	0.00000000
0.00000240	0.00000000	0.00000000	1.47800541	1.50964940	1.49195111	1.52418137	0.00000000	0.00000000
0.00000260	0.00000000	0.00000000	1.49814415	1.47638726	1.47070754	1.63177073	0.00000000	0.00000000
0.00000280	0.00000000	0.00000000	1.50431573	1.46101415	1.42004991	1.45245516	0.00000000	0.00000000
0.00000300	0.00000000	0.00000000	1.49643886	1.48141849	1.50012171	1.16555047	0.00000000	0.00000000
0.00000320	0.00000000	0.00000000	1.49042976	1.50713372	1.44782984	1.38072908	0.00000000	0.00000000
0.00000360	0.00000000	0.00000000	1.46769238	1.47205484	1.47969520	1.64073646	0.00000000	0.00000000
0.00000400	0.00000000	0.00000000	1.48145664	1.49022317	1.49930465	1.27313972	0.00000000	0.00000000
0.00000440	0.00000000	0.00000000	1.46805787	1.45500457	1.47969520	1.37176323	0.00000000	0.00000000
0.00000480	0.00000000	0.00000000	1.47451365	1.47554874	1.51891410	1.48831832	0.00000000	0.00000000
0.00000520	0.00000000	0.00000000	1.49331248	1.47526932	1.44456160	1.39866054	0.00000000	0.00000000
0.00000560	0.00000000	0.00000000	1.47820842	1.46828139	1.46498811	1.29107130	0.00000000	0.00000000
0.00000600	0.00000000	0.00000000	1.48523259	1.48728836	1.43393981	1.41659212	0.00000000	0.00000000
0.00000640	0.00000000	0.00000000	1.46517503	1.48589075	1.47234166	1.37176323	0.00000000	0.00000000
0.00000720	0.00000000	0.00000000	1.47368133	1.45975626	1.45640898	1.30003703	0.00000000	0.00000000
0.00000800	0.00000000	0.00000000	1.47782266	1.46534657	1.49521935	1.34486592	0.00000000	0.00000000
0.00000880	0.00000000	0.00000000	1.48206568	1.48190773	1.51319468	1.46142101	0.00000000	0.00000000
0.00000960	0.00000000	0.00000000	1.47085941	1.46842122	1.45395780	1.37176323	0.00000000	0.00000000
0.00001040	0.00000000	0.00000000	1.47487903	1.47701621	1.41964138	1.40314353	0.00000000	0.00000000
0.00001120	0.00000000	0.00000000	1.47469628	1.46499717	1.40738547	1.60039043	12.02195168	0.00000000
0.00001200	0.00000000	0.00000000	1.46909320	1.45675159	1.45395780	1.41210926	0.00000000	0.00000000
0.00001280	0.00000000	0.00000000	1.47085941	1.45493472	1.46539664	1.58245897	0.00000000	0.00000000
0.00001440	0.00000000	6.20553827	1.46725595	1.45385158	1.45620477	1.30452001	6.01097584	0.00000000
0.00001600	0.00000000	0.00000000	1.45786667	1.46097922	1.45109808	1.41883361	0.00000000	0.00000000
0.00001760	0.00000000	0.00000000	1.46141934	1.44882035	1.41616881	1.39417768	0.00000000	0.00000000
0.00001920	0.00000000	0.00000000	1.46114528	1.45608771	1.46294546	1.46366239	0.00000000	0.00000000
0.00002080	0.00000000	0.00000000	1.45479107	1.44773722	1.44272327	1.39866054	0.00000000	0.00000000
0.00002240	0.00000000	6.20553827	1.45990694	1.44808662	1.43884218	1.45693815	0.00000000	0.00000000
0.00002400	0.00000000	0.00000000	1.45394850	1.43739522	1.42515647	1.29779565	0.00000000	0.00000000
0.00002560	0.00000000	0.00000000	1.44920826	1.42883515	1.42066264	1.43452370	6.01097584	0.00000000
0.00002880	0.00000000	0.00000000	1.44856906	1.42462087	1.43572724	1.39659297	0.00000000	0.00000000
0.00003200	0.00000000	3.07449794	1.44153404	1.40858650	1.39268613	1.29868507	0.00000000	0.00000000
0.00003520	0.00000000	3.07449794	1.43672431	1.41560364	1.40026951	1.33919871	0.00000000	0.00000000
0.00003840	0.00000000	0.00000000	1.43743110	1.39945364	1.39893734	1.30881345	0.00000000	0.00000000
0.00004160	0.00000000	0.00000000	1.43108678	1.40235829	1.37979198	1.30993891	0.00000000	0.00000000
0.00004480	0.00000000	0.00000000	1.43182409	1.39306426	1.37815225	1.30431199	0.00000000	0.00000000
0.00004800	0.00000000	0.00000000	1.42652273	1.38935769	1.36882663	1.31669116	3.03281045	0.00000000
0.00005120	0.00000000	0.00000000	1.42706108	1.38330364	1.36033869	1.35833013	9.09843159	0.00000000
0.00005760	0.00000000	0.00000000	1.41049218	1.37044036	1.35171223	1.32591665	0.00000000	0.00000000
0.00006400	0.00000000	1.55852556	1.40272069	1.35668075	1.33528912	1.20870852	3.00548792	0.00000000
0.00007040	0.00000000	0.00000000	1.39536202	1.35032737	1.32173109	1.24308205	0.00000000	0.00000000
0.00007680	0.00000000	0.00000000	1.38872850	1.33865130	1.30372190	1.21997857	0.00000000	0.00000000
0.00008320	0.00000000	0.00000000	1.37914228	1.32822597	1.28954983	1.22674060	1.50274396	0.00000000
0.00008960	0.00000000	0.00000000	1.37269282	1.32188272	1.27880573	1.17766452	0.00000000	0.00000000
0.00009600	0.00000000	1.55852556	1.36750400	1.31655288	1.25760794	1.26105893	0.00000000	0.00000000
0.00010240	0.00000000	0.00000000	1.35702872	1.30264378	1.26257062	1.19282627	1.50274396	0.00000000
0.00011520	0.00000000	0.78285801	1.34278631	1.28269005	1.23246419	1.17686307	0.75137198	0.00000000
0.00012800	0.00000000	0.00000000	1.33411264	1.26646531	1.20885789	1.18474066	0.00000000	8.08398914
0.00014080	0.00000000	0.00000000	1.31730199	1.25366378	1.20027626	1.14540255	0.00000000	0.00000000
0.00015360	0.00000000	1.56211662	1.30521166	1.23489010	1.17734087	1.13302279	1.50274396	0.00000000
0.00016640	0.00000000	1.56211662	1.29364622	1.22578704	1.16593969	1.13077199	1.50274396	0.00000000
0.00017920	0.00000000	2.34317493	1.28078616	1.21053684	1.14546049	1.11135840	1.50274396	4.04199457
0.00019200	0.00000000	0.78105831	1.26621222	1.19895244	1.14402556	1.06066787	0.75137198	0.00000000
0.00020480	0.00000000	0.78105831	1.25831175	1.18525279	1.11605453	1.09696126	0.75137198	0.00000000
0.00023040	0.00000000	0.39506173	1.23296142	1.16336608	1.11237490	1.07314086	0.37568599	0.00000000
0.00025600	0.00000000	0.39506173	1.21253550	1.14388406	1.08748066	1.03766167	0.75137198	2.02099729
0.00028160	0.00000000	1.18518519	1.19175923	1.12945008	1.07691658	1.03053582	1.50274396	2.02099729
0.00030720	0.00000000	0.79012346	1.17542779	1.11846900	1.05905497	1.03794289	0.75137198	0.00000000
0.00033280	0.00000000	0.00000000	1.15739930	1.10241413	1.04120886	1.02107036	1.12705803	0.00000000
0.00035840	0.00000000	0.39414933	1.14185321	1.08625960	1.03203785	1.04825282	0.75137198	2.02099729
0.00038400	0.00000000	0.39414933	1.12927163	1.07905996	1.01951039	1.01731849	3.38117385	0.00000000
0.00040960	0.00000000	1.97074676	1.11512232	1.07057691	1.02365685	1.01338136	0.37568599	0.00000000
0.00046080	0.00000000	0.59534562	1.09173274	1.05414879	1.01241004	0.99698180	0.76338786	1.01049864
0.00051200	0.00000000	0.79379416	1.07193816	1.04061985	1.00724399	0.99999911	0.76338786	0.00000000
0.00056320	0.00000000	1.19069123	1.05806553	1.03031158	0.99718738	0.99431533	0.76338786	1.01049864
0.00061440	0.00000000	0.99224269	1.04661012	1.02364874	0.99143958	0.99700850	0.95423484	1.01049864
0.00066560	0.00000000	1.58758831	1.03818321	1.01809657	0.99811256	1.00196385	1.33592880	1.01049864
0.00071680	0.00000000	1.19069123	1.02904916	1.01468813	0.99939609	0.99765688	0.76338786	0.00000000
0.00076800	0.00000000	0.39689708	1.02216685	1.01579964	0.99980921	0.99215645	0.57254088	1.01049864
0.00081920	0.00000000	0.99224269	1.01853716	1.01370203	0.99619448	0.99681479	0.57254088	1.01049864
0.00092160	0.00000000	1.09910560	1.01170337	1.01174295	0.99834317	0.99489331	0.85881132	0.49740931
0.00102400	0.00000000	1.09910560	1.00971663	1.01014709	0.99897546	0.99978864	1.14508176	0.49740931
0.00112640	0.00000000	1.19902420	1.00637555	1.00822508	1.00360370	1.00420070	1.14508176	0.99481863
0.00122880	0.00000000	1.09910560	1.00503373	1.00228262	1.00362098	1.00012243	1.33592880	0.49740931
0.00133120	0.00000000	1.49878025	1.00878012	0.99773169	1.00017118	1.00119209	1.04965830	1.49222803
0.00143360	0.00000000	0.69943082	1.01379192	0.99206674	0.99907935	1.01234913	0.85881132	0.49740931
0.00153600	0.00000000	0.79934949	1.01456952	0.99386960	0.99774700	1.00461280	0.76338786	0.49740931
0.00163840	0.00000000	1.39886165	1.01411009	0.99538612	0.99055409	1.00774455	1.14508176	1.49222803
0.00184320	0.00000000	0.89717686	1.00672626	0.99967450	0.99273092	1.01700139	0.98173851	0.74224812
0.00204800	0.00000000	1.34576523	1.00049734	0.99734348	0.99108934	1.00558591	1.07523739	0.74224812
0.00225280	0.00000000	0.89717686	1.00140893	1.00040817	0.99802911	1.00884843	0.98173851	0.98966414
0.00245760	0.00000000	0.89717686	1.00388706	0.99848104	0.99236983	0.99607927	0.51424396	0.74224812
0.00266240	0.00000000	0.69780421	1.00235164	0.99945098	0.99385953	1.00000155	1.35573411	0.24741603
0.00286720	0.00000000	0.94701999	1.00128794	1.00033641	0.99600357	1.00644779	0.79474068	1.73191226
0.00307200	0.00000000	0.99686319	1.00230062	1.00114584	0.99992138	0.99472815	0.93498904	1.23708022
0.00327680	0.00000000	0.84733367	1.00382316	1.00353467	0.99999946	1.00267577	0.93498904	0.74224812
0.00368640	0.00000000	1.23456788	1.00709701	1.00562871	0.99697232	1.00697494	0.77485633	1.33988893
0.00409600	0.00000000	1.13580251	1.00453484	1.00130486	1.00337327	0.99715161	0.84529781	0.36542428
0.00450560	0.00000000	1.28395057	0.99839002	0.99386019	1.00405073	0.99427700	1.05662227	0.97446471
0.00491520	0.00000000	1.13580251	0.99426651	0.99184090	1.00495589	0.99504936	0.86877829	0.60904044
0.00532480	0.00000000	1.06172836	0.99324048	0.99510938	1.00342333	0.99760705	1.15054417	1.33988893
0.00573440	0.00000000	1.06172836	1.00188911	0.99635011	0.99924600	0.98854840	1.10358322	0.60904044
0.00614400	0.00000000	1.18518519	1.00961590	0.99845725	1.00268376	0.98504299	0.82181728	0.97446471
0.00655360	0.00000000	1.01234567	1.01181674	0.99169910	0.99982470	0.99489665	0.84720594	1.33988893
0.00737280	0.00000000	0.94267625	1.00311124	1.00530970	0.99666166	0.99510521	0.92747951	0.90423864
0.00819200	0.00000000	1.02950168	0.99714142	1.00104547	0.99483186	1.00399446	1.03080964	0.41982508
0.00901120	0.00000000	0.93611473	1.00555539	0.99963135	0.99590135	0.99969286	1.01680064	1.13952518
0.00983040	0.00000000	1.01001847	0.99879587	1.00446260	1.00322556	0.99963510	1.04488194	1.25947523
0.01064960	0.00000000	1.12087417	1.00324738	1.00368989	0.99782902	0.99954182	1.18308830	1.01957512
0.01146880	0.00000000	0.93611473	1.00630605	1.00322032	1.00709832	0.99656868	1.17402470	0.71970010
0.01228800	0.00000000	0.99770123	0.99957299	0.99786937	0.99698389	1.00403798	0.68093431	0.54254317
0.01310720	0.00000000	0.82334870	1.00475895	1.00498426	0.99683201	0.99838519	1.09184301	1.02480376
0.01474560	0.00000000	0.99463952	1.00441694	1.00485861	1.00095165	1.00021064	1.08009720	1.10953772
0.01638400	0.00000000	1.06786454	1.00200009	1.00052822	1.00166631	0.99475384	0.98252350	0.92961264
0.01802240	0.00000000	1.15519524	0.99429965	1.00403178	1.00134611	0.99741840	1.07077408	0.90423864
0.01966080	0.00000000	0.91365856	1.00168967	1.00491047	1.00042844	0.99507588	1.10019100	1.08508635
0.02129920	0.00000000	0.99925500	0.99517703	1.00175405	0.99803656	1.00239456	0.97809774	1.04956269
0.02293760	0.00000000	0.85825580	0.99219912	0.99952590	1.00086343	1.00608611	0.89225423	0.77967513
0.02457600	0.00000000	0.97473341	0.99795747	0.99739605	0.99749756	1.00335360	1.15902472	1.26593411
0.02621440	0.00000000	0.90116858	0.99910742	0.99975371	0.99645352	0.99815708	1.06489074	0.93437994
0.02949120	0.00000000	0.92265445	1.00268483	0.99958879	1.00104654	0.99764192	1.06783247	1.01960170
0.03276800	0.00000000	0.92968827	1.00162888	1.00044215	1.00029135	1.00078404	0.91952902	1.07407022
0.03604480	0.00000000	0.95109558	0.99672931	1.00408423	0.99950635	1.00490844	0.91780639	0.83967203
0.03932160	0.00000000	0.89702517	0.99730587	0.99753815	0.99905074	0.99848098	1.02788115	1.05500031
0.04259840	0.00000000	0.99160945	0.99989748	1.00091588	1.00154388	0.99789268	0.95759869	1.02485740
0.04587520	0.00000000	0.98473561	1.00122714	1.00031400	1.00282407	0.99759620	1.02495277	0.87867230
0.04915200	0.00000000	0.99928689	0.99825478	1.00014889	0.99610853	1.00390685	0.99566835	0.95441991
0.05242880	0.00000000	0.96556860	0.99908340	0.99768662	0.99992549	0.99914038	0.87853092	0.93927038
0.05898240	0.00000000	0.95307136	1.00226212	1.00289094	1.00034750	0.99833655	1.06102479	1.08110392
0.06553600	0.00000000	1.02404130	0.99681914	1.00003958	1.00238669	0.99974382	0.90514117	0.94132656
0.07208960	0.00000000	1.02937067	0.99350286	1.00015891	1.00399578	1.00048196	0.97145206	1.07908165
0.07864320	0.00000000	1.05378032	0.99557084	0.99875522	0.99971479	0.99811488	0.92368978	1.02781010
0.08519680	0.00000000	0.98158252	0.99765599	1.00134552	1.00095761	0.99969906	1.03155053	0.91548240
0.09175040	0.00000000	1.04853249	1.00370646	1.00112951	1.00309098	0.99764520	1.01605403	1.18474197
0.09830400	0.00000000	0.95632184	0.99948883	1.00143993	0.99920446	1.00001669	0.94722325	1.03087938
0.10485760	0.00000000	0.95785439	1.00253046	0.99986732	1.00243700	1.00429189	0.97737557	1.04846942
0.11796480	0.00000000	1.03106606	0.99826860	0.99768811	1.00154924	1.00086761	0.98837703	0.97205651
0.13107200	0.00000000	1.06346738	0.99924916	0.99920130	0.99953163	1.00008321	1.01921773	0.96276039
0.14417920	0.00000000	0.95485258	0.99979645	0.99883229	0.99991888	0.99928397	0.99998957	0.99851960
0.15728641	0.00000000	0.98833400	1.00225186	0.99805343	0.99986780	1.00109816	1.00430310	1.01230764
0.17039360	0.00000000	0.99600822	1.00105715	0.99954945	1.00080752	0.99964875	1.01457357	1.01357472
0.18350080	0.00000000	0.96005255	0.99753529	0.99976313	1.00078893	0.99905217	1.02501214	1.02684820
0.19660801	0.00000000	1.00715995	1.00167203	0.99921316	0.99968225	1.00000775	1.01389897	1.06891227
0.20971520	0.00000000	1.02524173	0.99757671	0.99808580	1.00035989	1.00159514	0.94733840	0.94773841
0.23592959	0.00000000	0.98854589	0.99886143	0.99887341	1.00025690	0.99982905	0.97889608	0.99850088
0.26214400	0.00000000	0.96865672	0.99824858	0.99908316	0.99960518	1.00065506	1.01030672	0.98031712
0.28835839	0.00000000	1.00493038	0.99793488	0.99861276	0.99956900	0.99886262	0.99606609	1.01862323
0.31457281	0.00000000	1.01286733	1.00356233	1.00088131	0.99945390	0.99922609	0.99493796	0.96857530
0.34078720	0.00000000	0.98858172	1.00093424	0.99967003	0.99939173	0.99891573	1.01855326	0.98712575
0.36700159	0.00000000	0.96824014	1.00219607	1.00207186	0.99933159	0.99921435	0.97756630	0.98543328
0.39321601	0.00000000	1.02703416	0.99683839	1.00000656	0.99903297	1.00075436	0.97660249	1.01752174
0.41943040	0.00000000	1.03036296	0.99871308	1.00049675	0.99867845	0.99977463	1.01277602	0.99596816
0.47185919	0.00000000	0.97488815	1.00079203	1.00042808	0.99883544	0.99942309	0.99150848	1.00612783
0.52428800	0.00000000	1.00840962	0.99972397	1.00002170	0.99949288	0.99957412	1.00783741	1.00099957
0.57671678	0.00000000	0.98476875	0.99972779	1.00111485	0.99898773	0.99981737	0.99054784	1.01208055
0.62914562	0.00000000	1.00641596	0.99886113	0.99979144	0.99945909	1.00022864	1.00105095	1.02929735
0.68157440	0.00000000	0.98939389	1.00143290	1.00081813	0.99934709	0.99948120	1.01834130	0.99102831
0.73400319	0.00000000	0.99554706	0.99934876	0.99875152	0.99923640	0.99969769	0.99480432	1.02269900
0.78643203	0.00000000	0.99450272	1.00121820	0.99872774	0.99943548	1.00034106	0.98954731	1.00168884
0.83886081	0.00000000	1.02418029	1.00015044	1.00086915	1.00022578	0.99966753	1.00945830	0.97299147
0.94371837	0.00000000	1.00394785	1.00047207	0.99969590	1.00074363	1.00039995	1.01015913	0.97129506
1.04857600	0.00000000	0.99579126	0.99928516	0.99990660	1.00089562	1.00051105	0.99128813	0.99198097
1.15343356	0.00000000	1.00633526	0.99990225	1.00214446	1.00093853	1.00031745	1.00215077	0.99278843
1.25829124	0.00000000	0.98760366	1.00039792	0.99969125	1.00041819	0.99937147	0.97574973	0.98751813
1.36314881	0.00000000	1.00595164	1.00046337	0.99852026	0.99968666	0.99907529	1.01964772	0.99460131
1.46800637	0.00000000	1.01479232	0.99956018	0.99923027	1.00011873	0.99907929	0.99095136	0.99702382
1.57286406	0.00000000	0.98562503	0.99911624	1.00273991	1.00048780	0.99969137	1.01767671	0.96562499
1.67772162	0.00000000	0.99636364	1.00139499	0.99855703	0.99936688	0.99999434	1.00427353	1.01652896
1.88743675	0.00000000	0.00000000	0.00000000	0.00000000	0.00000000	0.00000000	0.00000000	0.00000000
2.09715199	0.00000000	0.00000000	0.00000000	0.00000000	0.00000000	0.00000000	0.00000000	0.00000000
2.30686712	0.00000000	0.00000000	0.00000000	0.00000000	0.00000000	0.00000000	0.00000000	0.00000000
2.51658249	0.00000000	0.00000000	0.00000000	0.00000000	0.00000000	0.00000000	0.00000000	0.00000000
2.72629762	0.00000000	0.00000000	0.00000000	0.00000000	0.00000000	0.00000000	0.00000000	0.00000000
2.93601274	0.00000000	0.00000000	0.00000000	0.00000000	0.00000000	0.00000000	0.00000000	0.00000000
3.14572811	0.00000000	0.00000000	0.00000000	0.00000000	0.00000000	0.00000000	0.00000000	0.00000000
3.35544324	0.00000000	0.00000000	0.00000000	0.00000000	0.00000000	0.00000000	0.00000000	0.00000000
3.77487350	0.00000000	0.00000000	0.00000000	0.00000000	0.00000000	0.00000000	0.00000000	0.00000000
4.19430399	0.00000000	0.00000000	0.00000000	0.00000000	0.00000000	0.00000000	0.00000000	0.00000000
4.61373425	0.00000000	0.00000000	0.00000000	0.00000000	0.00000000	0.00000000	0.00000000	0.00000000
5.03316498	0.00000000	0.00000000	0.00000000	0.00000000	0.00000000	0.00000000	0.00000000	0.00000000
5.45259523	0.00000000	0.00000000	0.00000000	0.00000000	0.00000000	0.00000000	0.00000000	0.00000000
5.87202549	0.00000000	0.00000000	0.00000000	0.00000000	0.00000000	0.00000000	0.00000000	0.00000000
6.29145622	0.00000000	0.00000000	0.00000000	0.00000000	0.00000000	0.00000000	0.00000000	0.00000000
6.71088648	0.00000000	0.00000000	0.00000000	0.00000000	0.00000000	0.00000000	0.00000000	0.00000000
7.54974699	0.00000000	0.00000000	0.00000000	0.00000000	0.00000000	0.00000000	0.00000000	0.00000000
8.38860798	0.00000000	0.00000000	0.00000000	0.00000000	0.00000000	0.00000000	0.00000000	0.00000000
9.22746849	0.00000000	0.00000000	0.00000000	0.00000000	0.00000000	0.00000000	0.00000000	0.00000000
10.06632996	0.00000000	0.00000000	0.00000000	0.00000000	0.00000000	0.00000000	0.00000000	0.00000000
10.90519047	0.00000000	0.00000000	0.00000000	0.00000000	0.00000000	0.00000000	0.00000000	0.00000000
11.74405098	0.00000000	0.00000000	0.00000000	0.00000000	0.00000000	0.00000000	0.00000000	0.00000000
12.58291245	0.00000000	0.00000000	0.00000000	0.00000000	0.00000000	0.00000000	0.00000000	0.00000000
13.42177296	0.00000000	0.00000000	0.00000000	0.00000000	0.00000000	0.00000000	0.00000000	0.00000000
15.09949398	0.00000000	0.00000000	0.00000000	0.00000000	0.00000000	0.00000000	0.00000000	0.00000000
16.77721596	0.00000000	0.00000000	0.00000000	0.00000000	0.00000000	0.00000000	0.00000000	0.00000000
18.45493698	0.00000000	0.00000000	0.00000000	0.00000000	0.00000000	0.00000000	0.00000000	0.00000000
20.13265991	0.00000000	0.00000000	0.00000000	0.00000000	0.00000000	0.00000000	0.00000000	0.00000000
21.81038094	0.00000000	0.00000000	0.00000000	0.00000000	0.00000000	0.00000000	0.00000000	0.00000000
23.48810196	0.00000000	0.00000000	0.00000000	0.00000000	0.00000000	0.00000000	0.00000000	0.00000000
25.16582489	0.00000000	0.00000000	0.00000000	0.00000000	0.00000000	0.00000000	0.00000000	0.00000000
26.84354591	0.00000000	0.00000000	0.00000000	0.00000000	0.00000000	0.00000000	0.00000000	0.00000000
30.19898796	0.00000000	0.00000000	0.00000000	0.00000000	0.00000000	0.00000000	0.00000000	0.00000000
33.55443192	0.00000000	0.00000000	0.00000000	0.00000000	0.00000000	0.00000000	0.00000000	0.00000000
36.90987396	0.00000000	0.00000000	0.00000000	0.00000000	0.00000000	0.00000000	0.00000000	0.00000000
40.26531982	0.00000000	0.00000000	0.00000000	0.00000000	0.00000000	0.00000000	0.00000000	0.00000000
43.62076187	0.00000000	0.00000000	0.00000000	0.00000000	0.00000000	0.00000000	0.00000000	0.00000000
46.97620392	0.00000000	0.00000000	0.00000000	0.00000000	0.00000000	0.00000000	0.00000000	0.00000000
50.33164978	0.00000000	0.00000000	0.00000000	0.00000000	0.00000000	0.00000000	0.00000000	0.00000000
53.68709183	0.00000000	0.00000000	0.00000000	0.00000000	0.00000000	0.00000000	0.00000000	0.00000000
60.39797592	0.00000000	0.00000000	0.00000000	0.00000000	0.00000000	0.00000000	0.00000000	0.00000000
67.10886383	0.00000000	0.00000000	0.00000000	0.00000000	0.00000000	0.00000000	0.00000000	0.00000000
73.81974792	0.00000000	0.00000000	0.00000000	0.00000000	0.00000000	0.00000000	0.00000000	0.00000000
80.53063965	0.00000000	0.00000000	0.00000000	0.00000000	0.00000000	0.00000000	0.00000000	0.00000000
87.24152374	0.00000000	0.00000000	0.00000000	0.00000000	0.00000000	0.00000000	0.00000000	0.00000000
93.95240784	0.00000000	0.00000000	0.00000000	0.00000000	0.00000000	0.00000000	0.00000000	0.00000000
100.66329956	0.00000000	0.00000000	0.00000000	0.00000000	0.00000000	0.00000000	0.00000000	0.00000000
107.37418365	0.00000000	0.00000000	0.00000000	0.00000000	0.00000000	0.00000000	0.00000000	0.00000000
120.79595184	0.00000000	0.00000000	0.00000000	0.00000000	0.00000000	0.00000000	0.00000000	0.00000000
134.21772766	0.00000000	0.00000000	0.00000000	0.00000000	0.00000000	0.00000000	0.00000000	0.00000000
147.63949585	0.00000000	0.00000000	0.00000000	0.00000000	0.00000000	0.00000000	0.00000000	0.00000000
161.06127930	0.00000000	0.00000000	0.00000000	0.00000000	0.00000000	0.00000000	0.00000000	0.00000000
174.48304749	0.00000000	0.00000000	0.00000000	0.00000000	0.00000000	0.00000000	0.00000000	0.00000000
187.90481567	0.00000000	0.00000000	0.00000000	0.00000000	0.00000000	0.00000000	0.00000000	0.00000000
201.32659912	0.00000000	0.00000000	0.00000000	0.00000000	0.00000000	0.00000000	0.00000000	0.00000000
214.74836731	0.00000000	0.00000000	0.00000000	0.00000000	0.00000000	0.00000000	0.00000000	0.00000000
241.59190369	0.00000000	0.00000000	0.00000000	0.00000000	0.00000000	0.00000000	0.00000000	0.00000000
268.43545532	0.00000000	0.00000000	0.00000000	0.00000000	0.00000000	0.00000000	0.00000000	0.00000000
295.27899170	0.00000000	0.00000000	0.00000000	0.00000000	0.00000000	0.00000000	0.00000000	0.00000000
322.12255859	0.00000000	0.00000000	0.00000000	0.00000000	0.00000000	0.00000000	0.00000000	0.00000000
348.96609497	0.00000000	0.00000000	0.00000000	0.00000000	0.00000000	0.00000000	0.00000000	0.00000000
375.80963135	0.00000000	0.00000000	0.00000000	0.00000000	0.00000000	0.00000000	0.00000000	0.00000000
402.65319824	0.00000000	0.00000000	0.00000000	0.00000000	0.00000000	0.00000000	0.00000000	0.00000000
429.49673462	0.00000000	0.00000000	0.00000000	0.00000000	0.00000000	0.00000000	0.00000000	0.00000000
483.18380737	0.00000000	0.00000000	0.00000000	0.00000000	0.00000000	0.00000000	0.00000000	0.00000000
536.87091064	0.00000000	0.00000000	0.00000000	0.00000000	0.00000000	0.00000000	0.00000000	0.00000000
590.55798340	0.00000000	0.00000000	0.00000000	0.00000000	0.00000000	0.00000000	0.00000000	0.00000000
644.24511719	0.00000000	0.00000000	0.00000000	0.00000000	0.00000000	0.00000000	0.00000000	0.00000000
697.93218994	0.00000000	0.00000000	0.00000000	0.00000000	0.00000000	0.00000000	0.00000000	0.00000000
751.61926270	0.00000000	0.00000000	0.00000000	0.00000000	0.00000000	0.00000000	0.00000000	0.00000000
805.30639648	0.00000000	0.00000000	0.00000000	0.00000000	0.00000000	0.00000000	0.00000000	0.00000000
858.99346924	0.00000000	0.00000000	0.00000000	0.00000000	0.00000000	0.00000000	0.00000000	0.00000000
966.36761475	0.00000000	0.00000000	0.00000000	0.00000000	0.00000000	0.00000000	0.00000000	0.00000000
1073.74182129	0.00000000	0.00000000	0.00000000	0.00000000	0.00000000	0.00000000	0.00000000	0.00000000
1181.11596680	0.00000000	0.00000000	0.00000000	0.00000000	0.00000000	0.00000000	0.00000000	0.00000000
1288.49023437	0.00000000	0.00000000	0.00000000	0.00000000	0.00000000	0.00000000	0.00000000	0.00000000
1395.86437988	0.00000000	0.00000000	0.00000000	0.00000000	0.00000000	0.00000000	0.00000000	0.00000000
1503.23852539	0.00000000	0.00000000	0.00000000	0.00000000	0.00000000	0.00000000	0.00000000	0.00000000
1610.61279297	0.00000000	0.00000000	0.00000000	0.00000000	0.00000000	0.00000000	0.00000000	0.00000000
1717.98693848	0.00000000	0.00000000	0.00000000	0.00000000	0.00000000	0.00000000	0.00000000	0.00000000
1932.73522949	0.00000000	0.00000000	0.00000000	0.00000000	0.00000000	0.00000000	0.00000000	0.00000000
2147.48364258	0.00000000	0.00000000	0.00000000	0.00000000	0.00000000	0.00000000	0.00000000	0.00000000
2362.23193359	0.00000000	0.00000000	0.00000000	0.00000000	0.00000000	0.00000000	0.00000000	0.00000000
2576.98046875	0.00000000	0.00000000	0.00000000	0.00000000	0.00000000	0.00000000	0.00000000	0.00000000
2791.72875977	0.00000000	0.00000000	0.00000000	0.00000000	0.00000000	0.00000000	0.00000000	0.00000000
3006.47705078	0.00000000	0.00000000	0.00000000	0.00000000	0.00000000	0.00000000	0.00000000	0.00000000
3221.22558594	0.00000000	0.00000000	0.00000000	0.00000000	0.00000000	0.00000000	0.00000000	0.00000000
3435.97387695	0.00000000	0.00000000	0.00000000	0.00000000	0.00000000	0.00000000	0.00000000	0.00000000
0	0	0	0	0	0	0	0	0
