%4/4/2019 1:12:30 PM
%Duration	ID1		ID2		ID3		ID4		ID5		ID6		ID7		ID8
1000.000000	0.000000	0.467300	367.584229	187.721252	77.352524	24.671555	0.534058	0.162125
%Tau		Tau1		Tau2		Tau3		Tau4		Tau5		Tau6		Tau7		Tau8
%		0.000000	0.000001	0.000282	0.000205	0.000141	0.000035	0.000001	0.000001
%Delaytime	D1		D2		D3		D4		D5		D6		D7		D8
0.00000020	0.00000000	64.00000000	1.58819211	1.51740444	1.77707803	4.73918962	201.33840942	0.00000000
0.00000040	0.00000000	0.00000000	1.48895061	1.51881886	1.50149739	1.95042455	100.66920471	0.00000000
0.00000060	0.00000000	0.00000000	1.48149323	1.52758837	1.43636012	1.57402682	0.00000000	0.00000000
0.00000080	0.00000000	0.00000000	1.46420169	1.48968148	1.48145509	1.59113586	0.00000000	0.00000000
0.00000100	0.00000000	0.00000000	1.48173904	1.52334511	1.42967939	1.43715501	0.00000000	0.00000000
0.00000120	0.00000000	0.00000000	1.46477532	1.49845099	1.38625455	1.36871898	0.00000000	0.00000000
0.00000140	0.00000000	0.00000000	1.48337805	1.47921479	1.47811472	1.42004597	50.33460236	0.00000000
0.00000160	0.00000000	0.00000000	1.45272875	1.48374093	1.48646569	1.23184705	0.00000000	0.00000000
0.00000180	0.00000000	0.00000000	1.45944858	1.50495744	1.46308303	1.55691791	0.00000000	0.00000000
0.00000200	0.00000000	0.00000000	1.49460518	1.49845099	1.50817811	1.47137296	0.00000000	0.00000000
0.00000220	0.00000000	0.00000000	1.47141337	1.47610295	1.44304085	1.57402682	0.00000000	0.00000000
0.00000240	0.00000000	0.00000000	1.48460734	1.48854995	1.48145509	1.57402682	0.00000000	0.00000000
0.00000260	0.00000000	0.00000000	1.47280645	1.47468853	1.49481666	1.65957177	0.00000000	0.00000000
0.00000280	0.00000000	0.00000000	1.49173689	1.46846509	1.52153957	1.26606512	0.00000000	0.00000000
0.00000300	0.00000000	0.00000000	1.46657825	1.51995039	1.45640230	1.42004597	0.00000000	0.00000000
0.00000320	0.00000000	0.00000000	1.46371007	1.49222755	1.47310424	1.71089876	0.00000000	0.00000000
0.00000360	0.00000000	0.00000000	1.47743666	1.50509882	1.37456322	1.41149151	0.00000000	0.00000000
0.00000400	0.00000000	0.00000000	1.48210776	1.48642838	1.46976376	1.72800779	0.00000000	0.00000000
0.00000440	0.00000000	0.00000000	1.46977437	1.49208605	1.44721627	1.33450103	0.00000000	0.00000000
0.00000480	0.00000000	0.00000000	1.47710884	1.49731946	1.51485884	1.47137296	0.00000000	0.00000000
0.00000520	0.00000000	0.00000000	1.47174108	1.47963905	1.42717409	1.48848188	0.00000000	0.00000000
0.00000560	0.00000000	0.00000000	1.47571576	1.48147786	1.47477436	1.59113586	0.00000000	0.00000000
0.00000600	0.00000000	0.00000000	1.45022929	1.46959662	1.43803024	1.56547236	0.00000000	0.00000000
0.00000640	0.00000000	0.00000000	1.47493720	1.50425017	1.52070451	1.53125441	0.00000000	0.00000000
0.00000720	0.00000000	0.00000000	1.45844471	1.48367023	1.45389700	1.38155079	0.00000000	0.00000000
0.00000800	0.00000000	0.00000000	1.46536946	1.47652733	1.45723736	1.41576874	0.00000000	0.00000000
0.00000880	0.00000000	0.00000000	1.45893645	1.47857821	1.45932519	1.59969032	0.00000000	0.00000000
0.00000960	0.00000000	0.00000000	1.45662129	1.47695160	1.40462661	1.39010525	0.00000000	0.00000000
0.00001040	0.00000000	0.00000000	1.46928263	1.47907329	1.41757047	1.41149151	0.00000000	0.00000000
0.00001120	0.00000000	0.00000000	1.46981525	1.45686662	1.43594253	1.46709573	0.00000000	0.00000000
0.00001200	0.00000000	0.00000000	1.45621157	1.48685265	1.45890760	1.33022380	0.00000000	0.00000000
0.00001280	0.00000000	0.00000000	1.46284950	1.47242546	1.48020244	1.34305549	0.00000000	0.00000000
0.00001440	0.00000000	0.00000000	1.46328998	1.45958948	1.44930398	1.39438248	0.00000000	0.00000000
0.00001600	0.00000000	0.00000000	1.45734870	1.45711422	1.41193366	1.35161006	0.00000000	0.00000000
0.00001760	0.00000000	0.00000000	1.45968425	1.45375490	1.40587914	1.32808518	6.29182529	0.00000000
0.00001920	0.00000000	0.00000000	1.45060825	1.45474505	1.40734065	1.46709573	0.00000000	0.00000000
0.00002080	0.00000000	0.00000000	1.44788337	1.45764458	1.41924071	1.49917507	0.00000000	0.00000000
0.00002240	0.00000000	0.00000000	1.44771945	1.44937015	1.41068101	1.31097615	0.00000000	0.00000000
0.00002400	0.00000000	0.00000000	1.44344783	1.45739710	1.38228786	1.31525338	0.00000000	0.00000000
0.00002560	0.00000000	0.00000000	1.44731998	1.44427824	1.38646328	1.38796663	0.00000000	0.00000000
0.00002880	0.00000000	0.00000000	1.43635535	1.43195498	1.38701630	1.38052392	0.00000000	0.00000000
0.00003200	0.00000000	0.00000000	1.42774475	1.42590523	1.38825011	1.35366547	0.00000000	0.00000000
0.00003520	0.00000000	0.00000000	1.42651927	1.42643440	1.37899709	1.33862472	0.00000000	0.00000000
0.00003840	0.00000000	0.00000000	1.42050016	1.42056108	1.36265028	1.33330989	6.43968916	0.00000000
0.00004160	0.00000000	4.14991999	1.42123592	1.40852237	1.36131370	1.29355776	0.00000000	0.00000000
0.00004480	0.00000000	0.00000000	1.41153967	1.39538240	1.35411704	1.31719410	0.00000000	21.92980385
0.00004800	0.00000000	4.14991999	1.41509044	1.39875114	1.33797574	1.29248333	0.00000000	0.00000000
0.00005120	0.00000000	0.00000000	1.40699422	1.39296603	1.34846246	1.27421880	0.00000000	0.00000000
0.00005760	0.00000000	2.04232693	1.40213883	1.37776005	1.32136917	1.27601790	0.00000000	0.00000000
0.00006400	0.00000000	0.00000000	1.39212370	1.36472130	1.30921161	1.24169040	4.80727673	0.00000000
0.00007040	0.00000000	0.00000000	1.38587034	1.35860312	1.30059135	1.29425430	3.20485115	0.00000000
0.00007680	0.00000000	2.04232693	1.37586546	1.34548497	1.28307629	1.22881758	0.00000000	0.00000000
0.00008320	0.00000000	0.00000000	1.37278318	1.34091103	1.27322018	1.23042667	0.00000000	0.00000000
0.00008960	0.00000000	2.04232693	1.36327589	1.33277392	1.26860070	1.17571712	1.60242558	0.00000000
0.00009600	0.00000000	2.04232693	1.35670602	1.31555653	1.25094962	1.20682645	3.20485115	10.96490192
0.00010240	0.00000000	0.00000000	1.34839094	1.31032872	1.24621034	1.22023571	0.00000000	0.00000000
0.00011520	0.00000000	0.00000000	1.33575714	1.29778576	1.21639109	1.17304921	1.58024693	5.54992676
0.00012800	0.00000000	3.03149581	1.32082021	1.27647316	1.20546889	1.16956115	2.37037039	0.00000000
0.00014080	0.00000000	0.00000000	1.30889320	1.26276612	1.18534434	1.13468099	0.79012346	0.00000000
0.00015360	0.00000000	1.01049864	1.29525685	1.24941361	1.17573929	1.15238941	0.00000000	0.00000000
0.00016640	0.00000000	2.02099729	1.28461492	1.23292828	1.16346300	1.12555838	1.58024693	0.00000000
0.00017920	0.00000000	1.01049864	1.26823282	1.21916127	1.14889872	1.13387597	0.79012346	0.00000000
0.00019200	0.00000000	2.02099729	1.25838566	1.21282220	1.12703049	1.14648652	0.00000000	0.00000000
0.00020480	0.00000000	3.03149581	1.24709702	1.19470489	1.11533225	1.07431126	2.37037039	0.00000000
0.00023040	0.00000000	0.50790501	1.22675920	1.17426944	1.09745908	1.06812227	0.39414933	0.00000000
0.00025600	0.00000000	0.00000000	1.20590401	1.15246773	1.07810664	1.06566644	0.78829867	0.00000000
0.00028160	0.00000000	1.52371502	1.18555629	1.13722181	1.06780994	1.04435313	0.39414933	0.00000000
0.00030720	0.00000000	0.50790501	1.16974604	1.12168193	1.05874288	1.02706122	1.97074676	0.00000000
0.00033280	0.00000000	0.00000000	1.15126741	1.10591459	1.04611135	1.03537202	0.78829867	0.00000000
0.00035840	0.00000000	0.50790501	1.13775861	1.09509397	1.04186678	1.04229796	1.57659733	0.00000000
0.00038400	0.00000000	1.52371502	1.12274015	1.07957721	1.03247714	1.05114472	0.78829867	0.00000000
0.00040960	0.00000000	1.01581001	1.11124504	1.07457447	1.02208877	1.01200485	0.39414933	2.80932784
0.00046080	0.00000000	0.50790501	1.09245932	1.05228329	1.01681006	1.01522803	0.77926278	0.00000000
0.00051200	0.00000000	0.25395250	1.07516670	1.03787947	1.00850093	1.01569641	0.38963139	1.37066364
0.00056320	0.00000000	1.01581001	1.06073153	1.02707219	1.00599968	0.99992889	0.77926278	0.00000000
0.00061440	0.00000000	0.76185751	1.04747200	1.01942444	1.00914681	1.01880169	0.19481570	1.37066364
0.00066560	0.00000000	1.26976252	1.03764641	1.01330864	1.00414193	1.00566983	0.77926278	1.37066364
0.00071680	0.00000000	1.52371502	1.02902436	1.01223481	1.00730288	0.99674803	1.16889417	1.37066364
0.00076800	0.00000000	1.01581001	1.02473617	1.01015234	1.00575483	0.99072701	0.19481570	0.00000000
0.00081920	0.00000000	1.77766752	1.02121270	1.00736928	1.00104594	1.00756192	0.38963139	1.37066364
0.00092160	0.00000000	0.49355343	1.01690257	1.00786996	1.00510144	1.00253940	1.35125601	0.00000000
0.00102400	0.00000000	1.11049521	1.01183164	1.00926256	1.00532162	1.00244784	0.86866456	1.32181144
0.00112640	0.00000000	0.86596197	1.00975394	1.00446975	1.00436771	1.00053811	1.06170106	1.98271716
0.00122880	0.00000000	0.74225312	1.00752866	1.00015366	1.00727880	0.99674571	1.54429257	1.32181144
0.00133120	0.00000000	0.74225312	1.00411248	1.00067806	1.00159216	0.98807907	0.96518284	1.32181144
0.00143360	0.00000000	0.98967081	1.00323999	0.99694777	0.99789393	0.99755365	0.96518284	1.32181144
0.00153600	0.00000000	1.23708844	1.00287151	0.99452323	1.00339460	0.99805969	1.35746861	1.32181144
0.00163840	0.00000000	1.23708844	1.00211167	0.99559808	1.00646150	1.00791121	1.06658244	1.98271716
0.00184320	0.00000000	1.03803039	1.00344634	0.99759996	1.00177324	0.99393541	0.91066247	0.98545766
0.00204800	0.00000000	0.97696978	1.00266361	0.99317575	1.00033951	0.99991298	0.95859206	0.32848588
0.00225280	0.00000000	1.03803039	1.00279808	0.99144006	1.00107706	0.99241674	0.81480324	1.31394351
0.00245760	0.00000000	1.16015160	1.00492692	0.99513942	0.99969995	0.99758202	0.81480324	1.31394351
0.00266240	0.00000000	1.16015160	1.00564229	0.99442136	0.99843872	1.00275600	1.19824004	1.31394351
0.00286720	0.00000000	0.61060607	1.00783527	0.99305195	0.99791837	0.99674326	0.52722561	0.98545766
0.00307200	0.00000000	1.22121215	1.00535226	0.99186778	0.98989218	0.99442995	0.91274160	1.31394351
0.00327680	0.00000000	1.09909093	1.00052464	0.99193805	0.99975353	1.00762844	0.81666356	1.31394351
0.00368640	0.00000000	1.01270676	0.99773920	0.99006063	0.99468452	0.99830842	0.82606769	0.65306121
0.00409600	0.00000000	0.79789019	1.00587761	0.98810053	0.99744791	1.00875568	0.92325211	0.48979592
0.00450560	0.00000000	1.10477102	0.99992967	0.99416888	0.99859846	1.00372791	1.11762106	1.63265312
0.00491520	0.00000000	0.79789019	1.00197518	0.98942447	1.00242984	0.99801159	0.77747548	1.14285719
0.00532480	0.00000000	1.41165185	1.00132310	0.99420869	1.00712752	0.99201208	1.21480548	0.81632656
0.00573440	0.00000000	0.95133060	1.00312579	1.00270545	0.99988228	0.99956346	1.06902874	0.97959185
0.00614400	0.00000000	1.04071259	0.99816376	1.00759172	1.00051999	0.99012840	0.94754827	0.48979592
0.00655360	0.00000000	0.70401150	0.99522203	1.00109017	0.99770081	1.00080502	1.26339769	0.65306121
0.00737280	0.00000000	1.08662641	0.99504185	0.99361753	0.99926221	1.00189364	0.94973153	0.89264584
0.00819200	0.00000000	0.84175283	1.00122201	0.99369991	0.99438888	0.99826992	1.01061177	1.05494511
0.00901120	0.00000000	1.07132185	0.99404937	0.99579448	0.99739993	1.00390232	1.09584403	1.05494511
0.00983040	0.00000000	1.07132185	0.99619776	1.00099516	1.00276589	1.00293028	0.97408360	0.81149620
0.01064960	0.00000000	0.93358046	1.00518596	1.00405025	1.00288057	0.99715036	1.24195659	1.05494511
0.01146880	0.00000000	1.11723566	0.99866968	0.99930322	0.99899960	1.00416183	1.17158747	0.56804734
0.01228800	0.00000000	0.93358046	0.99740547	1.00150359	0.99934065	0.99643493	0.80546641	1.29839396
0.01310720	0.00000000	1.04071259	0.99931449	0.99934471	0.99347591	1.00566661	1.07395518	0.73034656
0.01474560	0.00000000	0.95900261	0.99256200	1.00126982	1.00006533	0.99963754	1.05688071	1.16970694
0.01638400	0.00000000	0.98969072	1.00299108	0.99858189	0.99885118	1.00359988	0.93146253	0.85207099
0.01802240	0.00000000	1.17685235	0.98922729	1.00141680	1.00128162	0.99647379	0.91319859	1.17666948
0.01966080	0.00000000	0.92302144	1.00443721	1.00019157	1.00873983	1.00122654	0.96577030	1.05494511
0.02129920	0.00000000	0.99993992	1.00602555	1.00262594	0.99875760	0.99724805	1.03258467	0.81149620
0.02293760	0.00000000	1.11531758	1.00027847	0.99967247	1.00254095	0.99789685	0.91717809	1.17666948
0.02457600	0.00000000	0.96917254	1.00718558	0.99833959	1.00155091	1.00004983	0.92537457	1.17666948
0.02621440	0.00000000	1.03839910	0.99309522	0.99604011	1.00148284	0.99302471	1.00828850	0.97379541
0.02949120	0.00000000	1.02325583	0.99985743	0.99751216	1.00094557	0.99569345	1.05808711	1.19695687
0.03276800	0.00000000	0.96899223	1.00184131	0.99881166	1.00115883	1.00130522	0.94582283	1.01437020
0.03604480	0.00000000	1.08527136	0.99966377	1.00479984	0.99684268	0.99642968	0.97551966	1.03465760
0.03932160	0.00000000	0.99871463	0.99996597	1.00311935	1.00034916	1.00519943	0.97938430	1.15638208
0.04259840	0.00000000	0.92544985	1.00302362	0.99926060	1.00361133	1.00371253	1.04040515	0.95350802
0.04587520	0.00000000	1.06426740	0.99877936	0.99856395	1.00151885	1.00446558	1.10194957	1.08167100
0.04915200	0.00000000	1.02185094	0.99984157	0.99577504	1.00361609	0.99972850	0.99920911	1.00003541
0.05242880	0.00000000	1.03608251	1.00485671	1.00466418	0.99991179	0.99849117	1.09032238	1.13609469
0.05898240	0.00000000	0.98140728	1.00452673	0.99768245	0.99909592	1.00346744	0.98327124	1.07784426
0.06553600	0.00000000	0.91384506	0.99550712	0.99911630	1.00040364	0.99904466	0.95316297	1.22448981
0.07208960	0.00000000	1.00955474	1.00283146	1.00168848	0.99873930	0.99845237	0.96122491	1.04704881
0.07864320	0.00000000	1.01621222	1.00112426	0.99973041	1.00066745	1.00074828	0.96022427	0.99139416
0.08519680	0.00000000	0.99420130	1.00004601	0.99825102	1.00093150	1.00047219	0.98700142	0.89350647
0.09175040	0.00000000	1.03402698	1.00032139	0.99912965	0.99863660	0.99882418	0.99692070	1.18843114
0.09830400	0.00000000	0.98248184	0.99623150	0.99790573	1.00111496	0.99939018	1.04519963	1.06878304
0.10485760	0.00000000	0.92877525	0.99832368	0.99980360	0.99853897	0.99800211	1.02091455	1.04761910
0.11796480	0.00000000	0.97105265	0.99928504	0.99879235	0.99866635	0.99949962	0.98451203	1.01393723
0.13107200	0.00000000	0.97822142	0.99829710	1.00164354	1.00095367	0.99892193	1.00941181	0.94559348
0.14417920	0.00000000	0.98961037	1.00240195	1.00068867	1.00056720	0.99901444	1.00485671	1.02096748
0.15728641	0.00000000	1.00187445	0.99677002	0.99844217	1.00012505	1.00099230	0.95103872	1.07047546
0.17039360	0.00000000	1.01932466	0.99733508	1.00074720	1.00147974	1.00083411	1.01592481	1.00551283
0.18350080	0.00000000	1.00477397	0.99867851	1.00110149	0.99891847	0.99993491	0.96110082	0.96827483
0.19660801	0.00000000	1.02390420	1.00091791	0.99971086	1.00068355	0.99818879	0.94650644	1.05469310
0.20971520	0.00000000	1.03345048	0.99734122	0.99763155	0.99950051	1.00040054	1.00273371	0.99727023
0.23592959	0.00000000	1.03948927	1.00022960	1.00071490	1.00021589	0.99880260	0.98565561	0.95632482
0.26214400	0.00000000	0.99154931	0.99895668	0.99934906	1.00066245	0.99908233	1.00689471	0.99546641
0.28835839	0.00000000	0.97981811	0.99910724	0.99936539	1.00094438	0.99901050	0.98297805	0.88190216
0.31457281	0.00000000	0.97668505	0.99958551	1.00036263	0.99938720	0.99907464	0.99377012	0.94810450
0.34078720	0.00000000	1.00735581	0.99914008	0.99851519	0.99878293	1.00024354	0.99537116	0.98289472
0.36700159	0.00000000	0.98669767	0.99961650	1.00007248	0.99944419	1.00122702	1.05171335	0.93190551
0.39321601	0.00000000	1.03126001	1.00139630	1.00011837	0.99977612	1.00041401	1.02320647	1.02277279
0.41943040	0.00000000	0.98888224	0.99892306	1.00013995	0.99977899	1.00158393	0.98983240	0.96321887
0.47185919	0.00000000	0.98860466	1.00016892	1.00016487	0.99929696	0.99929833	0.99144769	0.98981333
0.52428800	0.00000000	1.00426900	1.00061166	1.00032604	0.99976271	1.00057530	1.00371170	0.99456906
0.57671678	0.00000000	0.97169608	1.00045812	1.00052691	1.00029814	1.00008643	1.00101161	1.06008232
0.62914562	0.00000000	1.00465226	0.99979508	0.99959219	0.99925065	0.99939173	1.00023675	1.05915964
0.68157440	0.00000000	0.97352839	0.99907029	0.99939525	0.99933583	0.99896067	1.00940526	0.96035767
0.73400319	0.00000000	1.01005566	0.99995404	1.00039482	1.00063026	1.00047672	1.01823866	0.95686275
0.78643203	0.00000000	0.97548097	1.00060272	0.99940574	0.99903202	1.00105679	0.97538978	0.95585603
0.83886081	0.00000000	1.00040042	0.99967861	1.00007212	1.00013399	0.99990660	0.97707105	0.99943745
0.94371837	0.00000000	1.01290321	1.00076151	0.99996716	0.99925238	1.00070226	1.00388753	1.00337839
1.04857600	0.00000000	0.98888886	1.00034928	1.00043571	0.99999648	0.99975038	1.00293338	1.05182922
1.15343356	0.00000000	1.02062941	1.00111198	0.99992162	0.99894512	0.99980921	1.00368094	1.00695193
1.25829124	0.00000000	0.97684038	0.99799979	0.99971533	0.99958003	0.99946630	1.01985252	0.95263159
1.36314881	0.00000000	1.02941179	0.99750215	1.00007951	1.00060451	1.00022137	0.96187001	0.89569163
1.46800637	0.00000000	0.96973681	1.00008035	0.99992114	0.99955529	0.99967504	1.00896823	1.05263162
1.57286406	0.00000000	1.00894189	1.00232780	1.00025892	1.00072849	0.99960560	1.02393818	1.03427422
1.67772162	0.00000000	0.98368299	1.00104487	0.99987102	0.99990743	1.00058901	0.96987087	0.95238096
1.88743675	0.00000000	0.00000000	0.00000000	0.00000000	0.00000000	0.00000000	0.00000000	0.00000000
2.09715199	0.00000000	0.00000000	0.00000000	0.00000000	0.00000000	0.00000000	0.00000000	0.00000000
2.30686712	0.00000000	0.00000000	0.00000000	0.00000000	0.00000000	0.00000000	0.00000000	0.00000000
2.51658249	0.00000000	0.00000000	0.00000000	0.00000000	0.00000000	0.00000000	0.00000000	0.00000000
2.72629762	0.00000000	0.00000000	0.00000000	0.00000000	0.00000000	0.00000000	0.00000000	0.00000000
2.93601274	0.00000000	0.00000000	0.00000000	0.00000000	0.00000000	0.00000000	0.00000000	0.00000000
3.14572811	0.00000000	0.00000000	0.00000000	0.00000000	0.00000000	0.00000000	0.00000000	0.00000000
3.35544324	0.00000000	0.00000000	0.00000000	0.00000000	0.00000000	0.00000000	0.00000000	0.00000000
3.77487350	0.00000000	0.00000000	0.00000000	0.00000000	0.00000000	0.00000000	0.00000000	0.00000000
4.19430399	0.00000000	0.00000000	0.00000000	0.00000000	0.00000000	0.00000000	0.00000000	0.00000000
4.61373425	0.00000000	0.00000000	0.00000000	0.00000000	0.00000000	0.00000000	0.00000000	0.00000000
5.03316498	0.00000000	0.00000000	0.00000000	0.00000000	0.00000000	0.00000000	0.00000000	0.00000000
5.45259523	0.00000000	0.00000000	0.00000000	0.00000000	0.00000000	0.00000000	0.00000000	0.00000000
5.87202549	0.00000000	0.00000000	0.00000000	0.00000000	0.00000000	0.00000000	0.00000000	0.00000000
6.29145622	0.00000000	0.00000000	0.00000000	0.00000000	0.00000000	0.00000000	0.00000000	0.00000000
6.71088648	0.00000000	0.00000000	0.00000000	0.00000000	0.00000000	0.00000000	0.00000000	0.00000000
7.54974699	0.00000000	0.00000000	0.00000000	0.00000000	0.00000000	0.00000000	0.00000000	0.00000000
8.38860798	0.00000000	0.00000000	0.00000000	0.00000000	0.00000000	0.00000000	0.00000000	0.00000000
9.22746849	0.00000000	0.00000000	0.00000000	0.00000000	0.00000000	0.00000000	0.00000000	0.00000000
10.06632996	0.00000000	0.00000000	0.00000000	0.00000000	0.00000000	0.00000000	0.00000000	0.00000000
10.90519047	0.00000000	0.00000000	0.00000000	0.00000000	0.00000000	0.00000000	0.00000000	0.00000000
11.74405098	0.00000000	0.00000000	0.00000000	0.00000000	0.00000000	0.00000000	0.00000000	0.00000000
12.58291245	0.00000000	0.00000000	0.00000000	0.00000000	0.00000000	0.00000000	0.00000000	0.00000000
13.42177296	0.00000000	0.00000000	0.00000000	0.00000000	0.00000000	0.00000000	0.00000000	0.00000000
15.09949398	0.00000000	0.00000000	0.00000000	0.00000000	0.00000000	0.00000000	0.00000000	0.00000000
16.77721596	0.00000000	0.00000000	0.00000000	0.00000000	0.00000000	0.00000000	0.00000000	0.00000000
18.45493698	0.00000000	0.00000000	0.00000000	0.00000000	0.00000000	0.00000000	0.00000000	0.00000000
20.13265991	0.00000000	0.00000000	0.00000000	0.00000000	0.00000000	0.00000000	0.00000000	0.00000000
21.81038094	0.00000000	0.00000000	0.00000000	0.00000000	0.00000000	0.00000000	0.00000000	0.00000000
23.48810196	0.00000000	0.00000000	0.00000000	0.00000000	0.00000000	0.00000000	0.00000000	0.00000000
25.16582489	0.00000000	0.00000000	0.00000000	0.00000000	0.00000000	0.00000000	0.00000000	0.00000000
26.84354591	0.00000000	0.00000000	0.00000000	0.00000000	0.00000000	0.00000000	0.00000000	0.00000000
30.19898796	0.00000000	0.00000000	0.00000000	0.00000000	0.00000000	0.00000000	0.00000000	0.00000000
33.55443192	0.00000000	0.00000000	0.00000000	0.00000000	0.00000000	0.00000000	0.00000000	0.00000000
36.90987396	0.00000000	0.00000000	0.00000000	0.00000000	0.00000000	0.00000000	0.00000000	0.00000000
40.26531982	0.00000000	0.00000000	0.00000000	0.00000000	0.00000000	0.00000000	0.00000000	0.00000000
43.62076187	0.00000000	0.00000000	0.00000000	0.00000000	0.00000000	0.00000000	0.00000000	0.00000000
46.97620392	0.00000000	0.00000000	0.00000000	0.00000000	0.00000000	0.00000000	0.00000000	0.00000000
50.33164978	0.00000000	0.00000000	0.00000000	0.00000000	0.00000000	0.00000000	0.00000000	0.00000000
53.68709183	0.00000000	0.00000000	0.00000000	0.00000000	0.00000000	0.00000000	0.00000000	0.00000000
60.39797592	0.00000000	0.00000000	0.00000000	0.00000000	0.00000000	0.00000000	0.00000000	0.00000000
67.10886383	0.00000000	0.00000000	0.00000000	0.00000000	0.00000000	0.00000000	0.00000000	0.00000000
73.81974792	0.00000000	0.00000000	0.00000000	0.00000000	0.00000000	0.00000000	0.00000000	0.00000000
80.53063965	0.00000000	0.00000000	0.00000000	0.00000000	0.00000000	0.00000000	0.00000000	0.00000000
87.24152374	0.00000000	0.00000000	0.00000000	0.00000000	0.00000000	0.00000000	0.00000000	0.00000000
93.95240784	0.00000000	0.00000000	0.00000000	0.00000000	0.00000000	0.00000000	0.00000000	0.00000000
100.66329956	0.00000000	0.00000000	0.00000000	0.00000000	0.00000000	0.00000000	0.00000000	0.00000000
107.37418365	0.00000000	0.00000000	0.00000000	0.00000000	0.00000000	0.00000000	0.00000000	0.00000000
120.79595184	0.00000000	0.00000000	0.00000000	0.00000000	0.00000000	0.00000000	0.00000000	0.00000000
134.21772766	0.00000000	0.00000000	0.00000000	0.00000000	0.00000000	0.00000000	0.00000000	0.00000000
147.63949585	0.00000000	0.00000000	0.00000000	0.00000000	0.00000000	0.00000000	0.00000000	0.00000000
161.06127930	0.00000000	0.00000000	0.00000000	0.00000000	0.00000000	0.00000000	0.00000000	0.00000000
174.48304749	0.00000000	0.00000000	0.00000000	0.00000000	0.00000000	0.00000000	0.00000000	0.00000000
187.90481567	0.00000000	0.00000000	0.00000000	0.00000000	0.00000000	0.00000000	0.00000000	0.00000000
201.32659912	0.00000000	0.00000000	0.00000000	0.00000000	0.00000000	0.00000000	0.00000000	0.00000000
214.74836731	0.00000000	0.00000000	0.00000000	0.00000000	0.00000000	0.00000000	0.00000000	0.00000000
241.59190369	0.00000000	0.00000000	0.00000000	0.00000000	0.00000000	0.00000000	0.00000000	0.00000000
268.43545532	0.00000000	0.00000000	0.00000000	0.00000000	0.00000000	0.00000000	0.00000000	0.00000000
295.27899170	0.00000000	0.00000000	0.00000000	0.00000000	0.00000000	0.00000000	0.00000000	0.00000000
322.12255859	0.00000000	0.00000000	0.00000000	0.00000000	0.00000000	0.00000000	0.00000000	0.00000000
348.96609497	0.00000000	0.00000000	0.00000000	0.00000000	0.00000000	0.00000000	0.00000000	0.00000000
375.80963135	0.00000000	0.00000000	0.00000000	0.00000000	0.00000000	0.00000000	0.00000000	0.00000000
402.65319824	0.00000000	0.00000000	0.00000000	0.00000000	0.00000000	0.00000000	0.00000000	0.00000000
429.49673462	0.00000000	0.00000000	0.00000000	0.00000000	0.00000000	0.00000000	0.00000000	0.00000000
483.18380737	0.00000000	0.00000000	0.00000000	0.00000000	0.00000000	0.00000000	0.00000000	0.00000000
536.87091064	0.00000000	0.00000000	0.00000000	0.00000000	0.00000000	0.00000000	0.00000000	0.00000000
590.55798340	0.00000000	0.00000000	0.00000000	0.00000000	0.00000000	0.00000000	0.00000000	0.00000000
644.24511719	0.00000000	0.00000000	0.00000000	0.00000000	0.00000000	0.00000000	0.00000000	0.00000000
697.93218994	0.00000000	0.00000000	0.00000000	0.00000000	0.00000000	0.00000000	0.00000000	0.00000000
751.61926270	0.00000000	0.00000000	0.00000000	0.00000000	0.00000000	0.00000000	0.00000000	0.00000000
805.30639648	0.00000000	0.00000000	0.00000000	0.00000000	0.00000000	0.00000000	0.00000000	0.00000000
858.99346924	0.00000000	0.00000000	0.00000000	0.00000000	0.00000000	0.00000000	0.00000000	0.00000000
966.36761475	0.00000000	0.00000000	0.00000000	0.00000000	0.00000000	0.00000000	0.00000000	0.00000000
1073.74182129	0.00000000	0.00000000	0.00000000	0.00000000	0.00000000	0.00000000	0.00000000	0.00000000
1181.11596680	0.00000000	0.00000000	0.00000000	0.00000000	0.00000000	0.00000000	0.00000000	0.00000000
1288.49023437	0.00000000	0.00000000	0.00000000	0.00000000	0.00000000	0.00000000	0.00000000	0.00000000
1395.86437988	0.00000000	0.00000000	0.00000000	0.00000000	0.00000000	0.00000000	0.00000000	0.00000000
1503.23852539	0.00000000	0.00000000	0.00000000	0.00000000	0.00000000	0.00000000	0.00000000	0.00000000
1610.61279297	0.00000000	0.00000000	0.00000000	0.00000000	0.00000000	0.00000000	0.00000000	0.00000000
1717.98693848	0.00000000	0.00000000	0.00000000	0.00000000	0.00000000	0.00000000	0.00000000	0.00000000
1932.73522949	0.00000000	0.00000000	0.00000000	0.00000000	0.00000000	0.00000000	0.00000000	0.00000000
2147.48364258	0.00000000	0.00000000	0.00000000	0.00000000	0.00000000	0.00000000	0.00000000	0.00000000
2362.23193359	0.00000000	0.00000000	0.00000000	0.00000000	0.00000000	0.00000000	0.00000000	0.00000000
2576.98046875	0.00000000	0.00000000	0.00000000	0.00000000	0.00000000	0.00000000	0.00000000	0.00000000
2791.72875977	0.00000000	0.00000000	0.00000000	0.00000000	0.00000000	0.00000000	0.00000000	0.00000000
3006.47705078	0.00000000	0.00000000	0.00000000	0.00000000	0.00000000	0.00000000	0.00000000	0.00000000
3221.22558594	0.00000000	0.00000000	0.00000000	0.00000000	0.00000000	0.00000000	0.00000000	0.00000000
3435.97387695	0.00000000	0.00000000	0.00000000	0.00000000	0.00000000	0.00000000	0.00000000	0.00000000
0	0	0	0	0	0	0	0	0
