%4/4/2019 1:14:24 PM
%Duration	ID1		ID2		ID3		ID4		ID5		ID6		ID7		ID8
1000.000000	0.000000	0.352859	365.858093	195.722580	79.603195	24.080276	0.438690	0.114441
%Tau		Tau1		Tau2		Tau3		Tau4		Tau5		Tau6		Tau7		Tau8
%		0.000000	0.000001	0.000282	0.000192	0.000115	0.000045	0.000001	0.000001
%Delaytime	D1		D2		D3		D4		D5		D6		D7		D8
0.00000020	0.00000000	173.46064758	1.53468394	1.47309029	1.66459501	5.16461372	235.10203552	294.53463745
0.00000040	0.00000000	0.00000000	1.46961474	1.47225165	1.61742032	1.58100414	94.04081726	0.00000000
0.00000060	0.00000000	0.00000000	1.46724415	1.46693969	1.51801634	1.38777030	0.00000000	294.53463745
0.00000080	0.00000000	0.00000000	1.46332037	1.48371422	1.60731137	1.86207163	0.00000000	0.00000000
0.00000100	0.00000000	0.00000000	1.44901502	1.50552130	1.43714535	1.42290378	0.00000000	0.00000000
0.00000120	0.00000000	0.00000000	1.46503711	1.47448826	1.49779856	1.40533710	0.00000000	0.00000000
0.00000140	0.00000000	0.00000000	1.45310223	1.46106851	1.48095047	1.66883779	0.00000000	0.00000000
0.00000160	0.00000000	0.00000000	1.45547283	1.53124237	1.53991890	1.45803714	47.02040863	0.00000000
0.00000180	0.00000000	0.00000000	1.46446478	1.45603621	1.45736313	1.40533710	0.00000000	0.00000000
0.00000200	0.00000000	0.00000000	1.45310223	1.48063886	1.49948335	1.42290378	0.00000000	0.00000000
0.00000220	0.00000000	0.00000000	1.47411072	1.46973538	1.50453782	1.44047046	0.00000000	0.00000000
0.00000240	0.00000000	0.00000000	1.45236659	1.45435870	1.44388461	1.65127099	0.00000000	0.00000000
0.00000260	0.00000000	0.00000000	1.45195782	1.45995021	1.50285304	1.66883779	0.00000000	0.00000000
0.00000280	0.00000000	0.00000000	1.45146739	1.46777833	1.42872131	1.44047046	0.00000000	0.00000000
0.00000300	0.00000000	0.00000000	1.45073164	1.48287559	1.51127708	1.35263693	0.00000000	0.00000000
0.00000320	0.00000000	0.00000000	1.46348393	1.51418817	1.41187310	1.22966993	0.00000000	0.00000000
0.00000360	0.00000000	0.00000000	1.45432842	1.45841253	1.49358654	1.29993677	0.00000000	0.00000000
0.00000400	0.00000000	0.00000000	1.46475101	1.46540201	1.49274409	1.35263693	0.00000000	0.00000000
0.00000440	0.00000000	0.00000000	1.46066368	1.45296085	1.51633155	1.46682048	0.00000000	0.00000000
0.00000480	0.00000000	0.00000000	1.45723045	1.44625092	1.40934587	1.54587078	0.00000000	0.00000000
0.00000520	0.00000000	0.00000000	1.45837486	1.45715451	1.49779856	1.51073730	0.00000000	0.00000000
0.00000560	0.00000000	0.00000000	1.44079959	1.42877746	1.46831441	1.20331979	0.00000000	0.00000000
0.00000600	0.00000000	0.00000000	1.44402850	1.45212209	1.50201058	1.33507013	0.00000000	0.00000000
0.00000640	0.00000000	0.00000000	1.44513214	1.45575655	1.51885879	1.29993677	0.00000000	0.00000000
0.00000720	0.00000000	0.00000000	1.44725752	1.45659530	1.52517676	1.48438728	0.00000000	0.00000000
0.00000800	0.00000000	0.00000000	1.44525468	1.43471837	1.46241748	1.44925380	0.00000000	0.00000000
0.00000880	0.00000000	0.00000000	1.44774795	1.43569696	1.47379005	1.41412044	0.00000000	0.00000000
0.00000960	0.00000000	0.00000000	1.44218934	1.46002007	1.46157515	1.55026245	0.00000000	0.00000000
0.00001040	0.00000000	0.00000000	1.44300675	1.44639075	1.43714535	1.40094531	0.00000000	0.00000000
0.00001120	0.00000000	0.00000000	1.44176006	1.44205725	1.42914248	1.35702860	0.00000000	0.00000000
0.00001200	0.00000000	0.00000000	1.44341540	1.43772388	1.43925130	1.42290378	0.00000000	0.00000000
0.00001280	0.00000000	0.00000000	1.43135810	1.43101406	1.41524279	1.46242881	0.00000000	0.00000000
0.00001440	0.00000000	0.00000000	1.43890929	1.44114864	1.44914961	1.35483277	0.00000000	0.00000000
0.00001600	0.00000000	0.00000000	1.43625259	1.43566203	1.41777003	1.41851211	0.00000000	0.00000000
0.00001760	0.00000000	0.00000000	1.43770349	1.44149816	1.42450917	1.36800778	0.00000000	0.00000000
0.00001920	0.00000000	0.00000000	1.43745828	1.42703009	1.43503928	1.44266629	0.00000000	0.00000000
0.00002080	0.00000000	0.00000000	1.42740357	1.41668570	1.42914248	1.36142027	5.87755108	0.00000000
0.00002240	0.00000000	0.00000000	1.42673945	1.43108392	1.43293333	1.38777030	0.00000000	0.00000000
0.00002400	0.00000000	0.00000000	1.42471623	1.40123904	1.43735588	1.38777030	0.00000000	0.00000000
0.00002560	0.00000000	0.00000000	1.42383754	1.40690053	1.42556226	1.44705796	5.87755108	0.00000000
0.00002880	0.00000000	0.00000000	1.41543102	1.42139089	1.41367912	1.33605969	0.00000000	0.00000000
0.00003200	0.00000000	0.00000000	1.40950775	1.40440488	1.39688611	1.38295805	0.00000000	0.00000000
0.00003520	0.00000000	0.00000000	1.41202688	1.40176880	1.38790870	1.37096083	0.00000000	0.00000000
0.00003840	0.00000000	0.00000000	1.40223837	1.39555407	1.36815834	1.31751835	0.00000000	0.00000000
0.00004160	0.00000000	3.49171495	1.39735889	1.38406718	1.37312233	1.32297170	2.88699198	0.00000000
0.00004480	0.00000000	0.00000000	1.39811289	1.37625372	1.36678529	1.23571885	2.88699198	0.00000000
0.00004800	0.00000000	3.49171495	1.39220381	1.37665522	1.33869135	1.29461455	2.88699198	0.00000000
0.00005120	0.00000000	3.49171495	1.38635635	1.37267494	1.33921933	1.27498257	0.00000000	0.00000000
0.00005760	0.00000000	0.00000000	1.38183904	1.35998917	1.32393169	1.27230263	1.46938777	0.00000000
0.00006400	0.00000000	0.00000000	1.37373543	1.36234963	1.31434524	1.31694484	0.00000000	0.00000000
0.00007040	0.00000000	3.49171495	1.36490607	1.34231007	1.30218196	1.28319097	0.00000000	0.00000000
0.00007680	0.00000000	0.00000000	1.35732627	1.33061159	1.28814316	1.23746002	2.93877554	8.08398914
0.00008320	0.00000000	0.00000000	1.35624683	1.31711149	1.26751518	1.22167194	2.93877554	0.00000000
0.00008960	0.00000000	1.74585748	1.34587073	1.31475210	1.25668395	1.25264978	1.46938777	8.08398914
0.00009600	0.00000000	0.00000000	1.33885002	1.30535614	1.27350914	1.21563101	0.00000000	0.00000000
0.00010240	0.00000000	0.00000000	1.33128619	1.28352523	1.22892237	1.20632458	2.93877554	0.00000000
0.00011520	0.00000000	0.86869639	1.31819892	1.27912724	1.21918154	1.18111074	1.45635557	0.00000000
0.00012800	0.00000000	0.86869639	1.30710936	1.25550425	1.21585882	1.17478347	0.72817779	0.00000000
0.00014080	0.00000000	0.86869639	1.29581034	1.24279916	1.19119775	1.13402557	1.45635557	0.00000000
0.00015360	0.00000000	0.00000000	1.28213358	1.23047030	1.17626441	1.15138984	0.72817779	4.08465385
0.00016640	0.00000000	0.00000000	1.26954019	1.21267390	1.16709960	1.11100936	0.72817779	0.00000000
0.00017920	0.00000000	0.86869639	1.25746047	1.20198059	1.13846886	1.10250390	0.00000000	0.00000000
0.00019200	0.00000000	1.73739278	1.24802756	1.18396711	1.13728583	1.11527896	1.45635557	0.00000000
0.00020480	0.00000000	3.47478557	1.23495293	1.17629814	1.12385130	1.09472346	0.72817779	0.00000000
0.00023040	0.00000000	0.00000000	1.21702480	1.15614688	1.10714030	1.06989598	2.54862213	4.23943424
0.00025600	0.00000000	0.87719214	1.19664443	1.13527048	1.09139478	1.06606328	1.45635557	2.11971712
0.00028160	0.00000000	0.87719214	1.18185997	1.11812043	1.07163751	1.06186557	1.45635557	0.00000000
0.00030720	0.00000000	1.31578827	1.16248560	1.10504961	1.06001616	1.06957757	0.36408889	0.00000000
0.00033280	0.00000000	0.87719214	1.14923441	1.08982444	1.05039072	1.04740024	0.36408889	2.11971712
0.00035840	0.00000000	1.75438428	1.13413930	1.07989776	1.04144895	1.03745425	0.36408889	2.11971712
0.00038400	0.00000000	0.43859607	1.11993670	1.06646597	1.02969730	1.00569677	1.09226668	0.00000000
0.00040960	0.00000000	0.87719214	1.10792053	1.05841589	1.02574396	1.00446486	1.09226668	0.00000000
0.00046080	0.00000000	1.55017304	1.08505821	1.04251361	1.01696706	1.01126111	0.54131097	2.13111353
0.00051200	0.00000000	0.44290659	1.06677473	1.03345513	1.00897527	1.00385630	0.72174799	2.13111353
0.00056320	0.00000000	0.88581318	1.05110252	1.02495885	1.00868118	1.02291250	0.54131097	0.00000000
0.00061440	0.00000000	0.88581318	1.04187739	1.01718855	1.00492287	1.00275564	1.08262193	0.00000000
0.00066560	0.00000000	0.88581318	1.03254700	1.01180196	1.00247300	1.01795936	1.26305902	1.06555676
0.00071680	0.00000000	1.10726643	1.02535009	1.00757265	1.00606501	1.02281916	1.98480690	1.06555676
0.00076800	0.00000000	0.66435987	1.01890302	1.00466621	1.00165021	1.01009154	0.54131097	0.00000000
0.00081920	0.00000000	0.22145329	1.01569283	1.00049329	1.00255537	1.01621461	0.72174799	0.00000000
0.00092160	0.00000000	0.67092139	1.01033008	1.00157213	1.00128210	1.02037382	1.45959914	1.65116906
0.00102400	0.00000000	1.00638211	1.00419474	0.99837440	0.99760431	1.00766838	0.91224945	1.10077941
0.00112640	0.00000000	0.67092139	0.99851769	1.00007415	0.99667770	1.00637352	1.09469938	0.00000000
0.00122880	0.00000000	0.55910116	0.99699551	1.00074649	1.00391650	1.01237857	1.36534011	1.10077941
0.00133120	0.00000000	0.67092139	0.99923873	1.00116563	1.00937426	1.01784968	0.91022670	1.65116906
0.00143360	0.00000000	1.23002255	0.99771225	0.99572897	1.00516748	1.01040411	0.63715869	0.55038971
0.00153600	0.00000000	1.45366299	0.99704051	0.99339694	1.00722873	0.98916525	0.91022670	0.55038971
0.00163840	0.00000000	0.78274161	0.99688071	0.99406677	1.00229681	0.99511844	0.91022670	1.65116906
0.00184320	0.00000000	0.73405015	0.99769884	1.00217962	1.00236249	1.00810325	1.35327744	1.36105859
0.00204800	0.00000000	1.24531364	0.99983555	0.99968636	1.00756264	1.00558114	1.66904223	0.54442346
0.00225280	0.00000000	1.13210332	1.00002337	0.99617696	1.00437617	1.00166678	0.81196648	0.54739845
0.00245760	0.00000000	1.41512907	0.99820900	0.99825299	0.99874586	1.00126374	1.12773120	1.36849606
0.00266240	0.00000000	0.96228778	0.99816358	0.99899548	1.00290740	0.99862039	1.08262193	1.09479690
0.00286720	0.00000000	1.35852396	0.99707776	1.00101328	1.00782669	0.99331671	1.44349599	0.27369922
0.00307200	0.00000000	0.90568262	0.99499935	1.00027454	1.00882459	0.99970967	1.08262193	0.54739845
0.00327680	0.00000000	1.01889300	0.99576426	1.00369477	1.00440967	0.99337691	0.58642024	0.54739845
0.00368640	0.00000000	0.73769313	0.99783659	1.00119257	0.99676043	0.99969262	0.68877554	0.40831757
0.00409600	0.00000000	1.04979408	0.99873018	1.00100577	0.99877548	1.00328112	1.26275516	0.68052930
0.00450560	0.00000000	1.02396202	1.00177801	0.99988663	1.00328064	1.00004494	1.03316331	1.22495270
0.00491520	0.00000000	1.45061290	0.99495023	1.00065076	0.99760193	0.99951118	0.84948981	1.63327026
0.00532480	0.00000000	1.05240548	0.99946815	0.99888200	1.00069308	0.99896252	1.05612242	0.68052930
0.00573440	0.00000000	0.93630278	1.00463939	0.99874109	0.99426132	0.98986840	1.01020408	1.08884692
0.00614400	0.00000000	1.07549810	0.99871010	0.99746841	0.99761748	0.99489570	1.01020408	0.54442346
0.00655360	0.00000000	0.99059039	1.00217617	1.00404239	1.00134420	0.99449247	0.87244898	1.90548205
0.00737280	0.00000000	0.95522386	1.00871909	1.00075161	1.00559151	1.00006485	0.97199929	1.49716449
0.00819200	0.00000000	0.78413898	1.00066483	1.00213099	1.00711489	1.00328684	0.89288306	0.74858224
0.00901120	0.00000000	1.19759417	0.99785000	0.99237496	0.99708444	0.99995732	1.00813663	1.29300570
0.00983040	0.00000000	1.12630880	0.99946558	1.00121021	0.99806273	0.99939454	0.97631931	1.08884692
0.01064960	0.00000000	0.89596683	0.99844617	1.00022101	1.00280452	0.99598217	0.89884889	1.22495270
0.01146880	0.00000000	0.92441022	0.99924469	0.99599451	0.99536830	0.99485731	1.00124943	0.61247635
0.01228800	0.00000000	0.78219324	0.99597526	1.00638235	0.99956357	0.99880499	1.08330691	1.56521738
0.01310720	0.00000000	1.08084881	1.00546873	1.00465763	1.00311148	0.99231476	0.95787138	1.08884692
0.01474560	0.00000000	1.18333709	0.99358809	0.99607956	1.00167966	0.99587786	1.00931942	1.09479690
0.01638400	0.00000000	1.01225221	0.99393004	1.00110447	1.00011575	1.00158513	0.89654630	0.92373484
0.01802240	0.00000000	1.02650928	1.00299585	1.00613368	1.00120306	1.00529242	1.06570601	0.75267285
0.01966080	0.00000000	0.99086654	1.00185835	1.00237024	1.00447750	1.00232637	0.99804211	1.06058443
0.02129920	0.00000000	1.01225221	0.99669689	0.99952966	0.99791819	0.99934512	0.94374353	1.16322172
0.02293760	0.00000000	1.12351394	0.99891645	1.00063682	0.99793780	0.99550891	1.00471056	1.06058443
0.02457600	0.00000000	1.09507060	1.00475025	0.99858057	0.99538916	1.00018537	0.92161822	0.82109767
0.02621440	0.00000000	0.97418612	0.99735719	0.99523866	0.99917704	1.00576556	0.93299621	0.78688526
0.02949120	0.00000000	0.97886801	0.99814576	0.99896497	0.99706835	1.00010097	0.98768157	1.27665782
0.03276800	0.00000000	0.94340181	0.99458462	1.00486755	0.99913704	0.99879426	1.01547170	1.04930770
0.03604480	0.00000000	1.04365766	1.00459361	1.00230646	0.99822009	1.00364804	0.99650013	0.97935390
0.03932160	0.00000000	1.02950644	0.99717402	0.99869925	1.00362074	0.99905229	1.03086221	1.04930770
0.04259840	0.00000000	1.12930107	0.99386716	1.00080681	0.99984449	0.99709868	0.99363667	1.08428466
0.04587520	0.00000000	1.03206742	1.00295198	1.00294101	1.00075412	1.00148296	0.97496659	0.94953752
0.04915200	0.00000000	1.02142751	1.00227451	0.99775642	1.00052226	0.99945498	0.93867129	1.06679618
0.05242880	0.00000000	1.00931287	0.99794972	1.00131345	1.00082660	0.99990904	0.99335790	1.07262576
0.05898240	0.00000000	1.02345419	1.00033116	0.99683511	1.00329983	0.99893999	0.97800684	1.10537946
0.06553600	0.00000000	0.98502660	0.99780762	1.00247657	0.99991578	0.99971318	1.02750540	1.17365932
0.07208960	0.00000000	1.02909553	0.99857485	0.99750888	1.00001609	0.99890053	1.07337630	1.01361489
0.07864320	0.00000000	1.02210677	0.99839830	0.99964827	1.00131869	1.00076067	0.96218616	0.97273397
0.08519680	0.00000000	1.01883507	1.00202942	0.99838829	0.99945283	0.99928057	0.98084837	1.04975390
0.09175040	0.00000000	1.01959550	1.00039256	1.00079596	0.99794292	1.00174654	0.99814224	0.76107162
0.09830400	0.00000000	0.96196085	0.99883956	0.99994260	0.99914825	1.00181687	0.93549550	0.98851830
0.10485760	0.00000000	0.97687966	0.99874336	0.99900371	1.00086188	1.00094008	0.97153789	1.09335482
0.11796480	0.00000000	1.01727247	1.00187576	0.99934602	1.00151050	0.99823892	0.97002554	1.04033458
0.13107200	0.00000000	0.95909369	0.99995214	1.00147355	0.99795508	0.99893022	0.99017411	0.90359271
0.14417920	0.00000000	1.03789473	1.00100327	0.99978095	0.99922186	0.99896985	1.03713346	0.97551674
0.15728641	0.00000000	1.05763257	0.99771494	0.99974144	1.00103855	0.99943149	0.95402068	1.03179193
0.17039360	0.00000000	1.01175630	0.99853510	1.00160515	0.99979198	1.00026488	1.00111520	0.95682830
0.18350080	0.00000000	1.03367865	0.99968803	1.00041568	0.99959099	0.99885702	0.98249269	1.00721455
0.19660801	0.00000000	1.03835320	0.99752891	0.99836779	0.99889416	1.00112391	1.03154409	0.86583012
0.20971520	0.00000000	1.02979147	1.00143254	1.00096309	0.99867171	0.99609226	1.08130205	0.94843429
0.23592959	0.00000000	0.98984092	1.00113821	1.00089812	0.99918789	1.00008607	0.99721462	0.98913777
0.26214400	0.00000000	0.98122388	1.00029778	1.00030100	0.99863207	1.00003874	1.01264620	0.97089058
0.28835839	0.00000000	0.96961325	0.99886674	1.00027859	1.00087500	0.99988317	0.98065263	0.97582102
0.31457281	0.00000000	1.01090622	0.99877030	0.99924415	1.00032091	1.00065982	0.99334985	0.93936706
0.34078720	0.00000000	1.00391686	0.99983650	0.99848926	1.00053906	1.00014830	0.96871644	0.98195243
0.36700159	0.00000000	0.99065119	1.00172019	0.99938834	0.99965525	1.00046921	1.03941953	0.95741934
0.39321601	0.00000000	1.00193238	1.00098050	0.99972934	1.00075066	1.00000679	1.00861919	0.97164869
0.41943040	0.00000000	0.98033798	0.99923849	0.99987000	0.99874574	1.00182962	0.94916397	1.06230569
0.47185919	0.00000000	0.96191776	0.99980432	0.99915659	0.99952781	1.00060177	0.98627353	1.05638480
0.52428800	0.00000000	1.01210654	0.99954820	1.00069427	1.00003147	0.99960941	1.02443612	1.00212562
0.57671678	0.00000000	0.98001742	0.99935544	0.99812633	1.00073922	0.99966288	0.99423039	0.95082551
0.62914562	0.00000000	0.98334134	1.00101423	1.00052249	1.00080299	0.99930787	0.97774315	0.99843752
0.68157440	0.00000000	0.98248923	0.99930823	1.00068259	1.00009310	1.00046027	1.01654637	1.01640654
0.73400319	0.00000000	1.01956558	1.00158489	1.00105500	0.99988818	1.00066507	1.01656854	1.02075028
0.78643203	0.00000000	0.96524334	0.99995333	0.99980783	0.99983579	1.00013363	0.96024674	1.00935328
0.83886081	0.00000000	0.99557477	0.99986589	0.99982625	0.99919420	0.99947798	0.96786898	0.96259028
0.94371837	0.00000000	0.98243737	0.99902284	0.99969482	0.99939555	0.99972785	1.01262486	0.99697149
1.04857600	0.00000000	1.00619304	1.00018573	0.99938899	0.99983400	0.99969631	0.99575227	0.96188748
1.15343356	0.00000000	0.96391922	1.00026214	0.99867731	1.00097299	1.00018108	1.00859296	1.05514705
1.25829124	0.00000000	1.01372325	0.99923968	0.99968749	1.00006700	1.00126278	1.00725806	1.01973999
1.36314881	0.00000000	1.02392340	1.00053895	0.99954849	0.99988389	0.99912393	0.98347110	0.92363262
1.46800637	0.00000000	1.02541053	1.00098920	1.00015819	0.99980289	0.99973232	0.99980563	0.92870545
1.57286406	0.00000000	1.02790391	0.99904072	1.00019932	0.99999297	0.99924731	1.01918864	1.07867825
1.67772162	0.00000000	0.94499999	1.00014400	0.99969041	1.00010240	1.00221443	1.01179242	1.16528928
1.88743675	0.00000000	0.00000000	0.00000000	0.00000000	0.00000000	0.00000000	0.00000000	0.00000000
2.09715199	0.00000000	0.00000000	0.00000000	0.00000000	0.00000000	0.00000000	0.00000000	0.00000000
2.30686712	0.00000000	0.00000000	0.00000000	0.00000000	0.00000000	0.00000000	0.00000000	0.00000000
2.51658249	0.00000000	0.00000000	0.00000000	0.00000000	0.00000000	0.00000000	0.00000000	0.00000000
2.72629762	0.00000000	0.00000000	0.00000000	0.00000000	0.00000000	0.00000000	0.00000000	0.00000000
2.93601274	0.00000000	0.00000000	0.00000000	0.00000000	0.00000000	0.00000000	0.00000000	0.00000000
3.14572811	0.00000000	0.00000000	0.00000000	0.00000000	0.00000000	0.00000000	0.00000000	0.00000000
3.35544324	0.00000000	0.00000000	0.00000000	0.00000000	0.00000000	0.00000000	0.00000000	0.00000000
3.77487350	0.00000000	0.00000000	0.00000000	0.00000000	0.00000000	0.00000000	0.00000000	0.00000000
4.19430399	0.00000000	0.00000000	0.00000000	0.00000000	0.00000000	0.00000000	0.00000000	0.00000000
4.61373425	0.00000000	0.00000000	0.00000000	0.00000000	0.00000000	0.00000000	0.00000000	0.00000000
5.03316498	0.00000000	0.00000000	0.00000000	0.00000000	0.00000000	0.00000000	0.00000000	0.00000000
5.45259523	0.00000000	0.00000000	0.00000000	0.00000000	0.00000000	0.00000000	0.00000000	0.00000000
5.87202549	0.00000000	0.00000000	0.00000000	0.00000000	0.00000000	0.00000000	0.00000000	0.00000000
6.29145622	0.00000000	0.00000000	0.00000000	0.00000000	0.00000000	0.00000000	0.00000000	0.00000000
6.71088648	0.00000000	0.00000000	0.00000000	0.00000000	0.00000000	0.00000000	0.00000000	0.00000000
7.54974699	0.00000000	0.00000000	0.00000000	0.00000000	0.00000000	0.00000000	0.00000000	0.00000000
8.38860798	0.00000000	0.00000000	0.00000000	0.00000000	0.00000000	0.00000000	0.00000000	0.00000000
9.22746849	0.00000000	0.00000000	0.00000000	0.00000000	0.00000000	0.00000000	0.00000000	0.00000000
10.06632996	0.00000000	0.00000000	0.00000000	0.00000000	0.00000000	0.00000000	0.00000000	0.00000000
10.90519047	0.00000000	0.00000000	0.00000000	0.00000000	0.00000000	0.00000000	0.00000000	0.00000000
11.74405098	0.00000000	0.00000000	0.00000000	0.00000000	0.00000000	0.00000000	0.00000000	0.00000000
12.58291245	0.00000000	0.00000000	0.00000000	0.00000000	0.00000000	0.00000000	0.00000000	0.00000000
13.42177296	0.00000000	0.00000000	0.00000000	0.00000000	0.00000000	0.00000000	0.00000000	0.00000000
15.09949398	0.00000000	0.00000000	0.00000000	0.00000000	0.00000000	0.00000000	0.00000000	0.00000000
16.77721596	0.00000000	0.00000000	0.00000000	0.00000000	0.00000000	0.00000000	0.00000000	0.00000000
18.45493698	0.00000000	0.00000000	0.00000000	0.00000000	0.00000000	0.00000000	0.00000000	0.00000000
20.13265991	0.00000000	0.00000000	0.00000000	0.00000000	0.00000000	0.00000000	0.00000000	0.00000000
21.81038094	0.00000000	0.00000000	0.00000000	0.00000000	0.00000000	0.00000000	0.00000000	0.00000000
23.48810196	0.00000000	0.00000000	0.00000000	0.00000000	0.00000000	0.00000000	0.00000000	0.00000000
25.16582489	0.00000000	0.00000000	0.00000000	0.00000000	0.00000000	0.00000000	0.00000000	0.00000000
26.84354591	0.00000000	0.00000000	0.00000000	0.00000000	0.00000000	0.00000000	0.00000000	0.00000000
30.19898796	0.00000000	0.00000000	0.00000000	0.00000000	0.00000000	0.00000000	0.00000000	0.00000000
33.55443192	0.00000000	0.00000000	0.00000000	0.00000000	0.00000000	0.00000000	0.00000000	0.00000000
36.90987396	0.00000000	0.00000000	0.00000000	0.00000000	0.00000000	0.00000000	0.00000000	0.00000000
40.26531982	0.00000000	0.00000000	0.00000000	0.00000000	0.00000000	0.00000000	0.00000000	0.00000000
43.62076187	0.00000000	0.00000000	0.00000000	0.00000000	0.00000000	0.00000000	0.00000000	0.00000000
46.97620392	0.00000000	0.00000000	0.00000000	0.00000000	0.00000000	0.00000000	0.00000000	0.00000000
50.33164978	0.00000000	0.00000000	0.00000000	0.00000000	0.00000000	0.00000000	0.00000000	0.00000000
53.68709183	0.00000000	0.00000000	0.00000000	0.00000000	0.00000000	0.00000000	0.00000000	0.00000000
60.39797592	0.00000000	0.00000000	0.00000000	0.00000000	0.00000000	0.00000000	0.00000000	0.00000000
67.10886383	0.00000000	0.00000000	0.00000000	0.00000000	0.00000000	0.00000000	0.00000000	0.00000000
73.81974792	0.00000000	0.00000000	0.00000000	0.00000000	0.00000000	0.00000000	0.00000000	0.00000000
80.53063965	0.00000000	0.00000000	0.00000000	0.00000000	0.00000000	0.00000000	0.00000000	0.00000000
87.24152374	0.00000000	0.00000000	0.00000000	0.00000000	0.00000000	0.00000000	0.00000000	0.00000000
93.95240784	0.00000000	0.00000000	0.00000000	0.00000000	0.00000000	0.00000000	0.00000000	0.00000000
100.66329956	0.00000000	0.00000000	0.00000000	0.00000000	0.00000000	0.00000000	0.00000000	0.00000000
107.37418365	0.00000000	0.00000000	0.00000000	0.00000000	0.00000000	0.00000000	0.00000000	0.00000000
120.79595184	0.00000000	0.00000000	0.00000000	0.00000000	0.00000000	0.00000000	0.00000000	0.00000000
134.21772766	0.00000000	0.00000000	0.00000000	0.00000000	0.00000000	0.00000000	0.00000000	0.00000000
147.63949585	0.00000000	0.00000000	0.00000000	0.00000000	0.00000000	0.00000000	0.00000000	0.00000000
161.06127930	0.00000000	0.00000000	0.00000000	0.00000000	0.00000000	0.00000000	0.00000000	0.00000000
174.48304749	0.00000000	0.00000000	0.00000000	0.00000000	0.00000000	0.00000000	0.00000000	0.00000000
187.90481567	0.00000000	0.00000000	0.00000000	0.00000000	0.00000000	0.00000000	0.00000000	0.00000000
201.32659912	0.00000000	0.00000000	0.00000000	0.00000000	0.00000000	0.00000000	0.00000000	0.00000000
214.74836731	0.00000000	0.00000000	0.00000000	0.00000000	0.00000000	0.00000000	0.00000000	0.00000000
241.59190369	0.00000000	0.00000000	0.00000000	0.00000000	0.00000000	0.00000000	0.00000000	0.00000000
268.43545532	0.00000000	0.00000000	0.00000000	0.00000000	0.00000000	0.00000000	0.00000000	0.00000000
295.27899170	0.00000000	0.00000000	0.00000000	0.00000000	0.00000000	0.00000000	0.00000000	0.00000000
322.12255859	0.00000000	0.00000000	0.00000000	0.00000000	0.00000000	0.00000000	0.00000000	0.00000000
348.96609497	0.00000000	0.00000000	0.00000000	0.00000000	0.00000000	0.00000000	0.00000000	0.00000000
375.80963135	0.00000000	0.00000000	0.00000000	0.00000000	0.00000000	0.00000000	0.00000000	0.00000000
402.65319824	0.00000000	0.00000000	0.00000000	0.00000000	0.00000000	0.00000000	0.00000000	0.00000000
429.49673462	0.00000000	0.00000000	0.00000000	0.00000000	0.00000000	0.00000000	0.00000000	0.00000000
483.18380737	0.00000000	0.00000000	0.00000000	0.00000000	0.00000000	0.00000000	0.00000000	0.00000000
536.87091064	0.00000000	0.00000000	0.00000000	0.00000000	0.00000000	0.00000000	0.00000000	0.00000000
590.55798340	0.00000000	0.00000000	0.00000000	0.00000000	0.00000000	0.00000000	0.00000000	0.00000000
644.24511719	0.00000000	0.00000000	0.00000000	0.00000000	0.00000000	0.00000000	0.00000000	0.00000000
697.93218994	0.00000000	0.00000000	0.00000000	0.00000000	0.00000000	0.00000000	0.00000000	0.00000000
751.61926270	0.00000000	0.00000000	0.00000000	0.00000000	0.00000000	0.00000000	0.00000000	0.00000000
805.30639648	0.00000000	0.00000000	0.00000000	0.00000000	0.00000000	0.00000000	0.00000000	0.00000000
858.99346924	0.00000000	0.00000000	0.00000000	0.00000000	0.00000000	0.00000000	0.00000000	0.00000000
966.36761475	0.00000000	0.00000000	0.00000000	0.00000000	0.00000000	0.00000000	0.00000000	0.00000000
1073.74182129	0.00000000	0.00000000	0.00000000	0.00000000	0.00000000	0.00000000	0.00000000	0.00000000
1181.11596680	0.00000000	0.00000000	0.00000000	0.00000000	0.00000000	0.00000000	0.00000000	0.00000000
1288.49023437	0.00000000	0.00000000	0.00000000	0.00000000	0.00000000	0.00000000	0.00000000	0.00000000
1395.86437988	0.00000000	0.00000000	0.00000000	0.00000000	0.00000000	0.00000000	0.00000000	0.00000000
1503.23852539	0.00000000	0.00000000	0.00000000	0.00000000	0.00000000	0.00000000	0.00000000	0.00000000
1610.61279297	0.00000000	0.00000000	0.00000000	0.00000000	0.00000000	0.00000000	0.00000000	0.00000000
1717.98693848	0.00000000	0.00000000	0.00000000	0.00000000	0.00000000	0.00000000	0.00000000	0.00000000
1932.73522949	0.00000000	0.00000000	0.00000000	0.00000000	0.00000000	0.00000000	0.00000000	0.00000000
2147.48364258	0.00000000	0.00000000	0.00000000	0.00000000	0.00000000	0.00000000	0.00000000	0.00000000
2362.23193359	0.00000000	0.00000000	0.00000000	0.00000000	0.00000000	0.00000000	0.00000000	0.00000000
2576.98046875	0.00000000	0.00000000	0.00000000	0.00000000	0.00000000	0.00000000	0.00000000	0.00000000
2791.72875977	0.00000000	0.00000000	0.00000000	0.00000000	0.00000000	0.00000000	0.00000000	0.00000000
3006.47705078	0.00000000	0.00000000	0.00000000	0.00000000	0.00000000	0.00000000	0.00000000	0.00000000
3221.22558594	0.00000000	0.00000000	0.00000000	0.00000000	0.00000000	0.00000000	0.00000000	0.00000000
3435.97387695	0.00000000	0.00000000	0.00000000	0.00000000	0.00000000	0.00000000	0.00000000	0.00000000
0	0	0	0	0	0	0	0	0
