%4/4/2019 1:13:35 PM
%Duration	ID1		ID2		ID3		ID4		ID5		ID6		ID7		ID8
1000.000000	0.000000	0.476837	357.055664	201.635361	81.663132	24.919510	0.591278	0.190735
%Tau		Tau1		Tau2		Tau3		Tau4		Tau5		Tau6		Tau7		Tau8
%		0.000000	0.000001	0.000307	0.000205	0.000128	0.000032	0.000001	0.000001
%Delaytime	D1		D2		D3		D4		D5		D6		D7		D8
0.00000020	0.00000000	245.65763855	1.56052351	1.47972679	1.65756094	5.06155682	134.96859741	0.00000000
0.00000040	0.00000000	0.00000000	1.49805951	1.49228072	1.54258561	2.04542351	0.00000000	0.00000000
0.00000060	0.00000000	0.00000000	1.46670341	1.47645187	1.60326707	1.68140757	0.00000000	0.00000000
0.00000080	0.00000000	0.00000000	1.47572136	1.47808933	1.50745428	1.49073243	0.00000000	0.00000000
0.00000100	0.00000000	0.00000000	1.46339405	1.50674510	1.48030734	1.64673936	44.98953247	0.00000000
0.00000120	0.00000000	0.00000000	1.46943367	1.47263110	1.47391987	1.57740295	0.00000000	0.00000000
0.00000140	0.00000000	0.00000000	1.47754157	1.47044778	1.42920721	1.33472562	0.00000000	0.00000000
0.00000160	0.00000000	0.00000000	1.47745883	1.50756383	1.48509800	1.62940526	0.00000000	0.00000000
0.00000180	0.00000000	0.00000000	1.46943367	1.47290397	1.41323841	1.40406203	0.00000000	0.00000000
0.00000200	0.00000000	0.00000000	1.45545161	1.47890806	1.56494200	1.56006885	0.00000000	0.00000000
0.00000220	0.00000000	0.00000000	1.47290850	1.48873293	1.48509800	1.33472562	0.00000000	0.00000000
0.00000240	0.00000000	0.00000000	1.46000206	1.47536027	1.47072613	1.26538920	0.00000000	0.00000000
0.00000260	0.00000000	0.00000000	1.47828615	1.48736835	1.48669493	1.57740295	0.00000000	0.00000000
0.00000280	0.00000000	0.00000000	1.46248400	1.48491216	1.48988867	1.49073243	0.00000000	0.00000000
0.00000300	0.00000000	0.00000000	1.46521425	1.49964941	1.46912920	1.52540064	0.00000000	0.00000000
0.00000320	0.00000000	0.00000000	1.48325014	1.50647211	1.50106680	1.49073243	0.00000000	0.00000000
0.00000360	0.00000000	0.00000000	1.46533835	1.47863519	1.48589647	1.21338689	0.00000000	0.00000000
0.00000400	0.00000000	0.00000000	1.47063327	1.45202625	1.44996667	1.65540636	0.00000000	0.00000000
0.00000440	0.00000000	0.00000000	1.46273220	1.44424832	1.47152448	1.57740295	0.00000000	0.00000000
0.00000480	0.00000000	0.00000000	1.46269083	1.47317696	1.46513700	1.43006313	0.00000000	0.00000000
0.00000520	0.00000000	0.00000000	1.46930957	1.49951291	1.48988867	1.43873012	0.00000000	0.00000000
0.00000560	0.00000000	0.00000000	1.46273220	1.45912194	1.42601347	1.49073243	0.00000000	0.00000000
0.00000600	0.00000000	0.00000000	1.47166741	1.44984305	1.46433854	1.30872440	0.00000000	0.00000000
0.00000640	0.00000000	0.00000000	1.47638333	1.46621764	1.48270273	1.49073243	0.00000000	0.00000000
0.00000720	0.00000000	0.00000000	1.46715844	1.47228992	1.46074557	1.34772611	0.00000000	0.00000000
0.00000800	0.00000000	0.00000000	1.46080863	1.45175338	1.46753228	1.39106143	0.00000000	0.00000000
0.00000880	0.00000000	0.00000000	1.44961894	1.45755279	1.44038534	1.45173073	0.00000000	0.00000000
0.00000960	0.00000000	0.00000000	1.44395173	1.46846926	1.43599391	1.37372732	0.00000000	0.00000000
0.00001040	0.00000000	0.00000000	1.45301104	1.45284498	1.45316041	1.48206544	0.00000000	0.00000000
0.00001120	0.00000000	0.00000000	1.46010542	1.47317696	1.48150504	1.46473134	0.00000000	0.00000000
0.00001200	0.00000000	0.00000000	1.45584464	1.47167587	1.44198227	1.28705680	11.24738312	0.00000000
0.00001280	0.00000000	0.00000000	1.44633031	1.45543766	1.43759084	1.40839553	0.00000000	0.00000000
0.00001440	0.00000000	0.00000000	1.45677543	1.44223559	1.41583335	1.36939383	0.00000000	0.00000000
0.00001600	0.00000000	0.00000000	1.45115983	1.45455074	1.42182159	1.44306374	0.00000000	0.00000000
0.00001760	0.00000000	0.00000000	1.43991840	1.45901966	1.41603291	1.44956398	0.00000000	0.00000000
0.00001920	0.00000000	0.00000000	1.44645441	1.43943822	1.40146148	1.39539492	0.00000000	0.00000000
0.00002080	0.00000000	0.00000000	1.43902898	1.44363427	1.43120337	1.29789066	0.00000000	0.00000000
0.00002240	0.00000000	0.00000000	1.44101465	1.42930639	1.41323841	1.33472562	0.00000000	0.00000000
0.00002400	0.00000000	7.67680120	1.44560635	1.42524683	1.40984499	1.32389176	5.62369156	0.00000000
0.00002560	0.00000000	0.00000000	1.43794310	1.42889702	1.37191916	1.36939383	0.00000000	0.00000000
0.00002880	0.00000000	0.00000000	1.44599569	1.42246675	1.38715827	1.25096262	0.00000000	0.00000000
0.00003200	0.00000000	0.00000000	1.43797362	1.42001009	1.41456091	1.34330833	0.00000000	0.00000000
0.00003520	0.00000000	3.76124883	1.43848431	1.42072940	1.37516952	1.43243265	5.59921408	0.00000000
0.00003840	0.00000000	0.00000000	1.43116021	1.40829599	1.39007986	1.36907923	0.00000000	0.00000000
0.00004160	0.00000000	0.00000000	1.42845774	1.39493990	1.35775840	1.32183254	0.00000000	0.00000000
0.00004480	0.00000000	3.76124883	1.42574084	1.39522350	1.37004948	1.35834134	0.00000000	0.00000000
0.00004800	0.00000000	0.00000000	1.41962695	1.39250267	1.35152984	1.33579183	0.00000000	0.00000000
0.00005120	0.00000000	0.00000000	1.41457713	1.38060272	1.34578717	1.28747141	0.00000000	0.00000000
0.00005760	0.00000000	1.87116218	1.40441191	1.37234676	1.34019113	1.33128417	0.00000000	9.85372066
0.00006400	0.00000000	1.87116218	1.39714742	1.36586154	1.32897556	1.23173380	2.82416487	9.85372066
0.00007040	0.00000000	0.00000000	1.38801706	1.35015821	1.29889965	1.23657680	2.82416487	0.00000000
0.00007680	0.00000000	0.00000000	1.38043547	1.34129953	1.29547954	1.30276430	2.82416487	0.00000000
0.00008320	0.00000000	3.74232435	1.37381124	1.32977486	1.27782631	1.27316833	1.41208243	0.00000000
0.00008960	0.00000000	0.00000000	1.36745906	1.31815445	1.26917565	1.21020937	0.00000000	0.00000000
0.00009600	0.00000000	1.87116218	1.35729897	1.31287181	1.27269626	1.20208645	0.00000000	0.00000000
0.00010240	0.00000000	1.87116218	1.35270250	1.30088055	1.25071764	1.19670558	1.41208243	0.00000000
0.00011520	0.00000000	1.88062441	1.33612251	1.28522027	1.22408473	1.18731475	2.81184578	0.00000000
0.00012800	0.00000000	1.88062441	1.32337928	1.26942396	1.21062303	1.13429272	0.70296144	0.00000000
0.00014080	0.00000000	0.94031221	1.31004024	1.25114810	1.19098139	1.13591588	1.40592289	4.98431587
0.00015360	0.00000000	0.00000000	1.29802048	1.23342168	1.17176998	1.14678574	0.00000000	0.00000000
0.00016640	0.00000000	0.94031221	1.28557897	1.22563982	1.17219746	1.11242819	0.70296144	0.00000000
0.00017920	0.00000000	0.94031221	1.27445042	1.20638895	1.14594519	1.10918176	0.00000000	0.00000000
0.00019200	0.00000000	0.00000000	1.26108265	1.19231081	1.14288759	1.07942331	1.40592289	0.00000000
0.00020480	0.00000000	0.94031221	1.25007832	1.18079436	1.12234378	1.06806087	0.70296144	0.00000000
0.00023040	0.00000000	0.94988275	1.23012614	1.15815091	1.09937572	1.06896782	1.07310450	0.00000000
0.00025600	0.00000000	0.94988275	1.21100438	1.13527715	1.08956671	1.06584656	0.35770148	0.00000000
0.00028160	0.00000000	1.42482412	1.18816185	1.11714196	1.07134748	1.05634701	0.71540296	0.00000000
0.00030720	0.00000000	0.00000000	1.17241848	1.09910643	1.06240201	1.03264534	0.35770148	0.00000000
0.00033280	0.00000000	1.89976549	1.15704799	1.08681452	1.04592967	1.03590202	1.07310450	2.49215794
0.00035840	0.00000000	0.47494137	1.14257026	1.07190764	1.03536451	1.05123568	1.78850746	2.49215794
0.00038400	0.00000000	1.89976549	1.12976348	1.06147313	1.03336775	1.02319050	1.78850746	2.49215794
0.00040960	0.00000000	1.42482412	1.11807537	1.05133975	1.03503966	1.02536178	1.07310450	0.00000000
0.00046080	0.00000000	0.71970481	1.09596062	1.03725135	1.01936293	0.98906106	1.05674946	0.00000000
0.00051200	0.00000000	0.71970481	1.07516122	1.02405059	1.01662922	1.00994480	0.52837473	1.25336599
0.00056320	0.00000000	0.71970481	1.06184638	1.01665676	1.01808727	1.00574088	1.23287439	1.25336599
0.00061440	0.00000000	1.67931128	1.05163527	1.01045930	1.01428092	0.99215478	0.52837473	1.25336599
0.00066560	0.00000000	0.95960641	1.04327250	1.00707054	1.01524103	1.00110531	1.05674946	2.50673199
0.00071680	0.00000000	0.23990160	1.03606117	1.00453556	1.01162624	0.98607767	2.46574879	0.00000000
0.00076800	0.00000000	0.95960641	1.03196311	1.00216544	1.01191127	0.99421418	0.88062453	1.25336599
0.00081920	0.00000000	0.71970481	1.02749479	1.00035524	1.00994253	0.98720485	0.88062453	0.00000000
0.00092160	0.00000000	1.23708022	1.02459729	0.99908978	1.01169360	0.99605298	0.52492881	3.15173888
0.00102400	0.00000000	1.73191226	1.01898038	1.00152600	1.00262463	0.98081434	0.43744066	1.26069558
0.00112640	0.00000000	1.23708022	1.01412451	0.99959391	0.99979377	0.99859077	1.13734579	0.00000000
0.00122880	0.00000000	0.49483207	1.00834918	0.99985564	0.99978334	1.00056505	1.13734579	3.15173888
0.00133120	0.00000000	1.36078823	1.00284743	1.00293159	1.00661516	0.99664772	1.13734579	0.63034779
0.00143360	0.00000000	1.60820425	0.99858660	1.00672996	1.00930250	0.99159753	0.96236944	0.00000000
0.00153600	0.00000000	0.61854011	0.99754363	1.00656652	0.99921185	1.00588310	0.87488133	0.63034779
0.00163840	0.00000000	0.37112406	0.99726510	1.00343060	1.00383639	0.99209124	0.96236944	0.00000000
0.00184320	0.00000000	0.66994005	1.00528324	1.00365901	1.00195539	0.99216443	0.80660504	1.94759083
0.00204800	0.00000000	1.03536189	1.01075554	1.00614035	1.00094688	0.98855150	1.07785273	1.29839396
0.00225280	0.00000000	1.03536189	1.01029539	1.00816309	1.00162601	1.00592411	0.94312114	0.97379541
0.00245760	0.00000000	1.03536189	1.01025283	1.00425971	1.00178909	0.99616140	0.94312114	0.00000000
0.00266240	0.00000000	0.85265100	1.00989294	0.99848104	1.00050902	1.01113403	1.07785273	1.62299240
0.00286720	0.00000000	1.21807289	1.00784039	0.99135530	0.99716878	0.99577850	0.44910529	0.64919698
0.00307200	0.00000000	1.09626555	1.01072788	0.98915714	0.99589700	0.99988568	0.89821059	3.24598479
0.00327680	0.00000000	1.27897644	1.00957096	0.99421215	0.99789095	0.99733353	0.71856850	1.29839396
0.00368640	0.00000000	0.93437380	1.00363445	0.99751282	1.00282359	1.00448346	0.89033157	1.12272882
0.00409600	0.00000000	1.14536142	1.00312150	1.00325811	1.00861740	0.99855053	0.93484813	0.80194920
0.00450560	0.00000000	0.90423268	1.00355184	1.00187612	1.00254226	1.00584376	0.91058415	1.60389841
0.00491520	0.00000000	0.90655124	0.99972898	1.00101352	0.99943268	0.99637014	1.19930601	1.60389841
0.00532480	0.00000000	0.78567773	1.00398934	1.00157738	0.99718302	1.00529969	1.06604970	0.96233904
0.00573440	0.00000000	1.26917171	1.00662613	1.00186479	1.00283396	1.00368869	0.91058415	1.12272882
0.00614400	0.00000000	1.02742469	1.00846028	1.00036025	1.00611889	1.00026476	0.68849045	1.28311872
0.00655360	0.00000000	0.72524101	1.00696445	1.00086641	1.00006711	1.00430334	0.84395605	0.80194920
0.00737280	0.00000000	1.11807990	0.99919480	1.00309825	0.99450916	0.99647617	0.99287045	1.37954354
0.00819200	0.00000000	0.95187879	1.00350821	1.00633919	0.99906170	0.99028212	1.07009375	0.89264584
0.00901120	0.00000000	0.86122370	0.99789137	0.99716318	0.99794549	1.01015067	0.91564721	0.81149620
0.00983040	0.00000000	0.99720639	1.00617075	1.00315368	1.00182450	0.99907988	1.24660397	1.46069312
0.01064960	0.00000000	1.02742469	1.01341903	0.99414861	1.00172770	1.00402069	0.99504781	1.05494511
0.01146880	0.00000000	1.11807990	1.00718868	0.99854290	0.99926591	1.00021148	1.01715994	0.89264584
0.01228800	0.00000000	1.10297072	0.99752736	0.99912667	1.00493360	0.99562210	1.02821600	0.89264584
0.01310720	0.00000000	1.05764318	0.99699217	0.99901432	1.00220299	0.99932128	1.14983296	0.81149620
0.01474560	0.00000000	1.09065092	0.99967599	0.99967843	1.00052285	1.00210023	1.06371188	0.80211669
0.01638400	0.00000000	1.10579884	0.99714923	0.99943656	0.99693620	1.00048125	1.00942314	0.71760798
0.01802240	0.00000000	1.04520714	1.00435865	0.99678987	1.00111985	0.99779642	1.05585623	0.91694355
0.01966080	0.00000000	0.83855993	0.99408001	0.99844980	0.99866778	1.00535774	1.02268803	0.91151780
0.02129920	0.00000000	0.88388747	0.99634093	1.00370109	1.00536954	1.00141132	1.07244039	0.83225542
0.02293760	0.00000000	0.93676960	1.00308192	0.99875367	1.00073636	1.00416112	1.03601110	0.95114905
0.02457600	0.00000000	0.88388747	0.99734557	1.00439584	0.99510020	1.00361073	1.11357343	0.59446812
0.02621440	0.00000000	0.97454262	1.00169706	1.00410628	1.00758314	1.00431335	1.06925213	1.07004261
0.02949120	0.00000000	1.00853825	0.99771482	0.99696368	0.99814200	1.00289595	0.96043116	0.79273325
0.03276800	0.00000000	0.95697963	1.00001907	0.99862367	0.99762505	1.00264513	1.02922988	0.96535212
0.03604480	0.00000000	1.02102947	1.00148392	0.99725014	0.99733263	0.99912041	0.89910364	0.90624893
0.03932160	0.00000000	0.96828252	0.99990016	1.00276721	1.00171757	1.00069475	1.00832963	0.82257736
0.04259840	0.00000000	1.05386579	0.99865913	0.99552184	0.99996001	1.00182462	1.05033827	0.95967358
0.04587520	0.00000000	0.90888172	1.00069141	0.99905682	0.99565309	1.00308073	1.03651810	0.86174768
0.04915200	0.00000000	0.99219584	0.99559009	1.00270939	0.99769884	1.00259495	0.95292693	1.41847658
0.05242880	0.00000000	0.99976987	0.99680811	1.00221992	0.99878514	1.00072551	1.02948570	0.97109824
0.05898240	0.00000000	1.02438545	1.00068951	1.00266242	0.99957734	0.99986488	1.02079523	1.29792213
0.06553600	0.00000000	1.00923741	1.00226307	1.00009477	0.99897373	0.99901760	0.96409941	0.95681065
0.07208960	0.00000000	0.97128391	0.99830717	1.00394392	1.00234854	0.99851102	1.05306911	0.87148100
0.07864320	0.00000000	0.94539511	0.99755514	0.99934828	0.99885064	1.00036049	1.01104546	0.92044061
0.08519680	0.00000000	1.03421617	0.99562991	0.99700999	1.00040114	1.00106072	0.96455908	0.90085679
0.09175040	0.00000000	0.94595402	0.99535370	1.00152683	1.00227714	0.99995100	1.01325297	0.88588428
0.09830400	0.00000000	1.01699400	0.99822170	1.00032020	0.99958241	0.99995780	1.00140429	1.02217412
0.10485760	0.00000000	0.97093701	0.99916488	1.00149834	0.99984860	0.99996042	0.98201334	1.12925911
0.11796480	0.00000000	1.00580883	1.00008667	0.99941272	1.00042796	0.99968266	1.00515032	0.90012097
0.13107200	0.00000000	1.00324750	0.99872816	0.99990159	0.99975806	0.99966413	1.02505493	1.11346483
0.14417920	0.00000000	1.02048111	0.99577510	0.99921900	0.99827909	1.00299621	1.04906547	0.85977709
0.15728641	0.00000000	0.98267454	1.00014257	0.99976927	0.99920005	1.00066996	1.01805305	1.03033435
0.17039360	0.00000000	1.02121508	0.99894714	1.00056064	0.99822861	1.00315773	0.98327518	0.94879520
0.18350080	0.00000000	0.99081349	1.00174248	0.99745560	0.99922311	1.00068605	1.01800978	1.04170251
0.19660801	0.00000000	1.00004268	1.00189531	1.00027978	0.99889296	1.00250590	1.00172150	0.92208266
0.20971520	0.00000000	0.98593295	1.00212932	0.99908572	1.00264525	0.99897665	1.00766993	0.93786472
0.23592959	0.00000000	1.00543511	1.00064111	1.00119531	1.00044513	0.99851668	0.99425417	0.99980468
0.26214400	0.00000000	1.04625344	0.99779570	0.99932110	0.99988204	0.99855804	0.99203241	0.89871001
0.28835839	0.00000000	0.98276192	1.00189197	0.99899417	1.00003600	1.00024951	0.96227461	1.10595095
0.31457281	0.00000000	0.96998358	0.99805707	1.00060558	1.00011206	1.00096643	0.99411303	1.00823784
0.34078720	0.00000000	0.99085897	0.99990201	0.99998730	0.99988919	1.00281668	1.01254797	1.02325881
0.36700159	0.00000000	1.00367391	0.99942470	1.00025511	1.00014031	0.99965012	0.99839741	0.93850523
0.39321601	0.00000000	0.95975137	0.99971920	0.99895000	0.99927711	0.99810630	0.99852979	0.93522632
0.41943040	0.00000000	1.02864242	1.00098145	1.00058746	0.99884689	0.99963856	0.97373188	1.08945477
0.47185919	0.00000000	1.00295532	1.00013196	1.00063670	0.99910390	1.00032485	0.97186488	1.00005567
0.52428800	0.00000000	0.98636979	0.99942982	1.00032830	1.00011730	0.99927300	0.99349558	1.04010987
0.57671678	0.00000000	0.97965211	0.99891436	1.00008070	1.00007713	0.99712372	0.98352176	1.03369045
0.62914562	0.00000000	1.02854025	1.00081980	0.99981952	0.99943453	0.99908197	0.98459929	1.00270307
0.68157440	0.00000000	1.00555432	1.00106442	0.99937427	0.99988842	0.99842840	1.00550866	0.91235089
0.73400319	0.00000000	0.98229730	0.99982750	0.99955201	1.00024486	0.99864262	1.00175989	1.03177571
0.78643203	0.00000000	0.98454702	0.99714023	0.99926788	1.00107741	1.00050354	1.01221049	0.97500896
0.83886081	0.00000000	0.99812680	1.00102520	1.00057447	0.99970651	1.00059378	0.99841243	1.01414144
0.94371837	0.00000000	0.99195045	0.99761170	0.99961722	1.00022304	0.99998116	1.01229036	0.98658538
1.04857600	0.00000000	0.99938715	1.00386655	0.99935716	1.00037813	0.99983501	1.00768888	1.01966608
1.15343356	0.00000000	1.00618768	0.99992269	0.99985933	0.99952626	1.00093985	0.98940808	1.01917505
1.25829124	0.00000000	1.00694120	0.99720645	0.99969554	0.99945664	0.99968082	0.99982297	0.99353647
1.36314881	0.00000000	1.03151393	1.00098300	1.00026274	1.00008798	1.00020897	0.99510252	0.98444444
1.46800637	0.00000000	1.01138711	1.00340152	0.99962211	0.99956477	0.99947953	0.99448419	0.99085367
1.57286406	0.00000000	1.02625930	0.99625844	0.99912661	0.99976110	0.99967223	0.99295777	1.00000000
1.67772162	0.00000000	0.98611110	1.00162637	1.00117660	1.00007010	1.00033712	1.00669861	1.03759396
1.88743675	0.00000000	0.00000000	0.00000000	0.00000000	0.00000000	0.00000000	0.00000000	0.00000000
2.09715199	0.00000000	0.00000000	0.00000000	0.00000000	0.00000000	0.00000000	0.00000000	0.00000000
2.30686712	0.00000000	0.00000000	0.00000000	0.00000000	0.00000000	0.00000000	0.00000000	0.00000000
2.51658249	0.00000000	0.00000000	0.00000000	0.00000000	0.00000000	0.00000000	0.00000000	0.00000000
2.72629762	0.00000000	0.00000000	0.00000000	0.00000000	0.00000000	0.00000000	0.00000000	0.00000000
2.93601274	0.00000000	0.00000000	0.00000000	0.00000000	0.00000000	0.00000000	0.00000000	0.00000000
3.14572811	0.00000000	0.00000000	0.00000000	0.00000000	0.00000000	0.00000000	0.00000000	0.00000000
3.35544324	0.00000000	0.00000000	0.00000000	0.00000000	0.00000000	0.00000000	0.00000000	0.00000000
3.77487350	0.00000000	0.00000000	0.00000000	0.00000000	0.00000000	0.00000000	0.00000000	0.00000000
4.19430399	0.00000000	0.00000000	0.00000000	0.00000000	0.00000000	0.00000000	0.00000000	0.00000000
4.61373425	0.00000000	0.00000000	0.00000000	0.00000000	0.00000000	0.00000000	0.00000000	0.00000000
5.03316498	0.00000000	0.00000000	0.00000000	0.00000000	0.00000000	0.00000000	0.00000000	0.00000000
5.45259523	0.00000000	0.00000000	0.00000000	0.00000000	0.00000000	0.00000000	0.00000000	0.00000000
5.87202549	0.00000000	0.00000000	0.00000000	0.00000000	0.00000000	0.00000000	0.00000000	0.00000000
6.29145622	0.00000000	0.00000000	0.00000000	0.00000000	0.00000000	0.00000000	0.00000000	0.00000000
6.71088648	0.00000000	0.00000000	0.00000000	0.00000000	0.00000000	0.00000000	0.00000000	0.00000000
7.54974699	0.00000000	0.00000000	0.00000000	0.00000000	0.00000000	0.00000000	0.00000000	0.00000000
8.38860798	0.00000000	0.00000000	0.00000000	0.00000000	0.00000000	0.00000000	0.00000000	0.00000000
9.22746849	0.00000000	0.00000000	0.00000000	0.00000000	0.00000000	0.00000000	0.00000000	0.00000000
10.06632996	0.00000000	0.00000000	0.00000000	0.00000000	0.00000000	0.00000000	0.00000000	0.00000000
10.90519047	0.00000000	0.00000000	0.00000000	0.00000000	0.00000000	0.00000000	0.00000000	0.00000000
11.74405098	0.00000000	0.00000000	0.00000000	0.00000000	0.00000000	0.00000000	0.00000000	0.00000000
12.58291245	0.00000000	0.00000000	0.00000000	0.00000000	0.00000000	0.00000000	0.00000000	0.00000000
13.42177296	0.00000000	0.00000000	0.00000000	0.00000000	0.00000000	0.00000000	0.00000000	0.00000000
15.09949398	0.00000000	0.00000000	0.00000000	0.00000000	0.00000000	0.00000000	0.00000000	0.00000000
16.77721596	0.00000000	0.00000000	0.00000000	0.00000000	0.00000000	0.00000000	0.00000000	0.00000000
18.45493698	0.00000000	0.00000000	0.00000000	0.00000000	0.00000000	0.00000000	0.00000000	0.00000000
20.13265991	0.00000000	0.00000000	0.00000000	0.00000000	0.00000000	0.00000000	0.00000000	0.00000000
21.81038094	0.00000000	0.00000000	0.00000000	0.00000000	0.00000000	0.00000000	0.00000000	0.00000000
23.48810196	0.00000000	0.00000000	0.00000000	0.00000000	0.00000000	0.00000000	0.00000000	0.00000000
25.16582489	0.00000000	0.00000000	0.00000000	0.00000000	0.00000000	0.00000000	0.00000000	0.00000000
26.84354591	0.00000000	0.00000000	0.00000000	0.00000000	0.00000000	0.00000000	0.00000000	0.00000000
30.19898796	0.00000000	0.00000000	0.00000000	0.00000000	0.00000000	0.00000000	0.00000000	0.00000000
33.55443192	0.00000000	0.00000000	0.00000000	0.00000000	0.00000000	0.00000000	0.00000000	0.00000000
36.90987396	0.00000000	0.00000000	0.00000000	0.00000000	0.00000000	0.00000000	0.00000000	0.00000000
40.26531982	0.00000000	0.00000000	0.00000000	0.00000000	0.00000000	0.00000000	0.00000000	0.00000000
43.62076187	0.00000000	0.00000000	0.00000000	0.00000000	0.00000000	0.00000000	0.00000000	0.00000000
46.97620392	0.00000000	0.00000000	0.00000000	0.00000000	0.00000000	0.00000000	0.00000000	0.00000000
50.33164978	0.00000000	0.00000000	0.00000000	0.00000000	0.00000000	0.00000000	0.00000000	0.00000000
53.68709183	0.00000000	0.00000000	0.00000000	0.00000000	0.00000000	0.00000000	0.00000000	0.00000000
60.39797592	0.00000000	0.00000000	0.00000000	0.00000000	0.00000000	0.00000000	0.00000000	0.00000000
67.10886383	0.00000000	0.00000000	0.00000000	0.00000000	0.00000000	0.00000000	0.00000000	0.00000000
73.81974792	0.00000000	0.00000000	0.00000000	0.00000000	0.00000000	0.00000000	0.00000000	0.00000000
80.53063965	0.00000000	0.00000000	0.00000000	0.00000000	0.00000000	0.00000000	0.00000000	0.00000000
87.24152374	0.00000000	0.00000000	0.00000000	0.00000000	0.00000000	0.00000000	0.00000000	0.00000000
93.95240784	0.00000000	0.00000000	0.00000000	0.00000000	0.00000000	0.00000000	0.00000000	0.00000000
100.66329956	0.00000000	0.00000000	0.00000000	0.00000000	0.00000000	0.00000000	0.00000000	0.00000000
107.37418365	0.00000000	0.00000000	0.00000000	0.00000000	0.00000000	0.00000000	0.00000000	0.00000000
120.79595184	0.00000000	0.00000000	0.00000000	0.00000000	0.00000000	0.00000000	0.00000000	0.00000000
134.21772766	0.00000000	0.00000000	0.00000000	0.00000000	0.00000000	0.00000000	0.00000000	0.00000000
147.63949585	0.00000000	0.00000000	0.00000000	0.00000000	0.00000000	0.00000000	0.00000000	0.00000000
161.06127930	0.00000000	0.00000000	0.00000000	0.00000000	0.00000000	0.00000000	0.00000000	0.00000000
174.48304749	0.00000000	0.00000000	0.00000000	0.00000000	0.00000000	0.00000000	0.00000000	0.00000000
187.90481567	0.00000000	0.00000000	0.00000000	0.00000000	0.00000000	0.00000000	0.00000000	0.00000000
201.32659912	0.00000000	0.00000000	0.00000000	0.00000000	0.00000000	0.00000000	0.00000000	0.00000000
214.74836731	0.00000000	0.00000000	0.00000000	0.00000000	0.00000000	0.00000000	0.00000000	0.00000000
241.59190369	0.00000000	0.00000000	0.00000000	0.00000000	0.00000000	0.00000000	0.00000000	0.00000000
268.43545532	0.00000000	0.00000000	0.00000000	0.00000000	0.00000000	0.00000000	0.00000000	0.00000000
295.27899170	0.00000000	0.00000000	0.00000000	0.00000000	0.00000000	0.00000000	0.00000000	0.00000000
322.12255859	0.00000000	0.00000000	0.00000000	0.00000000	0.00000000	0.00000000	0.00000000	0.00000000
348.96609497	0.00000000	0.00000000	0.00000000	0.00000000	0.00000000	0.00000000	0.00000000	0.00000000
375.80963135	0.00000000	0.00000000	0.00000000	0.00000000	0.00000000	0.00000000	0.00000000	0.00000000
402.65319824	0.00000000	0.00000000	0.00000000	0.00000000	0.00000000	0.00000000	0.00000000	0.00000000
429.49673462	0.00000000	0.00000000	0.00000000	0.00000000	0.00000000	0.00000000	0.00000000	0.00000000
483.18380737	0.00000000	0.00000000	0.00000000	0.00000000	0.00000000	0.00000000	0.00000000	0.00000000
536.87091064	0.00000000	0.00000000	0.00000000	0.00000000	0.00000000	0.00000000	0.00000000	0.00000000
590.55798340	0.00000000	0.00000000	0.00000000	0.00000000	0.00000000	0.00000000	0.00000000	0.00000000
644.24511719	0.00000000	0.00000000	0.00000000	0.00000000	0.00000000	0.00000000	0.00000000	0.00000000
697.93218994	0.00000000	0.00000000	0.00000000	0.00000000	0.00000000	0.00000000	0.00000000	0.00000000
751.61926270	0.00000000	0.00000000	0.00000000	0.00000000	0.00000000	0.00000000	0.00000000	0.00000000
805.30639648	0.00000000	0.00000000	0.00000000	0.00000000	0.00000000	0.00000000	0.00000000	0.00000000
858.99346924	0.00000000	0.00000000	0.00000000	0.00000000	0.00000000	0.00000000	0.00000000	0.00000000
966.36761475	0.00000000	0.00000000	0.00000000	0.00000000	0.00000000	0.00000000	0.00000000	0.00000000
1073.74182129	0.00000000	0.00000000	0.00000000	0.00000000	0.00000000	0.00000000	0.00000000	0.00000000
1181.11596680	0.00000000	0.00000000	0.00000000	0.00000000	0.00000000	0.00000000	0.00000000	0.00000000
1288.49023437	0.00000000	0.00000000	0.00000000	0.00000000	0.00000000	0.00000000	0.00000000	0.00000000
1395.86437988	0.00000000	0.00000000	0.00000000	0.00000000	0.00000000	0.00000000	0.00000000	0.00000000
1503.23852539	0.00000000	0.00000000	0.00000000	0.00000000	0.00000000	0.00000000	0.00000000	0.00000000
1610.61279297	0.00000000	0.00000000	0.00000000	0.00000000	0.00000000	0.00000000	0.00000000	0.00000000
1717.98693848	0.00000000	0.00000000	0.00000000	0.00000000	0.00000000	0.00000000	0.00000000	0.00000000
1932.73522949	0.00000000	0.00000000	0.00000000	0.00000000	0.00000000	0.00000000	0.00000000	0.00000000
2147.48364258	0.00000000	0.00000000	0.00000000	0.00000000	0.00000000	0.00000000	0.00000000	0.00000000
2362.23193359	0.00000000	0.00000000	0.00000000	0.00000000	0.00000000	0.00000000	0.00000000	0.00000000
2576.98046875	0.00000000	0.00000000	0.00000000	0.00000000	0.00000000	0.00000000	0.00000000	0.00000000
2791.72875977	0.00000000	0.00000000	0.00000000	0.00000000	0.00000000	0.00000000	0.00000000	0.00000000
3006.47705078	0.00000000	0.00000000	0.00000000	0.00000000	0.00000000	0.00000000	0.00000000	0.00000000
3221.22558594	0.00000000	0.00000000	0.00000000	0.00000000	0.00000000	0.00000000	0.00000000	0.00000000
3435.97387695	0.00000000	0.00000000	0.00000000	0.00000000	0.00000000	0.00000000	0.00000000	0.00000000
0	0	0	0	0	0	0	0	0
