%4/4/2019 1:09:23 PM
%Duration	ID1		ID2		ID3		ID4		ID5		ID6		ID7		ID8
1000.000000	0.000000	0.448227	369.491577	189.208984	82.273483	24.604797	0.467300	0.219345
%Tau		Tau1		Tau2		Tau3		Tau4		Tau5		Tau6		Tau7		Tau8
%		0.000000	0.000001	0.000307	0.000205	0.000128	0.000051	0.000001	0.000001
%Delaytime	D1		D2		D3		D4		D5		D6		D7		D8
0.00000020	0.00000000	172.60510254	1.56858146	1.49210012	1.73126686	4.60176182	188.92410278	284.90472412
0.00000040	0.00000000	0.00000000	1.51749384	1.49098980	1.53326762	1.80221081	0.00000000	284.90472412
0.00000060	0.00000000	0.00000000	1.48009908	1.46961462	1.43672240	1.66223335	0.00000000	0.00000000
0.00000080	0.00000000	0.00000000	1.49347150	1.45656741	1.45144963	1.53975296	0.00000000	0.00000000
0.00000100	0.00000000	0.00000000	1.49034858	1.45268095	1.51526761	1.74971926	0.00000000	0.00000000
0.00000120	0.00000000	0.00000000	1.48330200	1.49210012	1.49563134	1.45226705	0.00000000	0.00000000
0.00000140	0.00000000	0.00000000	1.50556278	1.49681938	1.45963144	1.55725014	0.00000000	0.00000000
0.00000160	0.00000000	0.00000000	1.47929823	1.48377216	1.46126783	1.64473617	0.00000000	0.00000000
0.00000180	0.00000000	0.00000000	1.47209156	1.45129299	1.49726772	1.66223335	0.00000000	0.00000000
0.00000200	0.00000000	0.00000000	1.47377312	1.43186092	1.57581294	1.60974169	0.00000000	0.00000000
0.00000220	0.00000000	0.00000000	1.49587369	1.43602502	1.46617687	1.48726141	0.00000000	0.00000000
0.00000240	0.00000000	0.00000000	1.49211025	1.47905302	1.46126783	1.52225578	0.00000000	0.00000000
0.00000260	0.00000000	0.00000000	1.48650503	1.47960818	1.45799506	1.59224451	0.00000000	0.00000000
0.00000280	0.00000000	0.00000000	1.47609532	1.50653541	1.44163156	1.36478102	0.00000000	0.00000000
0.00000300	0.00000000	0.00000000	1.47345281	1.47239053	1.42690432	1.41727257	0.00000000	0.00000000
0.00000320	0.00000000	0.00000000	1.50179923	1.47516656	1.39744985	1.71472490	0.00000000	0.00000000
0.00000360	0.00000000	0.00000000	1.47529459	1.46128654	1.57417655	1.42602122	0.00000000	0.00000000
0.00000400	0.00000000	0.00000000	1.47809720	1.46420133	1.49972224	1.35603249	0.00000000	0.00000000
0.00000440	0.00000000	0.00000000	1.48194075	1.46073139	1.47190416	1.25104928	0.00000000	0.00000000
0.00000480	0.00000000	0.00000000	1.47813725	1.47919178	1.47190416	1.47851276	0.00000000	0.00000000
0.00000520	0.00000000	0.00000000	1.47645569	1.47891414	1.44326782	1.44351840	0.00000000	0.00000000
0.00000560	0.00000000	0.00000000	1.47877777	1.44837821	1.39908624	1.40852404	0.00000000	0.00000000
0.00000600	0.00000000	0.00000000	1.47161114	1.44352019	1.53490388	1.59224451	0.00000000	0.00000000
0.00000640	0.00000000	0.00000000	1.47845745	1.45920455	1.46699512	1.41727257	0.00000000	0.00000000
0.00000720	0.00000000	0.00000000	1.47329271	1.45580399	1.45594966	1.42602122	0.00000000	0.00000000
0.00000800	0.00000000	0.00000000	1.47691607	1.46461773	1.46413147	1.46101558	0.00000000	0.00000000
0.00000880	0.00000000	0.00000000	1.46972942	1.45573461	1.47067690	1.38665247	0.00000000	0.00000000
0.00000960	0.00000000	0.00000000	1.48065960	1.45996797	1.44285882	1.51788151	0.00000000	0.00000000
0.00001040	0.00000000	0.00000000	1.47353292	1.46572816	1.47804046	1.49600995	0.00000000	0.00000000
0.00001120	0.00000000	0.00000000	1.47467399	1.43949497	1.45349514	1.42164695	0.00000000	0.00000000
0.00001200	0.00000000	0.00000000	1.47399330	1.46350741	1.40563166	1.41289830	0.00000000	0.00000000
0.00001280	0.00000000	0.00000000	1.47269213	1.45497119	1.44776785	1.40414977	0.00000000	0.00000000
0.00001440	0.00000000	0.00000000	1.46456456	1.44379783	1.43385887	1.47195137	5.90387821	0.00000000
0.00001600	0.00000000	0.00000000	1.46506500	1.44279146	1.43672240	1.43476975	5.90387821	0.00000000
0.00001760	0.00000000	7.19187927	1.46125150	1.43068111	1.41769981	1.48069990	0.00000000	0.00000000
0.00001920	0.00000000	0.00000000	1.45922959	1.44015431	1.43283606	1.46757710	0.00000000	0.00000000
0.00002080	0.00000000	0.00000000	1.45734787	1.42252672	1.43897247	1.49600995	0.00000000	0.00000000
0.00002240	0.00000000	0.00000000	1.45577633	1.42488623	1.40235889	1.43476975	0.00000000	0.00000000
0.00002400	0.00000000	0.00000000	1.45163250	1.42943192	1.39683616	1.40633690	0.00000000	0.00000000
0.00002560	0.00000000	0.00000000	1.44674802	1.41378224	1.42056346	1.34290957	0.00000000	0.00000000
0.00002880	0.00000000	0.00000000	1.44440413	1.42158377	1.41112053	1.37191153	0.00000000	19.04132271
0.00003200	0.00000000	3.44129395	1.44168508	1.40491390	1.38693523	1.32456625	3.01910281	19.04132271
0.00003520	0.00000000	0.00000000	1.43771601	1.41366732	1.39208508	1.30694950	0.00000000	0.00000000
0.00003840	0.00000000	0.00000000	1.42956293	1.40207160	1.36695421	1.28933263	0.00000000	0.00000000
0.00004160	0.00000000	0.00000000	1.43068171	1.38686633	1.35809660	1.36860836	6.03820562	19.04132271
0.00004480	0.00000000	0.00000000	1.42340314	1.38402414	1.36231935	1.39056933	3.01910281	0.00000000
0.00004800	0.00000000	0.00000000	1.41932869	1.38004088	1.36324632	1.35203421	0.00000000	0.00000000
0.00005120	0.00000000	0.00000000	1.42318332	1.38933492	1.35778761	1.28823149	0.00000000	0.00000000
0.00005760	0.00000000	1.72898948	1.40859723	1.36840224	1.32110298	1.26418817	1.53025353	0.00000000
0.00006400	0.00000000	1.72898948	1.40174580	1.35860860	1.30572033	1.34651506	0.00000000	0.00000000
0.00007040	0.00000000	0.00000000	1.39406824	1.34924901	1.30241656	1.25700521	7.65126801	0.00000000
0.00007680	0.00000000	6.91595793	1.38804555	1.34445989	1.27304506	1.27302861	0.00000000	0.00000000
0.00008320	0.00000000	3.45797896	1.37819731	1.32927108	1.29161096	1.26308310	0.00000000	0.00000000
0.00008960	0.00000000	1.72898948	1.37410164	1.31698132	1.26451099	1.24429703	0.00000000	0.00000000
0.00009600	0.00000000	0.00000000	1.36246622	1.30830789	1.24990284	1.19567442	0.00000000	9.52066135
0.00010240	0.00000000	1.72898948	1.35589695	1.29745746	1.24644434	1.20943534	0.00000000	0.00000000
0.00011520	0.00000000	1.69597852	1.34423292	1.28251565	1.22082055	1.16550374	0.76512676	4.76033068
0.00012800	0.00000000	0.84798926	1.33093727	1.26118529	1.20585942	1.15730727	2.29538035	0.00000000
0.00014080	0.00000000	2.54396772	1.31825423	1.24488819	1.19513988	1.14801037	2.29538035	0.00000000
0.00015360	0.00000000	2.54396772	1.30603778	1.23407173	1.17575729	1.10177851	0.76512676	0.00000000
0.00016640	0.00000000	0.84798926	1.29253936	1.22226727	1.16724849	1.11144781	2.29538035	0.00000000
0.00017920	0.00000000	0.84798926	1.28121543	1.20568705	1.14796877	1.13344038	2.29538035	4.76033068
0.00019200	0.00000000	1.69597852	1.27000630	1.19158781	1.13138819	1.08808076	1.53025353	0.00000000
0.00020480	0.00000000	0.84798926	1.25948250	1.18827629	1.11393356	1.09225154	0.00000000	0.00000000
0.00023040	0.00000000	0.43016174	1.23759580	1.16044414	1.10235250	1.07856774	1.52330577	0.00000000
0.00025600	0.00000000	0.86032349	1.21984434	1.14407539	1.08746850	1.08274221	0.38082644	0.00000000
0.00028160	0.00000000	0.86032349	1.20049787	1.12529504	1.07835376	1.01463223	0.00000000	0.00000000
0.00030720	0.00000000	0.43016174	1.18266153	1.10707724	1.06681681	1.01834726	0.38082644	0.00000000
0.00033280	0.00000000	0.43016174	1.16610646	1.09339571	1.05461133	1.02577746	0.76165289	2.35334682
0.00035840	0.00000000	1.29048514	1.15066218	1.08253539	1.04798329	1.03706038	2.28495860	0.00000000
0.00038400	0.00000000	2.15080857	1.13692355	1.07067823	1.04017627	1.00114775	0.38082644	2.35334682
0.00040960	0.00000000	0.00000000	1.12573540	1.06419933	1.03580284	1.01931047	0.76165289	2.35334682
0.00046080	0.00000000	0.85618234	1.10416639	1.04876232	1.02409852	1.00142992	0.75137198	0.00000000
0.00051200	0.00000000	0.85618234	1.08688200	1.03201401	1.01346791	0.98790640	0.56352901	0.00000000
0.00056320	0.00000000	1.07022786	1.07519865	1.02011418	1.00643313	0.99466819	0.37568599	1.15052593
0.00061440	0.00000000	0.85618234	1.06082356	1.01031458	1.00963795	0.98866540	0.75137198	0.00000000
0.00066560	0.00000000	0.85618234	1.05369830	1.00346136	1.00179946	0.99073535	1.12705803	0.00000000
0.00071680	0.00000000	0.42809117	1.04575908	0.99763590	1.00906491	0.99029517	0.75137198	0.00000000
0.00076800	0.00000000	1.49831903	1.03958845	0.99639529	1.01269984	1.02125704	1.31490099	0.00000000
0.00081920	0.00000000	1.28737557	1.03143680	0.99556571	1.00790179	1.00835502	0.75137198	0.00000000
0.00092160	0.00000000	1.18868029	1.02336967	0.99341178	1.00825882	1.00020945	1.29727125	0.00000000
0.00102400	0.00000000	1.29674208	1.01786339	0.99773157	1.01337004	1.01370645	0.64863563	1.16348946
0.00112640	0.00000000	0.43224737	1.01500940	1.00248861	1.01010740	1.00362313	1.01928449	0.00000000
0.00122880	0.00000000	0.86449474	1.01535642	1.00416207	1.00791347	0.99388993	0.74296367	0.00000000
0.00133120	0.00000000	0.97255653	1.01767707	1.00542879	1.00499368	0.99314177	0.74296367	0.00000000
0.00143360	0.00000000	1.29674208	1.01693654	1.00157142	0.99787456	0.99744111	0.27861139	2.90872359
0.00153600	0.00000000	1.08061838	1.01617193	1.00296772	0.99985301	0.99653816	0.55722278	0.00000000
0.00163840	0.00000000	0.97255653	1.01703429	1.00144935	1.00601995	1.00189459	1.20731592	1.16348946
0.00184320	0.00000000	1.43592691	1.01693439	1.00098884	0.99299431	1.00446451	0.96644294	1.16348946
0.00204800	0.00000000	1.15978718	1.01014709	1.00028980	0.99031109	0.99564248	1.05848515	0.29087237
0.00225280	0.00000000	0.99410325	1.00299239	1.00058150	0.99301279	0.99628633	1.01246405	1.45436180
0.00245760	0.00000000	0.71796346	1.00031829	1.00097358	0.99391484	0.99485296	1.05848515	0.58174473
0.00266240	0.00000000	0.55227959	0.99817532	1.00165844	1.00130057	0.99292964	0.96644294	0.87261707
0.00286720	0.00000000	0.55227959	0.99758571	1.00958979	0.99955183	1.00052941	0.87440079	0.87261707
0.00307200	0.00000000	0.94117647	0.99162310	1.01135647	0.99605143	1.00155985	1.15052736	0.87261707
0.00327680	0.00000000	0.49826989	0.99091458	1.00899684	1.00035059	1.00187671	0.78235859	0.58174473
0.00368640	0.00000000	0.90568262	1.00119519	1.00384772	0.99925888	1.00962126	0.74296367	1.00671017
0.00409600	0.00000000	0.96228778	1.00094843	1.00329030	0.99763530	1.00562370	1.02387595	1.15052593
0.00450560	0.00000000	0.79247230	0.99711519	1.00755262	0.99935895	1.00634193	0.76790690	1.00671017
0.00491520	0.00000000	0.70756453	0.99235064	1.00158775	1.00167370	1.00719821	1.23330510	0.43144721
0.00532480	0.00000000	1.33022141	1.00037932	0.99812239	1.00251555	0.99552065	1.09368563	1.72578883
0.00573440	0.00000000	1.07549810	1.00066876	1.00265360	0.99845284	1.01115108	0.93079627	0.28763148
0.00614400	0.00000000	0.82077485	0.99940109	1.00762653	1.00569832	0.99743158	0.97733611	0.28763148
0.00655360	0.00000000	0.90568262	0.99726343	1.01026666	1.00668168	1.00862026	0.95192218	0.86289442
0.00737280	0.00000000	0.99486703	1.00224936	1.00152028	1.00762331	0.99925721	1.06323171	1.36624944
0.00819200	0.00000000	0.81270832	1.00122261	1.00059080	0.99684042	1.00353658	1.15568662	0.93480229
0.00901120	0.00000000	1.10696471	1.00979948	1.00589037	0.99523491	0.99698597	1.07478857	1.00671017
0.00983040	0.00000000	0.98328871	1.01401234	1.00909400	0.99295402	1.00842237	1.17880034	1.00671017
0.01064960	0.00000000	0.96445537	1.00562418	0.99895829	0.99849522	0.99517560	1.09790230	0.57526296
0.01146880	0.00000000	1.00887930	0.99815732	1.00129294	1.00254536	0.99804568	1.22502780	1.36624944
0.01228800	0.00000000	0.83865684	0.99125898	1.00447524	0.99737543	0.99455166	0.91299242	0.79098654
0.01310720	0.00000000	0.84073269	0.99277604	1.00680995	1.00361359	0.99583566	1.01700425	1.29434168
0.01474560	0.00000000	0.97143829	1.00102460	0.99855244	0.99817622	0.99894679	1.20499682	0.78659219
0.01638400	0.00000000	1.11820233	1.00414133	0.99559313	1.00350821	1.00161350	1.07719839	1.00111735
0.01802240	0.00000000	0.91778874	0.99460638	0.99416655	0.99428278	0.99925715	0.93032777	0.85810053
0.01966080	0.00000000	1.00434089	0.99247271	0.99820811	1.00105631	1.00023508	0.90345675	1.00111735
0.02129920	0.00000000	1.06052768	0.99619353	0.99835771	1.00082171	0.99547637	1.00191033	1.10837984
0.02293760	0.00000000	1.06491518	0.99269021	0.99278802	1.00160646	0.99817741	0.88608259	1.07262576
0.02457600	0.00000000	1.02988505	0.99948978	0.99721730	0.99647146	1.00316107	1.08878124	0.96536314
0.02621440	0.00000000	0.88713956	1.00255454	0.99838758	0.99856311	0.99672067	0.95557922	0.75083798
0.02949120	0.00000000	0.93530375	0.99942529	0.99892008	0.99811196	0.99823034	1.00255811	1.05504167
0.03276800	0.00000000	1.04648101	0.99998879	1.00171518	0.99869365	1.00288975	0.90635240	1.14296186
0.03604480	0.00000000	0.93880677	1.00054336	1.00133717	0.99978900	0.99607289	0.97874480	0.94953752
0.03932160	0.00000000	0.88228804	0.99950576	0.99725693	1.00245345	0.99848592	0.97223765	0.82644933
0.04259840	0.00000000	1.08076131	0.99743217	1.00312376	0.99899489	1.00006390	0.96570110	0.89678544
0.04587520	0.00000000	1.00886703	1.00360394	1.00092947	0.99811369	0.99588466	0.93241370	0.84877509
0.04915200	0.00000000	0.92494929	1.00155497	1.00396097	1.00458229	0.99819964	1.04011798	0.65426415
0.05242880	0.00000000	1.00840342	0.99939293	0.99976617	0.99955916	1.00101113	0.92825115	0.90182352
0.05898240	0.00000000	1.02405095	0.99845219	1.00324845	1.00318551	0.99947745	0.97799981	1.03761601
0.06553600	0.00000000	0.96023071	1.00282133	1.00159574	0.99878669	1.00025856	1.01783669	1.10796285
0.07208960	0.00000000	0.99619508	1.00301576	1.00116062	1.00299811	1.00338042	0.99322325	0.97606254
0.07864320	0.00000000	0.96684349	0.99961495	0.99748337	0.99812740	1.00251698	0.93727034	1.01433086
0.08519680	0.00000000	1.06660330	0.99556118	0.99685031	0.99825865	1.00344038	1.03784835	1.09302890
0.09175040	0.00000000	1.01874292	0.99732763	1.00119710	1.00072753	1.00105476	0.95469940	0.98485589
0.09830400	0.00000000	1.00235593	0.99790525	1.00128484	0.99747872	0.99811590	0.96567470	1.06116438
0.10485760	0.00000000	1.03925455	1.00026655	0.99851131	1.00186229	0.99771434	1.01053143	0.86661756
0.11796480	0.00000000	0.94613934	0.99998790	1.00229204	1.00023246	1.00086951	1.04422808	0.94855148
0.13107200	0.00000000	1.02648520	0.99870348	0.99936217	0.99913150	0.99807197	1.03151107	0.98214287
0.14417920	0.00000000	1.01350069	0.99814022	1.00046849	0.99688828	0.99610543	1.00626385	1.06535661
0.15728641	0.00000000	1.03725839	1.00025702	1.00090766	1.00174546	0.99929112	0.95408040	0.97026515
0.17039360	0.00000000	0.99656487	0.99774826	1.00114143	1.00008249	1.00046659	0.97600657	1.06224978
0.18350080	0.00000000	0.99428529	0.99888337	1.00094020	0.99927801	1.00089383	0.98885226	1.00890040
0.19660801	0.00000000	1.03358209	0.99979144	0.99950737	0.99970073	1.00081694	0.97571093	0.95655113
0.20971520	0.00000000	0.98390901	1.00244331	1.00142765	0.99931848	0.99806666	0.99720043	1.05943537
0.23592959	0.00000000	0.98622233	1.00025094	1.00073683	1.00017679	0.99795765	1.00722861	0.99574345
0.26214400	0.00000000	0.95543039	1.00008869	1.00126851	0.99912292	1.00056124	0.95739579	0.95978189
0.28835839	0.00000000	1.00315130	0.99911976	0.99962091	0.99994767	1.00110936	0.99485981	1.02925384
0.31457281	0.00000000	0.99794114	0.99842912	1.00034261	0.99894428	0.99907726	1.02775574	0.99100393
0.34078720	0.00000000	1.01225495	0.99910474	1.00013900	1.00056052	1.00036740	1.02112508	1.01782143
0.36700159	0.00000000	1.01418102	0.99920684	0.99985111	1.00018036	1.00138760	0.98022860	1.02693164
0.39321601	0.00000000	0.97799981	0.99965578	1.00113821	1.00106573	0.99944520	0.96053821	0.97462404
0.41943040	0.00000000	1.00190461	0.99965477	0.99894339	1.00068879	0.99962199	1.02344537	1.02097130
0.47185919	0.00000000	1.00137174	1.00076044	0.99885827	0.99973851	0.99975127	1.02633917	1.04401338
0.52428800	0.00000000	1.01428032	1.00171089	0.99977940	0.99894041	0.99954695	0.96168417	0.95585793
0.57671678	0.00000000	0.96856642	0.99901706	1.00027502	1.00041306	1.00068343	1.00374615	1.03120446
0.62914562	0.00000000	0.99139601	1.00011194	1.00009286	1.00117993	1.00039804	0.97332203	0.97757906
0.68157440	0.00000000	1.02099872	0.99998319	0.99915063	0.99979192	1.00086176	1.01979840	0.97729731
0.73400319	0.00000000	0.98277998	0.99983889	0.99752641	1.00040817	0.99951512	1.00926208	1.04561329
0.78643203	0.00000000	0.99568671	0.99918169	0.99912477	1.00041044	0.99924833	1.00921476	0.96085471
0.83886081	0.00000000	1.02077305	1.00123453	1.00032532	1.00052261	0.99891049	1.00769377	1.00158358
0.94371837	0.00000000	0.99202991	0.99943972	1.00003242	0.99994594	1.00005698	0.99689442	0.99067599
1.04857600	0.00000000	1.00276470	0.99985063	0.99943876	0.99938488	1.00082469	0.99271023	1.02005351
1.15343356	0.00000000	1.00405848	1.00135493	0.99890649	0.99938536	0.99945307	1.00268936	0.97533333
1.25829124	0.00000000	0.98329151	0.99911320	0.99971271	1.00089693	1.00075889	0.98590773	0.99763316
1.36314881	0.00000000	1.01013923	1.00094903	0.99962145	1.00030458	1.00015473	0.99573445	1.04395604
1.46800637	0.00000000	1.01234567	0.99815196	1.00011361	0.99899036	0.99837244	1.02360940	0.97157621
1.57286406	0.00000000	0.98171431	0.99956381	0.99991047	1.00111127	1.00144315	1.01170731	0.98076922
1.67772162	0.00000000	1.00000000	0.99994284	0.99925083	1.00013149	0.99969912	0.95535713	1.03289473
1.88743675	0.00000000	0.00000000	0.00000000	0.00000000	0.00000000	0.00000000	0.00000000	0.00000000
2.09715199	0.00000000	0.00000000	0.00000000	0.00000000	0.00000000	0.00000000	0.00000000	0.00000000
2.30686712	0.00000000	0.00000000	0.00000000	0.00000000	0.00000000	0.00000000	0.00000000	0.00000000
2.51658249	0.00000000	0.00000000	0.00000000	0.00000000	0.00000000	0.00000000	0.00000000	0.00000000
2.72629762	0.00000000	0.00000000	0.00000000	0.00000000	0.00000000	0.00000000	0.00000000	0.00000000
2.93601274	0.00000000	0.00000000	0.00000000	0.00000000	0.00000000	0.00000000	0.00000000	0.00000000
3.14572811	0.00000000	0.00000000	0.00000000	0.00000000	0.00000000	0.00000000	0.00000000	0.00000000
3.35544324	0.00000000	0.00000000	0.00000000	0.00000000	0.00000000	0.00000000	0.00000000	0.00000000
3.77487350	0.00000000	0.00000000	0.00000000	0.00000000	0.00000000	0.00000000	0.00000000	0.00000000
4.19430399	0.00000000	0.00000000	0.00000000	0.00000000	0.00000000	0.00000000	0.00000000	0.00000000
4.61373425	0.00000000	0.00000000	0.00000000	0.00000000	0.00000000	0.00000000	0.00000000	0.00000000
5.03316498	0.00000000	0.00000000	0.00000000	0.00000000	0.00000000	0.00000000	0.00000000	0.00000000
5.45259523	0.00000000	0.00000000	0.00000000	0.00000000	0.00000000	0.00000000	0.00000000	0.00000000
5.87202549	0.00000000	0.00000000	0.00000000	0.00000000	0.00000000	0.00000000	0.00000000	0.00000000
6.29145622	0.00000000	0.00000000	0.00000000	0.00000000	0.00000000	0.00000000	0.00000000	0.00000000
6.71088648	0.00000000	0.00000000	0.00000000	0.00000000	0.00000000	0.00000000	0.00000000	0.00000000
7.54974699	0.00000000	0.00000000	0.00000000	0.00000000	0.00000000	0.00000000	0.00000000	0.00000000
8.38860798	0.00000000	0.00000000	0.00000000	0.00000000	0.00000000	0.00000000	0.00000000	0.00000000
9.22746849	0.00000000	0.00000000	0.00000000	0.00000000	0.00000000	0.00000000	0.00000000	0.00000000
10.06632996	0.00000000	0.00000000	0.00000000	0.00000000	0.00000000	0.00000000	0.00000000	0.00000000
10.90519047	0.00000000	0.00000000	0.00000000	0.00000000	0.00000000	0.00000000	0.00000000	0.00000000
11.74405098	0.00000000	0.00000000	0.00000000	0.00000000	0.00000000	0.00000000	0.00000000	0.00000000
12.58291245	0.00000000	0.00000000	0.00000000	0.00000000	0.00000000	0.00000000	0.00000000	0.00000000
13.42177296	0.00000000	0.00000000	0.00000000	0.00000000	0.00000000	0.00000000	0.00000000	0.00000000
15.09949398	0.00000000	0.00000000	0.00000000	0.00000000	0.00000000	0.00000000	0.00000000	0.00000000
16.77721596	0.00000000	0.00000000	0.00000000	0.00000000	0.00000000	0.00000000	0.00000000	0.00000000
18.45493698	0.00000000	0.00000000	0.00000000	0.00000000	0.00000000	0.00000000	0.00000000	0.00000000
20.13265991	0.00000000	0.00000000	0.00000000	0.00000000	0.00000000	0.00000000	0.00000000	0.00000000
21.81038094	0.00000000	0.00000000	0.00000000	0.00000000	0.00000000	0.00000000	0.00000000	0.00000000
23.48810196	0.00000000	0.00000000	0.00000000	0.00000000	0.00000000	0.00000000	0.00000000	0.00000000
25.16582489	0.00000000	0.00000000	0.00000000	0.00000000	0.00000000	0.00000000	0.00000000	0.00000000
26.84354591	0.00000000	0.00000000	0.00000000	0.00000000	0.00000000	0.00000000	0.00000000	0.00000000
30.19898796	0.00000000	0.00000000	0.00000000	0.00000000	0.00000000	0.00000000	0.00000000	0.00000000
33.55443192	0.00000000	0.00000000	0.00000000	0.00000000	0.00000000	0.00000000	0.00000000	0.00000000
36.90987396	0.00000000	0.00000000	0.00000000	0.00000000	0.00000000	0.00000000	0.00000000	0.00000000
40.26531982	0.00000000	0.00000000	0.00000000	0.00000000	0.00000000	0.00000000	0.00000000	0.00000000
43.62076187	0.00000000	0.00000000	0.00000000	0.00000000	0.00000000	0.00000000	0.00000000	0.00000000
46.97620392	0.00000000	0.00000000	0.00000000	0.00000000	0.00000000	0.00000000	0.00000000	0.00000000
50.33164978	0.00000000	0.00000000	0.00000000	0.00000000	0.00000000	0.00000000	0.00000000	0.00000000
53.68709183	0.00000000	0.00000000	0.00000000	0.00000000	0.00000000	0.00000000	0.00000000	0.00000000
60.39797592	0.00000000	0.00000000	0.00000000	0.00000000	0.00000000	0.00000000	0.00000000	0.00000000
67.10886383	0.00000000	0.00000000	0.00000000	0.00000000	0.00000000	0.00000000	0.00000000	0.00000000
73.81974792	0.00000000	0.00000000	0.00000000	0.00000000	0.00000000	0.00000000	0.00000000	0.00000000
80.53063965	0.00000000	0.00000000	0.00000000	0.00000000	0.00000000	0.00000000	0.00000000	0.00000000
87.24152374	0.00000000	0.00000000	0.00000000	0.00000000	0.00000000	0.00000000	0.00000000	0.00000000
93.95240784	0.00000000	0.00000000	0.00000000	0.00000000	0.00000000	0.00000000	0.00000000	0.00000000
100.66329956	0.00000000	0.00000000	0.00000000	0.00000000	0.00000000	0.00000000	0.00000000	0.00000000
107.37418365	0.00000000	0.00000000	0.00000000	0.00000000	0.00000000	0.00000000	0.00000000	0.00000000
120.79595184	0.00000000	0.00000000	0.00000000	0.00000000	0.00000000	0.00000000	0.00000000	0.00000000
134.21772766	0.00000000	0.00000000	0.00000000	0.00000000	0.00000000	0.00000000	0.00000000	0.00000000
147.63949585	0.00000000	0.00000000	0.00000000	0.00000000	0.00000000	0.00000000	0.00000000	0.00000000
161.06127930	0.00000000	0.00000000	0.00000000	0.00000000	0.00000000	0.00000000	0.00000000	0.00000000
174.48304749	0.00000000	0.00000000	0.00000000	0.00000000	0.00000000	0.00000000	0.00000000	0.00000000
187.90481567	0.00000000	0.00000000	0.00000000	0.00000000	0.00000000	0.00000000	0.00000000	0.00000000
201.32659912	0.00000000	0.00000000	0.00000000	0.00000000	0.00000000	0.00000000	0.00000000	0.00000000
214.74836731	0.00000000	0.00000000	0.00000000	0.00000000	0.00000000	0.00000000	0.00000000	0.00000000
241.59190369	0.00000000	0.00000000	0.00000000	0.00000000	0.00000000	0.00000000	0.00000000	0.00000000
268.43545532	0.00000000	0.00000000	0.00000000	0.00000000	0.00000000	0.00000000	0.00000000	0.00000000
295.27899170	0.00000000	0.00000000	0.00000000	0.00000000	0.00000000	0.00000000	0.00000000	0.00000000
322.12255859	0.00000000	0.00000000	0.00000000	0.00000000	0.00000000	0.00000000	0.00000000	0.00000000
348.96609497	0.00000000	0.00000000	0.00000000	0.00000000	0.00000000	0.00000000	0.00000000	0.00000000
375.80963135	0.00000000	0.00000000	0.00000000	0.00000000	0.00000000	0.00000000	0.00000000	0.00000000
402.65319824	0.00000000	0.00000000	0.00000000	0.00000000	0.00000000	0.00000000	0.00000000	0.00000000
429.49673462	0.00000000	0.00000000	0.00000000	0.00000000	0.00000000	0.00000000	0.00000000	0.00000000
483.18380737	0.00000000	0.00000000	0.00000000	0.00000000	0.00000000	0.00000000	0.00000000	0.00000000
536.87091064	0.00000000	0.00000000	0.00000000	0.00000000	0.00000000	0.00000000	0.00000000	0.00000000
590.55798340	0.00000000	0.00000000	0.00000000	0.00000000	0.00000000	0.00000000	0.00000000	0.00000000
644.24511719	0.00000000	0.00000000	0.00000000	0.00000000	0.00000000	0.00000000	0.00000000	0.00000000
697.93218994	0.00000000	0.00000000	0.00000000	0.00000000	0.00000000	0.00000000	0.00000000	0.00000000
751.61926270	0.00000000	0.00000000	0.00000000	0.00000000	0.00000000	0.00000000	0.00000000	0.00000000
805.30639648	0.00000000	0.00000000	0.00000000	0.00000000	0.00000000	0.00000000	0.00000000	0.00000000
858.99346924	0.00000000	0.00000000	0.00000000	0.00000000	0.00000000	0.00000000	0.00000000	0.00000000
966.36761475	0.00000000	0.00000000	0.00000000	0.00000000	0.00000000	0.00000000	0.00000000	0.00000000
1073.74182129	0.00000000	0.00000000	0.00000000	0.00000000	0.00000000	0.00000000	0.00000000	0.00000000
1181.11596680	0.00000000	0.00000000	0.00000000	0.00000000	0.00000000	0.00000000	0.00000000	0.00000000
1288.49023437	0.00000000	0.00000000	0.00000000	0.00000000	0.00000000	0.00000000	0.00000000	0.00000000
1395.86437988	0.00000000	0.00000000	0.00000000	0.00000000	0.00000000	0.00000000	0.00000000	0.00000000
1503.23852539	0.00000000	0.00000000	0.00000000	0.00000000	0.00000000	0.00000000	0.00000000	0.00000000
1610.61279297	0.00000000	0.00000000	0.00000000	0.00000000	0.00000000	0.00000000	0.00000000	0.00000000
1717.98693848	0.00000000	0.00000000	0.00000000	0.00000000	0.00000000	0.00000000	0.00000000	0.00000000
1932.73522949	0.00000000	0.00000000	0.00000000	0.00000000	0.00000000	0.00000000	0.00000000	0.00000000
2147.48364258	0.00000000	0.00000000	0.00000000	0.00000000	0.00000000	0.00000000	0.00000000	0.00000000
2362.23193359	0.00000000	0.00000000	0.00000000	0.00000000	0.00000000	0.00000000	0.00000000	0.00000000
2576.98046875	0.00000000	0.00000000	0.00000000	0.00000000	0.00000000	0.00000000	0.00000000	0.00000000
2791.72875977	0.00000000	0.00000000	0.00000000	0.00000000	0.00000000	0.00000000	0.00000000	0.00000000
3006.47705078	0.00000000	0.00000000	0.00000000	0.00000000	0.00000000	0.00000000	0.00000000	0.00000000
3221.22558594	0.00000000	0.00000000	0.00000000	0.00000000	0.00000000	0.00000000	0.00000000	0.00000000
3435.97387695	0.00000000	0.00000000	0.00000000	0.00000000	0.00000000	0.00000000	0.00000000	0.00000000
0	0	0	0	0	0	0	0	0
