%4/4/2019 1:12:23 PM
%Duration	ID1		ID2		ID3		ID4		ID5		ID6		ID7		ID8
1000.000000	0.000000	0.410080	342.636108	186.986923	80.165863	24.642944	0.457764	0.200272
%Tau		Tau1		Tau2		Tau3		Tau4		Tau5		Tau6		Tau7		Tau8
%		0.000000	0.000002	0.000307	0.000205	0.000141	0.000051	0.000001	0.000001
%Delaytime	D1		D2		D3		D4		D5		D6		D7		D8
0.00000020	0.00000000	270.05975342	1.55996048	1.51873863	1.71653819	4.74751616	409.60000610	0.00000000
0.00000040	0.00000000	0.00000000	1.48379982	1.48920393	1.55416298	1.80612040	40.95999908	0.00000000
0.00000060	0.00000000	0.00000000	1.47476375	1.54447997	1.56410432	1.63410890	0.00000000	0.00000000
0.00000080	0.00000000	0.00000000	1.47089112	1.48974586	1.50114250	1.34168935	0.00000000	0.00000000
0.00000100	0.00000000	0.00000000	1.47063303	1.48568141	1.46634781	1.66851115	40.95999908	0.00000000
0.00000120	0.00000000	0.00000000	1.47622669	1.46075296	1.52930963	1.65131009	0.00000000	0.00000000
0.00000140	0.00000000	0.00000000	1.46262968	1.48324275	1.44646513	1.65131009	0.00000000	0.00000000
0.00000160	0.00000000	0.00000000	1.45987582	1.48703623	1.52599585	1.27288485	0.00000000	0.00000000
0.00000180	0.00000000	0.00000000	1.46125281	1.45831430	1.41498423	1.44489622	0.00000000	0.00000000
0.00000200	0.00000000	0.00000000	1.46340418	1.44747579	1.51936829	1.35889053	0.00000000	0.00000000
0.00000220	0.00000000	0.00000000	1.47364497	1.47538483	1.48623049	1.53090203	0.00000000	0.00000000
0.00000240	0.00000000	0.00000000	1.46615803	1.48215890	1.50942695	1.54810309	0.00000000	0.00000000
0.00000260	0.00000000	0.00000000	1.47381711	1.47294617	1.52433896	1.66851115	0.00000000	0.00000000
0.00000280	0.00000000	0.00000000	1.44541824	1.47511387	1.55084920	1.42769516	0.00000000	0.00000000
0.00000300	0.00000000	0.00000000	1.47011662	1.46752691	1.54256475	1.44489622	0.00000000	0.00000000
0.00000320	0.00000000	0.00000000	1.47037482	1.46400452	1.41498423	1.73731577	0.00000000	0.00000000
0.00000360	0.00000000	0.00000000	1.45742321	1.46833980	1.45723486	1.29868650	0.00000000	0.00000000
0.00000400	0.00000000	0.00000000	1.47274137	1.46603668	1.53842258	1.39329278	0.00000000	0.00000000
0.00000440	0.00000000	0.00000000	1.45096886	1.47552037	1.52102518	1.35889053	0.00000000	0.00000000
0.00000480	0.00000000	0.00000000	1.46809435	1.47823000	1.46469092	1.47069800	20.47999954	0.00000000
0.00000520	0.00000000	0.00000000	1.44894660	1.47362363	1.50694156	1.48789918	0.00000000	0.00000000
0.00000560	0.00000000	0.00000000	1.45518577	1.45275962	1.50031400	1.50510025	0.00000000	0.00000000
0.00000600	0.00000000	0.00000000	1.45888615	1.49462306	1.45392108	1.40189338	0.00000000	0.00000000
0.00000640	0.00000000	0.00000000	1.45875704	1.48622334	1.43321002	1.61690772	0.00000000	0.00000000
0.00000720	0.00000000	0.00000000	1.45824075	1.46630764	1.44853628	1.32878852	0.00000000	0.00000000
0.00000800	0.00000000	0.00000000	1.45903683	1.46068525	1.48747313	1.34168935	0.00000000	0.00000000
0.00000880	0.00000000	0.00000000	1.45331395	1.47369134	1.46386242	1.48359883	0.00000000	0.00000000
0.00000960	0.00000000	0.00000000	1.45393789	1.45763683	1.45102155	1.58250546	0.00000000	0.00000000
0.00001040	0.00000000	0.00000000	1.45522881	1.46034646	1.50569892	1.31588769	0.00000000	0.00000000
0.00001120	0.00000000	0.00000000	1.45077527	1.46420765	1.44397974	1.39759314	0.00000000	0.00000000
0.00001200	0.00000000	0.00000000	1.45682085	1.45248866	1.48995852	1.51370084	0.00000000	0.00000000
0.00001280	0.00000000	0.00000000	1.45621836	1.45133698	1.46137714	1.42339480	0.00000000	0.00000000
0.00001440	0.00000000	0.00000000	1.44518161	1.44317436	1.44977891	1.38039196	0.00000000	38.51911926
0.00001600	0.00000000	0.00000000	1.45107651	1.44222593	1.46469092	1.45779717	0.00000000	0.00000000
0.00001760	0.00000000	0.00000000	1.44866693	1.44473231	1.44687939	1.36749113	5.11999989	0.00000000
0.00001920	0.00000000	6.75149393	1.44272888	1.44290340	1.44377267	1.44919658	0.00000000	0.00000000
0.00002080	0.00000000	6.75149393	1.44207275	1.44761133	1.44542956	1.34383953	0.00000000	0.00000000
0.00002240	0.00000000	0.00000000	1.43928659	1.43531644	1.46137714	1.51155066	0.00000000	0.00000000
0.00002400	0.00000000	0.00000000	1.44293332	1.42715371	1.41539848	1.38899255	0.00000000	0.00000000
0.00002560	0.00000000	0.00000000	1.43441367	1.44073570	1.45226419	1.42769516	0.00000000	0.00000000
0.00002880	0.00000000	0.00000000	1.42836463	1.42559397	1.41768193	1.35176253	0.00000000	19.70744133
0.00003200	0.00000000	0.00000000	1.42940342	1.42091167	1.40445375	1.35284829	0.00000000	0.00000000
0.00003520	0.00000000	0.00000000	1.42371452	1.40872359	1.39174235	1.32033229	2.52829742	0.00000000
0.00003840	0.00000000	0.00000000	1.41734970	1.40467787	1.38729858	1.39850998	0.00000000	0.00000000
0.00004160	0.00000000	3.44129395	1.41460705	1.40981150	1.37345040	1.30295956	2.52829742	0.00000000
0.00004480	0.00000000	3.44129395	1.40721309	1.40452480	1.35753536	1.28015780	0.00000000	0.00000000
0.00004800	0.00000000	0.00000000	1.40386450	1.38334441	1.36458075	1.39633834	0.00000000	0.00000000
0.00005120	0.00000000	0.00000000	1.39558029	1.38733912	1.35548639	1.29101574	0.00000000	0.00000000
0.00005760	0.00000000	0.00000000	1.39316034	1.37452030	1.34355819	1.30133986	0.00000000	0.00000000
0.00006400	0.00000000	0.00000000	1.38216913	1.36204064	1.32116377	1.27314413	1.26939964	0.00000000
0.00007040	0.00000000	0.00000000	1.37609470	1.35190117	1.32565296	1.27531302	0.00000000	0.00000000
0.00007680	0.00000000	3.42472935	1.36870027	1.34192407	1.30779946	1.25199735	0.00000000	0.00000000
0.00008320	0.00000000	0.00000000	1.36308837	1.33715355	1.31388819	1.23844171	1.26939964	9.85372066
0.00008960	0.00000000	0.00000000	1.35239232	1.32886934	1.28184474	1.21941161	0.00000000	0.00000000
0.00009600	0.00000000	3.42472935	1.35054743	1.31936395	1.27477551	1.21941161	0.00000000	0.00000000
0.00010240	0.00000000	0.00000000	1.34237289	1.30881572	1.27358866	1.16139603	3.80819893	0.00000000
0.00011520	0.00000000	2.56854701	1.33210123	1.28695345	1.25815606	1.16729319	0.00000000	0.00000000
0.00012800	0.00000000	0.85618234	1.31777382	1.27299225	1.22932875	1.14156401	0.00000000	0.00000000
0.00014080	0.00000000	0.85618234	1.30579984	1.25903773	1.20644712	1.14102232	1.26414871	0.00000000
0.00015360	0.00000000	0.00000000	1.29316306	1.24141669	1.19377565	1.11154902	0.63207436	0.00000000
0.00016640	0.00000000	1.71236467	1.27774835	1.22346020	1.17852342	1.11046565	0.63207436	0.00000000
0.00017920	0.00000000	0.00000000	1.26932788	1.21712649	1.16606879	1.10206950	3.16037178	0.00000000
0.00019200	0.00000000	0.85618234	1.25985646	1.20703197	1.13503361	1.05954683	1.89622319	0.00000000
0.00020480	0.00000000	1.71236467	1.24986291	1.18853545	1.13660789	1.06306779	1.26414871	0.00000000
0.00023040	0.00000000	0.86869639	1.23183322	1.16748250	1.12401044	1.04686749	1.25893044	2.43519616
0.00025600	0.00000000	1.30304456	1.21151304	1.14900470	1.10557532	1.05782735	0.62946522	2.43519616
0.00028160	0.00000000	1.30304456	1.19437480	1.13261425	1.09300315	1.06278813	0.94419777	2.43519616
0.00030720	0.00000000	0.00000000	1.17798114	1.11700344	1.07831991	1.01160109	0.31473261	0.00000000
0.00033280	0.00000000	0.86869639	1.16277957	1.10026133	1.06313491	1.04037440	1.25893044	0.00000000
0.00035840	0.00000000	0.43434820	1.14721739	1.08985925	1.06196976	1.03067768	2.20312810	0.00000000
0.00038400	0.00000000	1.30304456	1.13486373	1.07809854	1.05014861	1.00321281	1.57366300	4.87039232
0.00040960	0.00000000	0.86869639	1.12407899	1.06810510	1.03977871	0.99874806	0.31473261	2.43519616
0.00046080	0.00000000	0.64213675	1.10399401	1.05566740	1.03280389	1.00188076	2.02479267	0.00000000
0.00051200	0.00000000	0.85618234	1.08641362	1.04263294	1.02571774	1.01048350	1.09027302	2.30105186
0.00056320	0.00000000	0.42809117	1.07034528	1.03331089	1.01603448	0.99987108	1.86903942	1.15052593
0.00061440	0.00000000	0.42809117	1.05756068	1.02497637	1.01491010	0.98578584	1.09027302	0.00000000
0.00066560	0.00000000	0.21404558	1.04677820	1.01828861	1.01023018	1.01298451	0.62301314	1.15052593
0.00071680	0.00000000	2.14045572	1.03920329	1.01390195	1.01605093	0.99933028	0.77876645	1.15052593
0.00076800	0.00000000	0.64213675	1.03226006	1.01474655	1.01607895	0.98993456	0.62301314	0.00000000
0.00081920	0.00000000	2.35450149	1.02789557	1.01284361	1.01329505	1.00129056	0.62301314	0.00000000
0.00092160	0.00000000	1.05492091	1.01687360	1.01156569	1.00539255	0.98999798	1.01447952	1.19008267
0.00102400	0.00000000	1.37139714	1.01305139	1.01211655	1.00353038	1.00681186	0.85840571	1.77503848
0.00112640	0.00000000	0.73844463	1.00894272	1.01089311	1.00255549	0.99757940	0.70233196	0.00000000
0.00122880	0.00000000	1.05492091	1.00501621	1.01056051	1.00082242	0.99487489	1.01447952	1.18335903
0.00133120	0.00000000	1.58238137	1.00299454	1.01161587	0.99794942	1.00893998	1.01447952	0.00000000
0.00143360	0.00000000	1.26590514	1.00238979	1.00963318	0.99082464	1.00978231	1.01447952	0.59167951
0.00153600	0.00000000	1.16041303	1.00177693	1.00920379	0.98500299	1.02366292	0.85840571	0.59167951
0.00163840	0.00000000	0.31723520	1.00257468	1.00652087	0.98121089	1.01669872	0.85840571	0.59167951
0.00184320	0.00000000	0.99739695	1.00027609	1.00574744	0.99114466	1.00431681	1.01239634	0.29416835
0.00204800	0.00000000	0.94490236	0.99409324	1.00002849	0.99227476	0.99905139	0.81770480	1.17667341
0.00225280	0.00000000	1.25986981	0.99081135	0.99981707	0.98681283	1.00276911	0.97345805	0.58833671
0.00245760	0.00000000	1.10238612	0.99097776	1.00332880	0.99134934	0.99375969	1.05133474	0.88250500
0.00266240	0.00000000	0.94490236	0.99326438	1.00736725	0.99793649	1.00543666	1.36284125	0.29416835
0.00286720	0.00000000	1.04989147	0.99096429	1.00639474	0.99857658	1.00055873	1.16814971	1.17667341
0.00307200	0.00000000	0.68242949	0.98686987	0.99947989	0.99895298	1.00322461	1.09027302	1.17667341
0.00327680	0.00000000	1.25986981	0.98619789	0.99610919	0.99814713	0.99533623	0.85664308	0.29416835
0.00368640	0.00000000	0.93818504	0.98973697	0.99507016	0.99758101	0.99797744	0.96748590	0.87754714
0.00409600	0.00000000	1.04242778	0.98922211	0.99977052	0.99786818	0.99402374	0.94813621	0.87754714
0.00450560	0.00000000	1.04242778	0.99170244	1.00157320	1.00329649	0.99915230	1.29643118	0.73128927
0.00491520	0.00000000	0.75576013	0.99937046	1.00080419	0.99843055	1.00709617	0.87252897	0.87754714
0.00532480	0.00000000	0.91212434	1.00784087	0.99461979	0.99837804	1.00929475	1.04703474	1.02958918
0.00573440	0.00000000	0.67757809	1.01170206	0.99913681	1.00197625	0.99934685	1.21903229	1.02958918
0.00614400	0.00000000	1.09454918	1.00478685	1.00344181	0.98967546	1.00951850	1.18033278	0.44125250
0.00655360	0.00000000	1.17273128	0.99768478	1.00098681	1.00427282	1.00897908	0.98683566	0.73959941
0.00737280	0.00000000	1.23908436	0.99771005	1.00339067	1.00802314	0.99933964	1.07300711	0.80441821
0.00819200	0.00000000	0.98326629	1.00345862	1.01087081	1.00779212	1.00207722	0.94619721	1.38944960
0.00901120	0.00000000	1.16439438	1.00158572	0.99733180	0.99570823	0.99552947	0.95978189	0.65816033
0.00983040	0.00000000	0.87976462	0.99913734	0.99364430	1.00072157	0.99564087	0.96947664	1.09693396
0.01064960	0.00000000	1.15145659	0.99295259	0.99290293	0.99634343	1.00745177	0.92100281	1.02380502
0.01146880	0.00000000	1.02207947	1.00023448	0.99690408	1.00449657	1.00057292	1.13428771	1.02380502
0.01228800	0.00000000	0.81507605	1.00603628	1.00890279	1.00060725	0.99860680	0.95978189	1.46257854
0.01310720	0.00000000	0.93151546	1.00141537	1.00292289	1.00000620	1.00579309	1.05672956	1.31632066
0.01474560	0.00000000	1.02855408	0.99217439	1.00405014	1.00052345	0.99854344	1.00115025	0.81361157
0.01638400	0.00000000	0.89270735	0.99754375	1.00276315	0.99998242	0.99977916	1.01096547	0.92455858
0.01802240	0.00000000	0.96386516	0.99692667	1.00047159	0.99689454	1.00202000	0.90299821	1.14645267
0.01966080	0.00000000	1.08030522	0.99844843	1.00073493	0.99947608	0.99395770	1.02568817	0.85539949
0.02129920	0.00000000	0.91427541	0.99830574	0.99894953	1.00143218	0.99782646	0.96086574	0.81820822
0.02293760	0.00000000	0.96614921	1.00093591	0.99724627	1.00126588	0.99669206	1.01451814	1.22731233
0.02457600	0.00000000	0.95966500	1.00501180	1.00107479	0.99670213	0.99957275	0.98037571	0.78101695
0.02621440	0.00000000	1.04395986	1.00137293	0.99831790	1.00200224	0.99931902	0.98440188	1.19012105
0.02949120	0.00000000	0.99533939	1.00216198	1.00021100	1.00023460	0.99601954	0.98560101	1.03550565
0.03276800	0.00000000	0.98144889	1.00421667	1.00028229	1.00132072	0.99855655	0.93792331	1.13433409
0.03604480	0.00000000	1.02694654	0.99862194	0.99828219	1.00289237	0.99663419	1.02608323	0.98556900
0.03932160	0.00000000	0.99355274	0.99939579	0.99973220	1.00014651	1.00212157	1.00570762	0.92455858
0.04259840	0.00000000	1.02448010	1.00059414	0.99983168	0.99752063	1.00035214	0.94423407	0.76242131
0.04587520	0.00000000	1.01466072	1.00567412	1.00049591	1.00047910	1.00254214	0.94669300	1.00987017
0.04915200	0.00000000	0.99174905	0.99257624	1.00139713	1.00238287	1.00147676	1.04750967	0.91118646
0.05242880	0.00000000	1.00811458	0.99523956	0.99733925	1.00007439	1.00163019	1.02995300	1.05995154
0.05898240	0.00000000	1.04327118	1.00168288	0.99730724	1.00101435	0.99958909	0.99257880	1.01928699
0.06553600	0.00000000	1.00726259	1.00045919	0.99757749	0.99974883	0.99845475	0.99462116	1.15955579
0.07208960	0.00000000	1.02612829	0.99982351	0.99951321	0.99918908	1.00195360	1.03027511	1.00626957
0.07864320	0.00000000	1.08532798	0.99705249	0.99801159	1.00237525	1.00158072	1.04165566	1.05669200
0.08519680	0.00000000	0.95771974	0.99767447	0.99877501	1.00237715	1.00011420	1.05147099	0.95241767
0.09175040	0.00000000	0.95904481	1.00454199	1.00128615	0.99978369	0.99998331	1.03486335	0.89852214
0.09830400	0.00000000	0.99790144	0.99841559	0.99879575	0.99918109	1.00369108	0.98144782	0.97978598
0.10485760	0.00000000	0.97490448	1.00113821	1.00102246	0.99987364	1.00039887	1.02095270	0.91847718
0.11796480	0.00000000	0.98534620	0.99749488	1.00380778	1.00037479	0.99782294	1.05186725	0.86566472
0.13107200	0.00000000	1.00960958	1.00422657	1.00068927	1.00063097	1.00058436	0.99284345	1.04894698
0.14417920	0.00000000	0.98678994	1.00081813	1.00101745	1.00070274	1.00268567	0.98607641	0.96638280
0.15728641	0.00000000	0.94659156	1.00247467	1.00100839	0.99877614	0.99804169	0.98718709	0.94653797
0.17039360	0.00000000	0.94474369	0.99918848	1.00168324	0.99871463	0.99753076	1.01440942	0.87200248
0.18350080	0.00000000	0.99143714	0.99867153	1.00005519	0.99982238	1.00160587	0.98915493	0.94343889
0.19660801	0.00000000	1.00425744	0.99920464	1.00278020	1.00046158	0.99958247	0.97239590	1.05891216
0.20971520	0.00000000	1.03266335	0.99953282	1.00109279	0.99964535	0.99864393	1.02531064	0.95379120
0.23592959	0.00000000	1.00194287	1.00089216	0.99889660	0.99899906	1.00085652	0.97393537	0.99148542
0.26214400	0.00000000	1.04724753	1.00108016	0.99960726	0.99818128	0.99771714	1.00457144	1.09413111
0.28835839	0.00000000	1.01749027	0.99985069	1.00162864	0.99942231	0.99974722	0.99101657	0.94118786
0.31457281	0.00000000	0.98655468	1.00067890	1.00025129	1.00011384	0.99805146	0.97955906	1.01419353
0.34078720	0.00000000	1.03399479	0.99960917	1.00055897	0.99985689	0.99872077	1.00046253	1.05485439
0.36700159	0.00000000	1.00090265	0.99963939	1.00033295	1.00008345	1.00068498	1.00213778	0.93366897
0.39321601	0.00000000	0.97843647	0.99898577	0.99925047	0.99939936	0.99808288	0.96758622	1.04208338
0.41943040	0.00000000	0.99567097	1.00057781	0.99933612	1.00070071	0.99987096	1.00022781	1.02509654
0.47185919	0.00000000	1.02976048	0.99980849	0.99991399	1.00111294	0.99979508	1.00314057	1.00370646
0.52428800	0.00000000	0.96583813	0.99727011	0.99888796	1.00048971	1.00131512	0.98308623	0.93893129
0.57671678	0.00000000	1.00524127	1.00097466	0.99967659	0.99921006	1.00112438	1.00580645	1.01409996
0.62914562	0.00000000	0.99111372	1.00012338	0.99983120	0.99972194	1.00130892	0.99171668	0.99603599
0.68157440	0.00000000	1.01542222	0.99784493	0.99896854	0.99948943	1.00013912	1.00582600	1.02711868
0.73400319	0.00000000	0.97940910	0.99962372	0.99990702	0.99954826	1.00103545	1.00733173	1.05945086
0.78643203	0.00000000	0.97810733	0.99951965	0.99930918	0.99919075	0.99935001	0.99161875	0.94537097
0.83886081	0.00000000	1.03057122	0.99866867	0.99881274	1.00108874	0.99837410	0.99985379	1.01862109
0.94371837	0.00000000	0.99976355	0.99974149	0.99833840	1.00001848	0.99961090	0.99425358	0.94530320
1.04857600	0.00000000	0.97344559	0.99910599	0.99938995	0.99914163	0.99984223	1.00232184	1.01402593
1.15343356	0.00000000	1.03436148	1.00034356	0.99979001	0.99953705	1.00093305	1.01904762	1.05671644
1.25829124	0.00000000	0.99088973	0.99939770	0.99874598	0.99939746	1.00077593	1.00123549	1.01958525
1.36314881	0.00000000	1.00188076	1.00148010	0.99825710	1.00062001	0.99961895	0.98289865	0.91619629
1.46800637	0.00000000	1.02666664	0.99903643	0.99913096	1.00009680	1.00019324	1.00000000	0.97560978
1.57286406	0.00000000	0.97798860	1.00129008	0.99957973	0.99948084	0.99916565	1.00808108	1.12139428
1.67772162	0.00000000	0.98308271	0.99954194	0.99955493	1.00040114	1.00036001	1.00714290	0.96249998
1.88743675	0.00000000	0.00000000	0.00000000	0.00000000	0.00000000	0.00000000	0.00000000	0.00000000
2.09715199	0.00000000	0.00000000	0.00000000	0.00000000	0.00000000	0.00000000	0.00000000	0.00000000
2.30686712	0.00000000	0.00000000	0.00000000	0.00000000	0.00000000	0.00000000	0.00000000	0.00000000
2.51658249	0.00000000	0.00000000	0.00000000	0.00000000	0.00000000	0.00000000	0.00000000	0.00000000
2.72629762	0.00000000	0.00000000	0.00000000	0.00000000	0.00000000	0.00000000	0.00000000	0.00000000
2.93601274	0.00000000	0.00000000	0.00000000	0.00000000	0.00000000	0.00000000	0.00000000	0.00000000
3.14572811	0.00000000	0.00000000	0.00000000	0.00000000	0.00000000	0.00000000	0.00000000	0.00000000
3.35544324	0.00000000	0.00000000	0.00000000	0.00000000	0.00000000	0.00000000	0.00000000	0.00000000
3.77487350	0.00000000	0.00000000	0.00000000	0.00000000	0.00000000	0.00000000	0.00000000	0.00000000
4.19430399	0.00000000	0.00000000	0.00000000	0.00000000	0.00000000	0.00000000	0.00000000	0.00000000
4.61373425	0.00000000	0.00000000	0.00000000	0.00000000	0.00000000	0.00000000	0.00000000	0.00000000
5.03316498	0.00000000	0.00000000	0.00000000	0.00000000	0.00000000	0.00000000	0.00000000	0.00000000
5.45259523	0.00000000	0.00000000	0.00000000	0.00000000	0.00000000	0.00000000	0.00000000	0.00000000
5.87202549	0.00000000	0.00000000	0.00000000	0.00000000	0.00000000	0.00000000	0.00000000	0.00000000
6.29145622	0.00000000	0.00000000	0.00000000	0.00000000	0.00000000	0.00000000	0.00000000	0.00000000
6.71088648	0.00000000	0.00000000	0.00000000	0.00000000	0.00000000	0.00000000	0.00000000	0.00000000
7.54974699	0.00000000	0.00000000	0.00000000	0.00000000	0.00000000	0.00000000	0.00000000	0.00000000
8.38860798	0.00000000	0.00000000	0.00000000	0.00000000	0.00000000	0.00000000	0.00000000	0.00000000
9.22746849	0.00000000	0.00000000	0.00000000	0.00000000	0.00000000	0.00000000	0.00000000	0.00000000
10.06632996	0.00000000	0.00000000	0.00000000	0.00000000	0.00000000	0.00000000	0.00000000	0.00000000
10.90519047	0.00000000	0.00000000	0.00000000	0.00000000	0.00000000	0.00000000	0.00000000	0.00000000
11.74405098	0.00000000	0.00000000	0.00000000	0.00000000	0.00000000	0.00000000	0.00000000	0.00000000
12.58291245	0.00000000	0.00000000	0.00000000	0.00000000	0.00000000	0.00000000	0.00000000	0.00000000
13.42177296	0.00000000	0.00000000	0.00000000	0.00000000	0.00000000	0.00000000	0.00000000	0.00000000
15.09949398	0.00000000	0.00000000	0.00000000	0.00000000	0.00000000	0.00000000	0.00000000	0.00000000
16.77721596	0.00000000	0.00000000	0.00000000	0.00000000	0.00000000	0.00000000	0.00000000	0.00000000
18.45493698	0.00000000	0.00000000	0.00000000	0.00000000	0.00000000	0.00000000	0.00000000	0.00000000
20.13265991	0.00000000	0.00000000	0.00000000	0.00000000	0.00000000	0.00000000	0.00000000	0.00000000
21.81038094	0.00000000	0.00000000	0.00000000	0.00000000	0.00000000	0.00000000	0.00000000	0.00000000
23.48810196	0.00000000	0.00000000	0.00000000	0.00000000	0.00000000	0.00000000	0.00000000	0.00000000
25.16582489	0.00000000	0.00000000	0.00000000	0.00000000	0.00000000	0.00000000	0.00000000	0.00000000
26.84354591	0.00000000	0.00000000	0.00000000	0.00000000	0.00000000	0.00000000	0.00000000	0.00000000
30.19898796	0.00000000	0.00000000	0.00000000	0.00000000	0.00000000	0.00000000	0.00000000	0.00000000
33.55443192	0.00000000	0.00000000	0.00000000	0.00000000	0.00000000	0.00000000	0.00000000	0.00000000
36.90987396	0.00000000	0.00000000	0.00000000	0.00000000	0.00000000	0.00000000	0.00000000	0.00000000
40.26531982	0.00000000	0.00000000	0.00000000	0.00000000	0.00000000	0.00000000	0.00000000	0.00000000
43.62076187	0.00000000	0.00000000	0.00000000	0.00000000	0.00000000	0.00000000	0.00000000	0.00000000
46.97620392	0.00000000	0.00000000	0.00000000	0.00000000	0.00000000	0.00000000	0.00000000	0.00000000
50.33164978	0.00000000	0.00000000	0.00000000	0.00000000	0.00000000	0.00000000	0.00000000	0.00000000
53.68709183	0.00000000	0.00000000	0.00000000	0.00000000	0.00000000	0.00000000	0.00000000	0.00000000
60.39797592	0.00000000	0.00000000	0.00000000	0.00000000	0.00000000	0.00000000	0.00000000	0.00000000
67.10886383	0.00000000	0.00000000	0.00000000	0.00000000	0.00000000	0.00000000	0.00000000	0.00000000
73.81974792	0.00000000	0.00000000	0.00000000	0.00000000	0.00000000	0.00000000	0.00000000	0.00000000
80.53063965	0.00000000	0.00000000	0.00000000	0.00000000	0.00000000	0.00000000	0.00000000	0.00000000
87.24152374	0.00000000	0.00000000	0.00000000	0.00000000	0.00000000	0.00000000	0.00000000	0.00000000
93.95240784	0.00000000	0.00000000	0.00000000	0.00000000	0.00000000	0.00000000	0.00000000	0.00000000
100.66329956	0.00000000	0.00000000	0.00000000	0.00000000	0.00000000	0.00000000	0.00000000	0.00000000
107.37418365	0.00000000	0.00000000	0.00000000	0.00000000	0.00000000	0.00000000	0.00000000	0.00000000
120.79595184	0.00000000	0.00000000	0.00000000	0.00000000	0.00000000	0.00000000	0.00000000	0.00000000
134.21772766	0.00000000	0.00000000	0.00000000	0.00000000	0.00000000	0.00000000	0.00000000	0.00000000
147.63949585	0.00000000	0.00000000	0.00000000	0.00000000	0.00000000	0.00000000	0.00000000	0.00000000
161.06127930	0.00000000	0.00000000	0.00000000	0.00000000	0.00000000	0.00000000	0.00000000	0.00000000
174.48304749	0.00000000	0.00000000	0.00000000	0.00000000	0.00000000	0.00000000	0.00000000	0.00000000
187.90481567	0.00000000	0.00000000	0.00000000	0.00000000	0.00000000	0.00000000	0.00000000	0.00000000
201.32659912	0.00000000	0.00000000	0.00000000	0.00000000	0.00000000	0.00000000	0.00000000	0.00000000
214.74836731	0.00000000	0.00000000	0.00000000	0.00000000	0.00000000	0.00000000	0.00000000	0.00000000
241.59190369	0.00000000	0.00000000	0.00000000	0.00000000	0.00000000	0.00000000	0.00000000	0.00000000
268.43545532	0.00000000	0.00000000	0.00000000	0.00000000	0.00000000	0.00000000	0.00000000	0.00000000
295.27899170	0.00000000	0.00000000	0.00000000	0.00000000	0.00000000	0.00000000	0.00000000	0.00000000
322.12255859	0.00000000	0.00000000	0.00000000	0.00000000	0.00000000	0.00000000	0.00000000	0.00000000
348.96609497	0.00000000	0.00000000	0.00000000	0.00000000	0.00000000	0.00000000	0.00000000	0.00000000
375.80963135	0.00000000	0.00000000	0.00000000	0.00000000	0.00000000	0.00000000	0.00000000	0.00000000
402.65319824	0.00000000	0.00000000	0.00000000	0.00000000	0.00000000	0.00000000	0.00000000	0.00000000
429.49673462	0.00000000	0.00000000	0.00000000	0.00000000	0.00000000	0.00000000	0.00000000	0.00000000
483.18380737	0.00000000	0.00000000	0.00000000	0.00000000	0.00000000	0.00000000	0.00000000	0.00000000
536.87091064	0.00000000	0.00000000	0.00000000	0.00000000	0.00000000	0.00000000	0.00000000	0.00000000
590.55798340	0.00000000	0.00000000	0.00000000	0.00000000	0.00000000	0.00000000	0.00000000	0.00000000
644.24511719	0.00000000	0.00000000	0.00000000	0.00000000	0.00000000	0.00000000	0.00000000	0.00000000
697.93218994	0.00000000	0.00000000	0.00000000	0.00000000	0.00000000	0.00000000	0.00000000	0.00000000
751.61926270	0.00000000	0.00000000	0.00000000	0.00000000	0.00000000	0.00000000	0.00000000	0.00000000
805.30639648	0.00000000	0.00000000	0.00000000	0.00000000	0.00000000	0.00000000	0.00000000	0.00000000
858.99346924	0.00000000	0.00000000	0.00000000	0.00000000	0.00000000	0.00000000	0.00000000	0.00000000
966.36761475	0.00000000	0.00000000	0.00000000	0.00000000	0.00000000	0.00000000	0.00000000	0.00000000
1073.74182129	0.00000000	0.00000000	0.00000000	0.00000000	0.00000000	0.00000000	0.00000000	0.00000000
1181.11596680	0.00000000	0.00000000	0.00000000	0.00000000	0.00000000	0.00000000	0.00000000	0.00000000
1288.49023437	0.00000000	0.00000000	0.00000000	0.00000000	0.00000000	0.00000000	0.00000000	0.00000000
1395.86437988	0.00000000	0.00000000	0.00000000	0.00000000	0.00000000	0.00000000	0.00000000	0.00000000
1503.23852539	0.00000000	0.00000000	0.00000000	0.00000000	0.00000000	0.00000000	0.00000000	0.00000000
1610.61279297	0.00000000	0.00000000	0.00000000	0.00000000	0.00000000	0.00000000	0.00000000	0.00000000
1717.98693848	0.00000000	0.00000000	0.00000000	0.00000000	0.00000000	0.00000000	0.00000000	0.00000000
1932.73522949	0.00000000	0.00000000	0.00000000	0.00000000	0.00000000	0.00000000	0.00000000	0.00000000
2147.48364258	0.00000000	0.00000000	0.00000000	0.00000000	0.00000000	0.00000000	0.00000000	0.00000000
2362.23193359	0.00000000	0.00000000	0.00000000	0.00000000	0.00000000	0.00000000	0.00000000	0.00000000
2576.98046875	0.00000000	0.00000000	0.00000000	0.00000000	0.00000000	0.00000000	0.00000000	0.00000000
2791.72875977	0.00000000	0.00000000	0.00000000	0.00000000	0.00000000	0.00000000	0.00000000	0.00000000
3006.47705078	0.00000000	0.00000000	0.00000000	0.00000000	0.00000000	0.00000000	0.00000000	0.00000000
3221.22558594	0.00000000	0.00000000	0.00000000	0.00000000	0.00000000	0.00000000	0.00000000	0.00000000
3435.97387695	0.00000000	0.00000000	0.00000000	0.00000000	0.00000000	0.00000000	0.00000000	0.00000000
0	0	0	0	0	0	0	0	0
