%4/4/2019 1:11:57 PM
%Duration	ID1		ID2		ID3		ID4		ID5		ID6		ID7		ID8
1000.000000	0.000000	0.457764	346.145630	202.178955	83.322525	24.394989	0.419617	0.181198
%Tau		Tau1		Tau2		Tau3		Tau4		Tau5		Tau6		Tau7		Tau8
%		0.000000	0.000001	0.000307	0.000205	0.000141	0.000029	0.000002	0.000001
%Delaytime	D1		D2		D3		D4		D5		D6		D7		D8
0.00000020	0.00000000	166.78970337	1.53598762	1.50274050	1.71948195	4.46418571	112.28059387	0.00000000
0.00000040	0.00000000	0.00000000	1.50171387	1.52471280	1.51786482	1.82138789	0.00000000	0.00000000
0.00000060	0.00000000	0.00000000	1.50089192	1.50579989	1.47524667	1.42853951	0.00000000	0.00000000
0.00000080	0.00000000	0.00000000	1.47557712	1.49022460	1.52769983	1.48210967	0.00000000	0.00000000
0.00000100	0.00000000	55.59656906	1.47220731	1.51303136	1.50475156	1.51782322	0.00000000	0.00000000
0.00000120	0.00000000	0.00000000	1.48034418	1.49328411	1.50966907	1.98209858	0.00000000	0.00000000
0.00000140	0.00000000	0.00000000	1.46218002	1.48605263	1.47852492	1.35711253	0.00000000	0.00000000
0.00000160	0.00000000	0.00000000	1.48716605	1.47103357	1.36050522	1.39282596	0.00000000	0.00000000
0.00000180	0.00000000	0.00000000	1.49554956	1.49550915	1.46049416	1.41068280	0.00000000	0.00000000
0.00000200	0.00000000	0.00000000	1.46653605	1.47131169	1.42607176	1.33925581	0.00000000	0.00000000
0.00000220	0.00000000	0.00000000	1.49094689	1.47075546	1.50802994	1.60710692	0.00000000	0.00000000
0.00000240	0.00000000	0.00000000	1.46497440	1.49940288	1.52278233	1.26782882	0.00000000	0.00000000
0.00000260	0.00000000	0.00000000	1.47154975	1.49495280	1.53589571	1.49996650	0.00000000	0.00000000
0.00000280	0.00000000	0.00000000	1.47828937	1.46741796	1.43918502	1.48210967	0.00000000	0.00000000
0.00000300	0.00000000	0.00000000	1.46283746	1.48855579	1.38345349	1.71424735	0.00000000	0.00000000
0.00000320	0.00000000	0.00000000	1.48659074	1.48521829	1.43098927	1.39282596	0.00000000	0.00000000
0.00000360	0.00000000	0.00000000	1.48075521	1.46713972	1.45147872	1.38389766	0.00000000	0.00000000
0.00000400	0.00000000	0.00000000	1.48330307	1.49272776	1.53507602	1.36604083	0.00000000	0.00000000
0.00000440	0.00000000	0.00000000	1.48071408	1.49258876	1.46787035	1.49996650	0.00000000	0.00000000
0.00000480	0.00000000	0.00000000	1.46941280	1.46908665	1.45885503	1.28568554	0.00000000	0.00000000
0.00000520	0.00000000	0.00000000	1.46965933	1.47548366	1.47114873	1.68746221	0.00000000	0.00000000
0.00000560	0.00000000	0.00000000	1.45897448	1.51233602	1.45639622	1.47318137	0.00000000	0.00000000
0.00000600	0.00000000	0.00000000	1.46267307	1.48146355	1.43754590	1.46425295	0.00000000	0.00000000
0.00000640	0.00000000	0.00000000	1.47463191	1.47756970	1.51048863	1.24104369	0.00000000	0.00000000
0.00000720	0.00000000	0.00000000	1.47504282	1.46915627	1.45229828	1.40621853	0.00000000	0.00000000
0.00000800	0.00000000	0.00000000	1.47300863	1.48174167	1.40476263	1.30354226	0.00000000	0.00000000
0.00000880	0.00000000	13.89914227	1.47013199	1.46588814	1.45434725	1.46425295	0.00000000	0.00000000
0.00000960	0.00000000	0.00000000	1.46409094	1.48125494	1.43795562	1.53567994	0.00000000	0.00000000
0.00001040	0.00000000	0.00000000	1.46065938	1.46880853	1.43221855	1.41068280	0.00000000	0.00000000
0.00001120	0.00000000	0.00000000	1.45396090	1.45225978	1.42402279	1.36157668	0.00000000	0.00000000
0.00001200	0.00000000	0.00000000	1.45513213	1.47819543	1.46295285	1.39729023	0.00000000	0.00000000
0.00001280	0.00000000	0.00000000	1.46704984	1.47346723	1.41377807	1.49996650	0.00000000	0.00000000
0.00001440	0.00000000	0.00000000	1.46826208	1.44718385	1.42832553	1.43300366	0.00000000	0.00000000
0.00001600	0.00000000	0.00000000	1.46409094	1.45653605	1.42094934	1.36604083	0.00000000	0.00000000
0.00001760	0.00000000	0.00000000	1.46000195	1.46262014	1.39882064	1.39505804	0.00000000	0.00000000
0.00001920	0.00000000	0.00000000	1.44920409	1.45396328	1.42812073	1.45532465	0.00000000	0.00000000
0.00002080	0.00000000	0.00000000	1.45211160	1.45674467	1.42135918	1.37943339	0.00000000	0.00000000
0.00002240	0.00000000	0.00000000	1.44835126	1.44485450	1.41131926	1.41068280	0.00000000	0.00000000
0.00002400	0.00000000	0.00000000	1.45537865	1.42604589	1.42607176	1.29461396	0.00000000	0.00000000
0.00002560	0.00000000	0.00000000	1.44595754	1.43727553	1.39390314	1.33479154	0.00000000	0.00000000
0.00002880	0.00000000	0.00000000	1.44037712	1.42971122	1.39555168	1.34496057	0.00000000	0.00000000
0.00003200	0.00000000	3.32780790	1.43626750	1.42617047	1.40308475	1.38316321	3.34367347	0.00000000
0.00003520	0.00000000	0.00000000	1.42850733	1.41247535	1.38088596	1.35282576	0.00000000	19.04132271
0.00003840	0.00000000	0.00000000	1.42790139	1.41272199	1.36379743	1.35394943	0.00000000	0.00000000
0.00004160	0.00000000	0.00000000	1.42300141	1.40662694	1.35613036	1.30675781	3.34367347	0.00000000
0.00004480	0.00000000	3.32780790	1.42211401	1.39036012	1.35139477	1.26293707	0.00000000	0.00000000
0.00004800	0.00000000	0.00000000	1.41463268	1.38935602	1.34605920	1.33484805	0.00000000	0.00000000
0.00005120	0.00000000	0.00000000	1.40884447	1.38669610	1.33679378	1.36630917	3.34367347	0.00000000
0.00005760	0.00000000	1.65602744	1.40204310	1.37403071	1.33960307	1.22788858	0.00000000	0.00000000
0.00006400	0.00000000	0.00000000	1.39465499	1.36275136	1.31989765	1.27620673	0.00000000	0.00000000
0.00007040	0.00000000	1.65602744	1.38980472	1.34903955	1.29018617	1.27452314	0.00000000	0.00000000
0.00007680	0.00000000	1.65602744	1.38148487	1.35005450	1.30036414	1.21952391	1.68787348	0.00000000
0.00008320	0.00000000	0.00000000	1.37276292	1.33691287	1.28372681	1.20380986	0.00000000	0.00000000
0.00008960	0.00000000	1.65602744	1.37014723	1.32852209	1.27894640	1.22008514	1.68787348	9.52066135
0.00009600	0.00000000	0.00000000	1.36218369	1.31378627	1.25987601	1.22008514	1.68787348	0.00000000
0.00010240	0.00000000	0.00000000	1.35287941	1.29892087	1.24185014	1.15891254	3.37574697	9.52066135
0.00011520	0.00000000	0.82022071	1.33841825	1.29108977	1.22747552	1.21911240	2.53181028	0.00000000
0.00012800	0.00000000	0.82022071	1.32291985	1.27464962	1.21251976	1.14022529	0.00000000	0.00000000
0.00014080	0.00000000	0.00000000	1.30988812	1.25590634	1.20612812	1.17267537	0.00000000	4.65395784
0.00015360	0.00000000	0.00000000	1.29866004	1.23944688	1.18364167	1.13160264	0.84393674	0.00000000
0.00016640	0.00000000	0.82022071	1.28679490	1.22915649	1.16850698	1.14559031	0.00000000	4.65395784
0.00017920	0.00000000	0.00000000	1.27186549	1.21046591	1.15177083	1.12488854	0.84393674	0.00000000
0.00019200	0.00000000	1.64044142	1.26113379	1.19847775	1.14776635	1.11174011	2.53181028	0.00000000
0.00020480	0.00000000	0.82022071	1.24968922	1.18164837	1.12943864	1.09770465	1.68787348	0.00000000
0.00023040	0.00000000	1.24792790	1.22912872	1.16601658	1.11218715	1.06411052	1.27198386	4.65395784
0.00025600	0.00000000	1.24792790	1.21112442	1.14368176	1.09855795	1.05663431	1.27198386	0.00000000
0.00028160	0.00000000	1.24792790	1.19457412	1.12702048	1.07644737	1.03893864	1.69597852	0.00000000
0.00030720	0.00000000	0.00000000	1.17602932	1.11393046	1.06084406	1.00651991	0.00000000	0.00000000
0.00033280	0.00000000	1.66390395	1.16063857	1.09755409	1.05806065	1.00484788	0.42399463	2.32697892
0.00035840	0.00000000	0.83195198	1.14619207	1.09056532	1.03998065	1.02310014	1.27198386	0.00000000
0.00038400	0.00000000	0.00000000	1.13299870	1.07933533	1.03413010	1.01116168	0.84798926	2.32697892
0.00040960	0.00000000	0.83195198	1.12014449	1.07069623	1.02671325	1.01506317	1.69597852	2.32697892
0.00046080	0.00000000	0.63295257	1.10082662	1.05385649	1.02568650	1.02466595	1.67982638	0.00000000
0.00051200	0.00000000	1.47688925	1.08416259	1.04200363	1.01389349	1.01767182	1.67982638	0.00000000
0.00056320	0.00000000	0.63295257	1.06715071	1.03279603	1.01172268	1.00254929	1.04989147	0.00000000
0.00061440	0.00000000	2.10984182	1.05224299	1.02426791	1.00851810	1.02707994	1.25986981	0.00000000
0.00066560	0.00000000	1.68787348	1.04155946	1.02253473	1.01328373	0.99583274	1.25986981	2.38016534
0.00071680	0.00000000	1.05492091	1.03291321	1.01930964	1.00828040	0.99378514	1.88980472	0.00000000
0.00076800	0.00000000	0.00000000	1.02560925	1.01546967	1.00818586	1.00040627	0.62993491	0.00000000
0.00081920	0.00000000	2.10984182	1.01889002	1.01076829	1.01318836	0.99814969	1.67982638	0.00000000
0.00092160	0.00000000	0.64524257	1.00893223	1.00521874	1.01042593	0.99634880	0.95628113	0.58833671
0.00102400	0.00000000	0.75278300	1.00496542	1.00165677	1.00629783	0.99277920	0.95628113	0.58833671
0.00112640	0.00000000	1.18294477	1.00159526	1.00232959	1.00464141	1.00294924	0.63599557	1.17667341
0.00122880	0.00000000	0.75278300	0.99601328	1.00074434	1.00268924	0.99128336	0.74199486	0.58833671
0.00133120	0.00000000	1.07540429	0.99561805	0.99940521	0.99822778	1.00252271	1.27199113	0.00000000
0.00143360	0.00000000	0.53770214	0.99675268	0.99804258	0.99019122	1.00900078	0.74199486	0.58833671
0.00153600	0.00000000	1.07540429	0.99519849	0.99434680	0.99407083	0.99383247	1.16599190	1.17667341
0.00163840	0.00000000	1.39802563	0.99401820	0.99448568	0.99551278	0.99795961	0.84799409	1.17667341
0.00184320	0.00000000	1.14293814	0.99570763	0.99753022	1.00490332	0.99478590	1.06766760	1.48760331
0.00204800	0.00000000	0.97966129	0.99351990	0.99946904	1.00365496	1.00896585	1.01428425	1.48760331
0.00225280	0.00000000	0.70753312	0.99775583	1.00374126	0.99565178	0.99109298	1.22781777	0.89256197
0.00245760	0.00000000	0.97966129	1.00304198	1.00913560	0.99401879	0.99803215	1.17443442	0.59504133
0.00266240	0.00000000	0.81638438	1.00423527	1.00590169	0.99777418	1.00872719	1.44481611	1.19008267
0.00286720	0.00000000	1.03408682	1.00080633	0.99974430	0.99597687	1.00942612	0.96321070	1.19008267
0.00307200	0.00000000	1.03408682	0.99782926	1.00223970	0.99628288	1.00202537	0.90969902	1.19008267
0.00327680	0.00000000	1.14293814	0.99495935	1.00415134	0.99153984	1.00519753	0.85618728	0.89256197
0.00368640	0.00000000	1.12116790	0.99813145	1.00391030	0.99412405	0.99746913	1.06129968	1.48760331
0.00409600	0.00000000	1.06647682	0.99438637	1.00495267	0.99770182	0.99639511	0.97728342	0.74380165
0.00450560	0.00000000	1.01178563	0.99418503	0.99843127	1.00535035	1.00447071	0.67866904	0.59504133
0.00491520	0.00000000	0.95709455	1.00278723	0.99945170	1.00323749	0.99832445	0.89367402	0.74380165
0.00532480	0.00000000	1.03913116	1.00586331	0.99603158	0.99465632	0.99549747	0.83951199	1.19008267
0.00573440	0.00000000	0.98444009	1.00141919	0.99821615	0.99851304	1.00106573	1.11032224	0.74380165
0.00614400	0.00000000	1.25789571	0.99890471	1.00124943	0.99912018	0.99409980	0.83951199	1.04132235
0.00655360	0.00000000	1.25789571	0.99405128	1.01045358	0.99775589	0.99267781	0.78725612	1.04132235
0.00737280	0.00000000	1.02171719	0.99723130	1.00569391	1.00197804	1.00412631	1.04261971	1.13497531
0.00819200	0.00000000	0.82841939	1.00399220	0.99755806	0.99986607	1.00057268	0.93429559	0.90798032
0.00901120	0.00000000	0.92281204	1.00610936	1.00154924	0.99455583	1.00005805	1.16448438	0.68098521
0.00983040	0.00000000	1.01922524	1.00887704	0.99802810	1.00066900	1.00250185	1.08324122	1.28630543
0.01064960	0.00000000	1.02171719	1.00107384	0.99419945	0.99562609	0.99749368	1.00199819	0.90798032
0.01146880	0.00000000	1.17073166	1.00278926	1.00327575	0.99840659	0.99707484	1.02907920	1.05329156
0.01228800	0.00000000	1.15695834	0.99948913	0.99983895	1.00403655	1.00580478	1.09678173	0.67711598
0.01310720	0.00000000	1.04677188	0.99801373	1.00136304	1.00013196	1.00696611	0.86659300	1.27899683
0.01474560	0.00000000	0.91591990	0.99396729	1.00143468	0.99941713	0.99878198	0.92068887	0.86031562
0.01638400	0.00000000	1.00544596	1.00138366	0.99720621	0.99844885	0.99906188	1.11846650	0.93512565
0.01802240	0.00000000	1.15695143	1.00146508	1.00056624	0.99754703	1.00183797	1.00496113	0.96697336
0.01966080	0.00000000	0.98478609	0.99872655	0.99857140	1.00278652	0.99871808	0.95026940	0.89259082
0.02129920	0.00000000	1.22282779	0.99468243	0.99697971	1.00583172	1.00179017	0.86823177	0.96697336
0.02293760	0.00000000	1.02610576	0.99941498	0.99790466	0.99962050	0.99290967	1.14169061	0.63225180
0.02457600	0.00000000	0.87933689	0.99515116	0.99524277	0.99584389	1.00406885	0.94343293	1.44221878
0.02621440	0.00000000	1.11978054	0.99163079	1.00521255	0.99741691	0.99889320	0.97077882	1.10939908
0.02949120	0.00000000	1.02888882	0.99881160	0.99744928	0.99981588	1.00033259	0.93431211	0.91118646
0.03276800	0.00000000	0.90021312	1.00061858	0.99828202	0.99962270	1.00273860	0.98887044	1.19012105
0.03604480	0.00000000	0.98205066	1.00390744	0.99887252	1.00180137	1.00135827	0.93431211	0.99845916
0.03932160	0.00000000	0.92523563	1.00355899	0.99584025	0.99714494	0.99687243	1.08014953	1.10939908
0.04259840	0.00000000	1.00687408	1.00232363	1.00000799	1.00262618	0.99943918	0.98647612	0.92449921
0.04587520	0.00000000	0.98646444	0.99680763	1.00105572	0.99623227	0.99924296	1.02729583	1.16486907
0.04915200	0.00000000	0.91959655	1.00016093	0.99357259	0.99639326	0.99890560	0.88907743	1.18335903
0.05242880	0.00000000	0.99666929	0.99633157	1.00065529	1.00153303	0.99915862	1.00975609	0.90600926
0.05898240	0.00000000	0.99666929	0.99859756	1.00087750	1.00006187	1.00066292	0.99620092	0.81818181
0.06553600	0.00000000	0.88860679	0.99979818	1.00136125	1.00240505	1.00269485	0.96179670	0.94688457
0.07208960	0.00000000	0.90891778	1.00028741	1.00296235	0.99997741	0.99897921	1.01829720	0.82270044
0.07864320	0.00000000	0.97631675	1.00082481	0.99660170	1.00129580	0.99705607	0.98568135	0.96895832
0.08519680	0.00000000	0.87339783	1.00071836	1.00218570	1.00270855	0.99986774	1.00433302	1.13074565
0.09175040	0.00000000	0.93764335	1.00184369	1.00061405	0.99670869	0.99793559	1.02268457	1.05720127
0.09830400	0.00000000	1.02529609	0.99725986	1.00382638	1.00119591	1.00077081	1.02758956	1.00896347
0.10485760	0.00000000	0.92821807	0.99944174	0.99924791	1.00039244	1.00012767	1.00673568	0.86774212
0.11796480	0.00000000	1.00547552	1.00277543	0.99938148	0.99908257	0.99895620	0.99316138	1.05392909
0.13107200	0.00000000	0.98732936	0.99967843	0.99818730	0.99795574	1.00090873	1.00939786	0.98060346
0.14417920	0.00000000	1.03313792	0.99898303	0.99558240	0.99856311	0.99781197	0.99990988	1.04272997
0.15728641	0.00000000	0.97085792	1.00009155	1.00125074	0.99892968	0.99892539	0.96378660	0.98476189
0.17039360	0.00000000	1.07194555	0.99857402	1.00268865	0.99961531	1.00064683	0.98371762	0.97684443
0.18350080	0.00000000	1.04251301	0.99863750	1.00209308	1.00017416	1.00193238	1.00443196	0.98028761
0.19660801	0.00000000	1.10281110	0.99987948	0.99729085	1.00057828	1.00028694	1.00128484	1.01470590
0.20971520	0.00000000	0.96554077	1.00081587	0.99597037	0.99922049	0.99980664	1.02837825	1.07435656
0.23592959	0.00000000	0.99051905	1.00084293	1.00040162	0.99952000	0.99958467	1.01327574	0.96081752
0.26214400	0.00000000	0.94148207	1.00130451	1.00133049	1.00095534	0.99834466	0.99204242	1.03616202
0.28835839	0.00000000	0.99773097	0.99883634	0.99787587	1.00039029	0.99976712	0.98066473	0.97346699
0.31457281	0.00000000	1.00633383	1.00072479	0.99975228	0.99884486	0.99993235	1.01968741	0.99475223
0.34078720	0.00000000	1.00367057	1.00117481	1.00034976	1.00018191	1.00014126	1.00706410	0.92159766
0.36700159	0.00000000	1.00358570	1.00144267	0.99867707	0.99970424	1.00020456	1.00949287	1.02359736
0.39321601	0.00000000	0.98037118	1.00094295	0.99922371	0.99983186	1.00081170	1.01831317	1.01509285
0.41943040	0.00000000	1.01633394	0.99823594	1.00396490	0.99979377	1.00002873	1.00147057	1.06308722
0.47185919	0.00000000	1.00059652	1.00032353	1.00169814	1.00093567	0.99923950	0.97688216	1.02923977
0.52428800	0.00000000	0.99798661	0.99820584	0.99979073	0.99960196	1.00063896	1.01544511	1.04877245
0.57671678	0.00000000	0.98957217	0.99997300	0.99865538	1.00008988	0.99827516	0.99250782	0.95282352
0.62914562	0.00000000	1.02509248	1.00089252	0.99949288	0.99977458	1.00047076	1.00017738	0.95377606
0.68157440	0.00000000	0.99510998	0.99947119	0.99967545	1.00022483	1.00027275	0.98658735	1.01839972
0.73400319	0.00000000	0.96385968	0.99813449	0.99806935	1.00033104	1.00116169	1.03320312	0.98140430
0.78643203	0.00000000	1.00867033	0.99996972	1.00068712	1.00028086	0.99948788	1.00356376	0.93186337
0.83886081	0.00000000	1.04390371	1.00021160	1.00001466	1.00031686	0.99956781	0.98011392	0.93863636
0.94371837	0.00000000	0.99878049	1.00042796	0.99993819	0.99963504	0.99984926	1.00833333	0.99757653
1.04857600	0.00000000	1.00435925	0.99981439	0.99915874	0.99966639	0.99949104	1.00241828	0.98775512
1.15343356	0.00000000	0.99211389	0.99873728	0.99975091	1.00019073	1.00094700	1.00180376	1.01926517
1.25829124	0.00000000	1.02029562	1.00059342	1.00103962	1.00017619	0.99858427	0.99373233	0.98727274
1.36314881	0.00000000	0.97754979	1.00009561	0.99985534	1.00009894	1.00074244	0.99357969	1.04047620
1.46800637	0.00000000	1.00483096	0.99929518	0.99931216	0.99978393	1.00049758	1.03024387	0.98366010
1.57286406	0.00000000	0.99851906	1.00053728	1.00021064	1.00007296	1.00015926	0.97751194	1.01234567
1.67772162	0.00000000	0.99516910	0.99967009	1.00000298	1.00011122	0.99852431	1.00961542	1.03759396
1.88743675	0.00000000	0.00000000	0.00000000	0.00000000	0.00000000	0.00000000	0.00000000	0.00000000
2.09715199	0.00000000	0.00000000	0.00000000	0.00000000	0.00000000	0.00000000	0.00000000	0.00000000
2.30686712	0.00000000	0.00000000	0.00000000	0.00000000	0.00000000	0.00000000	0.00000000	0.00000000
2.51658249	0.00000000	0.00000000	0.00000000	0.00000000	0.00000000	0.00000000	0.00000000	0.00000000
2.72629762	0.00000000	0.00000000	0.00000000	0.00000000	0.00000000	0.00000000	0.00000000	0.00000000
2.93601274	0.00000000	0.00000000	0.00000000	0.00000000	0.00000000	0.00000000	0.00000000	0.00000000
3.14572811	0.00000000	0.00000000	0.00000000	0.00000000	0.00000000	0.00000000	0.00000000	0.00000000
3.35544324	0.00000000	0.00000000	0.00000000	0.00000000	0.00000000	0.00000000	0.00000000	0.00000000
3.77487350	0.00000000	0.00000000	0.00000000	0.00000000	0.00000000	0.00000000	0.00000000	0.00000000
4.19430399	0.00000000	0.00000000	0.00000000	0.00000000	0.00000000	0.00000000	0.00000000	0.00000000
4.61373425	0.00000000	0.00000000	0.00000000	0.00000000	0.00000000	0.00000000	0.00000000	0.00000000
5.03316498	0.00000000	0.00000000	0.00000000	0.00000000	0.00000000	0.00000000	0.00000000	0.00000000
5.45259523	0.00000000	0.00000000	0.00000000	0.00000000	0.00000000	0.00000000	0.00000000	0.00000000
5.87202549	0.00000000	0.00000000	0.00000000	0.00000000	0.00000000	0.00000000	0.00000000	0.00000000
6.29145622	0.00000000	0.00000000	0.00000000	0.00000000	0.00000000	0.00000000	0.00000000	0.00000000
6.71088648	0.00000000	0.00000000	0.00000000	0.00000000	0.00000000	0.00000000	0.00000000	0.00000000
7.54974699	0.00000000	0.00000000	0.00000000	0.00000000	0.00000000	0.00000000	0.00000000	0.00000000
8.38860798	0.00000000	0.00000000	0.00000000	0.00000000	0.00000000	0.00000000	0.00000000	0.00000000
9.22746849	0.00000000	0.00000000	0.00000000	0.00000000	0.00000000	0.00000000	0.00000000	0.00000000
10.06632996	0.00000000	0.00000000	0.00000000	0.00000000	0.00000000	0.00000000	0.00000000	0.00000000
10.90519047	0.00000000	0.00000000	0.00000000	0.00000000	0.00000000	0.00000000	0.00000000	0.00000000
11.74405098	0.00000000	0.00000000	0.00000000	0.00000000	0.00000000	0.00000000	0.00000000	0.00000000
12.58291245	0.00000000	0.00000000	0.00000000	0.00000000	0.00000000	0.00000000	0.00000000	0.00000000
13.42177296	0.00000000	0.00000000	0.00000000	0.00000000	0.00000000	0.00000000	0.00000000	0.00000000
15.09949398	0.00000000	0.00000000	0.00000000	0.00000000	0.00000000	0.00000000	0.00000000	0.00000000
16.77721596	0.00000000	0.00000000	0.00000000	0.00000000	0.00000000	0.00000000	0.00000000	0.00000000
18.45493698	0.00000000	0.00000000	0.00000000	0.00000000	0.00000000	0.00000000	0.00000000	0.00000000
20.13265991	0.00000000	0.00000000	0.00000000	0.00000000	0.00000000	0.00000000	0.00000000	0.00000000
21.81038094	0.00000000	0.00000000	0.00000000	0.00000000	0.00000000	0.00000000	0.00000000	0.00000000
23.48810196	0.00000000	0.00000000	0.00000000	0.00000000	0.00000000	0.00000000	0.00000000	0.00000000
25.16582489	0.00000000	0.00000000	0.00000000	0.00000000	0.00000000	0.00000000	0.00000000	0.00000000
26.84354591	0.00000000	0.00000000	0.00000000	0.00000000	0.00000000	0.00000000	0.00000000	0.00000000
30.19898796	0.00000000	0.00000000	0.00000000	0.00000000	0.00000000	0.00000000	0.00000000	0.00000000
33.55443192	0.00000000	0.00000000	0.00000000	0.00000000	0.00000000	0.00000000	0.00000000	0.00000000
36.90987396	0.00000000	0.00000000	0.00000000	0.00000000	0.00000000	0.00000000	0.00000000	0.00000000
40.26531982	0.00000000	0.00000000	0.00000000	0.00000000	0.00000000	0.00000000	0.00000000	0.00000000
43.62076187	0.00000000	0.00000000	0.00000000	0.00000000	0.00000000	0.00000000	0.00000000	0.00000000
46.97620392	0.00000000	0.00000000	0.00000000	0.00000000	0.00000000	0.00000000	0.00000000	0.00000000
50.33164978	0.00000000	0.00000000	0.00000000	0.00000000	0.00000000	0.00000000	0.00000000	0.00000000
53.68709183	0.00000000	0.00000000	0.00000000	0.00000000	0.00000000	0.00000000	0.00000000	0.00000000
60.39797592	0.00000000	0.00000000	0.00000000	0.00000000	0.00000000	0.00000000	0.00000000	0.00000000
67.10886383	0.00000000	0.00000000	0.00000000	0.00000000	0.00000000	0.00000000	0.00000000	0.00000000
73.81974792	0.00000000	0.00000000	0.00000000	0.00000000	0.00000000	0.00000000	0.00000000	0.00000000
80.53063965	0.00000000	0.00000000	0.00000000	0.00000000	0.00000000	0.00000000	0.00000000	0.00000000
87.24152374	0.00000000	0.00000000	0.00000000	0.00000000	0.00000000	0.00000000	0.00000000	0.00000000
93.95240784	0.00000000	0.00000000	0.00000000	0.00000000	0.00000000	0.00000000	0.00000000	0.00000000
100.66329956	0.00000000	0.00000000	0.00000000	0.00000000	0.00000000	0.00000000	0.00000000	0.00000000
107.37418365	0.00000000	0.00000000	0.00000000	0.00000000	0.00000000	0.00000000	0.00000000	0.00000000
120.79595184	0.00000000	0.00000000	0.00000000	0.00000000	0.00000000	0.00000000	0.00000000	0.00000000
134.21772766	0.00000000	0.00000000	0.00000000	0.00000000	0.00000000	0.00000000	0.00000000	0.00000000
147.63949585	0.00000000	0.00000000	0.00000000	0.00000000	0.00000000	0.00000000	0.00000000	0.00000000
161.06127930	0.00000000	0.00000000	0.00000000	0.00000000	0.00000000	0.00000000	0.00000000	0.00000000
174.48304749	0.00000000	0.00000000	0.00000000	0.00000000	0.00000000	0.00000000	0.00000000	0.00000000
187.90481567	0.00000000	0.00000000	0.00000000	0.00000000	0.00000000	0.00000000	0.00000000	0.00000000
201.32659912	0.00000000	0.00000000	0.00000000	0.00000000	0.00000000	0.00000000	0.00000000	0.00000000
214.74836731	0.00000000	0.00000000	0.00000000	0.00000000	0.00000000	0.00000000	0.00000000	0.00000000
241.59190369	0.00000000	0.00000000	0.00000000	0.00000000	0.00000000	0.00000000	0.00000000	0.00000000
268.43545532	0.00000000	0.00000000	0.00000000	0.00000000	0.00000000	0.00000000	0.00000000	0.00000000
295.27899170	0.00000000	0.00000000	0.00000000	0.00000000	0.00000000	0.00000000	0.00000000	0.00000000
322.12255859	0.00000000	0.00000000	0.00000000	0.00000000	0.00000000	0.00000000	0.00000000	0.00000000
348.96609497	0.00000000	0.00000000	0.00000000	0.00000000	0.00000000	0.00000000	0.00000000	0.00000000
375.80963135	0.00000000	0.00000000	0.00000000	0.00000000	0.00000000	0.00000000	0.00000000	0.00000000
402.65319824	0.00000000	0.00000000	0.00000000	0.00000000	0.00000000	0.00000000	0.00000000	0.00000000
429.49673462	0.00000000	0.00000000	0.00000000	0.00000000	0.00000000	0.00000000	0.00000000	0.00000000
483.18380737	0.00000000	0.00000000	0.00000000	0.00000000	0.00000000	0.00000000	0.00000000	0.00000000
536.87091064	0.00000000	0.00000000	0.00000000	0.00000000	0.00000000	0.00000000	0.00000000	0.00000000
590.55798340	0.00000000	0.00000000	0.00000000	0.00000000	0.00000000	0.00000000	0.00000000	0.00000000
644.24511719	0.00000000	0.00000000	0.00000000	0.00000000	0.00000000	0.00000000	0.00000000	0.00000000
697.93218994	0.00000000	0.00000000	0.00000000	0.00000000	0.00000000	0.00000000	0.00000000	0.00000000
751.61926270	0.00000000	0.00000000	0.00000000	0.00000000	0.00000000	0.00000000	0.00000000	0.00000000
805.30639648	0.00000000	0.00000000	0.00000000	0.00000000	0.00000000	0.00000000	0.00000000	0.00000000
858.99346924	0.00000000	0.00000000	0.00000000	0.00000000	0.00000000	0.00000000	0.00000000	0.00000000
966.36761475	0.00000000	0.00000000	0.00000000	0.00000000	0.00000000	0.00000000	0.00000000	0.00000000
1073.74182129	0.00000000	0.00000000	0.00000000	0.00000000	0.00000000	0.00000000	0.00000000	0.00000000
1181.11596680	0.00000000	0.00000000	0.00000000	0.00000000	0.00000000	0.00000000	0.00000000	0.00000000
1288.49023437	0.00000000	0.00000000	0.00000000	0.00000000	0.00000000	0.00000000	0.00000000	0.00000000
1395.86437988	0.00000000	0.00000000	0.00000000	0.00000000	0.00000000	0.00000000	0.00000000	0.00000000
1503.23852539	0.00000000	0.00000000	0.00000000	0.00000000	0.00000000	0.00000000	0.00000000	0.00000000
1610.61279297	0.00000000	0.00000000	0.00000000	0.00000000	0.00000000	0.00000000	0.00000000	0.00000000
1717.98693848	0.00000000	0.00000000	0.00000000	0.00000000	0.00000000	0.00000000	0.00000000	0.00000000
1932.73522949	0.00000000	0.00000000	0.00000000	0.00000000	0.00000000	0.00000000	0.00000000	0.00000000
2147.48364258	0.00000000	0.00000000	0.00000000	0.00000000	0.00000000	0.00000000	0.00000000	0.00000000
2362.23193359	0.00000000	0.00000000	0.00000000	0.00000000	0.00000000	0.00000000	0.00000000	0.00000000
2576.98046875	0.00000000	0.00000000	0.00000000	0.00000000	0.00000000	0.00000000	0.00000000	0.00000000
2791.72875977	0.00000000	0.00000000	0.00000000	0.00000000	0.00000000	0.00000000	0.00000000	0.00000000
3006.47705078	0.00000000	0.00000000	0.00000000	0.00000000	0.00000000	0.00000000	0.00000000	0.00000000
3221.22558594	0.00000000	0.00000000	0.00000000	0.00000000	0.00000000	0.00000000	0.00000000	0.00000000
3435.97387695	0.00000000	0.00000000	0.00000000	0.00000000	0.00000000	0.00000000	0.00000000	0.00000000
0	0	0	0	0	0	0	0	0
