%4/4/2019 1:09:01 PM
%Duration	ID1		ID2		ID3		ID4		ID5		ID6		ID7		ID8
1000.000000	0.000000	0.467300	367.908478	195.922852	79.669952	24.223328	0.362396	0.152588
%Tau		Tau1		Tau2		Tau3		Tau4		Tau5		Tau6		Tau7		Tau8
%		0.000000	0.000001	0.000333	0.000205	0.000141	0.000051	0.000001	0.000001
%Delaytime	D1		D2		D3		D4		D5		D6		D7		D8
0.00000020	0.00000000	101.60565186	1.55154812	1.47545755	1.78640592	4.68630457	228.92895508	281.79953003
0.00000040	0.00000000	0.00000000	1.47400868	1.48330724	1.53379953	1.28744626	0.00000000	0.00000000
0.00000060	0.00000000	0.00000000	1.49227548	1.43761098	1.52884638	1.52776957	0.00000000	0.00000000
0.00000080	0.00000000	0.00000000	1.50667679	1.49564242	1.42318106	1.64793122	0.00000000	0.00000000
0.00000100	0.00000000	0.00000000	1.47650993	1.46228135	1.48922193	1.68226314	0.00000000	0.00000000
0.00000120	0.00000000	0.00000000	1.47211373	1.47013104	1.48096681	1.56210148	0.00000000	0.00000000
0.00000140	0.00000000	0.00000000	1.46938503	1.48835349	1.56351793	1.73376095	45.78578949	0.00000000
0.00000160	0.00000000	0.00000000	1.46802068	1.43592894	1.46445656	1.57926750	0.00000000	0.00000000
0.00000180	0.00000000	0.00000000	1.46703541	1.46059930	1.48591983	1.45910585	0.00000000	0.00000000
0.00000200	0.00000000	0.00000000	1.48894048	1.44321787	1.45124841	1.49343765	0.00000000	0.00000000
0.00000220	0.00000000	0.00000000	1.48992586	1.46115994	1.51894033	1.27028036	0.00000000	0.00000000
0.00000240	0.00000000	0.00000000	1.48696983	1.48498929	1.57672608	1.42477393	0.00000000	0.00000000
0.00000260	0.00000000	0.00000000	1.50591886	1.49732459	1.42978513	1.44193983	0.00000000	0.00000000
0.00000280	0.00000000	0.00000000	1.46536791	1.46424377	1.44464433	1.52776957	0.00000000	0.00000000
0.00000300	0.00000000	0.00000000	1.47173476	1.48274660	1.49912798	1.40760791	0.00000000	0.00000000
0.00000320	0.00000000	0.00000000	1.46119905	1.45415139	1.52389336	1.25311434	0.00000000	0.00000000
0.00000360	0.00000000	0.00000000	1.47882164	1.45331037	1.48674536	1.44193983	0.00000000	0.00000000
0.00000400	0.00000000	0.00000000	1.47374332	1.44966578	1.49087286	1.53635252	0.00000000	0.00000000
0.00000440	0.00000000	0.00000000	1.47090101	1.44840431	1.50325561	1.37327600	0.00000000	0.00000000
0.00000480	0.00000000	0.00000000	1.47404647	1.44321787	1.48344338	1.76809287	0.00000000	0.00000000
0.00000520	0.00000000	25.40141296	1.46813440	1.42149115	1.47353721	1.46768880	0.00000000	0.00000000
0.00000560	0.00000000	0.00000000	1.48041344	1.44952571	1.41657698	1.37327600	0.00000000	0.00000000
0.00000600	0.00000000	25.40141296	1.46476150	1.44041443	1.51068521	1.29602921	0.00000000	0.00000000
0.00000640	0.00000000	0.00000000	1.46506464	1.45204878	1.47436273	1.69942915	0.00000000	0.00000000
0.00000720	0.00000000	0.00000000	1.46248758	1.46179080	1.46775866	1.48485470	0.00000000	0.00000000
0.00000800	0.00000000	0.00000000	1.46447730	1.45415139	1.44216776	1.43335688	0.00000000	0.00000000
0.00000880	0.00000000	0.00000000	1.45358157	1.45064700	1.43886578	1.50202072	0.00000000	0.00000000
0.00000960	0.00000000	0.00000000	1.46936607	1.45751548	1.47436273	1.34323561	0.00000000	0.00000000
0.00001040	0.00000000	0.00000000	1.45500278	1.44412899	1.47642648	1.46339726	0.00000000	0.00000000
0.00001120	0.00000000	0.00000000	1.46612585	1.45828640	1.47890306	1.35181856	0.00000000	0.00000000
0.00001200	0.00000000	12.70070648	1.46006215	1.43592894	1.45537591	1.56639302	0.00000000	0.00000000
0.00001280	0.00000000	0.00000000	1.45699239	1.43389642	1.42524481	1.42477393	11.44644737	0.00000000
0.00001440	0.00000000	0.00000000	1.46041262	1.44710767	1.43886578	1.46768880	0.00000000	0.00000000
0.00001600	0.00000000	0.00000000	1.45453846	1.43028700	1.42380011	1.39044201	0.00000000	0.00000000
0.00001760	0.00000000	0.00000000	1.45402682	1.43224943	1.41389406	1.34108984	0.00000000	0.00000000
0.00001920	0.00000000	0.00000000	1.45036018	1.42471504	1.43288076	1.53206110	0.00000000	0.00000000
0.00002080	0.00000000	0.00000000	1.44769788	1.42807925	1.44051671	1.36040163	0.00000000	0.00000000
0.00002240	0.00000000	6.35035324	1.43415880	1.40789437	1.44072318	1.36683881	0.00000000	0.00000000
0.00002400	0.00000000	0.00000000	1.44880641	1.40950632	1.42978513	1.47841752	0.00000000	0.00000000
0.00002560	0.00000000	0.00000000	1.44755578	1.41472781	1.40543258	1.36683881	11.44644737	0.00000000
0.00002880	0.00000000	0.00000000	1.44894099	1.40566170	1.40448391	1.45261419	2.72782516	0.00000000
0.00003200	0.00000000	0.00000000	1.44173026	1.39565945	1.39326787	1.34337068	0.00000000	0.00000000
0.00003520	0.00000000	0.00000000	1.43922901	1.39182329	1.40170562	1.37365603	0.00000000	0.00000000
0.00003840	0.00000000	0.00000000	1.43724346	1.39374018	1.37400734	1.33579934	2.72782516	0.00000000
0.00004160	0.00000000	0.00000000	1.43325734	1.38101292	1.36505520	1.31957507	2.72782516	0.00000000
0.00004480	0.00000000	3.31992221	1.42767382	1.38250935	1.37774813	1.34877884	0.00000000	0.00000000
0.00004800	0.00000000	0.00000000	1.42597485	1.37045753	1.35852349	1.38339055	2.72782516	0.00000000
0.00005120	0.00000000	0.00000000	1.42226970	1.36294270	1.34360254	1.35959494	0.00000000	17.42155075
0.00005760	0.00000000	0.00000000	1.41385710	1.35303462	1.35313511	1.32552063	0.00000000	0.00000000
0.00006400	0.00000000	0.00000000	1.40663600	1.34825122	1.32921898	1.25845957	0.00000000	0.00000000
0.00007040	0.00000000	1.64044142	1.39668882	1.33291888	1.32736742	1.24005628	1.36391258	0.00000000
0.00007680	0.00000000	0.00000000	1.39130163	1.32321823	1.30405140	1.22219431	0.00000000	0.00000000
0.00008320	0.00000000	1.64044142	1.38296926	1.32024956	1.28788483	1.20000207	0.00000000	0.00000000
0.00008960	0.00000000	0.00000000	1.37913215	1.30334723	1.27199256	1.20270848	2.72782516	0.00000000
0.00009600	0.00000000	1.64044142	1.37060809	1.29609311	1.27039826	1.19675446	2.72782516	0.00000000
0.00010240	0.00000000	0.00000000	1.36392295	1.28621972	1.25447297	1.19729578	0.00000000	0.00000000
0.00011520	0.00000000	0.83591837	1.35404623	1.27488244	1.24347651	1.20924890	0.67903256	0.00000000
0.00012800	0.00000000	0.00000000	1.33928108	1.25668156	1.21823037	1.15289140	0.00000000	0.00000000
0.00014080	0.00000000	0.83591837	1.32631314	1.24500597	1.20251083	1.14173353	0.67903256	0.00000000
0.00015360	0.00000000	0.00000000	1.31546247	1.23081076	1.18165147	1.11572337	2.03709769	4.40311766
0.00016640	0.00000000	1.67183673	1.30541396	1.21432126	1.15825880	1.12754798	2.71613026	0.00000000
0.00017920	0.00000000	1.67183673	1.29568398	1.20353198	1.15650070	1.11318958	2.03709769	0.00000000
0.00019200	0.00000000	0.83591837	1.28268564	1.19602120	1.14180446	1.07413173	0.67903256	0.00000000
0.00020480	0.00000000	2.50775504	1.27328730	1.17998683	1.13046598	1.10636926	0.67903256	4.40311766
0.00023040	0.00000000	0.82801372	1.25091767	1.16125226	1.10747242	1.08061230	1.35225523	4.30842972
0.00025600	0.00000000	1.65602744	1.23165131	1.14555264	1.09919560	1.05688119	1.01419151	0.00000000
0.00028160	0.00000000	0.82801372	1.21363938	1.12874103	1.07506931	1.03193414	0.00000000	0.00000000
0.00030720	0.00000000	1.24202061	1.19637895	1.11400986	1.06133592	1.02733278	1.35225523	0.00000000
0.00033280	0.00000000	1.65602744	1.18068945	1.09903586	1.05307245	1.01961863	1.01419151	0.00000000
0.00035840	0.00000000	2.07003427	1.16552973	1.09154308	1.05022824	1.01217520	1.69031906	0.00000000
0.00038400	0.00000000	1.24202061	1.15247214	1.08232427	1.04464090	1.02458215	1.35225523	0.00000000
0.00040960	0.00000000	1.24202061	1.14139879	1.07215011	1.03346956	1.02363479	0.67612761	0.00000000
0.00046080	0.00000000	1.01806128	1.11852908	1.05178010	1.02388883	1.02577007	1.03626239	2.13111353
0.00051200	0.00000000	1.01806128	1.09762883	1.03745854	1.01529741	1.01925385	1.55439365	1.06555676
0.00056320	0.00000000	1.01806128	1.07913208	1.02918673	1.00707901	1.00153470	1.20897281	0.00000000
0.00061440	0.00000000	1.01806128	1.06437039	1.02088988	0.99672890	1.00245690	1.20897281	0.00000000
0.00066560	0.00000000	1.62889814	1.05116856	1.01597583	1.00002408	1.02101219	1.38168323	0.00000000
0.00071680	0.00000000	0.00000000	1.04110944	1.01063037	0.99481750	1.00572777	1.20897281	0.00000000
0.00076800	0.00000000	0.61083680	1.03320920	1.00683260	0.99454820	0.99595368	0.51813120	1.06555676
0.00081920	0.00000000	1.22167361	1.02610111	1.00350356	0.99635148	0.99400032	0.86355203	1.06555676
0.00092160	0.00000000	1.20462716	1.01858819	0.99913687	0.99947470	0.99703562	1.21159530	0.00000000
0.00102400	0.00000000	1.20462716	1.00983548	0.99751544	0.99708635	1.00746405	0.86542523	1.62444186
0.00112640	0.00000000	0.80308479	1.00451386	0.99261516	0.99310499	0.99736482	1.21159530	0.54148060
0.00122880	0.00000000	1.30501270	0.99902868	0.99273753	0.99111879	1.01230788	0.95196778	1.62444186
0.00133120	0.00000000	0.60231358	0.99934137	0.99756294	0.99186498	1.00741160	0.95196778	1.62444186
0.00143360	0.00000000	1.20462716	0.99941403	1.00063944	1.00203919	0.99570674	1.12505281	2.16592240
0.00153600	0.00000000	1.00385594	1.00083959	1.00453985	1.00166500	0.97933024	0.69234020	0.00000000
0.00163840	0.00000000	1.10424161	1.00380921	1.00549603	1.01290309	0.98885310	1.29813790	1.08296120
0.00184320	0.00000000	1.49182534	1.00576651	1.00835395	1.01895475	0.99317402	0.98454678	1.90548205
0.00204800	0.00000000	1.09400535	1.00458491	1.00932086	1.01297712	0.99787074	1.19857872	0.27221173
0.00225280	0.00000000	0.89509523	1.00458503	1.00365639	1.00802231	0.99616820	0.72770852	1.63327026
0.00245760	0.00000000	1.19346035	1.00358284	0.99830186	0.99121970	1.00181234	1.15577233	1.63327026
0.00266240	0.00000000	0.79564023	1.00273836	0.99500120	0.99057925	0.98585403	1.28419149	3.53875232
0.00286720	0.00000000	1.14373279	1.00143921	0.99710691	0.99764580	0.98922759	0.89893401	1.08884692
0.00307200	0.00000000	1.04427779	1.00068951	0.99634081	1.00396454	1.00356221	1.15577233	0.81663513
0.00327680	0.00000000	0.89509523	0.99908954	0.99650198	1.00539041	1.00078988	1.02735317	0.54442346
0.00368640	0.00000000	1.04914618	0.99590302	1.00746191	1.01083553	1.00204241	0.94173604	1.64219534
0.00409600	0.00000000	1.14906490	0.99989671	1.00228822	1.00179386	1.00673425	0.96106786	1.50534570
0.00450560	0.00000000	1.27396321	0.99944562	1.00245762	1.00228631	1.00496531	1.00378203	0.54739845
0.00491520	0.00000000	1.04914618	1.00567710	1.00383937	1.00293350	0.99985784	1.17463851	0.41054884
0.00532480	0.00000000	1.39886165	0.99813962	1.00378370	1.00314784	1.00129640	1.04649615	0.68424803
0.00573440	0.00000000	0.97420716	0.99357760	1.00095856	0.99972731	1.00058436	1.43092322	0.95794725
0.00614400	0.00000000	0.87428850	1.00426841	1.00366020	0.99686927	0.99297273	0.96106786	0.95794725
0.00655360	0.00000000	1.02416658	1.00863957	1.00590396	0.99697119	0.99583900	0.76885426	0.82109767
0.00737280	0.00000000	1.07407987	0.99582028	1.00424671	1.00136817	0.99419212	1.14669919	0.82109767
0.00819200	0.00000000	0.93827665	1.00217974	1.00278902	1.00022388	1.00209820	0.91952294	1.02637208
0.00901120	0.00000000	1.02469683	1.00393701	0.99610752	0.99616647	1.00453031	0.97361255	0.82109767
0.00983040	0.00000000	1.00000536	0.99997348	0.99583024	0.99929070	1.00839281	1.13588130	0.54739845
0.01064960	0.00000000	0.91358513	0.99911189	1.00163972	1.00882661	0.99444419	0.90674663	0.82109767
0.01146880	0.00000000	1.15082443	0.99795532	1.00243771	1.00171006	0.99548274	0.85277361	0.95794725
0.01228800	0.00000000	1.06420326	0.99300599	1.00029445	1.00346148	0.99786812	0.93913043	0.75267285
0.01310720	0.00000000	0.85383749	0.98856592	1.00476003	0.99779290	0.99724704	0.93034089	1.02637208
0.01474560	0.00000000	0.83720928	0.99406350	0.99505478	1.00302243	1.00315702	0.95691508	1.07223928
0.01638400	0.00000000	0.93427145	0.99841142	0.99514735	1.00273407	0.99757618	1.05305636	1.07223928
0.01802240	0.00000000	0.91374308	0.99979538	1.00092733	1.00534284	1.00020623	0.97455943	0.76094395
0.01966080	0.00000000	1.03184593	0.99902064	1.00251186	0.99849385	0.99914169	0.87655902	0.89929742
0.02129920	0.00000000	1.06914151	0.99408859	1.00019467	1.00306690	1.00853443	0.92555922	0.62259054
0.02293760	0.00000000	0.98833430	1.01046872	1.00159419	1.00388789	1.00306678	0.89096808	1.17600429
0.02457600	0.00000000	0.92832881	0.99539483	1.00577593	1.00332904	0.99845982	1.03221917	0.83012068
0.02621440	0.00000000	1.13657510	0.99925989	0.99982703	1.00276208	1.00162137	0.88200349	0.79120880
0.02949120	0.00000000	0.94263059	0.99585193	1.00059211	1.00165296	0.99897271	1.01062751	0.89438325
0.03276800	0.00000000	0.93642908	0.99940056	1.00258851	0.99574208	0.99761450	1.04907525	0.89438325
0.03604480	0.00000000	1.01319814	1.00293601	1.00095236	1.00175107	0.99882108	0.92623889	1.11797905
0.03932160	0.00000000	0.98440772	0.99862123	0.99705338	0.99686366	0.99759412	0.96460378	0.92373484
0.04259840	0.00000000	0.88472086	0.99785459	0.99935913	0.99928349	0.99803960	1.09651780	0.75267285
0.04587520	0.00000000	0.98833430	0.99810535	0.99585557	1.00164688	1.00318062	0.94885707	1.09479690
0.04915200	0.00000000	1.07224953	1.00210369	0.99549335	1.00082123	0.99409312	0.93171954	1.06058443
0.05242880	0.00000000	1.02325034	0.99613452	0.99858451	0.99659836	1.00080538	1.06555295	1.16322172
0.05898240	0.00000000	1.05851352	0.99866056	0.99939865	0.99709201	1.00245953	1.08243895	0.89682728
0.06553600	0.00000000	0.90808493	1.00026548	1.00024521	0.99765587	1.00015795	1.00101554	1.00978816
0.07208960	0.00000000	1.01872957	1.00224960	1.00032008	0.99794525	0.99919146	0.97153181	1.01820302
0.07864320	0.00000000	0.98576832	1.00052261	0.99728566	1.00169814	1.00207758	0.97777653	0.95929873
0.08519680	0.00000000	0.97074759	1.00121880	0.99980104	0.99699891	0.99946189	0.97153181	1.03783786
0.09175040	0.00000000	0.96899325	0.99562031	0.99896902	1.00006735	0.99777800	1.03311253	1.06294680
0.09830400	0.00000000	0.97517645	0.99792778	0.99976218	1.00069070	0.99906379	0.96657544	1.20333087
0.10485760	0.00000000	0.97676730	0.99861133	0.99594164	1.00379789	0.99759704	0.90316343	0.89449006
0.11796480	0.00000000	0.98025656	1.00182652	0.99900395	1.00161815	0.99752307	1.01429582	0.92448264
0.13107200	0.00000000	1.04077089	1.00022662	0.99920928	1.00043368	1.00086665	0.98612094	1.02054405
0.14417920	0.00000000	1.01123047	1.00169790	1.00181687	1.00094819	0.99788404	0.97637224	1.06161058
0.15728641	0.00000000	0.99529409	0.99575186	0.99960786	0.99947596	1.00120044	0.98898351	1.06584704
0.17039360	0.00000000	0.95649308	1.00497115	1.00168073	0.99853492	0.99852127	0.96853149	1.05828774
0.18350080	0.00000000	1.01564658	0.99685645	0.99908572	0.99802244	0.99991655	1.01342523	0.96334916
0.19660801	0.00000000	1.04367959	0.99990290	1.00295854	0.99718362	1.00166929	1.01235247	1.00640881
0.20971520	0.00000000	0.96422333	0.99861270	0.99961740	0.99818504	0.99934393	1.01684010	0.97637242
0.23592959	0.00000000	0.96179682	0.99942791	0.99989802	1.00036335	1.00073898	0.98319834	0.95025879
0.26214400	0.00000000	0.98738033	0.99844408	1.00056350	0.99975246	1.00146723	1.01553082	1.00041533
0.28835839	0.00000000	0.98854494	1.00049686	0.99978739	0.99854732	1.00006258	0.99511158	0.99884570
0.31457281	0.00000000	0.97105980	0.99989522	0.99885505	0.99808031	1.00090468	0.99486858	0.99640721
0.34078720	0.00000000	1.04241276	0.99993950	1.00057054	1.00076807	0.99989671	1.02037048	1.01682198
0.36700159	0.00000000	0.99132043	0.99906451	1.00031054	1.00037217	0.99863714	0.97522342	0.91263056
0.39321601	0.00000000	1.00909960	0.99936229	0.99817353	1.00113094	1.00054717	1.05711246	0.98251379
0.41943040	0.00000000	0.98140162	1.00160730	0.99951905	0.99856013	1.00042880	0.98674166	0.98953217
0.47185919	0.00000000	0.98803192	0.99918061	1.00118446	0.99883270	0.99883831	0.99743897	1.00669813
0.52428800	0.00000000	0.99434805	0.99957013	0.99957240	1.00068319	1.00034797	0.99435705	0.96316290
0.57671678	0.00000000	1.00821936	0.99999720	1.00027514	0.99937302	1.00151944	0.98996174	1.02214921
0.62914562	0.00000000	0.98987484	1.00008106	0.99863911	0.99999195	0.99876368	0.99309897	0.97425300
0.68157440	0.00000000	0.98887217	0.99918497	1.00142062	1.00011563	0.99899012	1.02970302	1.05782318
0.73400319	0.00000000	1.05285871	0.99953896	0.99900919	1.00052750	0.99978852	1.00689518	1.00145388
0.78643203	0.00000000	0.99382240	1.00040448	1.00112021	1.00082982	0.99986553	0.98966330	0.98177481
0.83886081	0.00000000	0.97243547	1.00042498	0.99842942	0.99963355	1.00119710	0.98137850	1.02846539
0.94371837	0.00000000	1.00080895	0.99980134	1.00067961	1.00052297	0.99831665	1.00515401	0.97422683
1.04857600	0.00000000	0.98967659	0.99963760	0.99891967	1.00147736	1.00029242	1.00348365	1.01212120
1.15343356	0.00000000	1.00143027	0.99980056	1.00121224	0.99959522	0.99970168	1.00924730	1.03732443
1.25829124	0.00000000	0.99402171	1.00141692	0.99861193	0.99883872	0.99962682	0.98415095	0.98341745
1.36314881	0.00000000	1.01329505	1.00117958	1.00055814	0.99912047	1.00060284	1.01581883	0.99512744
1.46800637	0.00000000	1.00732815	0.99954772	1.00038934	1.00109017	0.99815947	1.00467288	1.00233102
1.57286406	0.00000000	0.98962194	0.99692893	0.99941468	1.00049925	1.00060880	0.96381581	1.00967741
1.67772162	0.00000000	1.00000000	1.00141811	1.00129735	0.99859232	0.99997389	1.04571843	0.93939394
1.88743675	0.00000000	0.00000000	0.00000000	0.00000000	0.00000000	0.00000000	0.00000000	0.00000000
2.09715199	0.00000000	0.00000000	0.00000000	0.00000000	0.00000000	0.00000000	0.00000000	0.00000000
2.30686712	0.00000000	0.00000000	0.00000000	0.00000000	0.00000000	0.00000000	0.00000000	0.00000000
2.51658249	0.00000000	0.00000000	0.00000000	0.00000000	0.00000000	0.00000000	0.00000000	0.00000000
2.72629762	0.00000000	0.00000000	0.00000000	0.00000000	0.00000000	0.00000000	0.00000000	0.00000000
2.93601274	0.00000000	0.00000000	0.00000000	0.00000000	0.00000000	0.00000000	0.00000000	0.00000000
3.14572811	0.00000000	0.00000000	0.00000000	0.00000000	0.00000000	0.00000000	0.00000000	0.00000000
3.35544324	0.00000000	0.00000000	0.00000000	0.00000000	0.00000000	0.00000000	0.00000000	0.00000000
3.77487350	0.00000000	0.00000000	0.00000000	0.00000000	0.00000000	0.00000000	0.00000000	0.00000000
4.19430399	0.00000000	0.00000000	0.00000000	0.00000000	0.00000000	0.00000000	0.00000000	0.00000000
4.61373425	0.00000000	0.00000000	0.00000000	0.00000000	0.00000000	0.00000000	0.00000000	0.00000000
5.03316498	0.00000000	0.00000000	0.00000000	0.00000000	0.00000000	0.00000000	0.00000000	0.00000000
5.45259523	0.00000000	0.00000000	0.00000000	0.00000000	0.00000000	0.00000000	0.00000000	0.00000000
5.87202549	0.00000000	0.00000000	0.00000000	0.00000000	0.00000000	0.00000000	0.00000000	0.00000000
6.29145622	0.00000000	0.00000000	0.00000000	0.00000000	0.00000000	0.00000000	0.00000000	0.00000000
6.71088648	0.00000000	0.00000000	0.00000000	0.00000000	0.00000000	0.00000000	0.00000000	0.00000000
7.54974699	0.00000000	0.00000000	0.00000000	0.00000000	0.00000000	0.00000000	0.00000000	0.00000000
8.38860798	0.00000000	0.00000000	0.00000000	0.00000000	0.00000000	0.00000000	0.00000000	0.00000000
9.22746849	0.00000000	0.00000000	0.00000000	0.00000000	0.00000000	0.00000000	0.00000000	0.00000000
10.06632996	0.00000000	0.00000000	0.00000000	0.00000000	0.00000000	0.00000000	0.00000000	0.00000000
10.90519047	0.00000000	0.00000000	0.00000000	0.00000000	0.00000000	0.00000000	0.00000000	0.00000000
11.74405098	0.00000000	0.00000000	0.00000000	0.00000000	0.00000000	0.00000000	0.00000000	0.00000000
12.58291245	0.00000000	0.00000000	0.00000000	0.00000000	0.00000000	0.00000000	0.00000000	0.00000000
13.42177296	0.00000000	0.00000000	0.00000000	0.00000000	0.00000000	0.00000000	0.00000000	0.00000000
15.09949398	0.00000000	0.00000000	0.00000000	0.00000000	0.00000000	0.00000000	0.00000000	0.00000000
16.77721596	0.00000000	0.00000000	0.00000000	0.00000000	0.00000000	0.00000000	0.00000000	0.00000000
18.45493698	0.00000000	0.00000000	0.00000000	0.00000000	0.00000000	0.00000000	0.00000000	0.00000000
20.13265991	0.00000000	0.00000000	0.00000000	0.00000000	0.00000000	0.00000000	0.00000000	0.00000000
21.81038094	0.00000000	0.00000000	0.00000000	0.00000000	0.00000000	0.00000000	0.00000000	0.00000000
23.48810196	0.00000000	0.00000000	0.00000000	0.00000000	0.00000000	0.00000000	0.00000000	0.00000000
25.16582489	0.00000000	0.00000000	0.00000000	0.00000000	0.00000000	0.00000000	0.00000000	0.00000000
26.84354591	0.00000000	0.00000000	0.00000000	0.00000000	0.00000000	0.00000000	0.00000000	0.00000000
30.19898796	0.00000000	0.00000000	0.00000000	0.00000000	0.00000000	0.00000000	0.00000000	0.00000000
33.55443192	0.00000000	0.00000000	0.00000000	0.00000000	0.00000000	0.00000000	0.00000000	0.00000000
36.90987396	0.00000000	0.00000000	0.00000000	0.00000000	0.00000000	0.00000000	0.00000000	0.00000000
40.26531982	0.00000000	0.00000000	0.00000000	0.00000000	0.00000000	0.00000000	0.00000000	0.00000000
43.62076187	0.00000000	0.00000000	0.00000000	0.00000000	0.00000000	0.00000000	0.00000000	0.00000000
46.97620392	0.00000000	0.00000000	0.00000000	0.00000000	0.00000000	0.00000000	0.00000000	0.00000000
50.33164978	0.00000000	0.00000000	0.00000000	0.00000000	0.00000000	0.00000000	0.00000000	0.00000000
53.68709183	0.00000000	0.00000000	0.00000000	0.00000000	0.00000000	0.00000000	0.00000000	0.00000000
60.39797592	0.00000000	0.00000000	0.00000000	0.00000000	0.00000000	0.00000000	0.00000000	0.00000000
67.10886383	0.00000000	0.00000000	0.00000000	0.00000000	0.00000000	0.00000000	0.00000000	0.00000000
73.81974792	0.00000000	0.00000000	0.00000000	0.00000000	0.00000000	0.00000000	0.00000000	0.00000000
80.53063965	0.00000000	0.00000000	0.00000000	0.00000000	0.00000000	0.00000000	0.00000000	0.00000000
87.24152374	0.00000000	0.00000000	0.00000000	0.00000000	0.00000000	0.00000000	0.00000000	0.00000000
93.95240784	0.00000000	0.00000000	0.00000000	0.00000000	0.00000000	0.00000000	0.00000000	0.00000000
100.66329956	0.00000000	0.00000000	0.00000000	0.00000000	0.00000000	0.00000000	0.00000000	0.00000000
107.37418365	0.00000000	0.00000000	0.00000000	0.00000000	0.00000000	0.00000000	0.00000000	0.00000000
120.79595184	0.00000000	0.00000000	0.00000000	0.00000000	0.00000000	0.00000000	0.00000000	0.00000000
134.21772766	0.00000000	0.00000000	0.00000000	0.00000000	0.00000000	0.00000000	0.00000000	0.00000000
147.63949585	0.00000000	0.00000000	0.00000000	0.00000000	0.00000000	0.00000000	0.00000000	0.00000000
161.06127930	0.00000000	0.00000000	0.00000000	0.00000000	0.00000000	0.00000000	0.00000000	0.00000000
174.48304749	0.00000000	0.00000000	0.00000000	0.00000000	0.00000000	0.00000000	0.00000000	0.00000000
187.90481567	0.00000000	0.00000000	0.00000000	0.00000000	0.00000000	0.00000000	0.00000000	0.00000000
201.32659912	0.00000000	0.00000000	0.00000000	0.00000000	0.00000000	0.00000000	0.00000000	0.00000000
214.74836731	0.00000000	0.00000000	0.00000000	0.00000000	0.00000000	0.00000000	0.00000000	0.00000000
241.59190369	0.00000000	0.00000000	0.00000000	0.00000000	0.00000000	0.00000000	0.00000000	0.00000000
268.43545532	0.00000000	0.00000000	0.00000000	0.00000000	0.00000000	0.00000000	0.00000000	0.00000000
295.27899170	0.00000000	0.00000000	0.00000000	0.00000000	0.00000000	0.00000000	0.00000000	0.00000000
322.12255859	0.00000000	0.00000000	0.00000000	0.00000000	0.00000000	0.00000000	0.00000000	0.00000000
348.96609497	0.00000000	0.00000000	0.00000000	0.00000000	0.00000000	0.00000000	0.00000000	0.00000000
375.80963135	0.00000000	0.00000000	0.00000000	0.00000000	0.00000000	0.00000000	0.00000000	0.00000000
402.65319824	0.00000000	0.00000000	0.00000000	0.00000000	0.00000000	0.00000000	0.00000000	0.00000000
429.49673462	0.00000000	0.00000000	0.00000000	0.00000000	0.00000000	0.00000000	0.00000000	0.00000000
483.18380737	0.00000000	0.00000000	0.00000000	0.00000000	0.00000000	0.00000000	0.00000000	0.00000000
536.87091064	0.00000000	0.00000000	0.00000000	0.00000000	0.00000000	0.00000000	0.00000000	0.00000000
590.55798340	0.00000000	0.00000000	0.00000000	0.00000000	0.00000000	0.00000000	0.00000000	0.00000000
644.24511719	0.00000000	0.00000000	0.00000000	0.00000000	0.00000000	0.00000000	0.00000000	0.00000000
697.93218994	0.00000000	0.00000000	0.00000000	0.00000000	0.00000000	0.00000000	0.00000000	0.00000000
751.61926270	0.00000000	0.00000000	0.00000000	0.00000000	0.00000000	0.00000000	0.00000000	0.00000000
805.30639648	0.00000000	0.00000000	0.00000000	0.00000000	0.00000000	0.00000000	0.00000000	0.00000000
858.99346924	0.00000000	0.00000000	0.00000000	0.00000000	0.00000000	0.00000000	0.00000000	0.00000000
966.36761475	0.00000000	0.00000000	0.00000000	0.00000000	0.00000000	0.00000000	0.00000000	0.00000000
1073.74182129	0.00000000	0.00000000	0.00000000	0.00000000	0.00000000	0.00000000	0.00000000	0.00000000
1181.11596680	0.00000000	0.00000000	0.00000000	0.00000000	0.00000000	0.00000000	0.00000000	0.00000000
1288.49023437	0.00000000	0.00000000	0.00000000	0.00000000	0.00000000	0.00000000	0.00000000	0.00000000
1395.86437988	0.00000000	0.00000000	0.00000000	0.00000000	0.00000000	0.00000000	0.00000000	0.00000000
1503.23852539	0.00000000	0.00000000	0.00000000	0.00000000	0.00000000	0.00000000	0.00000000	0.00000000
1610.61279297	0.00000000	0.00000000	0.00000000	0.00000000	0.00000000	0.00000000	0.00000000	0.00000000
1717.98693848	0.00000000	0.00000000	0.00000000	0.00000000	0.00000000	0.00000000	0.00000000	0.00000000
1932.73522949	0.00000000	0.00000000	0.00000000	0.00000000	0.00000000	0.00000000	0.00000000	0.00000000
2147.48364258	0.00000000	0.00000000	0.00000000	0.00000000	0.00000000	0.00000000	0.00000000	0.00000000
2362.23193359	0.00000000	0.00000000	0.00000000	0.00000000	0.00000000	0.00000000	0.00000000	0.00000000
2576.98046875	0.00000000	0.00000000	0.00000000	0.00000000	0.00000000	0.00000000	0.00000000	0.00000000
2791.72875977	0.00000000	0.00000000	0.00000000	0.00000000	0.00000000	0.00000000	0.00000000	0.00000000
3006.47705078	0.00000000	0.00000000	0.00000000	0.00000000	0.00000000	0.00000000	0.00000000	0.00000000
3221.22558594	0.00000000	0.00000000	0.00000000	0.00000000	0.00000000	0.00000000	0.00000000	0.00000000
3435.97387695	0.00000000	0.00000000	0.00000000	0.00000000	0.00000000	0.00000000	0.00000000	0.00000000
0	0	0	0	0	0	0	0	0
