%4/4/2019 1:12:09 PM
%Duration	ID1		ID2		ID3		ID4		ID5		ID6		ID7		ID8
1000.000000	0.000000	0.419617	350.704193	198.097229	82.817078	24.118423	0.581741	0.219345
%Tau		Tau1		Tau2		Tau3		Tau4		Tau5		Tau6		Tau7		Tau8
%		0.000000	0.000001	0.000282	0.000205	0.000141	0.000032	0.000001	0.000002
%Delaytime	D1		D2		D3		D4		D5		D6		D7		D8
0.00000020	0.00000000	297.88339233	1.57328689	1.47705364	1.73599422	4.97899866	150.30873108	0.00000000
0.00000040	0.00000000	0.00000000	1.49411881	1.49726808	1.54690945	1.82027912	0.00000000	0.00000000
0.00000060	0.00000000	0.00000000	1.46648085	1.50737524	1.42628634	1.65966630	0.00000000	0.00000000
0.00000080	0.00000000	0.00000000	1.47988367	1.49614501	1.48333776	1.28490293	0.00000000	0.00000000
0.00000100	0.00000000	0.00000000	1.46897829	1.49249518	1.51267850	1.57043695	0.00000000	0.00000000
0.00000120	0.00000000	0.00000000	1.46165252	1.49670649	1.52734888	1.55259109	0.00000000	0.00000000
0.00000140	0.00000000	0.00000000	1.47663701	1.46526194	1.48659790	1.46336162	0.00000000	0.00000000
0.00000160	0.00000000	0.00000000	1.47230816	1.51074433	1.57299006	1.71320391	0.00000000	0.00000000
0.00000180	0.00000000	0.00000000	1.47314060	1.51046348	1.47844768	1.48120749	0.00000000	0.00000000
0.00000200	0.00000000	0.00000000	1.47347355	1.51130581	1.52245879	1.37413228	0.00000000	0.00000000
0.00000220	0.00000000	0.00000000	1.47738624	1.48463404	1.58277035	1.65966630	0.00000000	0.00000000
0.00000240	0.00000000	0.00000000	1.48554444	1.49109137	1.44584680	1.46336162	0.00000000	0.00000000
0.00000260	0.00000000	0.00000000	1.49861419	1.47115779	1.49800813	1.40982401	0.00000000	0.00000000
0.00000280	0.00000000	0.00000000	1.49486804	1.48519552	1.50452828	1.48120749	0.00000000	0.00000000
0.00000300	0.00000000	0.00000000	1.48521137	1.52674735	1.45562708	1.78458738	0.00000000	0.00000000
0.00000320	0.00000000	0.00000000	1.45699072	1.47452688	1.55016947	1.74889565	0.00000000	0.00000000
0.00000360	0.00000000	0.00000000	1.47064316	1.50976169	1.51675367	1.60612869	0.00000000	0.00000000
0.00000400	0.00000000	0.00000000	1.48329675	1.48659933	1.49963820	1.47228456	0.00000000	0.00000000
0.00000440	0.00000000	0.00000000	1.47080970	1.46329665	1.48170781	1.42766988	0.00000000	0.00000000
0.00000480	0.00000000	0.00000000	1.48117399	1.48351097	1.46622241	1.33844054	0.00000000	0.00000000
0.00000520	0.00000000	0.00000000	1.46469104	1.49389899	1.47192752	1.37413228	0.00000000	0.00000000
0.00000560	0.00000000	0.00000000	1.45773983	1.46105063	1.53142405	1.49905336	25.05145645	0.00000000
0.00000600	0.00000000	0.00000000	1.47721970	1.43788826	1.51349354	1.48120749	0.00000000	0.00000000
0.00000640	0.00000000	0.00000000	1.46119463	1.46470046	1.41161597	1.48120749	0.00000000	0.00000000
0.00000720	0.00000000	0.00000000	1.46215200	1.46954346	1.43158400	1.39643967	0.00000000	0.00000000
0.00000800	0.00000000	0.00000000	1.46304691	1.48112464	1.45155203	1.48566902	0.00000000	0.00000000
0.00000880	0.00000000	0.00000000	1.45967543	1.48477447	1.41732109	1.30721033	0.00000000	0.00000000
0.00000960	0.00000000	0.00000000	1.46704280	1.47038567	1.42873144	1.47674608	0.00000000	0.00000000
0.00001040	0.00000000	0.00000000	1.45721960	1.47557974	1.43606663	1.49905336	0.00000000	0.00000000
0.00001120	0.00000000	0.00000000	1.45842671	1.46350718	1.43932664	1.46782315	0.00000000	0.00000000
0.00001200	0.00000000	0.00000000	1.47049749	1.44420528	1.47600257	1.41874695	0.00000000	0.00000000
0.00001280	0.00000000	0.00000000	1.45461810	1.45185590	1.43036139	1.30274880	0.00000000	0.00000000
0.00001440	0.00000000	7.44708490	1.45450366	1.46024346	1.46499979	1.36074793	0.00000000	0.00000000
0.00001600	0.00000000	0.00000000	1.45765662	1.44985545	1.47457635	1.39867043	6.26286411	0.00000000
0.00001760	0.00000000	0.00000000	1.44605410	1.45132947	1.46642613	1.37636304	12.52572823	0.00000000
0.00001920	0.00000000	0.00000000	1.45263064	1.44638109	1.42323005	1.33620977	0.00000000	0.00000000
0.00002080	0.00000000	0.00000000	1.45103848	1.43774796	1.44747686	1.34959424	0.00000000	0.00000000
0.00002240	0.00000000	0.00000000	1.44639742	1.43771279	1.43464029	1.32728684	0.00000000	0.00000000
0.00002400	0.00000000	7.44708490	1.44738603	1.42886901	1.39083290	1.37190151	12.52572823	0.00000000
0.00002560	0.00000000	0.00000000	1.44305718	1.42957091	1.39450049	1.31167173	6.26286411	0.00000000
0.00002880	0.00000000	7.44708490	1.43613613	1.41903794	1.39146173	1.29060698	3.26546168	0.00000000
0.00003200	0.00000000	0.00000000	1.42957294	1.41984105	1.38747120	1.34614074	0.00000000	0.00000000
0.00003520	0.00000000	0.00000000	1.43041825	1.41049409	1.37273693	1.28949618	0.00000000	0.00000000
0.00003840	0.00000000	0.00000000	1.42941439	1.39461803	1.39064312	1.27838945	0.00000000	0.00000000
0.00004160	0.00000000	0.00000000	1.42011631	1.39753366	1.35912824	1.36946499	0.00000000	14.89416981
0.00004480	0.00000000	0.00000000	1.41395843	1.39746583	1.39033616	1.27172542	0.00000000	0.00000000
0.00004800	0.00000000	0.00000000	1.40803897	1.38821411	1.37537920	1.28172147	0.00000000	0.00000000
0.00005120	0.00000000	0.00000000	1.41097832	1.37674916	1.35839415	1.22951972	3.26546168	0.00000000
0.00005760	0.00000000	7.44708490	1.39828753	1.37245238	1.33532262	1.26359355	4.82976675	7.52249765
0.00006400	0.00000000	0.00000000	1.39337695	1.36550963	1.31503677	1.28243661	0.00000000	0.00000000
0.00007040	0.00000000	1.86177123	1.38119829	1.34947467	1.31739116	1.18988395	0.00000000	0.00000000
0.00007680	0.00000000	0.00000000	1.37858224	1.33855319	1.30287242	1.23200369	0.00000000	7.52249765
0.00008320	0.00000000	0.00000000	1.36854088	1.33177960	1.27618909	1.16494465	0.00000000	0.00000000
0.00008960	0.00000000	0.00000000	1.36225080	1.32053328	1.27332282	1.23810005	0.00000000	0.00000000
0.00009600	0.00000000	0.00000000	1.35746157	1.31519771	1.28535080	1.20484757	0.00000000	7.52249765
0.00010240	0.00000000	0.00000000	1.35165906	1.30048323	1.27359557	1.20540178	0.00000000	0.00000000
0.00011520	0.00000000	0.94507933	1.33460248	1.28815830	1.22635198	1.11552703	0.00000000	0.00000000
0.00012800	0.00000000	3.78031731	1.32160759	1.26979160	1.22116399	1.17072093	0.80496114	0.00000000
0.00014080	0.00000000	0.00000000	1.30812943	1.25663102	1.20245194	1.13627946	0.00000000	0.00000000
0.00015360	0.00000000	2.83523798	1.29703009	1.24185205	1.18917120	1.12851381	0.80496114	3.68639994
0.00016640	0.00000000	0.94507933	1.28197491	1.22395146	1.17384875	1.09601700	3.21984458	3.68639994
0.00017920	0.00000000	0.00000000	1.27375484	1.21180797	1.16505098	1.06467843	0.00000000	0.00000000
0.00019200	0.00000000	0.00000000	1.26134753	1.19746363	1.15660191	1.08325970	1.60992229	0.00000000
0.00020480	0.00000000	0.94507933	1.25156295	1.18941629	1.13954532	1.05802250	2.41488338	0.00000000
0.00023040	0.00000000	0.47253966	1.22948635	1.16341376	1.12589693	1.06350183	0.40436792	0.00000000
0.00025600	0.00000000	0.00000000	1.20995677	1.14229536	1.10382724	1.05973697	0.40436792	3.79953098
0.00028160	0.00000000	0.47253966	1.18967450	1.12293422	1.08578646	1.05355585	0.00000000	0.00000000
0.00030720	0.00000000	1.41761899	1.17433727	1.10696876	1.08643734	1.04742086	1.21310377	0.00000000
0.00033280	0.00000000	0.94507933	1.15649796	1.09525073	1.06233776	1.04714191	0.00000000	0.00000000
0.00035840	0.00000000	1.41761899	1.14108145	1.08164871	1.04997921	1.04333186	1.21310377	3.79953098
0.00038400	0.00000000	0.94507933	1.12872803	1.07070339	1.04538584	1.01038325	0.80873585	0.00000000
0.00040960	0.00000000	0.94507933	1.11656213	1.06011987	1.04195940	1.00512886	1.61747169	0.00000000
0.00046080	0.00000000	0.47736147	1.09293997	1.04318798	1.02987933	1.00963688	0.40626860	0.95960015
0.00051200	0.00000000	0.71604216	1.06987381	1.02848971	1.01831794	0.99645436	1.01567149	0.00000000
0.00056320	0.00000000	0.71604216	1.05367792	1.01655316	1.01465142	1.01279080	0.81253719	0.00000000
0.00061440	0.00000000	0.47736147	1.04078996	1.01025844	1.00706315	0.99237931	1.82820868	0.95960015
0.00066560	0.00000000	0.47736147	1.02948630	1.00691104	1.00247777	0.99198866	0.60940289	0.95960015
0.00071680	0.00000000	0.47736147	1.02061999	1.00219727	1.00019670	1.02639651	0.20313430	1.91920030
0.00076800	0.00000000	0.23868074	1.01368511	1.00272346	1.00746405	0.99490809	0.60940289	1.91920030
0.00081920	0.00000000	0.95472294	1.00878274	1.00527871	1.00557017	1.00836754	0.60940289	2.87880039
0.00092160	0.00000000	1.06861806	1.00557148	1.00357997	1.00471795	1.00485396	1.11723864	0.47494137
0.00102400	0.00000000	1.54355943	1.00240552	1.00086045	1.00116956	1.01284254	0.60940289	0.47494137
0.00112640	0.00000000	1.78103018	1.00139832	0.99826944	1.00471973	1.01923335	0.60940289	0.00000000
0.00122880	0.00000000	0.71241206	1.00179124	0.99416924	1.00494909	1.00475872	2.43761158	1.42482412
0.00133120	0.00000000	0.83114743	1.00253344	0.99388576	1.00432074	1.00778961	0.91410434	0.94988275
0.00143360	0.00000000	0.71241206	1.00327766	0.99588042	1.00552690	1.00691223	0.50783575	1.42482412
0.00153600	0.00000000	0.83114743	1.00135517	0.99795264	1.00291026	1.00445497	0.81253719	2.84964824
0.00163840	0.00000000	0.83114743	0.99714857	0.99918562	1.00217211	0.99713427	0.81253719	2.84964824
0.00184320	0.00000000	0.88154268	0.99287629	1.00151563	0.99936509	0.99799895	0.91410434	0.47980008
0.00204800	0.00000000	1.05785120	0.99542105	1.00544405	1.00065672	1.00215626	0.96488792	1.19950020
0.00225280	0.00000000	1.29292929	1.00137591	1.00610352	1.00065327	1.00471354	0.76175362	1.19950020
0.00245760	0.00000000	1.00161099	1.00493753	1.00244474	0.99803591	0.99441570	1.16802227	1.67930031
0.00266240	0.00000000	0.82485616	1.00764096	1.00169575	0.99362415	1.00162554	1.16802227	0.95960015
0.00286720	0.00000000	0.88377446	1.00358880	1.00533259	0.99445379	0.99239796	0.96488792	1.67930031
0.00307200	0.00000000	0.76593786	1.00175691	1.00045836	0.99114907	0.99678987	1.06645513	1.43940020
0.00327680	0.00000000	1.11944759	1.00051522	0.99650156	0.99557936	0.99880797	0.86332077	0.47980008
0.00368640	0.00000000	1.04462159	1.00708175	0.99216568	1.00180912	1.01231909	1.09957826	1.09065092
0.00409600	0.00000000	1.10265613	1.00562894	0.99810910	0.98902404	1.00096428	0.92057711	1.21183431
0.00450560	0.00000000	1.18970799	1.00595999	0.99823624	0.99716508	1.01146424	0.97172034	1.09065092
0.00491520	0.00000000	0.98658705	1.00443625	1.00529563	0.99830860	1.00679326	1.09699106	1.09627283
0.00532480	0.00000000	1.04462159	1.00270629	0.99587274	1.00297499	0.99650270	1.07147956	1.33988893
0.00573440	0.00000000	0.87051803	0.99812603	0.99715787	1.00386262	1.00061500	0.76534253	1.70531321
0.00614400	0.00000000	0.92622536	0.99389011	1.00249314	1.00545931	0.99380022	1.07400668	0.97446471
0.00655360	0.00000000	0.92622536	0.99015492	0.99823934	1.00221348	0.99826157	0.74157602	1.46169710
0.00737280	0.00000000	0.93089145	0.99664092	0.99736923	1.00874138	0.99614722	0.87024087	0.84395605
0.00819200	0.00000000	0.82699209	1.00731122	0.99798697	1.00361288	1.00146103	0.98442370	1.02480376
0.00901120	0.00000000	1.23323381	1.00740588	0.99406475	1.00074148	1.00285494	0.94704050	0.54254317
0.00983040	0.00000000	1.03011298	0.99725717	1.00013363	1.00619280	0.99874294	0.85981309	0.72710061
0.01064960	0.00000000	1.23323381	0.99825245	0.99460971	0.99921072	1.00177467	0.96174866	0.84828401
0.01146880	0.00000000	0.81044716	0.99888700	0.99632305	1.00340128	1.00269008	0.93676817	0.72710061
0.01228800	0.00000000	0.96964216	0.99869227	0.99927527	1.00192654	1.00075543	1.05411768	0.72710061
0.01310720	0.00000000	0.95516986	0.99628639	0.99362534	1.00211120	1.00280619	0.91607845	0.60591716
0.01474560	0.00000000	0.96482414	0.99831063	1.00273383	0.99735159	1.00047898	0.91340995	1.09633076
0.01638400	0.00000000	1.03011298	0.99398780	1.00226474	1.00454879	0.99880195	1.16745341	0.97451621
0.01802240	0.00000000	0.91135782	0.99434412	0.99970448	0.99777412	1.00365007	0.86022884	0.79179442
0.01966080	0.00000000	0.88948518	0.99574351	1.00357950	1.00207567	1.00003898	0.98770195	0.97451621
0.02129920	0.00000000	0.90179539	0.99319786	1.00720835	0.99500018	1.00018275	1.04569769	1.27905250
0.02293760	0.00000000	1.10542667	1.00174212	0.99865991	0.99915934	0.99934787	1.09776306	1.19378233
0.02457600	0.00000000	1.07363892	1.00214577	0.99891829	1.00346446	0.99959862	0.94714808	1.01012361
0.02621440	0.00000000	0.96482414	1.00142670	1.00276971	1.00325298	0.99902076	0.90976065	0.91360897
0.02949120	0.00000000	1.00613904	1.00041592	1.00220013	0.99972349	0.99736315	0.91975802	1.00496984
0.03276800	0.00000000	0.90543169	1.00012028	0.99980712	1.00232828	0.99759376	1.05052769	1.18769169
0.03604480	0.00000000	0.95756978	1.00310946	1.00008535	0.99921340	1.00183201	1.06107318	0.94890392
0.03932160	0.00000000	0.91997677	0.99977094	1.00150168	0.99940842	1.00102079	1.05168319	0.76524514
0.04259840	0.00000000	0.98658705	1.00170898	0.99842685	0.99765199	0.99962097	0.98514098	0.78457350
0.04587520	0.00000000	1.02329826	1.00236356	1.00098896	1.00189841	0.99846458	0.94526285	0.88768435
0.04915200	0.00000000	1.07080853	0.99368876	1.00372398	1.00204659	0.99561197	1.03603315	1.06587708
0.05242880	0.00000000	0.97459447	0.99441171	1.00390613	0.99641430	0.99785191	1.00549722	1.18769169
0.05898240	0.00000000	1.00068355	0.99784493	0.99886012	0.99833733	0.99718368	0.99076676	0.87102884
0.06553600	0.00000000	0.98077255	0.99790716	0.99818492	0.99841821	1.00211525	0.97217155	0.91647381
0.07208960	0.00000000	0.96362734	0.99750894	1.00245047	0.99756497	1.00070262	1.03506553	0.91935736
0.07864320	0.00000000	1.02331781	0.99703890	0.99671614	0.99809581	0.99715650	0.98227519	1.08310544
0.08519680	0.00000000	1.01199567	1.00442123	1.00077403	0.99842817	0.99907422	1.01641572	1.04523456
0.09175040	0.00000000	1.02668881	0.99987930	0.99903584	0.99841696	1.00014031	0.97608763	0.82139307
0.09830400	0.00000000	1.01235366	0.99894547	0.99921530	0.99659210	1.00065398	1.05124772	1.17557168
0.10485760	0.00000000	1.00393116	0.99618578	1.00016856	0.99864882	1.00283611	0.97674644	0.93442881
0.11796480	0.00000000	1.00179291	1.00100756	1.00187027	0.99900353	0.99866569	1.03957963	1.05887890
0.13107200	0.00000000	1.00725520	1.00179040	0.99747682	0.99914742	0.99933946	1.02202809	1.04512715
0.14417920	0.00000000	1.01686001	0.99774814	1.00016713	0.99989992	1.00120032	0.95107347	0.88099265
0.15728641	0.00000000	1.01119244	0.99932355	1.00062835	0.99955171	1.00014150	0.98327368	1.09035408
0.17039360	0.00000000	0.99203497	1.00227773	0.99916720	1.00130177	1.00161207	0.99620342	0.90843266
0.18350080	0.00000000	1.00064766	0.99851304	0.99842995	1.00175035	0.99998403	0.99353248	0.98840874
0.19660801	0.00000000	1.00973272	1.00060201	0.99992257	1.00294459	1.00244355	1.00914228	0.96849334
0.20971520	0.00000000	0.97445941	1.00163460	1.00086498	1.00076377	1.00108957	0.99771738	1.10433841
0.23592959	0.00000000	1.02735305	1.00143993	0.99826652	1.00081980	0.99901509	0.99462318	1.00926042
0.26214400	0.00000000	0.96739423	0.99823678	1.00014961	0.99840647	0.99897474	0.97912753	0.97777778
0.28835839	0.00000000	0.97936171	1.00217605	0.99890208	0.99889338	1.00085640	0.98409575	0.95437527
0.31457281	0.00000000	1.01945019	0.99896264	1.00142705	0.99985540	1.00086713	1.00780857	1.08136952
0.34078720	0.00000000	0.99286902	0.99885798	1.00137031	0.99906760	0.99941188	0.99574029	1.08602118
0.36700159	0.00000000	0.97838748	1.00160730	1.00125158	1.00105309	1.00042224	1.00131047	0.90655899
0.39321601	0.00000000	0.98971134	1.00024104	0.99982619	1.00037456	0.99973518	0.99213940	0.91758752
0.41943040	0.00000000	1.01711226	1.00016177	1.00003541	1.00072300	0.99923491	1.02531040	0.98856831
0.47185919	0.00000000	1.01563537	1.00020850	0.99987435	0.99953192	1.00119674	0.99375176	1.05178273
0.52428800	0.00000000	0.98979676	0.99965870	0.99873996	1.00039673	0.99999571	0.99688512	0.99013382
0.57671678	0.00000000	0.99031615	0.99939948	0.99963874	0.99955541	0.99942726	1.00330079	0.97945207
0.62914562	0.00000000	1.00430322	0.99948406	0.99936187	1.00014186	0.99931937	0.99539870	1.00557339
0.68157440	0.00000000	1.01156998	1.00076306	1.00089729	0.99905479	1.00165761	1.00839829	1.00924337
0.73400319	0.00000000	0.97918093	1.00016689	1.00011086	1.00087368	0.99921072	1.02004969	0.93053436
0.78643203	0.00000000	1.01367939	0.99988306	1.00037706	0.99927306	0.99926710	1.02042806	1.03440368
0.83886081	0.00000000	1.00313723	1.00016332	0.99941581	1.00090420	0.99947846	0.98924369	0.96078432
0.94371837	0.00000000	1.00692201	0.99947858	0.99913406	0.99964291	1.00048959	0.99438649	0.98689139
1.04857600	0.00000000	0.99760765	1.00060272	1.00046825	1.00026083	0.99948645	0.98502028	1.01218367
1.15343356	0.00000000	0.99629533	0.99920070	1.00087547	0.99918795	1.00090277	1.00262225	1.03409088
1.25829124	0.00000000	0.99932796	1.00186026	0.99987328	1.00183594	0.99846268	1.00139856	0.99248123
1.36314881	0.00000000	1.00614822	0.99655217	0.99998301	0.99873489	1.00084841	0.99125850	1.02782929
1.46800637	0.00000000	0.99647474	1.00310647	0.99900138	1.00185347	0.99922860	1.01334381	0.94586897
1.57286406	0.00000000	0.99852943	0.99884903	0.99992591	0.99839324	1.00159323	1.00055039	0.95738637
1.67772162	0.00000000	1.00106049	1.00088906	1.00130177	1.00212240	0.99796349	1.00621116	1.04695654
1.88743675	0.00000000	0.00000000	0.00000000	0.00000000	0.00000000	0.00000000	0.00000000	0.00000000
2.09715199	0.00000000	0.00000000	0.00000000	0.00000000	0.00000000	0.00000000	0.00000000	0.00000000
2.30686712	0.00000000	0.00000000	0.00000000	0.00000000	0.00000000	0.00000000	0.00000000	0.00000000
2.51658249	0.00000000	0.00000000	0.00000000	0.00000000	0.00000000	0.00000000	0.00000000	0.00000000
2.72629762	0.00000000	0.00000000	0.00000000	0.00000000	0.00000000	0.00000000	0.00000000	0.00000000
2.93601274	0.00000000	0.00000000	0.00000000	0.00000000	0.00000000	0.00000000	0.00000000	0.00000000
3.14572811	0.00000000	0.00000000	0.00000000	0.00000000	0.00000000	0.00000000	0.00000000	0.00000000
3.35544324	0.00000000	0.00000000	0.00000000	0.00000000	0.00000000	0.00000000	0.00000000	0.00000000
3.77487350	0.00000000	0.00000000	0.00000000	0.00000000	0.00000000	0.00000000	0.00000000	0.00000000
4.19430399	0.00000000	0.00000000	0.00000000	0.00000000	0.00000000	0.00000000	0.00000000	0.00000000
4.61373425	0.00000000	0.00000000	0.00000000	0.00000000	0.00000000	0.00000000	0.00000000	0.00000000
5.03316498	0.00000000	0.00000000	0.00000000	0.00000000	0.00000000	0.00000000	0.00000000	0.00000000
5.45259523	0.00000000	0.00000000	0.00000000	0.00000000	0.00000000	0.00000000	0.00000000	0.00000000
5.87202549	0.00000000	0.00000000	0.00000000	0.00000000	0.00000000	0.00000000	0.00000000	0.00000000
6.29145622	0.00000000	0.00000000	0.00000000	0.00000000	0.00000000	0.00000000	0.00000000	0.00000000
6.71088648	0.00000000	0.00000000	0.00000000	0.00000000	0.00000000	0.00000000	0.00000000	0.00000000
7.54974699	0.00000000	0.00000000	0.00000000	0.00000000	0.00000000	0.00000000	0.00000000	0.00000000
8.38860798	0.00000000	0.00000000	0.00000000	0.00000000	0.00000000	0.00000000	0.00000000	0.00000000
9.22746849	0.00000000	0.00000000	0.00000000	0.00000000	0.00000000	0.00000000	0.00000000	0.00000000
10.06632996	0.00000000	0.00000000	0.00000000	0.00000000	0.00000000	0.00000000	0.00000000	0.00000000
10.90519047	0.00000000	0.00000000	0.00000000	0.00000000	0.00000000	0.00000000	0.00000000	0.00000000
11.74405098	0.00000000	0.00000000	0.00000000	0.00000000	0.00000000	0.00000000	0.00000000	0.00000000
12.58291245	0.00000000	0.00000000	0.00000000	0.00000000	0.00000000	0.00000000	0.00000000	0.00000000
13.42177296	0.00000000	0.00000000	0.00000000	0.00000000	0.00000000	0.00000000	0.00000000	0.00000000
15.09949398	0.00000000	0.00000000	0.00000000	0.00000000	0.00000000	0.00000000	0.00000000	0.00000000
16.77721596	0.00000000	0.00000000	0.00000000	0.00000000	0.00000000	0.00000000	0.00000000	0.00000000
18.45493698	0.00000000	0.00000000	0.00000000	0.00000000	0.00000000	0.00000000	0.00000000	0.00000000
20.13265991	0.00000000	0.00000000	0.00000000	0.00000000	0.00000000	0.00000000	0.00000000	0.00000000
21.81038094	0.00000000	0.00000000	0.00000000	0.00000000	0.00000000	0.00000000	0.00000000	0.00000000
23.48810196	0.00000000	0.00000000	0.00000000	0.00000000	0.00000000	0.00000000	0.00000000	0.00000000
25.16582489	0.00000000	0.00000000	0.00000000	0.00000000	0.00000000	0.00000000	0.00000000	0.00000000
26.84354591	0.00000000	0.00000000	0.00000000	0.00000000	0.00000000	0.00000000	0.00000000	0.00000000
30.19898796	0.00000000	0.00000000	0.00000000	0.00000000	0.00000000	0.00000000	0.00000000	0.00000000
33.55443192	0.00000000	0.00000000	0.00000000	0.00000000	0.00000000	0.00000000	0.00000000	0.00000000
36.90987396	0.00000000	0.00000000	0.00000000	0.00000000	0.00000000	0.00000000	0.00000000	0.00000000
40.26531982	0.00000000	0.00000000	0.00000000	0.00000000	0.00000000	0.00000000	0.00000000	0.00000000
43.62076187	0.00000000	0.00000000	0.00000000	0.00000000	0.00000000	0.00000000	0.00000000	0.00000000
46.97620392	0.00000000	0.00000000	0.00000000	0.00000000	0.00000000	0.00000000	0.00000000	0.00000000
50.33164978	0.00000000	0.00000000	0.00000000	0.00000000	0.00000000	0.00000000	0.00000000	0.00000000
53.68709183	0.00000000	0.00000000	0.00000000	0.00000000	0.00000000	0.00000000	0.00000000	0.00000000
60.39797592	0.00000000	0.00000000	0.00000000	0.00000000	0.00000000	0.00000000	0.00000000	0.00000000
67.10886383	0.00000000	0.00000000	0.00000000	0.00000000	0.00000000	0.00000000	0.00000000	0.00000000
73.81974792	0.00000000	0.00000000	0.00000000	0.00000000	0.00000000	0.00000000	0.00000000	0.00000000
80.53063965	0.00000000	0.00000000	0.00000000	0.00000000	0.00000000	0.00000000	0.00000000	0.00000000
87.24152374	0.00000000	0.00000000	0.00000000	0.00000000	0.00000000	0.00000000	0.00000000	0.00000000
93.95240784	0.00000000	0.00000000	0.00000000	0.00000000	0.00000000	0.00000000	0.00000000	0.00000000
100.66329956	0.00000000	0.00000000	0.00000000	0.00000000	0.00000000	0.00000000	0.00000000	0.00000000
107.37418365	0.00000000	0.00000000	0.00000000	0.00000000	0.00000000	0.00000000	0.00000000	0.00000000
120.79595184	0.00000000	0.00000000	0.00000000	0.00000000	0.00000000	0.00000000	0.00000000	0.00000000
134.21772766	0.00000000	0.00000000	0.00000000	0.00000000	0.00000000	0.00000000	0.00000000	0.00000000
147.63949585	0.00000000	0.00000000	0.00000000	0.00000000	0.00000000	0.00000000	0.00000000	0.00000000
161.06127930	0.00000000	0.00000000	0.00000000	0.00000000	0.00000000	0.00000000	0.00000000	0.00000000
174.48304749	0.00000000	0.00000000	0.00000000	0.00000000	0.00000000	0.00000000	0.00000000	0.00000000
187.90481567	0.00000000	0.00000000	0.00000000	0.00000000	0.00000000	0.00000000	0.00000000	0.00000000
201.32659912	0.00000000	0.00000000	0.00000000	0.00000000	0.00000000	0.00000000	0.00000000	0.00000000
214.74836731	0.00000000	0.00000000	0.00000000	0.00000000	0.00000000	0.00000000	0.00000000	0.00000000
241.59190369	0.00000000	0.00000000	0.00000000	0.00000000	0.00000000	0.00000000	0.00000000	0.00000000
268.43545532	0.00000000	0.00000000	0.00000000	0.00000000	0.00000000	0.00000000	0.00000000	0.00000000
295.27899170	0.00000000	0.00000000	0.00000000	0.00000000	0.00000000	0.00000000	0.00000000	0.00000000
322.12255859	0.00000000	0.00000000	0.00000000	0.00000000	0.00000000	0.00000000	0.00000000	0.00000000
348.96609497	0.00000000	0.00000000	0.00000000	0.00000000	0.00000000	0.00000000	0.00000000	0.00000000
375.80963135	0.00000000	0.00000000	0.00000000	0.00000000	0.00000000	0.00000000	0.00000000	0.00000000
402.65319824	0.00000000	0.00000000	0.00000000	0.00000000	0.00000000	0.00000000	0.00000000	0.00000000
429.49673462	0.00000000	0.00000000	0.00000000	0.00000000	0.00000000	0.00000000	0.00000000	0.00000000
483.18380737	0.00000000	0.00000000	0.00000000	0.00000000	0.00000000	0.00000000	0.00000000	0.00000000
536.87091064	0.00000000	0.00000000	0.00000000	0.00000000	0.00000000	0.00000000	0.00000000	0.00000000
590.55798340	0.00000000	0.00000000	0.00000000	0.00000000	0.00000000	0.00000000	0.00000000	0.00000000
644.24511719	0.00000000	0.00000000	0.00000000	0.00000000	0.00000000	0.00000000	0.00000000	0.00000000
697.93218994	0.00000000	0.00000000	0.00000000	0.00000000	0.00000000	0.00000000	0.00000000	0.00000000
751.61926270	0.00000000	0.00000000	0.00000000	0.00000000	0.00000000	0.00000000	0.00000000	0.00000000
805.30639648	0.00000000	0.00000000	0.00000000	0.00000000	0.00000000	0.00000000	0.00000000	0.00000000
858.99346924	0.00000000	0.00000000	0.00000000	0.00000000	0.00000000	0.00000000	0.00000000	0.00000000
966.36761475	0.00000000	0.00000000	0.00000000	0.00000000	0.00000000	0.00000000	0.00000000	0.00000000
1073.74182129	0.00000000	0.00000000	0.00000000	0.00000000	0.00000000	0.00000000	0.00000000	0.00000000
1181.11596680	0.00000000	0.00000000	0.00000000	0.00000000	0.00000000	0.00000000	0.00000000	0.00000000
1288.49023437	0.00000000	0.00000000	0.00000000	0.00000000	0.00000000	0.00000000	0.00000000	0.00000000
1395.86437988	0.00000000	0.00000000	0.00000000	0.00000000	0.00000000	0.00000000	0.00000000	0.00000000
1503.23852539	0.00000000	0.00000000	0.00000000	0.00000000	0.00000000	0.00000000	0.00000000	0.00000000
1610.61279297	0.00000000	0.00000000	0.00000000	0.00000000	0.00000000	0.00000000	0.00000000	0.00000000
1717.98693848	0.00000000	0.00000000	0.00000000	0.00000000	0.00000000	0.00000000	0.00000000	0.00000000
1932.73522949	0.00000000	0.00000000	0.00000000	0.00000000	0.00000000	0.00000000	0.00000000	0.00000000
2147.48364258	0.00000000	0.00000000	0.00000000	0.00000000	0.00000000	0.00000000	0.00000000	0.00000000
2362.23193359	0.00000000	0.00000000	0.00000000	0.00000000	0.00000000	0.00000000	0.00000000	0.00000000
2576.98046875	0.00000000	0.00000000	0.00000000	0.00000000	0.00000000	0.00000000	0.00000000	0.00000000
2791.72875977	0.00000000	0.00000000	0.00000000	0.00000000	0.00000000	0.00000000	0.00000000	0.00000000
3006.47705078	0.00000000	0.00000000	0.00000000	0.00000000	0.00000000	0.00000000	0.00000000	0.00000000
3221.22558594	0.00000000	0.00000000	0.00000000	0.00000000	0.00000000	0.00000000	0.00000000	0.00000000
3435.97387695	0.00000000	0.00000000	0.00000000	0.00000000	0.00000000	0.00000000	0.00000000	0.00000000
0	0	0	0	0	0	0	0	0
