%4/4/2019 1:11:26 PM
%Duration	ID1		ID2		ID3		ID4		ID5		ID6		ID7		ID8
1000.000000	0.000000	0.457764	366.191864	188.407898	81.100464	23.756027	0.476837	0.247955
%Tau		Tau1		Tau2		Tau3		Tau4		Tau5		Tau6		Tau7		Tau8
%		0.000000	0.000001	0.000307	0.000205	0.000141	0.000022	0.000001	0.000001
%Delaytime	D1		D2		D3		D4		D5		D6		D7		D8
0.00000020	0.00000000	115.07006836	1.55481648	1.48134804	1.68521130	4.09457397	367.10879517	0.00000000
0.00000040	0.00000000	115.07006836	1.50230587	1.46793056	1.42027259	2.11849689	0.00000000	0.00000000
0.00000060	0.00000000	0.00000000	1.47928524	1.44709063	1.50076032	1.70903945	0.00000000	0.00000000
0.00000080	0.00000000	0.00000000	1.47777295	1.46336293	1.44877863	1.45980453	0.00000000	0.00000000
0.00000100	0.00000000	0.00000000	1.48709881	1.49704945	1.46051645	1.37079215	0.00000000	0.00000000
0.00000120	0.00000000	0.00000000	1.48172176	1.44937444	1.53429687	1.60222459	0.00000000	0.00000000
0.00000140	0.00000000	0.00000000	1.44677079	1.43766987	1.55609560	1.76244700	0.00000000	0.00000000
0.00000160	0.00000000	0.00000000	1.48499846	1.46507585	1.50411403	1.67343450	0.00000000	0.00000000
0.00000180	0.00000000	0.00000000	1.46399415	1.45108736	1.45380914	1.56661952	0.00000000	0.00000000
0.00000200	0.00000000	0.00000000	1.50339806	1.45965171	1.44877863	1.13935971	0.00000000	0.00000000
0.00000220	0.00000000	0.00000000	1.48407423	1.45765340	1.51752853	1.28177965	0.00000000	0.00000000
0.00000240	0.00000000	0.00000000	1.45996141	1.46564674	1.52591276	1.54881704	0.00000000	0.00000000
0.00000260	0.00000000	0.00000000	1.47617662	1.46850157	1.51585174	1.53101456	0.00000000	0.00000000
0.00000280	0.00000000	0.00000000	1.46693480	1.43024743	1.47057748	1.60222459	0.00000000	0.00000000
0.00000300	0.00000000	0.00000000	1.47256386	1.44337940	1.38170564	1.42419958	0.00000000	0.00000000
0.00000320	0.00000000	0.00000000	1.48130167	1.46621776	1.42027259	1.29958212	0.00000000	0.00000000
0.00000360	0.00000000	0.00000000	1.48163772	1.46350563	1.45045555	1.64673078	0.00000000	0.00000000
0.00000400	0.00000000	0.00000000	1.47785699	1.45950902	1.45129395	1.39749587	0.00000000	0.00000000
0.00000440	0.00000000	0.00000000	1.47399223	1.45822430	1.47560787	1.16606343	0.00000000	0.00000000
0.00000480	0.00000000	0.00000000	1.45933127	1.45879531	1.51669014	1.35298955	0.00000000	0.00000000
0.00000520	0.00000000	0.00000000	1.46941328	1.46250653	1.38673604	1.42419958	0.00000000	0.00000000
0.00000560	0.00000000	0.00000000	1.47500038	1.46550405	1.53848898	1.56661952	0.00000000	0.00000000
0.00000600	0.00000000	0.00000000	1.46277595	1.45094466	1.44710183	1.29068089	0.00000000	0.00000000
0.00000640	0.00000000	0.00000000	1.46605265	1.44552052	1.49992192	1.55771828	0.00000000	0.00000000
0.00000720	0.00000000	0.00000000	1.46848905	1.45858121	1.47644627	1.56216896	0.00000000	0.00000000
0.00000800	0.00000000	0.00000000	1.47401321	1.46129322	1.45380914	1.37079215	0.00000000	0.00000000
0.00000880	0.00000000	0.00000000	1.45968831	1.45508409	1.42991436	1.26842773	0.00000000	0.00000000
0.00000960	0.00000000	0.00000000	1.46872020	1.45551229	1.41482294	1.39749587	0.00000000	0.00000000
0.00001040	0.00000000	0.00000000	1.46542251	1.45337117	1.42530310	1.39749587	40.78986359	0.00000000
0.00001120	0.00000000	0.00000000	1.45456326	1.44673383	1.43368721	1.49986017	10.19746590	0.00000000
0.00001200	0.00000000	0.00000000	1.46657777	1.44609153	1.42236865	1.42419958	0.00000000	0.00000000
0.00001280	0.00000000	0.00000000	1.46477139	1.45337117	1.40392351	1.44645274	0.00000000	0.00000000
0.00001440	0.00000000	0.00000000	1.45760894	1.43859768	1.44081378	1.36856675	5.09873295	0.00000000
0.00001600	0.00000000	0.00000000	1.45681071	1.43766987	1.42907596	1.48873365	0.00000000	0.00000000
0.00001760	0.00000000	0.00000000	1.45534050	1.43342340	1.42027259	1.35744023	0.00000000	0.00000000
0.00001920	0.00000000	0.00000000	1.44553149	1.42857027	1.42446470	1.32851124	0.00000000	0.00000000
0.00002080	0.00000000	0.00000000	1.45697880	1.42710721	1.43201041	1.33518708	0.00000000	0.00000000
0.00002240	0.00000000	7.19187927	1.45189571	1.42168307	1.45485723	1.38414395	0.00000000	0.00000000
0.00002400	0.00000000	7.19187927	1.45226336	1.42136192	1.37898076	1.40862238	0.00000000	0.00000000
0.00002560	0.00000000	0.00000000	1.44045901	1.42667890	1.42970479	1.45980453	0.00000000	0.00000000
0.00002880	0.00000000	0.00000000	1.44051147	1.41414797	1.38291740	1.44215643	0.00000000	14.89416981
0.00003200	0.00000000	0.00000000	1.43834603	1.40737605	1.40063894	1.36683643	0.00000000	0.00000000
0.00003520	0.00000000	0.00000000	1.43395555	1.41034997	1.38753128	1.31809998	2.49718022	14.89416981
0.00003840	0.00000000	0.00000000	1.43380153	1.39883041	1.39361322	1.36794400	2.49718022	0.00000000
0.00004160	0.00000000	0.00000000	1.42643499	1.39146721	1.37274575	1.35243702	0.00000000	0.00000000
0.00004480	0.00000000	0.00000000	1.41895223	1.38218701	1.36299360	1.29816234	4.99436045	0.00000000
0.00004800	0.00000000	0.00000000	1.41866100	1.39168215	1.35429013	1.36129820	0.00000000	0.00000000
0.00005120	0.00000000	0.00000000	1.41356874	1.36602736	1.34086776	1.30591583	7.49154091	0.00000000
0.00005760	0.00000000	0.00000000	1.40231586	1.36971033	1.32661593	1.27778018	0.00000000	0.00000000
0.00006400	0.00000000	0.00000000	1.39913666	1.34670699	1.31447971	1.30108309	0.00000000	0.00000000
0.00007040	0.00000000	0.00000000	1.39033008	1.33878565	1.30535102	1.30940557	2.50748849	0.00000000
0.00007680	0.00000000	0.00000000	1.38227355	1.33089840	1.29081857	1.21841300	0.00000000	0.00000000
0.00008320	0.00000000	0.00000000	1.37667143	1.32225204	1.27806985	1.23228383	0.00000000	0.00000000
0.00008960	0.00000000	0.00000000	1.36369503	1.31415153	1.25718927	1.24171603	0.00000000	0.00000000
0.00009600	0.00000000	1.83401847	1.36154616	1.29771793	1.26154387	1.19011652	0.00000000	0.00000000
0.00010240	0.00000000	0.00000000	1.35511899	1.29082239	1.26348495	1.21674848	0.00000000	0.00000000
0.00011520	0.00000000	1.82490528	1.34162402	1.27816057	1.22718000	1.21775270	2.50748849	0.00000000
0.00012800	0.00000000	2.73735809	1.32648885	1.25659263	1.20614779	1.20916140	1.25374424	0.00000000
0.00014080	0.00000000	1.82490528	1.31566393	1.24353290	1.19752598	1.15322912	1.25374424	0.00000000
0.00015360	0.00000000	0.00000000	1.30001044	1.23090649	1.17501509	1.12052512	0.62687212	0.00000000
0.00016640	0.00000000	1.82490528	1.28835499	1.21246040	1.15850306	1.14740896	0.62687212	0.00000000
0.00017920	0.00000000	0.00000000	1.27647614	1.20276666	1.15087414	1.10084736	1.25374424	3.57824755
0.00019200	0.00000000	0.91245264	1.26647997	1.18583822	1.13468671	1.11133099	0.62687212	0.00000000
0.00020480	0.00000000	0.91245264	1.25616503	1.17754996	1.12750196	1.07253134	0.62687212	3.57824755
0.00023040	0.00000000	0.90792996	1.23571348	1.15846145	1.10930169	1.05983639	0.92878258	0.00000000
0.00025600	0.00000000	0.90792996	1.21655834	1.14072645	1.08851218	1.02851379	1.85756516	1.78912377
0.00028160	0.00000000	0.45396498	1.20110571	1.12436342	1.07025719	1.03035748	0.61918837	0.00000000
0.00030720	0.00000000	1.36189497	1.18218005	1.11221373	1.06852043	1.03990674	0.92878258	1.78912377
0.00033280	0.00000000	0.00000000	1.16702819	1.09766340	1.04825294	1.03686202	0.61918837	1.78912377
0.00035840	0.00000000	2.26982498	1.15337539	1.08919954	1.04635763	1.03506291	0.30959418	0.00000000
0.00038400	0.00000000	0.00000000	1.14049029	1.07654679	1.03570116	1.02731276	1.23837674	1.78912377
0.00040960	0.00000000	0.45396498	1.12690842	1.06686246	1.03414786	1.00618184	1.23837674	0.00000000
0.00046080	0.00000000	0.91700923	1.10611486	1.04798257	1.02260101	1.00054622	0.46630040	4.47280931
0.00051200	0.00000000	1.37551379	1.08780313	1.03528285	1.01289845	1.00984323	1.24346769	0.00000000
0.00056320	0.00000000	1.14626157	1.07167912	1.02552521	1.00732923	1.00054622	1.08803427	1.78912377
0.00061440	0.00000000	0.91700923	1.05639839	1.01625776	1.00076461	0.99405062	0.77716732	0.89456189
0.00066560	0.00000000	1.14626157	1.04506886	1.01220238	1.00037229	1.00406682	2.02063513	0.89456189
0.00071680	0.00000000	0.91700923	1.03492963	1.00693154	0.99741709	1.01024127	0.62173384	0.00000000
0.00076800	0.00000000	0.68775690	1.02754831	1.00814915	0.99001515	1.02434933	1.24346769	0.89456189
0.00081920	0.00000000	1.37551379	1.01939702	1.00653088	0.98583031	0.99944478	1.39890122	0.00000000
0.00092160	0.00000000	0.89677066	1.01230788	1.00403512	0.99164945	0.99787408	1.20000517	1.38240004
0.00102400	0.00000000	1.45725238	1.00642657	0.99903315	0.98887545	0.99966156	0.88000381	0.92159998
0.00112640	0.00000000	0.89677066	1.00219393	0.99505633	0.99310356	1.00421691	0.96000415	1.38240004
0.00122880	0.00000000	0.89677066	0.99875188	0.99198991	0.99877542	1.00367856	1.12000489	0.92159998
0.00133120	0.00000000	1.12096334	0.99520063	0.99178672	0.99767619	0.99655569	0.80000347	0.92159998
0.00143360	0.00000000	1.00886703	0.99242353	0.99318504	0.99877125	0.99124616	1.20000517	0.46079999
0.00153600	0.00000000	1.45725238	0.99287295	0.99575490	0.99150372	0.99729341	0.80000347	0.46079999
0.00163840	0.00000000	0.67257798	0.99426860	1.00094903	1.00314629	0.99959219	0.87817049	0.46079999
0.00184320	0.00000000	1.07283604	0.99222928	0.99736977	1.01285517	0.99448317	1.14563477	0.22586021
0.00204800	0.00000000	1.07549810	0.99240261	0.98914313	1.01062226	1.00480378	0.86910230	0.45172042
0.00225280	0.00000000	1.24531364	0.99294198	0.99287957	1.00284958	1.00839889	0.86910230	0.67758065
0.00245760	0.00000000	1.41512907	0.99479735	1.00113237	1.00286400	1.00765073	0.75058830	0.67758065
0.00266240	0.00000000	0.56605166	0.99816835	0.99996042	1.00379074	0.99253923	0.82959765	0.90344083
0.00286720	0.00000000	0.56605166	0.99916387	1.00272501	1.00846207	0.97859621	0.79009295	1.80688167
0.00307200	0.00000000	1.35852396	0.99804634	1.00349855	1.01277459	0.99992204	0.82959765	0.90793556
0.00327680	0.00000000	0.96228778	1.00381517	0.99949986	1.01414049	0.99729145	1.14563477	1.81587112
0.00368640	0.00000000	1.26096368	1.00799656	1.00279891	1.01154029	0.99908483	0.88518924	0.99653977
0.00409600	0.00000000	1.45284951	1.00965452	0.99941075	1.00425053	1.00042462	0.82617658	1.66089964
0.00450560	0.00000000	0.87719214	1.00366068	0.99573195	0.99820638	1.00457621	1.00321448	1.10726643
0.00491520	0.00000000	0.57706481	0.99449760	1.00401187	1.00188255	1.00173891	0.84760237	1.66089964
0.00532480	0.00000000	1.04421258	0.99592382	0.99826598	1.00412512	1.00119066	0.98558414	1.10726643
0.00573440	0.00000000	1.07431853	0.99703413	0.99346602	0.99640071	1.00807428	1.36010611	0.66435987
0.00614400	0.00000000	1.37733138	0.99732369	1.00254917	1.00577962	0.98800820	1.00529575	0.67093766
0.00655360	0.00000000	0.93658537	0.99769038	1.00302875	0.99462724	0.99485272	0.92644906	1.34187531
0.00737280	0.00000000	0.88581848	1.00524080	0.99489635	1.00045562	0.99618804	1.02926064	0.71972317
0.00819200	0.00000000	0.84429574	1.00189269	1.00587368	1.00165486	1.01052952	0.82142919	0.94117647
0.00901120	0.00000000	0.98511344	1.00408006	1.00584161	1.00404632	1.00757444	0.83947736	0.88581318
0.00983040	0.00000000	1.10998702	1.00923562	0.99975669	1.00229490	1.00458419	0.90861082	0.99653977
0.01064960	0.00000000	0.87197757	0.99771363	1.00281942	1.00199199	0.98855633	0.86730659	0.83044982
0.01146880	0.00000000	1.03806853	0.99519330	1.00121856	0.99454594	0.99668300	1.11139953	0.99653977
0.01228800	0.00000000	1.03553665	0.99546200	1.00148106	1.00011265	0.99370754	1.00114167	0.83044982
0.01310720	0.00000000	1.02172947	0.99212408	1.00118220	0.99496591	0.99901605	1.01095676	0.77508652
0.01474560	0.00000000	1.02036583	0.99558461	0.99824446	1.00001872	0.99708694	1.06883848	0.69545060
0.01638400	0.00000000	1.19508600	0.99404180	1.00155890	0.99866247	0.99546427	0.93028527	0.91799480
0.01802240	0.00000000	0.99939942	1.00447762	1.00512958	1.00012052	1.00504696	1.07873511	0.86235875
0.01966080	0.00000000	1.05710399	1.00238276	1.00330806	0.99565089	0.99956095	0.95205384	0.97363085
0.02129920	0.00000000	1.07363832	0.99581414	1.00743103	1.00076687	0.99858695	1.06883848	0.77890468
0.02293760	0.00000000	0.89019287	1.00295711	0.99806219	1.00032234	0.99878287	1.10119212	1.25181103
0.02457600	0.00000000	0.96433604	0.99702901	0.99622893	1.00048041	1.00510240	0.90977782	1.19617498
0.02621440	0.00000000	1.00842166	1.00612867	1.00041831	0.99999946	0.99648058	1.01021504	1.16835701
0.02949120	0.00000000	1.06403303	0.99599332	1.00058055	0.99924082	1.00061285	1.01403213	0.83454072
0.03276800	0.00000000	1.04061282	0.99854881	0.99921089	1.00019705	1.00172126	0.92973608	0.87626773
0.03604480	0.00000000	1.10112059	0.99577737	1.00122762	0.99595994	1.00159061	1.07921457	0.91799480
0.03932160	0.00000000	0.92042077	1.00071394	1.00058186	1.00068593	1.00146008	0.94265610	1.01535785
0.04259840	0.00000000	1.00939441	1.00156879	0.99993575	1.00070345	1.00058138	0.99915636	0.91303712
0.04587520	0.00000000	1.03273785	0.99970317	1.00358832	0.99962437	1.00081015	0.91049200	0.89899039
0.04915200	0.00000000	0.92830902	0.99832308	1.00562227	1.00124276	1.00171006	0.99956185	1.02541089
0.05242880	0.00000000	0.96924174	0.99759513	0.99787289	0.99887723	0.99911481	0.95750111	0.88934636
0.05898240	0.00000000	1.05166161	0.99623966	0.99651736	0.99751556	1.00200915	0.97482026	0.97886801
0.06553600	0.00000000	1.06930697	0.99777466	1.00120938	0.99986362	1.00320649	0.97358316	0.98373801
0.07208960	0.00000000	0.93113309	1.00264812	0.99756581	1.00009203	0.99996084	0.99999136	1.14626861
0.07864320	0.00000000	0.93873149	1.00106943	0.99927181	0.99749207	0.99832588	0.96094453	0.99086654
0.08519680	0.00000000	1.03819656	0.99740463	1.00111020	1.00084102	0.99776787	1.06742096	1.01639581
0.09175040	0.00000000	0.93630856	1.00017738	0.99890023	1.00197709	1.00284517	1.06523371	0.95287108
0.09830400	0.00000000	0.92160285	0.99982244	1.00112212	1.00048769	1.00157356	0.99299365	1.17167854
0.10485760	0.00000000	0.94694841	1.00154924	0.99919605	1.00121057	0.99805957	0.97172117	0.89640468
0.11796480	0.00000000	0.96558601	0.99996102	1.00163400	1.00123048	0.99905097	0.99442315	0.98327076
0.13107200	0.00000000	0.99993736	0.99877018	0.99926907	0.99959141	1.00025403	0.99304700	1.02707982
0.14417920	0.00000000	1.02169287	1.00448525	1.00141537	0.99902660	0.99963957	0.98276359	0.98089904
0.15728641	0.00000000	0.99620259	0.99956977	0.99906600	0.99900055	1.00139797	1.02608216	1.02724814
0.17039360	0.00000000	0.93898427	0.99900389	1.00097072	1.00063181	0.99939537	0.99184930	0.98815691
0.18350080	0.00000000	1.02318299	0.99805188	1.00001562	1.00152338	0.99988538	1.02270424	1.04862010
0.19660801	0.00000000	1.00788593	0.99887621	0.99984968	1.00027370	1.00026870	0.98990387	1.03058863
0.20971520	0.00000000	0.99009490	1.00212312	1.00010359	1.00103891	0.99969131	0.99706072	0.97682709
0.23592959	0.00000000	1.01954484	0.99945945	0.99849373	1.00008476	0.99966007	1.00600994	1.03798974
0.26214400	0.00000000	1.01208615	0.99830472	0.99993068	1.00010240	1.00040662	0.99756086	0.95265818
0.28835839	0.00000000	0.98199934	1.00037587	0.99923772	1.00031674	0.99891210	0.99686968	0.95898020
0.31457281	0.00000000	1.01557565	1.00144684	1.00072849	0.99957156	0.99972910	0.98889738	1.02285933
0.34078720	0.00000000	0.98334765	0.99925774	0.99939686	0.99955970	0.99854881	0.99236542	0.93702465
0.36700159	0.00000000	0.98644167	0.99743623	0.99968606	0.99884152	1.00084162	0.98274505	1.04863954
0.39321601	0.00000000	0.99320203	0.99961787	1.00055003	0.99988878	1.00033772	0.97326529	0.94261914
0.41943040	0.00000000	0.97089881	1.00248659	0.99858075	0.99929708	1.00144577	1.02898216	1.04052579
0.47185919	0.00000000	0.99154389	0.99797612	1.00023937	1.00009549	1.00075066	0.98467916	1.01976156
0.52428800	0.00000000	0.99134058	1.00208998	1.00056756	0.99986142	0.99831688	0.98819119	0.95710701
0.57671678	0.00000000	0.99301940	0.99847817	1.00222147	1.00001013	0.99959540	1.01414061	0.99430943
0.62914562	0.00000000	1.02876234	1.00062895	1.00059175	0.99958920	1.00043809	0.99049348	1.02423465
0.68157440	0.00000000	0.99969381	0.99900502	1.00149512	0.99976254	0.99950862	1.00103819	0.99331552
0.73400319	0.00000000	0.96057069	1.00093460	0.99851245	0.99934494	0.99830890	1.00526714	1.00133395
0.78643203	0.00000000	0.98620445	0.99869031	1.00017154	1.00067723	1.00022793	0.98290598	1.02228260
0.83886081	0.00000000	1.01826108	1.00190580	0.99949330	0.99885654	1.00203431	1.02664185	0.99949598
0.94371837	0.00000000	0.99822539	1.00114703	0.99963152	0.99932742	0.99931008	1.00587881	1.01186538
1.04857600	0.00000000	0.98023713	1.00011861	0.99925005	1.00072300	1.00057280	1.00630212	0.98823529
1.15343356	0.00000000	1.05761993	0.99853474	1.00083733	0.99968863	0.99828792	1.00180018	1.01629782
1.25829124	0.00000000	0.98912507	0.99968308	1.00028324	1.00037301	1.00186074	0.99790752	0.97121865
1.36314881	0.00000000	0.95815647	0.99981230	0.99976224	1.00017905	0.99948281	0.99522454	1.03181684
1.46800637	0.00000000	1.06113875	1.00086081	1.00007594	0.99900973	0.99980849	0.99721080	0.94706994
1.57286406	0.00000000	0.98253679	1.00047016	0.99916214	1.00055170	0.99838126	1.00031292	1.02631581
1.67772162	0.00000000	0.95238096	0.99962312	1.00018167	0.99926245	1.00350630	1.00000000	0.97391301
1.88743675	0.00000000	0.00000000	0.00000000	0.00000000	0.00000000	0.00000000	0.00000000	0.00000000
2.09715199	0.00000000	0.00000000	0.00000000	0.00000000	0.00000000	0.00000000	0.00000000	0.00000000
2.30686712	0.00000000	0.00000000	0.00000000	0.00000000	0.00000000	0.00000000	0.00000000	0.00000000
2.51658249	0.00000000	0.00000000	0.00000000	0.00000000	0.00000000	0.00000000	0.00000000	0.00000000
2.72629762	0.00000000	0.00000000	0.00000000	0.00000000	0.00000000	0.00000000	0.00000000	0.00000000
2.93601274	0.00000000	0.00000000	0.00000000	0.00000000	0.00000000	0.00000000	0.00000000	0.00000000
3.14572811	0.00000000	0.00000000	0.00000000	0.00000000	0.00000000	0.00000000	0.00000000	0.00000000
3.35544324	0.00000000	0.00000000	0.00000000	0.00000000	0.00000000	0.00000000	0.00000000	0.00000000
3.77487350	0.00000000	0.00000000	0.00000000	0.00000000	0.00000000	0.00000000	0.00000000	0.00000000
4.19430399	0.00000000	0.00000000	0.00000000	0.00000000	0.00000000	0.00000000	0.00000000	0.00000000
4.61373425	0.00000000	0.00000000	0.00000000	0.00000000	0.00000000	0.00000000	0.00000000	0.00000000
5.03316498	0.00000000	0.00000000	0.00000000	0.00000000	0.00000000	0.00000000	0.00000000	0.00000000
5.45259523	0.00000000	0.00000000	0.00000000	0.00000000	0.00000000	0.00000000	0.00000000	0.00000000
5.87202549	0.00000000	0.00000000	0.00000000	0.00000000	0.00000000	0.00000000	0.00000000	0.00000000
6.29145622	0.00000000	0.00000000	0.00000000	0.00000000	0.00000000	0.00000000	0.00000000	0.00000000
6.71088648	0.00000000	0.00000000	0.00000000	0.00000000	0.00000000	0.00000000	0.00000000	0.00000000
7.54974699	0.00000000	0.00000000	0.00000000	0.00000000	0.00000000	0.00000000	0.00000000	0.00000000
8.38860798	0.00000000	0.00000000	0.00000000	0.00000000	0.00000000	0.00000000	0.00000000	0.00000000
9.22746849	0.00000000	0.00000000	0.00000000	0.00000000	0.00000000	0.00000000	0.00000000	0.00000000
10.06632996	0.00000000	0.00000000	0.00000000	0.00000000	0.00000000	0.00000000	0.00000000	0.00000000
10.90519047	0.00000000	0.00000000	0.00000000	0.00000000	0.00000000	0.00000000	0.00000000	0.00000000
11.74405098	0.00000000	0.00000000	0.00000000	0.00000000	0.00000000	0.00000000	0.00000000	0.00000000
12.58291245	0.00000000	0.00000000	0.00000000	0.00000000	0.00000000	0.00000000	0.00000000	0.00000000
13.42177296	0.00000000	0.00000000	0.00000000	0.00000000	0.00000000	0.00000000	0.00000000	0.00000000
15.09949398	0.00000000	0.00000000	0.00000000	0.00000000	0.00000000	0.00000000	0.00000000	0.00000000
16.77721596	0.00000000	0.00000000	0.00000000	0.00000000	0.00000000	0.00000000	0.00000000	0.00000000
18.45493698	0.00000000	0.00000000	0.00000000	0.00000000	0.00000000	0.00000000	0.00000000	0.00000000
20.13265991	0.00000000	0.00000000	0.00000000	0.00000000	0.00000000	0.00000000	0.00000000	0.00000000
21.81038094	0.00000000	0.00000000	0.00000000	0.00000000	0.00000000	0.00000000	0.00000000	0.00000000
23.48810196	0.00000000	0.00000000	0.00000000	0.00000000	0.00000000	0.00000000	0.00000000	0.00000000
25.16582489	0.00000000	0.00000000	0.00000000	0.00000000	0.00000000	0.00000000	0.00000000	0.00000000
26.84354591	0.00000000	0.00000000	0.00000000	0.00000000	0.00000000	0.00000000	0.00000000	0.00000000
30.19898796	0.00000000	0.00000000	0.00000000	0.00000000	0.00000000	0.00000000	0.00000000	0.00000000
33.55443192	0.00000000	0.00000000	0.00000000	0.00000000	0.00000000	0.00000000	0.00000000	0.00000000
36.90987396	0.00000000	0.00000000	0.00000000	0.00000000	0.00000000	0.00000000	0.00000000	0.00000000
40.26531982	0.00000000	0.00000000	0.00000000	0.00000000	0.00000000	0.00000000	0.00000000	0.00000000
43.62076187	0.00000000	0.00000000	0.00000000	0.00000000	0.00000000	0.00000000	0.00000000	0.00000000
46.97620392	0.00000000	0.00000000	0.00000000	0.00000000	0.00000000	0.00000000	0.00000000	0.00000000
50.33164978	0.00000000	0.00000000	0.00000000	0.00000000	0.00000000	0.00000000	0.00000000	0.00000000
53.68709183	0.00000000	0.00000000	0.00000000	0.00000000	0.00000000	0.00000000	0.00000000	0.00000000
60.39797592	0.00000000	0.00000000	0.00000000	0.00000000	0.00000000	0.00000000	0.00000000	0.00000000
67.10886383	0.00000000	0.00000000	0.00000000	0.00000000	0.00000000	0.00000000	0.00000000	0.00000000
73.81974792	0.00000000	0.00000000	0.00000000	0.00000000	0.00000000	0.00000000	0.00000000	0.00000000
80.53063965	0.00000000	0.00000000	0.00000000	0.00000000	0.00000000	0.00000000	0.00000000	0.00000000
87.24152374	0.00000000	0.00000000	0.00000000	0.00000000	0.00000000	0.00000000	0.00000000	0.00000000
93.95240784	0.00000000	0.00000000	0.00000000	0.00000000	0.00000000	0.00000000	0.00000000	0.00000000
100.66329956	0.00000000	0.00000000	0.00000000	0.00000000	0.00000000	0.00000000	0.00000000	0.00000000
107.37418365	0.00000000	0.00000000	0.00000000	0.00000000	0.00000000	0.00000000	0.00000000	0.00000000
120.79595184	0.00000000	0.00000000	0.00000000	0.00000000	0.00000000	0.00000000	0.00000000	0.00000000
134.21772766	0.00000000	0.00000000	0.00000000	0.00000000	0.00000000	0.00000000	0.00000000	0.00000000
147.63949585	0.00000000	0.00000000	0.00000000	0.00000000	0.00000000	0.00000000	0.00000000	0.00000000
161.06127930	0.00000000	0.00000000	0.00000000	0.00000000	0.00000000	0.00000000	0.00000000	0.00000000
174.48304749	0.00000000	0.00000000	0.00000000	0.00000000	0.00000000	0.00000000	0.00000000	0.00000000
187.90481567	0.00000000	0.00000000	0.00000000	0.00000000	0.00000000	0.00000000	0.00000000	0.00000000
201.32659912	0.00000000	0.00000000	0.00000000	0.00000000	0.00000000	0.00000000	0.00000000	0.00000000
214.74836731	0.00000000	0.00000000	0.00000000	0.00000000	0.00000000	0.00000000	0.00000000	0.00000000
241.59190369	0.00000000	0.00000000	0.00000000	0.00000000	0.00000000	0.00000000	0.00000000	0.00000000
268.43545532	0.00000000	0.00000000	0.00000000	0.00000000	0.00000000	0.00000000	0.00000000	0.00000000
295.27899170	0.00000000	0.00000000	0.00000000	0.00000000	0.00000000	0.00000000	0.00000000	0.00000000
322.12255859	0.00000000	0.00000000	0.00000000	0.00000000	0.00000000	0.00000000	0.00000000	0.00000000
348.96609497	0.00000000	0.00000000	0.00000000	0.00000000	0.00000000	0.00000000	0.00000000	0.00000000
375.80963135	0.00000000	0.00000000	0.00000000	0.00000000	0.00000000	0.00000000	0.00000000	0.00000000
402.65319824	0.00000000	0.00000000	0.00000000	0.00000000	0.00000000	0.00000000	0.00000000	0.00000000
429.49673462	0.00000000	0.00000000	0.00000000	0.00000000	0.00000000	0.00000000	0.00000000	0.00000000
483.18380737	0.00000000	0.00000000	0.00000000	0.00000000	0.00000000	0.00000000	0.00000000	0.00000000
536.87091064	0.00000000	0.00000000	0.00000000	0.00000000	0.00000000	0.00000000	0.00000000	0.00000000
590.55798340	0.00000000	0.00000000	0.00000000	0.00000000	0.00000000	0.00000000	0.00000000	0.00000000
644.24511719	0.00000000	0.00000000	0.00000000	0.00000000	0.00000000	0.00000000	0.00000000	0.00000000
697.93218994	0.00000000	0.00000000	0.00000000	0.00000000	0.00000000	0.00000000	0.00000000	0.00000000
751.61926270	0.00000000	0.00000000	0.00000000	0.00000000	0.00000000	0.00000000	0.00000000	0.00000000
805.30639648	0.00000000	0.00000000	0.00000000	0.00000000	0.00000000	0.00000000	0.00000000	0.00000000
858.99346924	0.00000000	0.00000000	0.00000000	0.00000000	0.00000000	0.00000000	0.00000000	0.00000000
966.36761475	0.00000000	0.00000000	0.00000000	0.00000000	0.00000000	0.00000000	0.00000000	0.00000000
1073.74182129	0.00000000	0.00000000	0.00000000	0.00000000	0.00000000	0.00000000	0.00000000	0.00000000
1181.11596680	0.00000000	0.00000000	0.00000000	0.00000000	0.00000000	0.00000000	0.00000000	0.00000000
1288.49023437	0.00000000	0.00000000	0.00000000	0.00000000	0.00000000	0.00000000	0.00000000	0.00000000
1395.86437988	0.00000000	0.00000000	0.00000000	0.00000000	0.00000000	0.00000000	0.00000000	0.00000000
1503.23852539	0.00000000	0.00000000	0.00000000	0.00000000	0.00000000	0.00000000	0.00000000	0.00000000
1610.61279297	0.00000000	0.00000000	0.00000000	0.00000000	0.00000000	0.00000000	0.00000000	0.00000000
1717.98693848	0.00000000	0.00000000	0.00000000	0.00000000	0.00000000	0.00000000	0.00000000	0.00000000
1932.73522949	0.00000000	0.00000000	0.00000000	0.00000000	0.00000000	0.00000000	0.00000000	0.00000000
2147.48364258	0.00000000	0.00000000	0.00000000	0.00000000	0.00000000	0.00000000	0.00000000	0.00000000
2362.23193359	0.00000000	0.00000000	0.00000000	0.00000000	0.00000000	0.00000000	0.00000000	0.00000000
2576.98046875	0.00000000	0.00000000	0.00000000	0.00000000	0.00000000	0.00000000	0.00000000	0.00000000
2791.72875977	0.00000000	0.00000000	0.00000000	0.00000000	0.00000000	0.00000000	0.00000000	0.00000000
3006.47705078	0.00000000	0.00000000	0.00000000	0.00000000	0.00000000	0.00000000	0.00000000	0.00000000
3221.22558594	0.00000000	0.00000000	0.00000000	0.00000000	0.00000000	0.00000000	0.00000000	0.00000000
3435.97387695	0.00000000	0.00000000	0.00000000	0.00000000	0.00000000	0.00000000	0.00000000	0.00000000
0	0	0	0	0	0	0	0	0
