%2/14/2019 2:20:12 PM
%Duration	ID1		ID2		ID3		ID4		ID5		ID6		ID7		ID8
3000.000000	0.000000	0.000000	0.000000	0.000000	42.409897	185.852051	118.160248	98.991394
%Tau		Tau1		Tau2		Tau3		Tau4		Tau5		Tau6		Tau7		Tau8
%		0.000000	0.000000	0.000000	0.000000	0.000102	0.000083	0.000058	0.000048
%Delaytime	D1		D2		D3		D4		D5		D6		D7		D8
0.00000020	0.00000000	0.00000000	0.00000000	0.00000000	2.04751325	1.83710992	2.16730928	1.64888704
0.00000040	0.00000000	0.00000000	0.00000000	0.00000000	1.59271824	1.50203764	1.55809593	1.47916901
0.00000060	0.00000000	0.00000000	0.00000000	0.00000000	1.61517727	1.50488067	1.48117721	1.49020755
0.00000080	0.00000000	0.00000000	0.00000000	0.00000000	1.44486308	1.49868691	1.49783194	1.50331581
0.00000100	0.00000000	0.00000000	0.00000000	0.00000000	1.53282762	1.46152437	1.46364594	1.48330843
0.00000120	0.00000000	0.00000000	0.00000000	0.00000000	1.51598334	1.48782253	1.47745180	1.44432843
0.00000140	0.00000000	0.00000000	0.00000000	0.00000000	1.43924844	1.48995471	1.46978188	1.46882033
0.00000160	0.00000000	0.00000000	0.00000000	0.00000000	1.50662541	1.46599197	1.47789013	1.46985519
0.00000180	0.00000000	0.00000000	0.00000000	0.00000000	1.47106528	1.48477638	1.47789013	1.52056360
0.00000200	0.00000000	0.00000000	0.00000000	0.00000000	1.49352431	1.48335481	1.47701359	1.46571565
0.00000220	0.00000000	0.00000000	0.00000000	0.00000000	1.45609260	1.47279501	1.48577917	1.47261477
0.00000240	0.00000000	0.00000000	0.00000000	0.00000000	1.49726748	1.45776749	1.45663333	1.49917638
0.00000260	0.00000000	0.00000000	0.00000000	0.00000000	1.50288224	1.46893656	1.46539903	1.47399461
0.00000280	0.00000000	0.00000000	0.00000000	0.00000000	1.46170735	1.47746575	1.48183465	1.46606064
0.00000300	0.00000000	0.00000000	0.00000000	0.00000000	1.53095603	1.48112106	1.48271120	1.48158371
0.00000320	0.00000000	0.00000000	0.00000000	0.00000000	1.51598334	1.48579168	1.46298850	1.46157622
0.00000360	0.00000000	0.00000000	0.00000000	0.00000000	1.52814865	1.47066271	1.44206047	1.45674682
0.00000400	0.00000000	0.00000000	0.00000000	0.00000000	1.40836728	1.46548438	1.45520902	1.44812298
0.00000440	0.00000000	0.00000000	0.00000000	0.00000000	1.47948742	1.46599197	1.44841564	1.48882771
0.00000480	0.00000000	0.00000000	0.00000000	0.00000000	1.49633169	1.47355652	1.45411325	1.44743311
0.00000520	0.00000000	0.00000000	0.00000000	0.00000000	1.50007486	1.45451832	1.44666243	1.41759443
0.00000560	0.00000000	0.00000000	0.00000000	0.00000000	1.48603797	1.45203066	1.45071661	1.45622945
0.00000600	0.00000000	0.00000000	0.00000000	0.00000000	1.44954205	1.45568597	1.44655287	1.43777430
0.00000640	0.00000000	0.00000000	0.00000000	0.00000000	1.45983577	1.45294452	1.44655287	1.42621827
0.00000720	0.00000000	0.00000000	0.00000000	0.00000000	1.47621214	1.45482290	1.43252778	1.43173754
0.00000800	0.00000000	0.00000000	0.00000000	0.00000000	1.47527635	1.44078541	1.40973711	1.41742194
0.00000880	0.00000000	0.00000000	0.00000000	0.00000000	1.46357894	1.43895781	1.43000770	1.39275765
0.00000960	0.00000000	0.00000000	0.00000000	0.00000000	1.38122928	1.42954016	1.41581833	1.42026782
0.00001040	0.00000000	0.00000000	0.00000000	0.00000000	1.42333996	1.43860245	1.39554775	1.42026782
0.00001120	0.00000000	0.00000000	0.00000000	0.00000000	1.43831265	1.41494429	1.39713645	1.39896679
0.00001200	0.00000000	0.00000000	0.00000000	0.00000000	1.44533098	1.42200112	1.40420377	1.37732089
0.00001280	0.00000000	0.00000000	0.00000000	0.00000000	1.41912889	1.41715264	1.38985002	1.37464750
0.00001440	0.00000000	0.00000000	0.00000000	0.00000000	1.44345939	1.41335773	1.38187873	1.35532999
0.00001600	0.00000000	0.00000000	0.00000000	0.00000000	1.43339968	1.39972639	1.37675631	1.33036387
0.00001760	0.00000000	0.00000000	0.00000000	0.00000000	1.40181673	1.38834155	1.35574615	1.33415830
0.00001920	0.00000000	0.00000000	0.00000000	0.00000000	1.42310596	1.38259196	1.35245895	1.33937573
0.00002080	0.00000000	0.00000000	0.00000000	0.00000000	1.38661003	1.37845433	1.35443127	1.32286108
0.00002240	0.00000000	0.00000000	0.00000000	0.00000000	1.38684404	1.37859404	1.34073496	1.31686747
0.00002400	0.00000000	0.00000000	0.00000000	0.00000000	1.36134374	1.37214637	1.32643592	1.30488026
0.00002560	0.00000000	0.00000000	0.00000000	0.00000000	1.42100048	1.36116767	1.31189048	1.29121137
0.00002880	0.00000000	0.00000000	0.00000000	0.00000000	1.38104951	1.34934783	1.30453646	1.26963782
0.00003200	0.00000000	0.00000000	0.00000000	0.00000000	1.38257527	1.33519709	1.28732979	1.25642884
0.00003520	0.00000000	0.00000000	0.00000000	0.00000000	1.37729383	1.32293153	1.27624142	1.23702395
0.00003840	0.00000000	0.00000000	0.00000000	0.00000000	1.36966503	1.31138766	1.26410675	1.22740757
0.00004160	0.00000000	0.00000000	0.00000000	0.00000000	1.36262298	1.29857290	1.24190640	1.21466768
0.00004480	0.00000000	0.00000000	0.00000000	0.00000000	1.32260108	1.28817463	1.22918546	1.19904923
0.00004800	0.00000000	0.00000000	0.00000000	0.00000000	1.30863452	1.27251840	1.21675086	1.18315113
0.00005120	0.00000000	0.00000000	0.00000000	0.00000000	1.33022988	1.26397872	1.21336949	1.18614149
0.00005760	0.00000000	0.00000000	0.00000000	0.00000000	1.31273592	1.24996996	1.18862629	1.16335905
0.00006400	0.00000000	0.00000000	0.00000000	0.00000000	1.28507841	1.22971129	1.17658913	1.15025294
0.00007040	0.00000000	0.00000000	0.00000000	0.00000000	1.28777385	1.21245170	1.15501237	1.12524700
0.00007680	0.00000000	0.00000000	0.00000000	0.00000000	1.27704048	1.19969010	1.13898444	1.11401474
0.00008320	0.00000000	0.00000000	0.00000000	0.00000000	1.26643467	1.18505418	1.13299251	1.09734416
0.00008960	0.00000000	0.00000000	0.00000000	0.00000000	1.24732232	1.17513633	1.11632717	1.08838785
0.00009600	0.00000000	0.00000000	0.00000000	0.00000000	1.23840594	1.15858805	1.10551858	1.07656336
0.00010240	0.00000000	0.00000000	0.00000000	0.00000000	1.21871805	1.14540684	1.09599555	1.07282269
0.00011520	0.00000000	0.00000000	0.00000000	0.00000000	1.20461047	1.13019443	1.07957292	1.05467641
0.00012800	0.00000000	0.00000000	0.00000000	0.00000000	1.18919492	1.11262488	1.06299031	1.04402256
0.00014080	0.00000000	0.00000000	0.00000000	0.00000000	1.17618251	1.10022545	1.05677795	1.03914261
0.00015360	0.00000000	0.00000000	0.00000000	0.00000000	1.16774201	1.08509445	1.04339862	1.02998567
0.00016640	0.00000000	0.00000000	0.00000000	0.00000000	1.14637721	1.07483399	1.03347349	1.02580929
0.00017920	0.00000000	0.00000000	0.00000000	0.00000000	1.13116682	1.06598103	1.02688766	1.02355516
0.00019200	0.00000000	0.00000000	0.00000000	0.00000000	1.12533462	1.05948901	1.02405274	1.01911497
0.00020480	0.00000000	0.00000000	0.00000000	0.00000000	1.11601496	1.05189621	1.02176905	1.01342571
0.00023040	0.00000000	0.00000000	0.00000000	0.00000000	1.09947300	1.04148066	1.00996149	1.01137686
0.00025600	0.00000000	0.00000000	0.00000000	0.00000000	1.08885646	1.03244126	1.00828469	1.00834787
0.00028160	0.00000000	0.00000000	0.00000000	0.00000000	1.07016444	1.02761006	1.00411940	1.00901198
0.00030720	0.00000000	0.00000000	0.00000000	0.00000000	1.05856752	1.02039480	1.00085115	1.00645137
0.00033280	0.00000000	0.00000000	0.00000000	0.00000000	1.05317235	1.01771605	1.00305569	1.00211775
0.00035840	0.00000000	0.00000000	0.00000000	0.00000000	1.04657638	1.01355755	1.00456774	1.00366080
0.00038400	0.00000000	0.00000000	0.00000000	0.00000000	1.03561044	1.01177311	1.00539124	1.00034833
0.00040960	0.00000000	0.00000000	0.00000000	0.00000000	1.03660810	1.00731099	1.00475264	1.00041556
0.00046080	0.00000000	0.00000000	0.00000000	0.00000000	1.03178465	1.00648880	1.00172627	1.00283051
0.00051200	0.00000000	0.00000000	0.00000000	0.00000000	1.02031624	1.00393641	1.00604510	1.00225818
0.00056320	0.00000000	0.00000000	0.00000000	0.00000000	1.00916219	1.00280142	1.00270545	1.00237942
0.00061440	0.00000000	0.00000000	0.00000000	0.00000000	1.01166272	1.00072539	0.99907923	1.00047731
0.00066560	0.00000000	0.00000000	0.00000000	0.00000000	1.00608349	1.00213397	0.99939841	1.00117528
0.00071680	0.00000000	0.00000000	0.00000000	0.00000000	1.00924277	1.00198197	0.99669164	1.00259256
0.00076800	0.00000000	0.00000000	0.00000000	0.00000000	1.00959456	1.00019014	0.99647152	1.00040042
0.00081920	0.00000000	0.00000000	0.00000000	0.00000000	1.00762248	1.00247407	0.99839050	1.00071192
0.00092160	0.00000000	0.00000000	0.00000000	0.00000000	0.99954379	1.00251079	0.99867010	0.99943751
0.00102400	0.00000000	0.00000000	0.00000000	0.00000000	1.00255156	1.00184369	0.99854344	0.99933422
0.00112640	0.00000000	0.00000000	0.00000000	0.00000000	1.00758803	1.00112605	0.99835879	0.99790263
0.00122880	0.00000000	0.00000000	0.00000000	0.00000000	1.00706196	1.00147879	1.00088012	0.99844825
0.00133120	0.00000000	0.00000000	0.00000000	0.00000000	1.00271237	1.00016165	0.99641323	0.99616683
0.00143360	0.00000000	0.00000000	0.00000000	0.00000000	1.00282085	0.99825406	1.00021684	0.99482608
0.00153600	0.00000000	0.00000000	0.00000000	0.00000000	1.00774574	1.00014591	1.00203574	0.99500990
0.00163840	0.00000000	0.00000000	0.00000000	0.00000000	1.00246704	0.99930549	1.00109541	0.99492246
0.00184320	0.00000000	0.00000000	0.00000000	0.00000000	1.00656557	0.99677479	0.99758059	0.99867982
0.00204800	0.00000000	0.00000000	0.00000000	0.00000000	1.00262558	0.99823272	0.99857235	0.99831462
0.00225280	0.00000000	0.00000000	0.00000000	0.00000000	1.00373185	1.00029635	1.00078535	0.99690467
0.00245760	0.00000000	0.00000000	0.00000000	0.00000000	1.00122058	1.00138652	0.99895108	0.99979872
0.00266240	0.00000000	0.00000000	0.00000000	0.00000000	0.99751580	1.00093913	0.99665982	1.00170434
0.00286720	0.00000000	0.00000000	0.00000000	0.00000000	1.00124347	0.99708718	1.00011206	1.00204277
0.00307200	0.00000000	0.00000000	0.00000000	0.00000000	0.99988407	0.99849671	0.99915665	1.00014460
0.00327680	0.00000000	0.00000000	0.00000000	0.00000000	1.00211084	1.00001550	1.00047362	1.00216186
0.00368640	0.00000000	0.00000000	0.00000000	0.00000000	1.00289118	1.00174904	0.99882829	1.00098491
0.00409600	0.00000000	0.00000000	0.00000000	0.00000000	1.00088573	1.00268018	0.99957436	0.99959266
0.00450560	0.00000000	0.00000000	0.00000000	0.00000000	0.99728912	0.99946904	1.00067735	1.00137615
0.00491520	0.00000000	0.00000000	0.00000000	0.00000000	0.99581671	0.99864721	1.00326443	1.00110066
0.00532480	0.00000000	0.00000000	0.00000000	0.00000000	0.99888253	0.99955094	0.99988467	0.99875379
0.00573440	0.00000000	0.00000000	0.00000000	0.00000000	0.99641490	1.00145447	0.99934334	0.99938303
0.00614400	0.00000000	0.00000000	0.00000000	0.00000000	0.99954331	1.00070167	0.99844128	1.00151336
0.00655360	0.00000000	0.00000000	0.00000000	0.00000000	0.99975973	0.99743509	1.00234509	0.99934489
0.00737280	0.00000000	0.00000000	0.00000000	0.00000000	1.00001895	0.99766713	1.00025105	0.99996156
0.00819200	0.00000000	0.00000000	0.00000000	0.00000000	1.00071526	0.99915880	1.00049305	0.99916005
0.00901120	0.00000000	0.00000000	0.00000000	0.00000000	1.00074363	0.99910581	1.00067019	0.99911445
0.00983040	0.00000000	0.00000000	0.00000000	0.00000000	0.99923760	0.99987984	0.99942017	1.00077820
0.01064960	0.00000000	0.00000000	0.00000000	0.00000000	1.00296617	1.00052869	1.00103617	1.00056839
0.01146880	0.00000000	0.00000000	0.00000000	0.00000000	1.00050747	1.00066674	1.00061345	0.99941069
0.01228800	0.00000000	0.00000000	0.00000000	0.00000000	0.99980050	0.99893653	1.00042856	1.00014353
0.01310720	0.00000000	0.00000000	0.00000000	0.00000000	0.99730247	0.99814564	0.99927497	1.00056064
0.01474560	0.00000000	0.00000000	0.00000000	0.00000000	1.00280488	0.99890161	1.00036311	1.00078249
0.01638400	0.00000000	0.00000000	0.00000000	0.00000000	1.00167418	0.99949068	1.00029063	1.00040817
0.01802240	0.00000000	0.00000000	0.00000000	0.00000000	0.99788451	0.99969363	1.00040150	1.00097966
0.01966080	0.00000000	0.00000000	0.00000000	0.00000000	0.99743718	1.00120199	0.99983031	0.99916053
0.02129920	0.00000000	0.00000000	0.00000000	0.00000000	0.99950647	1.00059378	0.99992377	0.99916989
0.02293760	0.00000000	0.00000000	0.00000000	0.00000000	1.00061512	1.00208688	0.99946713	1.00011992
0.02457600	0.00000000	0.00000000	0.00000000	0.00000000	0.99841034	0.99930167	0.99899656	1.00060391
0.02621440	0.00000000	0.00000000	0.00000000	0.00000000	0.99625015	0.99980915	1.00111854	0.99959987
0.02949120	0.00000000	0.00000000	0.00000000	0.00000000	1.00060093	1.00056219	1.00003338	1.00082195
0.03276800	0.00000000	0.00000000	0.00000000	0.00000000	1.00191247	0.99994957	0.99991208	0.99930894
0.03604480	0.00000000	0.00000000	0.00000000	0.00000000	1.00185728	0.99962580	1.00032139	1.00001860
0.03932160	0.00000000	0.00000000	0.00000000	0.00000000	0.99995458	0.99988675	1.00007582	0.99987543
0.04259840	0.00000000	0.00000000	0.00000000	0.00000000	0.99944174	1.00003850	1.00061607	1.00040245
0.04587520	0.00000000	0.00000000	0.00000000	0.00000000	0.99768329	0.99877125	1.00006890	1.00113213
0.04915200	0.00000000	0.00000000	0.00000000	0.00000000	0.99861658	0.99957204	1.00026202	0.99939138
0.05242880	0.00000000	0.00000000	0.00000000	0.00000000	1.00038922	1.00030029	1.00031888	0.99954504
0.05898240	0.00000000	0.00000000	0.00000000	0.00000000	1.00071228	1.00015712	1.00087404	0.99993861
0.06553600	0.00000000	0.00000000	0.00000000	0.00000000	0.99853706	0.99970067	1.00067723	0.99964046
0.07208960	0.00000000	0.00000000	0.00000000	0.00000000	1.00171614	0.99940592	1.00053310	0.99964917
0.07864320	0.00000000	0.00000000	0.00000000	0.00000000	0.99998713	0.99999505	1.00074065	0.99959880
0.08519680	0.00000000	0.00000000	0.00000000	0.00000000	0.99998093	0.99955845	0.99973458	1.00026751
0.09175040	0.00000000	0.00000000	0.00000000	0.00000000	1.00079286	1.00047183	0.99982625	1.00014234
0.09830400	0.00000000	0.00000000	0.00000000	0.00000000	0.99794424	0.99962038	0.99982101	1.00021410
0.10485760	0.00000000	0.00000000	0.00000000	0.00000000	0.99901354	1.00010729	1.00010478	1.00016320
0.11796480	0.00000000	0.00000000	0.00000000	0.00000000	1.00049329	1.00014043	0.99991703	1.00009263
0.13107200	0.00000000	0.00000000	0.00000000	0.00000000	1.00025189	0.99977845	0.99975210	1.00014865
0.14417920	0.00000000	0.00000000	0.00000000	0.00000000	0.99816877	0.99955410	0.99998319	1.00011504
0.15728641	0.00000000	0.00000000	0.00000000	0.00000000	0.99948496	1.00019324	0.99987739	1.00035024
0.17039360	0.00000000	0.00000000	0.00000000	0.00000000	1.00008607	1.00045288	0.99977046	0.99988991
0.18350080	0.00000000	0.00000000	0.00000000	0.00000000	1.00099933	0.99982965	1.00065184	0.99968660
0.19660801	0.00000000	0.00000000	0.00000000	0.00000000	1.00052726	1.00037313	0.99975520	0.99993598
0.20971520	0.00000000	0.00000000	0.00000000	0.00000000	0.99915540	0.99985808	0.99988127	0.99970222
0.23592959	0.00000000	0.00000000	0.00000000	0.00000000	0.99953997	0.99963403	0.99998128	1.00014842
0.26214400	0.00000000	0.00000000	0.00000000	0.00000000	0.99962723	0.99955618	1.00002432	1.00011134
0.28835839	0.00000000	0.00000000	0.00000000	0.00000000	1.00138104	0.99969435	0.99957734	0.99961305
0.31457281	0.00000000	0.00000000	0.00000000	0.00000000	1.00016642	1.00030446	1.00014520	0.99999207
0.34078720	0.00000000	0.00000000	0.00000000	0.00000000	0.99971455	1.00022578	0.99977112	0.99997532
0.36700159	0.00000000	0.00000000	0.00000000	0.00000000	1.00048578	1.00038505	0.99977344	0.99993533
0.39321601	0.00000000	0.00000000	0.00000000	0.00000000	0.99972612	0.99950111	1.00008082	1.00000226
0.41943040	0.00000000	0.00000000	0.00000000	0.00000000	0.99978358	0.99994260	0.99949962	1.00003624
0.47185919	0.00000000	0.00000000	0.00000000	0.00000000	1.00003505	0.99991250	1.00005114	0.99986446
0.52428800	0.00000000	0.00000000	0.00000000	0.00000000	0.99951643	1.00020266	1.00016952	0.99988705
0.57671678	0.00000000	0.00000000	0.00000000	0.00000000	0.99993789	0.99984396	0.99991673	0.99987882
0.62914562	0.00000000	0.00000000	0.00000000	0.00000000	1.00022876	0.99995184	0.99990654	0.99998778
0.68157440	0.00000000	0.00000000	0.00000000	0.00000000	1.00003254	1.00026989	0.99992317	0.99989933
0.73400319	0.00000000	0.00000000	0.00000000	0.00000000	0.99971718	0.99996561	0.99982941	0.99994099
0.78643203	0.00000000	0.00000000	0.00000000	0.00000000	0.99947494	0.99996698	0.99982554	0.99954146
0.83886081	0.00000000	0.00000000	0.00000000	0.00000000	1.00014865	1.00011468	0.99988276	0.99979472
0.94371837	0.00000000	0.00000000	0.00000000	0.00000000	0.99993408	0.99985051	1.00000405	1.00010002
1.04857600	0.00000000	0.00000000	0.00000000	0.00000000	1.00019801	1.00001395	0.99984729	1.00022054
1.15343356	0.00000000	0.00000000	0.00000000	0.00000000	0.99968976	0.99962467	1.00028527	1.00005567
1.25829124	0.00000000	0.00000000	0.00000000	0.00000000	1.00031614	1.00012338	0.99997938	1.00003099
1.36314881	0.00000000	0.00000000	0.00000000	0.00000000	1.00018632	1.00012207	1.00010383	1.00002229
1.46800637	0.00000000	0.00000000	0.00000000	0.00000000	0.99963760	0.99999505	0.99973571	0.99982834
1.57286406	0.00000000	0.00000000	0.00000000	0.00000000	1.00045133	0.99991882	0.99982321	0.99999809
1.67772162	0.00000000	0.00000000	0.00000000	0.00000000	1.00035155	0.99998385	1.00012994	1.00008786
1.88743675	0.00000000	0.00000000	0.00000000	0.00000000	0.99997979	0.99998826	0.99998039	1.00004125
2.09715199	0.00000000	0.00000000	0.00000000	0.00000000	0.99971431	1.00009334	1.00002646	0.99995542
2.30686712	0.00000000	0.00000000	0.00000000	0.00000000	1.00007498	1.00003147	1.00006509	0.99985480
2.51658249	0.00000000	0.00000000	0.00000000	0.00000000	1.00027442	1.00000083	1.00009561	0.99999583
2.72629762	0.00000000	0.00000000	0.00000000	0.00000000	0.99979883	0.99995744	0.99988902	1.00011551
2.93601274	0.00000000	0.00000000	0.00000000	0.00000000	1.00033355	0.99991959	1.00003994	1.00025725
3.14572811	0.00000000	0.00000000	0.00000000	0.00000000	0.99970889	0.99998665	1.00006962	1.00004017
3.35544324	0.00000000	0.00000000	0.00000000	0.00000000	0.99949753	0.99992591	1.00009096	0.99970323
3.77487350	0.00000000	0.00000000	0.00000000	0.00000000	1.00001526	1.00003707	0.99982655	1.00007713
4.19430399	0.00000000	0.00000000	0.00000000	0.00000000	1.00011170	0.99999219	1.00013447	1.00011861
4.61373425	0.00000000	0.00000000	0.00000000	0.00000000	0.99943727	1.00004649	1.00015616	0.99977678
5.03316498	0.00000000	0.00000000	0.00000000	0.00000000	1.00000000	1.00000000	1.00000000	1.00000000
5.45259523	0.00000000	0.00000000	0.00000000	0.00000000	0.00000000	0.00000000	0.00000000	0.00000000
5.87202549	0.00000000	0.00000000	0.00000000	0.00000000	0.00000000	0.00000000	0.00000000	0.00000000
6.29145622	0.00000000	0.00000000	0.00000000	0.00000000	0.00000000	0.00000000	0.00000000	0.00000000
6.71088648	0.00000000	0.00000000	0.00000000	0.00000000	0.00000000	0.00000000	0.00000000	0.00000000
7.54974699	0.00000000	0.00000000	0.00000000	0.00000000	0.00000000	0.00000000	0.00000000	0.00000000
8.38860798	0.00000000	0.00000000	0.00000000	0.00000000	0.00000000	0.00000000	0.00000000	0.00000000
9.22746849	0.00000000	0.00000000	0.00000000	0.00000000	0.00000000	0.00000000	0.00000000	0.00000000
10.06632996	0.00000000	0.00000000	0.00000000	0.00000000	0.00000000	0.00000000	0.00000000	0.00000000
10.90519047	0.00000000	0.00000000	0.00000000	0.00000000	0.00000000	0.00000000	0.00000000	0.00000000
11.74405098	0.00000000	0.00000000	0.00000000	0.00000000	0.00000000	0.00000000	0.00000000	0.00000000
12.58291245	0.00000000	0.00000000	0.00000000	0.00000000	0.00000000	0.00000000	0.00000000	0.00000000
13.42177296	0.00000000	0.00000000	0.00000000	0.00000000	0.00000000	0.00000000	0.00000000	0.00000000
15.09949398	0.00000000	0.00000000	0.00000000	0.00000000	0.00000000	0.00000000	0.00000000	0.00000000
16.77721596	0.00000000	0.00000000	0.00000000	0.00000000	0.00000000	0.00000000	0.00000000	0.00000000
18.45493698	0.00000000	0.00000000	0.00000000	0.00000000	0.00000000	0.00000000	0.00000000	0.00000000
20.13265991	0.00000000	0.00000000	0.00000000	0.00000000	0.00000000	0.00000000	0.00000000	0.00000000
21.81038094	0.00000000	0.00000000	0.00000000	0.00000000	0.00000000	0.00000000	0.00000000	0.00000000
23.48810196	0.00000000	0.00000000	0.00000000	0.00000000	0.00000000	0.00000000	0.00000000	0.00000000
25.16582489	0.00000000	0.00000000	0.00000000	0.00000000	0.00000000	0.00000000	0.00000000	0.00000000
26.84354591	0.00000000	0.00000000	0.00000000	0.00000000	0.00000000	0.00000000	0.00000000	0.00000000
30.19898796	0.00000000	0.00000000	0.00000000	0.00000000	0.00000000	0.00000000	0.00000000	0.00000000
33.55443192	0.00000000	0.00000000	0.00000000	0.00000000	0.00000000	0.00000000	0.00000000	0.00000000
36.90987396	0.00000000	0.00000000	0.00000000	0.00000000	0.00000000	0.00000000	0.00000000	0.00000000
40.26531982	0.00000000	0.00000000	0.00000000	0.00000000	0.00000000	0.00000000	0.00000000	0.00000000
43.62076187	0.00000000	0.00000000	0.00000000	0.00000000	0.00000000	0.00000000	0.00000000	0.00000000
46.97620392	0.00000000	0.00000000	0.00000000	0.00000000	0.00000000	0.00000000	0.00000000	0.00000000
50.33164978	0.00000000	0.00000000	0.00000000	0.00000000	0.00000000	0.00000000	0.00000000	0.00000000
53.68709183	0.00000000	0.00000000	0.00000000	0.00000000	0.00000000	0.00000000	0.00000000	0.00000000
60.39797592	0.00000000	0.00000000	0.00000000	0.00000000	0.00000000	0.00000000	0.00000000	0.00000000
67.10886383	0.00000000	0.00000000	0.00000000	0.00000000	0.00000000	0.00000000	0.00000000	0.00000000
73.81974792	0.00000000	0.00000000	0.00000000	0.00000000	0.00000000	0.00000000	0.00000000	0.00000000
80.53063965	0.00000000	0.00000000	0.00000000	0.00000000	0.00000000	0.00000000	0.00000000	0.00000000
87.24152374	0.00000000	0.00000000	0.00000000	0.00000000	0.00000000	0.00000000	0.00000000	0.00000000
93.95240784	0.00000000	0.00000000	0.00000000	0.00000000	0.00000000	0.00000000	0.00000000	0.00000000
100.66329956	0.00000000	0.00000000	0.00000000	0.00000000	0.00000000	0.00000000	0.00000000	0.00000000
107.37418365	0.00000000	0.00000000	0.00000000	0.00000000	0.00000000	0.00000000	0.00000000	0.00000000
120.79595184	0.00000000	0.00000000	0.00000000	0.00000000	0.00000000	0.00000000	0.00000000	0.00000000
134.21772766	0.00000000	0.00000000	0.00000000	0.00000000	0.00000000	0.00000000	0.00000000	0.00000000
147.63949585	0.00000000	0.00000000	0.00000000	0.00000000	0.00000000	0.00000000	0.00000000	0.00000000
161.06127930	0.00000000	0.00000000	0.00000000	0.00000000	0.00000000	0.00000000	0.00000000	0.00000000
174.48304749	0.00000000	0.00000000	0.00000000	0.00000000	0.00000000	0.00000000	0.00000000	0.00000000
187.90481567	0.00000000	0.00000000	0.00000000	0.00000000	0.00000000	0.00000000	0.00000000	0.00000000
201.32659912	0.00000000	0.00000000	0.00000000	0.00000000	0.00000000	0.00000000	0.00000000	0.00000000
214.74836731	0.00000000	0.00000000	0.00000000	0.00000000	0.00000000	0.00000000	0.00000000	0.00000000
241.59190369	0.00000000	0.00000000	0.00000000	0.00000000	0.00000000	0.00000000	0.00000000	0.00000000
268.43545532	0.00000000	0.00000000	0.00000000	0.00000000	0.00000000	0.00000000	0.00000000	0.00000000
295.27899170	0.00000000	0.00000000	0.00000000	0.00000000	0.00000000	0.00000000	0.00000000	0.00000000
322.12255859	0.00000000	0.00000000	0.00000000	0.00000000	0.00000000	0.00000000	0.00000000	0.00000000
348.96609497	0.00000000	0.00000000	0.00000000	0.00000000	0.00000000	0.00000000	0.00000000	0.00000000
375.80963135	0.00000000	0.00000000	0.00000000	0.00000000	0.00000000	0.00000000	0.00000000	0.00000000
402.65319824	0.00000000	0.00000000	0.00000000	0.00000000	0.00000000	0.00000000	0.00000000	0.00000000
429.49673462	0.00000000	0.00000000	0.00000000	0.00000000	0.00000000	0.00000000	0.00000000	0.00000000
483.18380737	0.00000000	0.00000000	0.00000000	0.00000000	0.00000000	0.00000000	0.00000000	0.00000000
536.87091064	0.00000000	0.00000000	0.00000000	0.00000000	0.00000000	0.00000000	0.00000000	0.00000000
590.55798340	0.00000000	0.00000000	0.00000000	0.00000000	0.00000000	0.00000000	0.00000000	0.00000000
644.24511719	0.00000000	0.00000000	0.00000000	0.00000000	0.00000000	0.00000000	0.00000000	0.00000000
697.93218994	0.00000000	0.00000000	0.00000000	0.00000000	0.00000000	0.00000000	0.00000000	0.00000000
751.61926270	0.00000000	0.00000000	0.00000000	0.00000000	0.00000000	0.00000000	0.00000000	0.00000000
805.30639648	0.00000000	0.00000000	0.00000000	0.00000000	0.00000000	0.00000000	0.00000000	0.00000000
858.99346924	0.00000000	0.00000000	0.00000000	0.00000000	0.00000000	0.00000000	0.00000000	0.00000000
966.36761475	0.00000000	0.00000000	0.00000000	0.00000000	0.00000000	0.00000000	0.00000000	0.00000000
1073.74182129	0.00000000	0.00000000	0.00000000	0.00000000	0.00000000	0.00000000	0.00000000	0.00000000
1181.11596680	0.00000000	0.00000000	0.00000000	0.00000000	0.00000000	0.00000000	0.00000000	0.00000000
1288.49023437	0.00000000	0.00000000	0.00000000	0.00000000	0.00000000	0.00000000	0.00000000	0.00000000
1395.86437988	0.00000000	0.00000000	0.00000000	0.00000000	0.00000000	0.00000000	0.00000000	0.00000000
1503.23852539	0.00000000	0.00000000	0.00000000	0.00000000	0.00000000	0.00000000	0.00000000	0.00000000
1610.61279297	0.00000000	0.00000000	0.00000000	0.00000000	0.00000000	0.00000000	0.00000000	0.00000000
1717.98693848	0.00000000	0.00000000	0.00000000	0.00000000	0.00000000	0.00000000	0.00000000	0.00000000
1932.73522949	0.00000000	0.00000000	0.00000000	0.00000000	0.00000000	0.00000000	0.00000000	0.00000000
2147.48364258	0.00000000	0.00000000	0.00000000	0.00000000	0.00000000	0.00000000	0.00000000	0.00000000
2362.23193359	0.00000000	0.00000000	0.00000000	0.00000000	0.00000000	0.00000000	0.00000000	0.00000000
2576.98046875	0.00000000	0.00000000	0.00000000	0.00000000	0.00000000	0.00000000	0.00000000	0.00000000
2791.72875977	0.00000000	0.00000000	0.00000000	0.00000000	0.00000000	0.00000000	0.00000000	0.00000000
3006.47705078	0.00000000	0.00000000	0.00000000	0.00000000	0.00000000	0.00000000	0.00000000	0.00000000
3221.22558594	0.00000000	0.00000000	0.00000000	0.00000000	0.00000000	0.00000000	0.00000000	0.00000000
3435.97387695	0.00000000	0.00000000	0.00000000	0.00000000	0.00000000	0.00000000	0.00000000	0.00000000
0	0	0	0	0	0	0	0	0
