%2/14/2019 2:17:26 PM
%Duration	ID1		ID2		ID3		ID4		ID5		ID6		ID7		ID8
3000.000000	0.000000	0.000000	0.000000	0.000000	43.821335	171.947479	127.925873	101.852417
%Tau		Tau1		Tau2		Tau3		Tau4		Tau5		Tau6		Tau7		Tau8
%		0.000000	0.000000	0.000000	0.000000	0.000115	0.000083	0.000051	0.000045
%Delaytime	D1		D2		D3		D4		D5		D6		D7		D8
0.00000020	0.00000000	0.00000000	0.00000000	0.00000000	1.90583885	1.85252392	2.12902665	1.65718949
0.00000040	0.00000000	0.00000000	0.00000000	0.00000000	1.52543581	1.52092135	1.57840145	1.52057409
0.00000060	0.00000000	0.00000000	0.00000000	0.00000000	1.57895982	1.48171937	1.46624506	1.52913392
0.00000080	0.00000000	0.00000000	0.00000000	0.00000000	1.46617699	1.47987449	1.49628305	1.51509571
0.00000100	0.00000000	0.00000000	0.00000000	0.00000000	1.45853066	1.49244225	1.49563479	1.46510613
0.00000120	0.00000000	0.00000000	0.00000000	0.00000000	1.58660614	1.48483241	1.46991873	1.47366607
0.00000140	0.00000000	0.00000000	0.00000000	0.00000000	1.51396632	1.47929800	1.47488904	1.48564982
0.00000160	0.00000000	0.00000000	0.00000000	0.00000000	1.48146951	1.47906744	1.46775782	1.49078572
0.00000180	0.00000000	0.00000000	0.00000000	0.00000000	1.53117049	1.47906744	1.46408403	1.50276959
0.00000200	0.00000000	0.00000000	0.00000000	0.00000000	1.51205468	1.47964394	1.43728757	1.46236706
0.00000220	0.00000000	0.00000000	0.00000000	0.00000000	1.45088434	1.46511614	1.46084249	1.53324270
0.00000240	0.00000000	0.00000000	0.00000000	0.00000000	1.41647601	1.47849095	1.47964334	1.47161162
0.00000260	0.00000000	0.00000000	0.00000000	0.00000000	1.44514966	1.45462382	1.47121537	1.47092688
0.00000280	0.00000000	0.00000000	0.00000000	0.00000000	1.50058532	1.46419370	1.49282551	1.47469318
0.00000300	0.00000000	0.00000000	0.00000000	0.00000000	1.55793250	1.48206520	1.45090187	1.45723104
0.00000320	0.00000000	0.00000000	0.00000000	0.00000000	1.39736032	1.45819819	1.47899497	1.48051393
0.00000360	0.00000000	0.00000000	0.00000000	0.00000000	1.45279598	1.44574571	1.45533192	1.46870136
0.00000400	0.00000000	0.00000000	0.00000000	0.00000000	1.54741883	1.46038890	1.45252264	1.47503555
0.00000440	0.00000000	0.00000000	0.00000000	0.00000000	1.50058532	1.45104957	1.46635306	1.47075570
0.00000480	0.00000000	0.00000000	0.00000000	0.00000000	1.47095585	1.46327138	1.43199301	1.46288061
0.00000520	0.00000000	0.00000000	0.00000000	0.00000000	1.48242533	1.45243311	1.45500779	1.46288061
0.00000560	0.00000000	0.00000000	0.00000000	0.00000000	1.50249684	1.44799411	1.46181500	1.44644570
0.00000600	0.00000000	0.00000000	0.00000000	0.00000000	1.43272448	1.45214486	1.41438079	1.43566024
0.00000640	0.00000000	0.00000000	0.00000000	0.00000000	1.48242533	1.45664155	1.42734683	1.44079614
0.00000720	0.00000000	0.00000000	0.00000000	0.00000000	1.48385906	1.45473921	1.43247926	1.41537333
0.00000800	0.00000000	0.00000000	0.00000000	0.00000000	1.45375168	1.43565702	1.42318690	1.42068052
0.00000880	0.00000000	0.00000000	0.00000000	0.00000000	1.46139801	1.41945744	1.42448354	1.42881238
0.00000960	0.00000000	0.00000000	0.00000000	0.00000000	1.47860217	1.42871022	1.43037224	1.38849545
0.00001040	0.00000000	0.00000000	0.00000000	0.00000000	1.44562757	1.43205392	1.43134475	1.40227675
0.00001120	0.00000000	0.00000000	0.00000000	0.00000000	1.47095585	1.41524899	1.40816796	1.38284588
0.00001200	0.00000000	0.00000000	0.00000000	0.00000000	1.44180441	1.41720903	1.40914035	1.38156188
0.00001280	0.00000000	0.00000000	0.00000000	0.00000000	1.40261710	1.41824675	1.38915098	1.38156188
0.00001440	0.00000000	0.00000000	0.00000000	0.00000000	1.46952224	1.40379095	1.37702239	1.37450004
0.00001600	0.00000000	0.00000000	0.00000000	0.00000000	1.41814864	1.39326990	1.38650382	1.36970651
0.00001760	0.00000000	0.00000000	0.00000000	0.00000000	1.44204330	1.38988292	1.35090113	1.34171569
0.00001920	0.00000000	0.00000000	0.00000000	0.00000000	1.45040643	1.38165343	1.34963155	1.34188688
0.00002080	0.00000000	0.00000000	0.00000000	0.00000000	1.44753909	1.37346709	1.34439111	1.32160008
0.00002240	0.00000000	0.00000000	0.00000000	0.00000000	1.42292762	1.36428642	1.32880485	1.32142889
0.00002400	0.00000000	0.00000000	0.00000000	0.00000000	1.40452874	1.35833406	1.32826459	1.31689215
0.00002560	0.00000000	0.00000000	0.00000000	0.00000000	1.42197180	1.35249698	1.30768096	1.29262495
0.00002880	0.00000000	0.00000000	0.00000000	0.00000000	1.41732228	1.33875096	1.30252552	1.27804697
0.00003200	0.00000000	0.00000000	0.00000000	0.00000000	1.41454911	1.33380055	1.28156114	1.25370753
0.00003520	0.00000000	0.00000000	0.00000000	0.00000000	1.38765335	1.31476498	1.27582014	1.24575710
0.00003840	0.00000000	0.00000000	0.00000000	0.00000000	1.35283303	1.30733573	1.25272143	1.22803497
0.00004160	0.00000000	0.00000000	0.00000000	0.00000000	1.35403371	1.29176688	1.23201025	1.21843469
0.00004480	0.00000000	0.00000000	0.00000000	0.00000000	1.32305551	1.28270185	1.22644496	1.19837666
0.00004800	0.00000000	0.00000000	0.00000000	0.00000000	1.34839034	1.26775658	1.21143103	1.18136168
0.00005120	0.00000000	0.00000000	0.00000000	0.00000000	1.32089424	1.25964081	1.20514989	1.17456853
0.00005760	0.00000000	0.00000000	0.00000000	0.00000000	1.30759645	1.24521804	1.18639612	1.15521276
0.00006400	0.00000000	0.00000000	0.00000000	0.00000000	1.29888952	1.22397256	1.16634107	1.13958681
0.00007040	0.00000000	0.00000000	0.00000000	0.00000000	1.28635454	1.20935380	1.14990842	1.12739050
0.00007680	0.00000000	0.00000000	0.00000000	0.00000000	1.27580917	1.19396222	1.13830078	1.11115372
0.00008320	0.00000000	0.00000000	0.00000000	0.00000000	1.26081526	1.18121421	1.11937332	1.10222614
0.00008960	0.00000000	0.00000000	0.00000000	0.00000000	1.23844421	1.16963983	1.10840046	1.08960104
0.00009600	0.00000000	0.00000000	0.00000000	0.00000000	1.24366212	1.15959299	1.09946680	1.08222759
0.00010240	0.00000000	0.00000000	0.00000000	0.00000000	1.21272433	1.14912140	1.09057367	1.06858432
0.00011520	0.00000000	0.00000000	0.00000000	0.00000000	1.21373427	1.12874186	1.07311964	1.05697751
0.00012800	0.00000000	0.00000000	0.00000000	0.00000000	1.18798912	1.11608946	1.05985248	1.04195631
0.00014080	0.00000000	0.00000000	0.00000000	0.00000000	1.17738771	1.09849417	1.05148733	1.03617251
0.00015360	0.00000000	0.00000000	0.00000000	0.00000000	1.16192544	1.08671379	1.04333436	1.03141725
0.00016640	0.00000000	0.00000000	0.00000000	0.00000000	1.14689183	1.07446897	1.03376746	1.02457643
0.00017920	0.00000000	0.00000000	0.00000000	0.00000000	1.12053823	1.06700528	1.02821672	1.01818013
0.00019200	0.00000000	0.00000000	0.00000000	0.00000000	1.11775315	1.05798388	1.01953316	1.01748908
0.00020480	0.00000000	0.00000000	0.00000000	0.00000000	1.10227931	1.05065501	1.01689589	1.00859833
0.00023040	0.00000000	0.00000000	0.00000000	0.00000000	1.09316027	1.04165804	1.01158500	1.01116347
0.00025600	0.00000000	0.00000000	0.00000000	0.00000000	1.08237827	1.03188586	1.00836062	1.00292051
0.00028160	0.00000000	0.00000000	0.00000000	0.00000000	1.07196605	1.02509236	1.00455105	0.99894947
0.00030720	0.00000000	0.00000000	0.00000000	0.00000000	1.06198490	1.01793098	1.00174344	1.00105405
0.00033280	0.00000000	0.00000000	0.00000000	0.00000000	1.04739106	1.01530457	1.00083733	1.00034988
0.00035840	0.00000000	0.00000000	0.00000000	0.00000000	1.04286802	1.00950706	0.99699491	0.99572951
0.00038400	0.00000000	0.00000000	0.00000000	0.00000000	1.04272699	1.00687349	0.99936503	0.99876249
0.00040960	0.00000000	0.00000000	0.00000000	0.00000000	1.03213203	1.00135398	0.99824005	0.99762791
0.00046080	0.00000000	0.00000000	0.00000000	0.00000000	1.02533078	1.00380445	0.99950641	0.99818438
0.00051200	0.00000000	0.00000000	0.00000000	0.00000000	1.01779103	1.00336492	1.00151062	0.99961543
0.00056320	0.00000000	0.00000000	0.00000000	0.00000000	1.01258564	0.99918956	1.00081480	1.00380862
0.00061440	0.00000000	0.00000000	0.00000000	0.00000000	1.00778961	1.00289023	1.00387800	1.00336134
0.00066560	0.00000000	0.00000000	0.00000000	0.00000000	1.00301933	1.00020230	0.99993151	1.00135839
0.00071680	0.00000000	0.00000000	0.00000000	0.00000000	0.99618363	0.99844795	1.00076818	1.00350010
0.00076800	0.00000000	0.00000000	0.00000000	0.00000000	0.99912286	0.99846137	0.99855542	1.00371218
0.00081920	0.00000000	0.00000000	0.00000000	0.00000000	1.00072336	0.99926752	0.99943024	0.99996626
0.00092160	0.00000000	0.00000000	0.00000000	0.00000000	1.00089431	1.00027966	1.00147247	1.00408614
0.00102400	0.00000000	0.00000000	0.00000000	0.00000000	1.00147450	0.99805611	0.99901962	1.00244629
0.00112640	0.00000000	0.00000000	0.00000000	0.00000000	1.00293398	0.99938452	1.00114644	0.99784213
0.00122880	0.00000000	0.00000000	0.00000000	0.00000000	1.00540316	1.00077927	0.99760860	0.99903345
0.00133120	0.00000000	0.00000000	0.00000000	0.00000000	1.00436234	0.99811959	0.99714273	0.99587411
0.00143360	0.00000000	0.00000000	0.00000000	0.00000000	1.00344133	0.99790668	1.00012708	0.99682581
0.00153600	0.00000000	0.00000000	0.00000000	0.00000000	0.99788678	0.99988937	1.00026357	1.00056255
0.00163840	0.00000000	0.00000000	0.00000000	0.00000000	0.99662548	1.00052297	1.00102365	1.00201690
0.00184320	0.00000000	0.00000000	0.00000000	0.00000000	0.99214661	0.99938738	1.00073946	1.00203407
0.00204800	0.00000000	0.00000000	0.00000000	0.00000000	0.99814838	0.99596435	1.00041866	0.99849135
0.00225280	0.00000000	0.00000000	0.00000000	0.00000000	0.99653095	0.99699551	0.99845159	0.99942476
0.00245760	0.00000000	0.00000000	0.00000000	0.00000000	0.99963182	0.99748474	0.99910563	1.00091958
0.00266240	0.00000000	0.00000000	0.00000000	0.00000000	1.00412452	0.99822468	0.99974477	1.00251412
0.00286720	0.00000000	0.00000000	0.00000000	0.00000000	1.00506878	0.99971032	1.00276899	1.00036526
0.00307200	0.00000000	0.00000000	0.00000000	0.00000000	1.00287247	0.99877089	1.00003040	1.00032496
0.00327680	0.00000000	0.00000000	0.00000000	0.00000000	0.99682921	0.99528384	1.00209677	0.99999005
0.00368640	0.00000000	0.00000000	0.00000000	0.00000000	0.99578971	1.00049663	1.00045097	0.99767268
0.00409600	0.00000000	0.00000000	0.00000000	0.00000000	0.99900860	1.00120759	1.00094032	1.00169516
0.00450560	0.00000000	0.00000000	0.00000000	0.00000000	1.00119495	1.00295067	1.00018215	0.99845099
0.00491520	0.00000000	0.00000000	0.00000000	0.00000000	1.00072002	1.00056076	0.99804014	0.99947393
0.00532480	0.00000000	0.00000000	0.00000000	0.00000000	1.00005746	1.00211680	0.99913877	0.99920124
0.00573440	0.00000000	0.00000000	0.00000000	0.00000000	1.00299358	1.00070405	0.99898922	0.99838310
0.00614400	0.00000000	0.00000000	0.00000000	0.00000000	1.00580060	1.00101280	1.00130355	0.99900341
0.00655360	0.00000000	0.00000000	0.00000000	0.00000000	1.00507724	0.99821520	0.99997681	0.99859774
0.00737280	0.00000000	0.00000000	0.00000000	0.00000000	1.00236547	0.99993044	0.99866277	1.00093091
0.00819200	0.00000000	0.00000000	0.00000000	0.00000000	1.00041521	1.00021815	1.00005734	1.00049043
0.00901120	0.00000000	0.00000000	0.00000000	0.00000000	1.00346851	0.99836910	0.99954522	0.99917173
0.00983040	0.00000000	0.00000000	0.00000000	0.00000000	0.99955374	1.00020742	1.00031126	0.99946409
0.01064960	0.00000000	0.00000000	0.00000000	0.00000000	0.99993175	1.00041068	0.99980253	1.00103211
0.01146880	0.00000000	0.00000000	0.00000000	0.00000000	0.99913049	0.99964416	0.99984229	1.00118685
0.01228800	0.00000000	0.00000000	0.00000000	0.00000000	1.00237644	1.00042093	1.00014246	1.00025499
0.01310720	0.00000000	0.00000000	0.00000000	0.00000000	1.00352705	0.99984145	1.00087225	0.99922752
0.01474560	0.00000000	0.00000000	0.00000000	0.00000000	0.99655646	0.99921709	0.99809498	1.00000715
0.01638400	0.00000000	0.00000000	0.00000000	0.00000000	0.99829996	1.00047457	1.00036550	1.00022626
0.01802240	0.00000000	0.00000000	0.00000000	0.00000000	1.00005329	0.99975324	0.99962139	1.00076056
0.01966080	0.00000000	0.00000000	0.00000000	0.00000000	0.99917024	1.00100815	0.99986267	1.00180840
0.02129920	0.00000000	0.00000000	0.00000000	0.00000000	1.00101840	1.00170445	1.00067556	0.99982780
0.02293760	0.00000000	0.00000000	0.00000000	0.00000000	0.99951857	0.99936604	0.99996138	0.99983603
0.02457600	0.00000000	0.00000000	0.00000000	0.00000000	1.00137198	1.00054669	1.00101292	0.99968857
0.02621440	0.00000000	0.00000000	0.00000000	0.00000000	1.00068092	0.99966854	0.99881452	0.99918103
0.02949120	0.00000000	0.00000000	0.00000000	0.00000000	0.99948430	1.00023460	0.99903995	0.99965507
0.03276800	0.00000000	0.00000000	0.00000000	0.00000000	0.99991935	0.99925709	1.00014544	1.00100887
0.03604480	0.00000000	0.00000000	0.00000000	0.00000000	0.99950331	0.99941230	1.00014699	1.00030971
0.03932160	0.00000000	0.00000000	0.00000000	0.00000000	1.00041282	1.00003850	1.00020635	0.99953729
0.04259840	0.00000000	0.00000000	0.00000000	0.00000000	0.99962628	0.99998122	1.00035906	0.99989408
0.04587520	0.00000000	0.00000000	0.00000000	0.00000000	1.00233591	0.99873894	0.99942935	1.00001967
0.04915200	0.00000000	0.00000000	0.00000000	0.00000000	0.99997902	1.00001824	1.00026894	1.00055039
0.05242880	0.00000000	0.00000000	0.00000000	0.00000000	0.99920392	0.99965650	0.99961823	1.00045359
0.05898240	0.00000000	0.00000000	0.00000000	0.00000000	0.99993497	1.00035238	0.99990743	0.99983960
0.06553600	0.00000000	0.00000000	0.00000000	0.00000000	1.00019002	0.99921119	1.00066590	1.00031328
0.07208960	0.00000000	0.00000000	0.00000000	0.00000000	1.00019813	0.99996698	1.00011182	1.00010502
0.07864320	0.00000000	0.00000000	0.00000000	0.00000000	1.00087023	0.99965107	0.99978167	0.99932373
0.08519680	0.00000000	0.00000000	0.00000000	0.00000000	1.00050199	0.99912584	1.00047314	1.00035739
0.09175040	0.00000000	0.00000000	0.00000000	0.00000000	0.99919635	1.00001371	1.00031328	0.99976128
0.09830400	0.00000000	0.00000000	0.00000000	0.00000000	1.00006211	1.00001049	0.99981999	1.00029063
0.10485760	0.00000000	0.00000000	0.00000000	0.00000000	0.99815476	1.00031900	1.00013328	0.99966568
0.11796480	0.00000000	0.00000000	0.00000000	0.00000000	0.99840033	0.99927270	1.00009108	1.00018406
0.13107200	0.00000000	0.00000000	0.00000000	0.00000000	0.99930036	1.00027061	0.99986500	1.00032616
0.14417920	0.00000000	0.00000000	0.00000000	0.00000000	0.99982709	1.00009561	1.00016069	0.99982530
0.15728641	0.00000000	0.00000000	0.00000000	0.00000000	0.99929577	1.00091815	1.00004601	1.00009871
0.17039360	0.00000000	0.00000000	0.00000000	0.00000000	1.00051665	1.00061810	1.00026131	1.00035536
0.18350080	0.00000000	0.00000000	0.00000000	0.00000000	1.00000989	1.00059414	1.00011647	1.00000417
0.19660801	0.00000000	0.00000000	0.00000000	0.00000000	0.99895304	0.99987131	1.00041509	0.99967331
0.20971520	0.00000000	0.00000000	0.00000000	0.00000000	1.00108063	0.99985802	0.99998409	1.00008273
0.23592959	0.00000000	0.00000000	0.00000000	0.00000000	1.00091457	0.99983138	0.99993050	0.99989724
0.26214400	0.00000000	0.00000000	0.00000000	0.00000000	1.00019038	1.00016963	0.99983609	1.00031722
0.28835839	0.00000000	0.00000000	0.00000000	0.00000000	0.99984318	1.00015116	0.99971390	0.99995524
0.31457281	0.00000000	0.00000000	0.00000000	0.00000000	0.99980003	1.00013173	1.00009835	0.99995208
0.34078720	0.00000000	0.00000000	0.00000000	0.00000000	0.99959606	1.00056291	0.99979222	0.99988061
0.36700159	0.00000000	0.00000000	0.00000000	0.00000000	0.99922997	0.99999100	0.99986738	0.99981391
0.39321601	0.00000000	0.00000000	0.00000000	0.00000000	1.00042081	0.99969506	1.00012493	0.99996668
0.41943040	0.00000000	0.00000000	0.00000000	0.00000000	1.00029910	0.99985456	0.99972057	1.00023544
0.47185919	0.00000000	0.00000000	0.00000000	0.00000000	1.00042164	1.00014806	1.00001323	1.00000107
0.52428800	0.00000000	0.00000000	0.00000000	0.00000000	1.00069535	1.00013995	0.99999273	0.99989235
0.57671678	0.00000000	0.00000000	0.00000000	0.00000000	0.99966276	0.99982333	1.00001621	0.99972427
0.62914562	0.00000000	0.00000000	0.00000000	0.00000000	1.00021267	1.00025892	0.99989927	0.99983466
0.68157440	0.00000000	0.00000000	0.00000000	0.00000000	0.99985194	1.00013053	1.00010657	0.99972266
0.73400319	0.00000000	0.00000000	0.00000000	0.00000000	0.99983847	0.99982458	0.99981350	0.99985278
0.78643203	0.00000000	0.00000000	0.00000000	0.00000000	0.99989635	1.00032806	0.99996966	1.00000370
0.83886081	0.00000000	0.00000000	0.00000000	0.00000000	1.00009203	1.00001681	0.99999601	0.99975181
0.94371837	0.00000000	0.00000000	0.00000000	0.00000000	1.00000656	1.00006735	1.00007761	1.00002313
1.04857600	0.00000000	0.00000000	0.00000000	0.00000000	1.00023115	0.99997354	0.99994171	0.99993384
1.15343356	0.00000000	0.00000000	0.00000000	0.00000000	0.99987036	0.99985009	1.00004005	1.00016546
1.25829124	0.00000000	0.00000000	0.00000000	0.00000000	1.00008142	1.00011873	0.99978817	0.99990284
1.36314881	0.00000000	0.00000000	0.00000000	0.00000000	0.99999684	1.00001657	0.99997652	1.00013888
1.46800637	0.00000000	0.00000000	0.00000000	0.00000000	1.00021100	0.99997497	0.99989504	0.99995619
1.57286406	0.00000000	0.00000000	0.00000000	0.00000000	0.99974418	0.99980116	0.99976951	1.00020516
1.67772162	0.00000000	0.00000000	0.00000000	0.00000000	0.99988842	0.99990451	0.99992180	1.00017118
1.88743675	0.00000000	0.00000000	0.00000000	0.00000000	1.00009227	0.99985266	1.00011432	0.99970037
2.09715199	0.00000000	0.00000000	0.00000000	0.00000000	1.00016487	0.99994588	1.00018477	1.00013387
2.30686712	0.00000000	0.00000000	0.00000000	0.00000000	0.99982703	0.99983138	1.00002265	0.99991804
2.51658249	0.00000000	0.00000000	0.00000000	0.00000000	1.00003099	0.99982309	0.99996811	1.00009382
2.72629762	0.00000000	0.00000000	0.00000000	0.00000000	0.99983919	1.00000131	0.99995917	1.00018179
2.93601274	0.00000000	0.00000000	0.00000000	0.00000000	1.00013173	0.99997091	1.00007546	0.99995309
3.14572811	0.00000000	0.00000000	0.00000000	0.00000000	0.99989599	0.99977726	1.00017858	0.99997282
3.35544324	0.00000000	0.00000000	0.00000000	0.00000000	1.00017023	1.00011718	0.99984759	0.99978620
3.77487350	0.00000000	0.00000000	0.00000000	0.00000000	1.00005174	1.00000370	0.99999827	1.00008607
4.19430399	0.00000000	0.00000000	0.00000000	0.00000000	0.99998659	1.00012863	1.00009334	0.99993575
4.61373425	0.00000000	0.00000000	0.00000000	0.00000000	0.99995810	0.99998742	0.99981529	0.99980450
5.03316498	0.00000000	0.00000000	0.00000000	0.00000000	1.00000000	1.00000000	1.00000000	1.00000000
5.45259523	0.00000000	0.00000000	0.00000000	0.00000000	0.00000000	0.00000000	0.00000000	0.00000000
5.87202549	0.00000000	0.00000000	0.00000000	0.00000000	0.00000000	0.00000000	0.00000000	0.00000000
6.29145622	0.00000000	0.00000000	0.00000000	0.00000000	0.00000000	0.00000000	0.00000000	0.00000000
6.71088648	0.00000000	0.00000000	0.00000000	0.00000000	0.00000000	0.00000000	0.00000000	0.00000000
7.54974699	0.00000000	0.00000000	0.00000000	0.00000000	0.00000000	0.00000000	0.00000000	0.00000000
8.38860798	0.00000000	0.00000000	0.00000000	0.00000000	0.00000000	0.00000000	0.00000000	0.00000000
9.22746849	0.00000000	0.00000000	0.00000000	0.00000000	0.00000000	0.00000000	0.00000000	0.00000000
10.06632996	0.00000000	0.00000000	0.00000000	0.00000000	0.00000000	0.00000000	0.00000000	0.00000000
10.90519047	0.00000000	0.00000000	0.00000000	0.00000000	0.00000000	0.00000000	0.00000000	0.00000000
11.74405098	0.00000000	0.00000000	0.00000000	0.00000000	0.00000000	0.00000000	0.00000000	0.00000000
12.58291245	0.00000000	0.00000000	0.00000000	0.00000000	0.00000000	0.00000000	0.00000000	0.00000000
13.42177296	0.00000000	0.00000000	0.00000000	0.00000000	0.00000000	0.00000000	0.00000000	0.00000000
15.09949398	0.00000000	0.00000000	0.00000000	0.00000000	0.00000000	0.00000000	0.00000000	0.00000000
16.77721596	0.00000000	0.00000000	0.00000000	0.00000000	0.00000000	0.00000000	0.00000000	0.00000000
18.45493698	0.00000000	0.00000000	0.00000000	0.00000000	0.00000000	0.00000000	0.00000000	0.00000000
20.13265991	0.00000000	0.00000000	0.00000000	0.00000000	0.00000000	0.00000000	0.00000000	0.00000000
21.81038094	0.00000000	0.00000000	0.00000000	0.00000000	0.00000000	0.00000000	0.00000000	0.00000000
23.48810196	0.00000000	0.00000000	0.00000000	0.00000000	0.00000000	0.00000000	0.00000000	0.00000000
25.16582489	0.00000000	0.00000000	0.00000000	0.00000000	0.00000000	0.00000000	0.00000000	0.00000000
26.84354591	0.00000000	0.00000000	0.00000000	0.00000000	0.00000000	0.00000000	0.00000000	0.00000000
30.19898796	0.00000000	0.00000000	0.00000000	0.00000000	0.00000000	0.00000000	0.00000000	0.00000000
33.55443192	0.00000000	0.00000000	0.00000000	0.00000000	0.00000000	0.00000000	0.00000000	0.00000000
36.90987396	0.00000000	0.00000000	0.00000000	0.00000000	0.00000000	0.00000000	0.00000000	0.00000000
40.26531982	0.00000000	0.00000000	0.00000000	0.00000000	0.00000000	0.00000000	0.00000000	0.00000000
43.62076187	0.00000000	0.00000000	0.00000000	0.00000000	0.00000000	0.00000000	0.00000000	0.00000000
46.97620392	0.00000000	0.00000000	0.00000000	0.00000000	0.00000000	0.00000000	0.00000000	0.00000000
50.33164978	0.00000000	0.00000000	0.00000000	0.00000000	0.00000000	0.00000000	0.00000000	0.00000000
53.68709183	0.00000000	0.00000000	0.00000000	0.00000000	0.00000000	0.00000000	0.00000000	0.00000000
60.39797592	0.00000000	0.00000000	0.00000000	0.00000000	0.00000000	0.00000000	0.00000000	0.00000000
67.10886383	0.00000000	0.00000000	0.00000000	0.00000000	0.00000000	0.00000000	0.00000000	0.00000000
73.81974792	0.00000000	0.00000000	0.00000000	0.00000000	0.00000000	0.00000000	0.00000000	0.00000000
80.53063965	0.00000000	0.00000000	0.00000000	0.00000000	0.00000000	0.00000000	0.00000000	0.00000000
87.24152374	0.00000000	0.00000000	0.00000000	0.00000000	0.00000000	0.00000000	0.00000000	0.00000000
93.95240784	0.00000000	0.00000000	0.00000000	0.00000000	0.00000000	0.00000000	0.00000000	0.00000000
100.66329956	0.00000000	0.00000000	0.00000000	0.00000000	0.00000000	0.00000000	0.00000000	0.00000000
107.37418365	0.00000000	0.00000000	0.00000000	0.00000000	0.00000000	0.00000000	0.00000000	0.00000000
120.79595184	0.00000000	0.00000000	0.00000000	0.00000000	0.00000000	0.00000000	0.00000000	0.00000000
134.21772766	0.00000000	0.00000000	0.00000000	0.00000000	0.00000000	0.00000000	0.00000000	0.00000000
147.63949585	0.00000000	0.00000000	0.00000000	0.00000000	0.00000000	0.00000000	0.00000000	0.00000000
161.06127930	0.00000000	0.00000000	0.00000000	0.00000000	0.00000000	0.00000000	0.00000000	0.00000000
174.48304749	0.00000000	0.00000000	0.00000000	0.00000000	0.00000000	0.00000000	0.00000000	0.00000000
187.90481567	0.00000000	0.00000000	0.00000000	0.00000000	0.00000000	0.00000000	0.00000000	0.00000000
201.32659912	0.00000000	0.00000000	0.00000000	0.00000000	0.00000000	0.00000000	0.00000000	0.00000000
214.74836731	0.00000000	0.00000000	0.00000000	0.00000000	0.00000000	0.00000000	0.00000000	0.00000000
241.59190369	0.00000000	0.00000000	0.00000000	0.00000000	0.00000000	0.00000000	0.00000000	0.00000000
268.43545532	0.00000000	0.00000000	0.00000000	0.00000000	0.00000000	0.00000000	0.00000000	0.00000000
295.27899170	0.00000000	0.00000000	0.00000000	0.00000000	0.00000000	0.00000000	0.00000000	0.00000000
322.12255859	0.00000000	0.00000000	0.00000000	0.00000000	0.00000000	0.00000000	0.00000000	0.00000000
348.96609497	0.00000000	0.00000000	0.00000000	0.00000000	0.00000000	0.00000000	0.00000000	0.00000000
375.80963135	0.00000000	0.00000000	0.00000000	0.00000000	0.00000000	0.00000000	0.00000000	0.00000000
402.65319824	0.00000000	0.00000000	0.00000000	0.00000000	0.00000000	0.00000000	0.00000000	0.00000000
429.49673462	0.00000000	0.00000000	0.00000000	0.00000000	0.00000000	0.00000000	0.00000000	0.00000000
483.18380737	0.00000000	0.00000000	0.00000000	0.00000000	0.00000000	0.00000000	0.00000000	0.00000000
536.87091064	0.00000000	0.00000000	0.00000000	0.00000000	0.00000000	0.00000000	0.00000000	0.00000000
590.55798340	0.00000000	0.00000000	0.00000000	0.00000000	0.00000000	0.00000000	0.00000000	0.00000000
644.24511719	0.00000000	0.00000000	0.00000000	0.00000000	0.00000000	0.00000000	0.00000000	0.00000000
697.93218994	0.00000000	0.00000000	0.00000000	0.00000000	0.00000000	0.00000000	0.00000000	0.00000000
751.61926270	0.00000000	0.00000000	0.00000000	0.00000000	0.00000000	0.00000000	0.00000000	0.00000000
805.30639648	0.00000000	0.00000000	0.00000000	0.00000000	0.00000000	0.00000000	0.00000000	0.00000000
858.99346924	0.00000000	0.00000000	0.00000000	0.00000000	0.00000000	0.00000000	0.00000000	0.00000000
966.36761475	0.00000000	0.00000000	0.00000000	0.00000000	0.00000000	0.00000000	0.00000000	0.00000000
1073.74182129	0.00000000	0.00000000	0.00000000	0.00000000	0.00000000	0.00000000	0.00000000	0.00000000
1181.11596680	0.00000000	0.00000000	0.00000000	0.00000000	0.00000000	0.00000000	0.00000000	0.00000000
1288.49023437	0.00000000	0.00000000	0.00000000	0.00000000	0.00000000	0.00000000	0.00000000	0.00000000
1395.86437988	0.00000000	0.00000000	0.00000000	0.00000000	0.00000000	0.00000000	0.00000000	0.00000000
1503.23852539	0.00000000	0.00000000	0.00000000	0.00000000	0.00000000	0.00000000	0.00000000	0.00000000
1610.61279297	0.00000000	0.00000000	0.00000000	0.00000000	0.00000000	0.00000000	0.00000000	0.00000000
1717.98693848	0.00000000	0.00000000	0.00000000	0.00000000	0.00000000	0.00000000	0.00000000	0.00000000
1932.73522949	0.00000000	0.00000000	0.00000000	0.00000000	0.00000000	0.00000000	0.00000000	0.00000000
2147.48364258	0.00000000	0.00000000	0.00000000	0.00000000	0.00000000	0.00000000	0.00000000	0.00000000
2362.23193359	0.00000000	0.00000000	0.00000000	0.00000000	0.00000000	0.00000000	0.00000000	0.00000000
2576.98046875	0.00000000	0.00000000	0.00000000	0.00000000	0.00000000	0.00000000	0.00000000	0.00000000
2791.72875977	0.00000000	0.00000000	0.00000000	0.00000000	0.00000000	0.00000000	0.00000000	0.00000000
3006.47705078	0.00000000	0.00000000	0.00000000	0.00000000	0.00000000	0.00000000	0.00000000	0.00000000
3221.22558594	0.00000000	0.00000000	0.00000000	0.00000000	0.00000000	0.00000000	0.00000000	0.00000000
3435.97387695	0.00000000	0.00000000	0.00000000	0.00000000	0.00000000	0.00000000	0.00000000	0.00000000
0	0	0	0	0	0	0	0	0
