%2/14/2019 3:09:06 PM
%Duration	ID1		ID2		ID3		ID4		ID5		ID6		ID7		ID8
3000.000000	0.000000	0.000000	0.000000	0.000000	41.589737	76.551437	124.597549	80.032349
%Tau		Tau1		Tau2		Tau3		Tau4		Tau5		Tau6		Tau7		Tau8
%		0.000000	0.000000	0.000000	0.000000	0.000205	0.000166	0.000128	0.000102
%Delaytime	D1		D2		D3		D4		D5		D6		D7		D8
0.00000020	0.00000000	0.00000000	0.00000000	0.00000000	1.96997154	2.56633902	2.16359901	1.70448041
0.00000040	0.00000000	0.00000000	0.00000000	0.00000000	1.65777946	1.58868611	1.56498766	1.54550481
0.00000060	0.00000000	0.00000000	0.00000000	0.00000000	1.59257472	1.51949155	1.54585779	1.46028078
0.00000080	0.00000000	0.00000000	0.00000000	0.00000000	1.49575567	1.47317576	1.47879612	1.50398540
0.00000100	0.00000000	0.00000000	0.00000000	0.00000000	1.51551473	1.44415867	1.51619589	1.50890219
0.00000120	0.00000000	0.00000000	0.00000000	0.00000000	1.54712903	1.46257329	1.51189709	1.50343907
0.00000140	0.00000000	0.00000000	0.00000000	0.00000000	1.60838199	1.48601019	1.49040294	1.48377204
0.00000160	0.00000000	0.00000000	0.00000000	0.00000000	1.52341831	1.45810914	1.49104774	1.49524450
0.00000180	0.00000000	0.00000000	0.00000000	0.00000000	1.50563514	1.46201527	1.51125228	1.45645666
0.00000200	0.00000000	0.00000000	0.00000000	0.00000000	1.49970746	1.50219285	1.48803866	1.47120690
0.00000220	0.00000000	0.00000000	0.00000000	0.00000000	1.51551473	1.52730381	1.50910282	1.46301234
0.00000240	0.00000000	0.00000000	0.00000000	0.00000000	1.45228589	1.50107682	1.46009624	1.53457868
0.00000260	0.00000000	0.00000000	0.00000000	0.00000000	1.53329778	1.51335323	1.50007534	1.49415183
0.00000280	0.00000000	0.00000000	0.00000000	0.00000000	1.50365925	1.47931397	1.45794678	1.46519756
0.00000300	0.00000000	0.00000000	0.00000000	0.00000000	1.44438231	1.49270654	1.45300317	1.48158681
0.00000320	0.00000000	0.00000000	0.00000000	0.00000000	1.54712903	1.49103248	1.46031117	1.47994781
0.00000360	0.00000000	0.00000000	0.00000000	0.00000000	1.53329778	1.47624481	1.46912384	1.45290565
0.00000400	0.00000000	0.00000000	0.00000000	0.00000000	1.47500873	1.52088654	1.49319720	1.46710956
0.00000440	0.00000000	0.00000000	0.00000000	0.00000000	1.50464725	1.48880029	1.45891404	1.52501822
0.00000480	0.00000000	0.00000000	0.00000000	0.00000000	1.53823757	1.48656821	1.48309493	1.45973444
0.00000520	0.00000000	0.00000000	0.00000000	0.00000000	1.51057494	1.48070908	1.47868872	1.48076737
0.00000560	0.00000000	0.00000000	0.00000000	0.00000000	1.47303283	1.49103248	1.48610413	1.50862896
0.00000600	0.00000000	0.00000000	0.00000000	0.00000000	1.44537032	1.47233868	1.47772145	1.50835586
0.00000640	0.00000000	0.00000000	0.00000000	0.00000000	1.45030999	1.49689162	1.45633483	1.47011435
0.00000720	0.00000000	0.00000000	0.00000000	0.00000000	1.47303283	1.47164118	1.46955371	1.44962776
0.00000800	0.00000000	0.00000000	0.00000000	0.00000000	1.51106894	1.46550298	1.47121942	1.44566703
0.00000880	0.00000000	0.00000000	0.00000000	0.00000000	1.46414125	1.46480548	1.46530855	1.44990087
0.00000960	0.00000000	0.00000000	0.00000000	0.00000000	1.55108082	1.47108316	1.46036494	1.43405795
0.00001040	0.00000000	0.00000000	0.00000000	0.00000000	1.46611714	1.42713904	1.44483542	1.46424150
0.00001120	0.00000000	0.00000000	0.00000000	0.00000000	1.48587620	1.48322010	1.44284725	1.43965769
0.00001200	0.00000000	0.00000000	0.00000000	0.00000000	1.45228589	1.45071542	1.44134259	1.44662309
0.00001280	0.00000000	0.00000000	0.00000000	0.00000000	1.47352684	1.50470400	1.44628632	1.44689620
0.00001440	0.00000000	0.00000000	0.00000000	0.00000000	1.47945452	1.44820428	1.44741476	1.43624318
0.00001600	0.00000000	0.00000000	0.00000000	0.00000000	1.44611120	1.44715798	1.43167031	1.42360985
0.00001760	0.00000000	0.00000000	0.00000000	0.00000000	1.47179794	1.44422841	1.44443238	1.40865469
0.00001920	0.00000000	0.00000000	0.00000000	0.00000000	1.46093047	1.43334699	1.43175089	1.40817666
0.00002080	0.00000000	0.00000000	0.00000000	0.00000000	1.44858110	1.44520497	1.43403459	1.42033195
0.00002240	0.00000000	0.00000000	0.00000000	0.00000000	1.46414125	1.44053149	1.41557658	1.39923084
0.00002400	0.00000000	0.00000000	0.00000000	0.00000000	1.45179188	1.42295384	1.41734982	1.39404094
0.00002560	0.00000000	0.00000000	0.00000000	0.00000000	1.47846663	1.43299818	1.40587735	1.38830471
0.00002880	0.00000000	0.00000000	0.00000000	0.00000000	1.42458928	1.41373789	1.40527558	1.38262153
0.00003200	0.00000000	0.00000000	0.00000000	0.00000000	1.43227899	1.40174258	1.39158213	1.36938035
0.00003520	0.00000000	0.00000000	0.00000000	0.00000000	1.45224750	1.40543270	1.38732636	1.35654283
0.00003840	0.00000000	0.00000000	0.00000000	0.00000000	1.42520940	1.40665317	1.37273335	1.36217630
0.00004160	0.00000000	0.00000000	0.00000000	0.00000000	1.44009280	1.39172280	1.36387289	1.33475995
0.00004480	0.00000000	0.00000000	0.00000000	0.00000000	1.41579485	1.38649225	1.35850286	1.33035564
0.00004800	0.00000000	0.00000000	0.00000000	0.00000000	1.41008949	1.38184857	1.35714698	1.32929718
0.00005120	0.00000000	0.00000000	0.00000000	0.00000000	1.41281819	1.37330556	1.33879137	1.31109941
0.00005760	0.00000000	0.00000000	0.00000000	0.00000000	1.40891314	1.36110532	1.32753932	1.29288614
0.00006400	0.00000000	0.00000000	0.00000000	0.00000000	1.40519643	1.35460842	1.30982041	1.27331996
0.00007040	0.00000000	0.00000000	0.00000000	0.00000000	1.39206433	1.34250927	1.29742301	1.25836766
0.00007680	0.00000000	0.00000000	0.00000000	0.00000000	1.38165784	1.33170033	1.28740013	1.25411272
0.00008320	0.00000000	0.00000000	0.00000000	0.00000000	1.36858761	1.32412243	1.27303123	1.24358630
0.00008960	0.00000000	0.00000000	0.00000000	0.00000000	1.35440254	1.30865848	1.26093245	1.22588277
0.00009600	0.00000000	0.00000000	0.00000000	0.00000000	1.35991549	1.30336428	1.24607718	1.22350752
0.00010240	0.00000000	0.00000000	0.00000000	0.00000000	1.35322559	1.28426790	1.23116815	1.19872940
0.00011520	0.00000000	0.00000000	0.00000000	0.00000000	1.33185148	1.26998246	1.21570468	1.17734981
0.00012800	0.00000000	0.00000000	0.00000000	0.00000000	1.31605136	1.25108051	1.19845629	1.15592051
0.00014080	0.00000000	0.00000000	0.00000000	0.00000000	1.30367267	1.23122752	1.17822385	1.14239478
0.00015360	0.00000000	0.00000000	0.00000000	0.00000000	1.28805816	1.22561812	1.16126049	1.12710655
0.00016640	0.00000000	0.00000000	0.00000000	0.00000000	1.27890587	1.20134866	1.14641869	1.11683834
0.00017920	0.00000000	0.00000000	0.00000000	0.00000000	1.24557424	1.18709564	1.12833953	1.10089123
0.00019200	0.00000000	0.00000000	0.00000000	0.00000000	1.24087441	1.18055952	1.11653936	1.08662021
0.00020480	0.00000000	0.00000000	0.00000000	0.00000000	1.23324740	1.16197014	1.10672510	1.08268452
0.00023040	0.00000000	0.00000000	0.00000000	0.00000000	1.22259736	1.14297402	1.08816791	1.06271529
0.00025600	0.00000000	0.00000000	0.00000000	0.00000000	1.19346917	1.12287033	1.07246077	1.05591881
0.00028160	0.00000000	0.00000000	0.00000000	0.00000000	1.16812694	1.10484290	1.06002414	1.04587591
0.00030720	0.00000000	0.00000000	0.00000000	0.00000000	1.14765811	1.08739698	1.04849160	1.03463662
0.00033280	0.00000000	0.00000000	0.00000000	0.00000000	1.13480139	1.07451701	1.03819108	1.03031397
0.00035840	0.00000000	0.00000000	0.00000000	0.00000000	1.12142479	1.06373620	1.03262842	1.02535844
0.00038400	0.00000000	0.00000000	0.00000000	0.00000000	1.10700548	1.05324829	1.02696407	1.02118897
0.00040960	0.00000000	0.00000000	0.00000000	0.00000000	1.09238505	1.04455006	1.02418542	1.01621652
0.00046080	0.00000000	0.00000000	0.00000000	0.00000000	1.07583976	1.03196692	1.01767850	1.00826097
0.00051200	0.00000000	0.00000000	0.00000000	0.00000000	1.05057287	1.02361059	1.01170683	1.00655067
0.00056320	0.00000000	0.00000000	0.00000000	0.00000000	1.04028726	1.01755810	1.01017404	1.00073564
0.00061440	0.00000000	0.00000000	0.00000000	0.00000000	1.02842534	1.00933528	1.00339866	0.99649638
0.00066560	0.00000000	0.00000000	0.00000000	0.00000000	1.02227771	1.00349057	1.00427818	0.99541247
0.00071680	0.00000000	0.00000000	0.00000000	0.00000000	1.01399720	1.00541914	1.00502396	0.99530554
0.00076800	0.00000000	0.00000000	0.00000000	0.00000000	1.00505888	1.00289714	1.00419819	0.99585062
0.00081920	0.00000000	0.00000000	0.00000000	0.00000000	0.99850982	1.00370657	0.99996680	0.99699003
0.00092160	0.00000000	0.00000000	0.00000000	0.00000000	0.99939448	1.00573385	1.00174904	0.99937207
0.00102400	0.00000000	0.00000000	0.00000000	0.00000000	0.99958110	1.00181377	1.00259328	0.99651724
0.00112640	0.00000000	0.00000000	0.00000000	0.00000000	0.99941182	1.00495839	1.00520718	0.99743813
0.00122880	0.00000000	0.00000000	0.00000000	0.00000000	1.00058007	1.00631547	1.00310791	0.99830747
0.00133120	0.00000000	0.00000000	0.00000000	0.00000000	1.00116849	1.00468373	1.00242651	1.00070930
0.00143360	0.00000000	0.00000000	0.00000000	0.00000000	1.00358284	1.00968516	1.00445724	1.00075734
0.00153600	0.00000000	0.00000000	0.00000000	0.00000000	1.00969970	1.01077819	1.00482011	0.99815142
0.00163840	0.00000000	0.00000000	0.00000000	0.00000000	1.00715041	1.00818956	1.00561595	0.99790758
0.00184320	0.00000000	0.00000000	0.00000000	0.00000000	1.00287759	1.00327170	1.00454402	1.00144005
0.00204800	0.00000000	0.00000000	0.00000000	0.00000000	0.99774379	1.00061107	0.99955893	1.00361490
0.00225280	0.00000000	0.00000000	0.00000000	0.00000000	0.99972665	0.99818891	0.99808717	0.99955195
0.00245760	0.00000000	0.00000000	0.00000000	0.00000000	0.99896461	1.00084448	0.99509072	0.99893820
0.00266240	0.00000000	0.00000000	0.00000000	0.00000000	0.99468756	1.00409853	0.99674314	1.00026560
0.00286720	0.00000000	0.00000000	0.00000000	0.00000000	0.99532902	1.00453734	1.00103581	1.00065899
0.00307200	0.00000000	0.00000000	0.00000000	0.00000000	0.99962670	1.00334990	1.00349319	1.00435543
0.00327680	0.00000000	0.00000000	0.00000000	0.00000000	0.99535328	1.00163484	1.00096643	0.99813157
0.00368640	0.00000000	0.00000000	0.00000000	0.00000000	0.99961215	0.99973381	1.00247431	0.99565768
0.00409600	0.00000000	0.00000000	0.00000000	0.00000000	0.99205744	1.00209141	1.00196970	0.99783337
0.00450560	0.00000000	0.00000000	0.00000000	0.00000000	0.99789172	0.99971777	1.00127113	1.00081587
0.00491520	0.00000000	0.00000000	0.00000000	0.00000000	0.99882644	0.99615765	0.99964231	1.00073218
0.00532480	0.00000000	0.00000000	0.00000000	0.00000000	1.00048721	0.99727535	0.99769497	0.99852914
0.00573440	0.00000000	0.00000000	0.00000000	0.00000000	0.99950540	1.00035179	0.99737328	0.99700779
0.00614400	0.00000000	0.00000000	0.00000000	0.00000000	0.99769831	1.00111163	1.00092053	0.99638742
0.00655360	0.00000000	0.00000000	0.00000000	0.00000000	0.99238694	0.99062377	0.99907959	0.99940944
0.00737280	0.00000000	0.00000000	0.00000000	0.00000000	0.99760479	0.99895358	0.99871600	1.00066173
0.00819200	0.00000000	0.00000000	0.00000000	0.00000000	0.99920130	1.00070262	0.99957222	0.99986786
0.00901120	0.00000000	0.00000000	0.00000000	0.00000000	0.99391639	0.99904907	1.00187862	0.99773252
0.00983040	0.00000000	0.00000000	0.00000000	0.00000000	1.00145316	0.99597335	1.00098741	1.00067770
0.01064960	0.00000000	0.00000000	0.00000000	0.00000000	1.00480962	0.99919128	1.00103343	0.99683398
0.01146880	0.00000000	0.00000000	0.00000000	0.00000000	1.00127780	0.99947041	1.00061178	0.99919355
0.01228800	0.00000000	0.00000000	0.00000000	0.00000000	1.00123763	1.00365734	1.00201857	1.00144231
0.01310720	0.00000000	0.00000000	0.00000000	0.00000000	0.99780989	1.00649583	1.00116372	1.00185716
0.01474560	0.00000000	0.00000000	0.00000000	0.00000000	1.00001490	1.00017607	1.00187361	0.99845827
0.01638400	0.00000000	0.00000000	0.00000000	0.00000000	0.99839956	1.00034189	1.00078762	1.00115132
0.01802240	0.00000000	0.00000000	0.00000000	0.00000000	1.00068665	1.00042975	0.99985993	0.99900955
0.01966080	0.00000000	0.00000000	0.00000000	0.00000000	0.99787605	0.99960428	0.99994308	1.00021482
0.02129920	0.00000000	0.00000000	0.00000000	0.00000000	1.00180626	1.00032258	1.00017595	0.99964243
0.02293760	0.00000000	0.00000000	0.00000000	0.00000000	0.99822682	1.00016534	0.99720734	1.00204110
0.02457600	0.00000000	0.00000000	0.00000000	0.00000000	1.00006974	1.00352526	1.00124252	1.00042951
0.02621440	0.00000000	0.00000000	0.00000000	0.00000000	0.99741811	0.99943262	1.00016940	1.00030220
0.02949120	0.00000000	0.00000000	0.00000000	0.00000000	1.00096238	0.99836916	1.00060833	0.99970341
0.03276800	0.00000000	0.00000000	0.00000000	0.00000000	0.99798489	0.99958384	0.99864691	0.99941856
0.03604480	0.00000000	0.00000000	0.00000000	0.00000000	1.00305164	0.99963808	0.99810189	0.99972266
0.03932160	0.00000000	0.00000000	0.00000000	0.00000000	0.99901748	0.99909216	1.00160837	1.00226688
0.04259840	0.00000000	0.00000000	0.00000000	0.00000000	1.00364149	1.00010598	0.99905109	1.00058031
0.04587520	0.00000000	0.00000000	0.00000000	0.00000000	1.00256026	0.99986428	0.99906141	1.00096416
0.04915200	0.00000000	0.00000000	0.00000000	0.00000000	1.00241446	1.00185657	0.99840915	0.99934351
0.05242880	0.00000000	0.00000000	0.00000000	0.00000000	0.99956691	1.00057030	1.00090921	0.99839854
0.05898240	0.00000000	0.00000000	0.00000000	0.00000000	0.99969339	0.99900985	1.00018108	1.00057125
0.06553600	0.00000000	0.00000000	0.00000000	0.00000000	0.99953961	1.00005519	0.99981201	1.00015593
0.07208960	0.00000000	0.00000000	0.00000000	0.00000000	1.00016153	1.00036347	0.99929678	0.99949771
0.07864320	0.00000000	0.00000000	0.00000000	0.00000000	0.99840021	0.99894714	0.99876159	1.00023520
0.08519680	0.00000000	0.00000000	0.00000000	0.00000000	1.00006151	0.99977738	0.99988645	0.99983859
0.09175040	0.00000000	0.00000000	0.00000000	0.00000000	1.00044715	0.99943632	0.99992216	0.99999541
0.09830400	0.00000000	0.00000000	0.00000000	0.00000000	0.99920875	0.99930239	0.99941534	1.00053155
0.10485760	0.00000000	0.00000000	0.00000000	0.00000000	0.99880064	0.99954379	0.99919558	1.00091910
0.11796480	0.00000000	0.00000000	0.00000000	0.00000000	1.00033343	1.00078571	0.99900895	1.00032079
0.13107200	0.00000000	0.00000000	0.00000000	0.00000000	0.99983931	0.99911606	1.00095689	0.99993920
0.14417920	0.00000000	0.00000000	0.00000000	0.00000000	0.99869400	0.99797642	0.99954808	0.99948877
0.15728641	0.00000000	0.00000000	0.00000000	0.00000000	1.00128615	0.99891514	0.99848354	1.00006545
0.17039360	0.00000000	0.00000000	0.00000000	0.00000000	0.99898565	1.00052226	0.99966699	0.99936962
0.18350080	0.00000000	0.00000000	0.00000000	0.00000000	0.99955064	1.00063968	1.00057709	1.00041223
0.19660801	0.00000000	0.00000000	0.00000000	0.00000000	0.99982399	1.00133455	1.00088251	1.00022137
0.20971520	0.00000000	0.00000000	0.00000000	0.00000000	0.99843937	0.99944615	1.00037670	1.00016558
0.23592959	0.00000000	0.00000000	0.00000000	0.00000000	0.99931514	0.99945587	1.00021660	1.00015688
0.26214400	0.00000000	0.00000000	0.00000000	0.00000000	0.99950314	0.99949586	0.99919361	0.99996924
0.28835839	0.00000000	0.00000000	0.00000000	0.00000000	0.99952531	0.99977821	0.99932688	1.00023282
0.31457281	0.00000000	0.00000000	0.00000000	0.00000000	0.99953043	0.99949521	0.99999648	0.99999851
0.34078720	0.00000000	0.00000000	0.00000000	0.00000000	0.99940872	0.99933022	0.99964672	0.99936873
0.36700159	0.00000000	0.00000000	0.00000000	0.00000000	1.00004005	1.00092375	0.99955750	0.99909252
0.39321601	0.00000000	0.00000000	0.00000000	0.00000000	1.00000691	1.00107920	1.00007987	0.99973625
0.41943040	0.00000000	0.00000000	0.00000000	0.00000000	0.99958473	1.00003445	1.00042236	1.00002468
0.47185919	0.00000000	0.00000000	0.00000000	0.00000000	1.00046098	0.99976653	1.00015318	0.99959362
0.52428800	0.00000000	0.00000000	0.00000000	0.00000000	1.00110877	0.99986142	1.00044656	0.99971861
0.57671678	0.00000000	0.00000000	0.00000000	0.00000000	1.00044990	1.00042367	1.00015676	0.99963874
0.62914562	0.00000000	0.00000000	0.00000000	0.00000000	1.00023949	1.00067818	0.99992734	1.00034153
0.68157440	0.00000000	0.00000000	0.00000000	0.00000000	1.00010002	0.99903440	1.00047016	1.00002193
0.73400319	0.00000000	0.00000000	0.00000000	0.00000000	1.00085628	0.99947047	1.00008130	1.00037146
0.78643203	0.00000000	0.00000000	0.00000000	0.00000000	0.99992073	1.00012219	0.99989611	0.99957108
0.83886081	0.00000000	0.00000000	0.00000000	0.00000000	0.99905270	1.00046933	0.99996853	1.00013387
0.94371837	0.00000000	0.00000000	0.00000000	0.00000000	0.99928260	0.99980032	0.99971956	1.00032043
1.04857600	0.00000000	0.00000000	0.00000000	0.00000000	1.00047815	0.99999303	0.99993676	0.99990678
1.15343356	0.00000000	0.00000000	0.00000000	0.00000000	1.00058067	1.00041318	1.00034559	1.00010240
1.25829124	0.00000000	0.00000000	0.00000000	0.00000000	1.00070155	0.99979627	1.00023949	0.99976707
1.36314881	0.00000000	0.00000000	0.00000000	0.00000000	0.99934161	1.00015712	0.99988401	0.99967313
1.46800637	0.00000000	0.00000000	0.00000000	0.00000000	0.99967927	0.99962163	0.99979681	0.99976677
1.57286406	0.00000000	0.00000000	0.00000000	0.00000000	0.99978715	1.00004613	0.99970967	1.00007308
1.67772162	0.00000000	0.00000000	0.00000000	0.00000000	0.99951631	1.00006390	1.00024235	1.00001574
1.88743675	0.00000000	0.00000000	0.00000000	0.00000000	0.99970698	0.99983382	1.00015128	1.00017703
2.09715199	0.00000000	0.00000000	0.00000000	0.00000000	0.99982649	1.00000143	0.99994880	0.99976349
2.30686712	0.00000000	0.00000000	0.00000000	0.00000000	1.00037169	0.99987954	1.00005114	0.99967265
2.51658249	0.00000000	0.00000000	0.00000000	0.00000000	0.99972695	1.00043404	1.00001204	1.00001192
2.72629762	0.00000000	0.00000000	0.00000000	0.00000000	0.99974376	0.99990582	0.99981797	1.00035346
2.93601274	0.00000000	0.00000000	0.00000000	0.00000000	1.00005007	0.99991781	1.00014579	1.00018525
3.14572811	0.00000000	0.00000000	0.00000000	0.00000000	0.99959952	0.99987292	0.99988145	0.99981856
3.35544324	0.00000000	0.00000000	0.00000000	0.00000000	0.99994731	0.99974144	1.00009704	1.00002491
3.77487350	0.00000000	0.00000000	0.00000000	0.00000000	0.99979019	1.00002146	1.00000560	0.99989754
4.19430399	0.00000000	0.00000000	0.00000000	0.00000000	0.99989152	1.00019944	0.99988127	1.00011301
4.61373425	0.00000000	0.00000000	0.00000000	0.00000000	1.00000000	0.99983454	0.99997401	1.00004768
5.03316498	0.00000000	0.00000000	0.00000000	0.00000000	1.00000000	1.00000000	1.00000000	1.00000000
5.45259523	0.00000000	0.00000000	0.00000000	0.00000000	0.00000000	0.00000000	0.00000000	0.00000000
5.87202549	0.00000000	0.00000000	0.00000000	0.00000000	0.00000000	0.00000000	0.00000000	0.00000000
6.29145622	0.00000000	0.00000000	0.00000000	0.00000000	0.00000000	0.00000000	0.00000000	0.00000000
6.71088648	0.00000000	0.00000000	0.00000000	0.00000000	0.00000000	0.00000000	0.00000000	0.00000000
7.54974699	0.00000000	0.00000000	0.00000000	0.00000000	0.00000000	0.00000000	0.00000000	0.00000000
8.38860798	0.00000000	0.00000000	0.00000000	0.00000000	0.00000000	0.00000000	0.00000000	0.00000000
9.22746849	0.00000000	0.00000000	0.00000000	0.00000000	0.00000000	0.00000000	0.00000000	0.00000000
10.06632996	0.00000000	0.00000000	0.00000000	0.00000000	0.00000000	0.00000000	0.00000000	0.00000000
10.90519047	0.00000000	0.00000000	0.00000000	0.00000000	0.00000000	0.00000000	0.00000000	0.00000000
11.74405098	0.00000000	0.00000000	0.00000000	0.00000000	0.00000000	0.00000000	0.00000000	0.00000000
12.58291245	0.00000000	0.00000000	0.00000000	0.00000000	0.00000000	0.00000000	0.00000000	0.00000000
13.42177296	0.00000000	0.00000000	0.00000000	0.00000000	0.00000000	0.00000000	0.00000000	0.00000000
15.09949398	0.00000000	0.00000000	0.00000000	0.00000000	0.00000000	0.00000000	0.00000000	0.00000000
16.77721596	0.00000000	0.00000000	0.00000000	0.00000000	0.00000000	0.00000000	0.00000000	0.00000000
18.45493698	0.00000000	0.00000000	0.00000000	0.00000000	0.00000000	0.00000000	0.00000000	0.00000000
20.13265991	0.00000000	0.00000000	0.00000000	0.00000000	0.00000000	0.00000000	0.00000000	0.00000000
21.81038094	0.00000000	0.00000000	0.00000000	0.00000000	0.00000000	0.00000000	0.00000000	0.00000000
23.48810196	0.00000000	0.00000000	0.00000000	0.00000000	0.00000000	0.00000000	0.00000000	0.00000000
25.16582489	0.00000000	0.00000000	0.00000000	0.00000000	0.00000000	0.00000000	0.00000000	0.00000000
26.84354591	0.00000000	0.00000000	0.00000000	0.00000000	0.00000000	0.00000000	0.00000000	0.00000000
30.19898796	0.00000000	0.00000000	0.00000000	0.00000000	0.00000000	0.00000000	0.00000000	0.00000000
33.55443192	0.00000000	0.00000000	0.00000000	0.00000000	0.00000000	0.00000000	0.00000000	0.00000000
36.90987396	0.00000000	0.00000000	0.00000000	0.00000000	0.00000000	0.00000000	0.00000000	0.00000000
40.26531982	0.00000000	0.00000000	0.00000000	0.00000000	0.00000000	0.00000000	0.00000000	0.00000000
43.62076187	0.00000000	0.00000000	0.00000000	0.00000000	0.00000000	0.00000000	0.00000000	0.00000000
46.97620392	0.00000000	0.00000000	0.00000000	0.00000000	0.00000000	0.00000000	0.00000000	0.00000000
50.33164978	0.00000000	0.00000000	0.00000000	0.00000000	0.00000000	0.00000000	0.00000000	0.00000000
53.68709183	0.00000000	0.00000000	0.00000000	0.00000000	0.00000000	0.00000000	0.00000000	0.00000000
60.39797592	0.00000000	0.00000000	0.00000000	0.00000000	0.00000000	0.00000000	0.00000000	0.00000000
67.10886383	0.00000000	0.00000000	0.00000000	0.00000000	0.00000000	0.00000000	0.00000000	0.00000000
73.81974792	0.00000000	0.00000000	0.00000000	0.00000000	0.00000000	0.00000000	0.00000000	0.00000000
80.53063965	0.00000000	0.00000000	0.00000000	0.00000000	0.00000000	0.00000000	0.00000000	0.00000000
87.24152374	0.00000000	0.00000000	0.00000000	0.00000000	0.00000000	0.00000000	0.00000000	0.00000000
93.95240784	0.00000000	0.00000000	0.00000000	0.00000000	0.00000000	0.00000000	0.00000000	0.00000000
100.66329956	0.00000000	0.00000000	0.00000000	0.00000000	0.00000000	0.00000000	0.00000000	0.00000000
107.37418365	0.00000000	0.00000000	0.00000000	0.00000000	0.00000000	0.00000000	0.00000000	0.00000000
120.79595184	0.00000000	0.00000000	0.00000000	0.00000000	0.00000000	0.00000000	0.00000000	0.00000000
134.21772766	0.00000000	0.00000000	0.00000000	0.00000000	0.00000000	0.00000000	0.00000000	0.00000000
147.63949585	0.00000000	0.00000000	0.00000000	0.00000000	0.00000000	0.00000000	0.00000000	0.00000000
161.06127930	0.00000000	0.00000000	0.00000000	0.00000000	0.00000000	0.00000000	0.00000000	0.00000000
174.48304749	0.00000000	0.00000000	0.00000000	0.00000000	0.00000000	0.00000000	0.00000000	0.00000000
187.90481567	0.00000000	0.00000000	0.00000000	0.00000000	0.00000000	0.00000000	0.00000000	0.00000000
201.32659912	0.00000000	0.00000000	0.00000000	0.00000000	0.00000000	0.00000000	0.00000000	0.00000000
214.74836731	0.00000000	0.00000000	0.00000000	0.00000000	0.00000000	0.00000000	0.00000000	0.00000000
241.59190369	0.00000000	0.00000000	0.00000000	0.00000000	0.00000000	0.00000000	0.00000000	0.00000000
268.43545532	0.00000000	0.00000000	0.00000000	0.00000000	0.00000000	0.00000000	0.00000000	0.00000000
295.27899170	0.00000000	0.00000000	0.00000000	0.00000000	0.00000000	0.00000000	0.00000000	0.00000000
322.12255859	0.00000000	0.00000000	0.00000000	0.00000000	0.00000000	0.00000000	0.00000000	0.00000000
348.96609497	0.00000000	0.00000000	0.00000000	0.00000000	0.00000000	0.00000000	0.00000000	0.00000000
375.80963135	0.00000000	0.00000000	0.00000000	0.00000000	0.00000000	0.00000000	0.00000000	0.00000000
402.65319824	0.00000000	0.00000000	0.00000000	0.00000000	0.00000000	0.00000000	0.00000000	0.00000000
429.49673462	0.00000000	0.00000000	0.00000000	0.00000000	0.00000000	0.00000000	0.00000000	0.00000000
483.18380737	0.00000000	0.00000000	0.00000000	0.00000000	0.00000000	0.00000000	0.00000000	0.00000000
536.87091064	0.00000000	0.00000000	0.00000000	0.00000000	0.00000000	0.00000000	0.00000000	0.00000000
590.55798340	0.00000000	0.00000000	0.00000000	0.00000000	0.00000000	0.00000000	0.00000000	0.00000000
644.24511719	0.00000000	0.00000000	0.00000000	0.00000000	0.00000000	0.00000000	0.00000000	0.00000000
697.93218994	0.00000000	0.00000000	0.00000000	0.00000000	0.00000000	0.00000000	0.00000000	0.00000000
751.61926270	0.00000000	0.00000000	0.00000000	0.00000000	0.00000000	0.00000000	0.00000000	0.00000000
805.30639648	0.00000000	0.00000000	0.00000000	0.00000000	0.00000000	0.00000000	0.00000000	0.00000000
858.99346924	0.00000000	0.00000000	0.00000000	0.00000000	0.00000000	0.00000000	0.00000000	0.00000000
966.36761475	0.00000000	0.00000000	0.00000000	0.00000000	0.00000000	0.00000000	0.00000000	0.00000000
1073.74182129	0.00000000	0.00000000	0.00000000	0.00000000	0.00000000	0.00000000	0.00000000	0.00000000
1181.11596680	0.00000000	0.00000000	0.00000000	0.00000000	0.00000000	0.00000000	0.00000000	0.00000000
1288.49023437	0.00000000	0.00000000	0.00000000	0.00000000	0.00000000	0.00000000	0.00000000	0.00000000
1395.86437988	0.00000000	0.00000000	0.00000000	0.00000000	0.00000000	0.00000000	0.00000000	0.00000000
1503.23852539	0.00000000	0.00000000	0.00000000	0.00000000	0.00000000	0.00000000	0.00000000	0.00000000
1610.61279297	0.00000000	0.00000000	0.00000000	0.00000000	0.00000000	0.00000000	0.00000000	0.00000000
1717.98693848	0.00000000	0.00000000	0.00000000	0.00000000	0.00000000	0.00000000	0.00000000	0.00000000
1932.73522949	0.00000000	0.00000000	0.00000000	0.00000000	0.00000000	0.00000000	0.00000000	0.00000000
2147.48364258	0.00000000	0.00000000	0.00000000	0.00000000	0.00000000	0.00000000	0.00000000	0.00000000
2362.23193359	0.00000000	0.00000000	0.00000000	0.00000000	0.00000000	0.00000000	0.00000000	0.00000000
2576.98046875	0.00000000	0.00000000	0.00000000	0.00000000	0.00000000	0.00000000	0.00000000	0.00000000
2791.72875977	0.00000000	0.00000000	0.00000000	0.00000000	0.00000000	0.00000000	0.00000000	0.00000000
3006.47705078	0.00000000	0.00000000	0.00000000	0.00000000	0.00000000	0.00000000	0.00000000	0.00000000
3221.22558594	0.00000000	0.00000000	0.00000000	0.00000000	0.00000000	0.00000000	0.00000000	0.00000000
3435.97387695	0.00000000	0.00000000	0.00000000	0.00000000	0.00000000	0.00000000	0.00000000	0.00000000
0	0	0	0	0	0	0	0	0
