%2/14/2019 2:23:31 PM
%Duration	ID1		ID2		ID3		ID4		ID5		ID6		ID7		ID8
3000.000000	0.000000	0.000000	0.000000	0.000000	43.592453	161.952972	129.938126	100.440979
%Tau		Tau1		Tau2		Tau3		Tau4		Tau5		Tau6		Tau7		Tau8
%		0.000000	0.000000	0.000000	0.000000	0.000102	0.000083	0.000058	0.000048
%Delaytime	D1		D2		D3		D4		D5		D6		D7		D8
0.00000020	0.00000000	0.00000000	0.00000000	0.00000000	1.91584349	1.94626105	2.16077995	1.67682457
0.00000040	0.00000000	0.00000000	0.00000000	0.00000000	1.55464458	1.55041599	1.54804718	1.53099895
0.00000060	0.00000000	0.00000000	0.00000000	0.00000000	1.47272325	1.49135518	1.51972401	1.48307025
0.00000080	0.00000000	0.00000000	0.00000000	0.00000000	1.53044057	1.50385416	1.48167145	1.49530733
0.00000100	0.00000000	0.00000000	0.00000000	0.00000000	1.52485502	1.51017225	1.50696778	1.49734688
0.00000120	0.00000000	0.00000000	0.00000000	0.00000000	1.46341395	1.49588776	1.51280534	1.48578954
0.00000140	0.00000000	0.00000000	0.00000000	0.00000000	1.44479549	1.47336221	1.50545430	1.46437466
0.00000160	0.00000000	0.00000000	0.00000000	0.00000000	1.50809836	1.49396479	1.48642802	1.54017675
0.00000180	0.00000000	0.00000000	0.00000000	0.00000000	1.59001982	1.47349954	1.50113010	1.47593188
0.00000200	0.00000000	0.00000000	0.00000000	0.00000000	1.54719722	1.47473574	1.47561765	1.48646939
0.00000220	0.00000000	0.00000000	0.00000000	0.00000000	1.55092096	1.47075260	1.48383355	1.48408997
0.00000240	0.00000000	0.00000000	0.00000000	0.00000000	1.51554573	1.44918847	1.47302318	1.44092011
0.00000260	0.00000000	0.00000000	0.00000000	0.00000000	1.53602612	1.50316739	1.48772526	1.43684113
0.00000280	0.00000000	0.00000000	0.00000000	0.00000000	1.46713769	1.47336221	1.45659137	1.44024038
0.00000300	0.00000000	0.00000000	0.00000000	0.00000000	1.51368392	1.49396479	1.46999621	1.45893598
0.00000320	0.00000000	0.00000000	0.00000000	0.00000000	1.56023014	1.48174059	1.47605002	1.47321260
0.00000360	0.00000000	0.00000000	0.00000000	0.00000000	1.50158191	1.47370565	1.47410417	1.46437466
0.00000400	0.00000000	0.00000000	0.00000000	0.00000000	1.46620679	1.46086335	1.45605087	1.46284497
0.00000440	0.00000000	0.00000000	0.00000000	0.00000000	1.46899951	1.45502591	1.45151043	1.42375422
0.00000480	0.00000000	0.00000000	0.00000000	0.00000000	1.52764785	1.45090532	1.43897045	1.43378186
0.00000520	0.00000000	0.00000000	0.00000000	0.00000000	1.46341395	1.44307637	1.44621336	1.42936289
0.00000560	0.00000000	0.00000000	0.00000000	0.00000000	1.45410478	1.47542250	1.46545589	1.43922055
0.00000600	0.00000000	0.00000000	0.00000000	0.00000000	1.46527588	1.47823822	1.47313118	1.45060790
0.00000640	0.00000000	0.00000000	0.00000000	0.00000000	1.49134171	1.45646811	1.45129430	1.44873834
0.00000720	0.00000000	0.00000000	0.00000000	0.00000000	1.47830880	1.43857813	1.43799746	1.43106246
0.00000800	0.00000000	0.00000000	0.00000000	0.00000000	1.42524612	1.43476665	1.42837620	1.41619098
0.00000880	0.00000000	0.00000000	0.00000000	0.00000000	1.50204742	1.42697203	1.42724109	1.42256451
0.00000960	0.00000000	0.00000000	0.00000000	0.00000000	1.42245328	1.43878412	1.42340350	1.39409626
0.00001040	0.00000000	0.00000000	0.00000000	0.00000000	1.41779864	1.43377090	1.41940355	1.40369892
0.00001120	0.00000000	0.00000000	0.00000000	0.00000000	1.43222797	1.42295444	1.41443086	1.37106669
0.00001200	0.00000000	0.00000000	0.00000000	0.00000000	1.42105687	1.41255009	1.40540421	1.38593817
0.00001280	0.00000000	0.00000000	0.00000000	0.00000000	1.41500592	1.41879964	1.40259349	1.38423848
0.00001440	0.00000000	0.00000000	0.00000000	0.00000000	1.43897724	1.42027617	1.39737749	1.37540066
0.00001600	0.00000000	0.00000000	0.00000000	0.00000000	1.40802395	1.40515041	1.37672961	1.35789478
0.00001760	0.00000000	0.00000000	0.00000000	0.00000000	1.48273063	1.40465248	1.37378383	1.34952426
0.00001920	0.00000000	0.00000000	0.00000000	0.00000000	1.41710043	1.39136374	1.36427069	1.31421506
0.00002080	0.00000000	0.00000000	0.00000000	0.00000000	1.42012596	1.38775837	1.34878480	1.32789683
0.00002240	0.00000000	0.00000000	0.00000000	0.00000000	1.42245328	1.37613499	1.34435248	1.29394734
0.00002400	0.00000000	0.00000000	0.00000000	0.00000000	1.37916529	1.36957645	1.32183993	1.30027831
0.00002560	0.00000000	0.00000000	0.00000000	0.00000000	1.37963068	1.35364377	1.31854272	1.29883373
0.00002880	0.00000000	0.00000000	0.00000000	0.00000000	1.38036180	1.34857130	1.30821216	1.28344262
0.00003200	0.00000000	0.00000000	0.00000000	0.00000000	1.36881995	1.33403289	1.29179978	1.26084971
0.00003520	0.00000000	0.00000000	0.00000000	0.00000000	1.36076474	1.32338071	1.27419770	1.24411738
0.00003840	0.00000000	0.00000000	0.00000000	0.00000000	1.36251354	1.31094015	1.26427495	1.22906256
0.00004160	0.00000000	0.00000000	0.00000000	0.00000000	1.36461198	1.30409658	1.24902487	1.21281862
0.00004480	0.00000000	0.00000000	0.00000000	0.00000000	1.34024608	1.28927743	1.24324691	1.20958698
0.00004800	0.00000000	0.00000000	0.00000000	0.00000000	1.33137512	1.28335655	1.21900952	1.18421245
0.00005120	0.00000000	0.00000000	0.00000000	0.00000000	1.31551981	1.26974940	1.20923924	1.17368042
0.00005760	0.00000000	0.00000000	0.00000000	0.00000000	1.30564570	1.25092316	1.19121921	1.15359724
0.00006400	0.00000000	0.00000000	0.00000000	0.00000000	1.31170845	1.23264766	1.17302692	1.13948846
0.00007040	0.00000000	0.00000000	0.00000000	0.00000000	1.28226912	1.22038162	1.15323317	1.12288594
0.00007680	0.00000000	0.00000000	0.00000000	0.00000000	1.28850675	1.20345259	1.13928759	1.10795617
0.00008320	0.00000000	0.00000000	0.00000000	0.00000000	1.26629615	1.19642746	1.12957215	1.09854794
0.00008960	0.00000000	0.00000000	0.00000000	0.00000000	1.24332774	1.17821193	1.12134600	1.08942926
0.00009600	0.00000000	0.00000000	0.00000000	0.00000000	1.22683001	1.16566122	1.10809815	1.07435083
0.00010240	0.00000000	0.00000000	0.00000000	0.00000000	1.22280765	1.15731776	1.09850085	1.07083166
0.00011520	0.00000000	0.00000000	0.00000000	0.00000000	1.19711065	1.13978469	1.08106148	1.05292475
0.00012800	0.00000000	0.00000000	0.00000000	0.00000000	1.18671048	1.12597108	1.06825995	1.04300523
0.00014080	0.00000000	0.00000000	0.00000000	0.00000000	1.17518330	1.10570741	1.05466688	1.03673160
0.00015360	0.00000000	0.00000000	0.00000000	0.00000000	1.16188824	1.09380066	1.04788256	1.02902591
0.00016640	0.00000000	0.00000000	0.00000000	0.00000000	1.14478707	1.08015871	1.04056275	1.02598464
0.00017920	0.00000000	0.00000000	0.00000000	0.00000000	1.12702477	1.07204306	1.03084469	1.01305056
0.00019200	0.00000000	0.00000000	0.00000000	0.00000000	1.13013303	1.06348884	1.02780509	1.01557553
0.00020480	0.00000000	0.00000000	0.00000000	0.00000000	1.11231506	1.05228209	1.02381766	1.01003075
0.00023040	0.00000000	0.00000000	0.00000000	0.00000000	1.09047699	1.04226112	1.01860523	1.00865662
0.00025600	0.00000000	0.00000000	0.00000000	0.00000000	1.07493424	1.03383052	1.01463556	1.00422263
0.00028160	0.00000000	0.00000000	0.00000000	0.00000000	1.07009065	1.02562475	1.00916648	1.00587797
0.00030720	0.00000000	0.00000000	0.00000000	0.00000000	1.05211926	1.01948810	1.00831628	1.00168395
0.00033280	0.00000000	0.00000000	0.00000000	0.00000000	1.04346716	1.01666510	1.00619340	0.99875253
0.00035840	0.00000000	0.00000000	0.00000000	0.00000000	1.03374910	1.01379704	1.00364673	0.99720329
0.00038400	0.00000000	0.00000000	0.00000000	0.00000000	1.03606796	1.00943696	1.00177240	1.00159752
0.00040960	0.00000000	0.00000000	0.00000000	0.00000000	1.02762377	1.00928330	1.00186145	1.00073993
0.00046080	0.00000000	0.00000000	0.00000000	0.00000000	1.02109826	1.00513327	0.99807215	1.00115907
0.00051200	0.00000000	0.00000000	0.00000000	0.00000000	1.01748264	1.00310493	1.00125253	0.99497420
0.00056320	0.00000000	0.00000000	0.00000000	0.00000000	1.00771320	1.00234938	1.00098753	1.00213444
0.00061440	0.00000000	0.00000000	0.00000000	0.00000000	1.00756705	1.00189841	1.00237393	0.99787110
0.00066560	0.00000000	0.00000000	0.00000000	0.00000000	1.00588048	1.00321019	1.00335968	0.99955678
0.00071680	0.00000000	0.00000000	0.00000000	0.00000000	1.00766885	1.00353217	1.00147486	1.00303304
0.00076800	0.00000000	0.00000000	0.00000000	0.00000000	1.00662994	1.00288761	1.00002599	1.00669789
0.00081920	0.00000000	0.00000000	0.00000000	0.00000000	1.00854993	1.00331235	0.99979991	1.00621974
0.00092160	0.00000000	0.00000000	0.00000000	0.00000000	1.00542998	0.99977076	1.00020254	1.00029922
0.00102400	0.00000000	0.00000000	0.00000000	0.00000000	1.00269747	0.99796808	1.00072539	0.99830943
0.00112640	0.00000000	0.00000000	0.00000000	0.00000000	1.00173342	1.00207329	1.00136065	0.99897110
0.00122880	0.00000000	0.00000000	0.00000000	0.00000000	1.00141346	1.00096369	0.99757576	0.99610108
0.00133120	0.00000000	0.00000000	0.00000000	0.00000000	1.00609231	0.99860936	0.99944454	0.99972141
0.00143360	0.00000000	0.00000000	0.00000000	0.00000000	1.00122237	0.99777353	1.00117028	1.00244021
0.00153600	0.00000000	0.00000000	0.00000000	0.00000000	1.00001121	0.99669552	0.99907011	0.99928492
0.00163840	0.00000000	0.00000000	0.00000000	0.00000000	0.99800450	0.99804890	1.00222778	0.99883962
0.00184320	0.00000000	0.00000000	0.00000000	0.00000000	0.99969959	0.99958444	0.99945527	0.99985027
0.00204800	0.00000000	0.00000000	0.00000000	0.00000000	1.00109828	0.99747962	0.99435049	1.00156868
0.00225280	0.00000000	0.00000000	0.00000000	0.00000000	1.00330412	0.99921489	0.99968082	1.00174677
0.00245760	0.00000000	0.00000000	0.00000000	0.00000000	1.00523078	0.99952716	0.99951530	1.00144649
0.00266240	0.00000000	0.00000000	0.00000000	0.00000000	1.00296283	0.99607766	1.00102293	0.99932718
0.00286720	0.00000000	0.00000000	0.00000000	0.00000000	1.00189817	0.99629664	0.99848396	0.99937320
0.00307200	0.00000000	0.00000000	0.00000000	0.00000000	1.00185275	0.99859685	1.00037217	0.99780804
0.00327680	0.00000000	0.00000000	0.00000000	0.00000000	1.00542819	0.99642444	0.99939495	0.99930114
0.00368640	0.00000000	0.00000000	0.00000000	0.00000000	1.00116420	0.99711722	0.99909580	1.00080192
0.00409600	0.00000000	0.00000000	0.00000000	0.00000000	1.00152004	0.99983990	1.00270295	0.99975419
0.00450560	0.00000000	0.00000000	0.00000000	0.00000000	1.00378072	0.99847084	1.00076091	1.00092423
0.00491520	0.00000000	0.00000000	0.00000000	0.00000000	0.99948400	0.99859965	1.00218010	0.99851233
0.00532480	0.00000000	0.00000000	0.00000000	0.00000000	0.99744421	1.00296938	1.00058472	0.99869704
0.00573440	0.00000000	0.00000000	0.00000000	0.00000000	0.99583060	1.00102496	1.00271070	1.00030041
0.00614400	0.00000000	0.00000000	0.00000000	0.00000000	0.99728322	1.00055897	1.00332642	0.99966270
0.00655360	0.00000000	0.00000000	0.00000000	0.00000000	1.00197935	1.00048196	1.00253177	1.00240254
0.00737280	0.00000000	0.00000000	0.00000000	0.00000000	0.99893731	1.00072598	1.00275600	1.00007558
0.00819200	0.00000000	0.00000000	0.00000000	0.00000000	0.99748498	0.99839205	1.00044024	1.00071275
0.00901120	0.00000000	0.00000000	0.00000000	0.00000000	0.99765533	1.00135708	1.00160277	1.00015581
0.00983040	0.00000000	0.00000000	0.00000000	0.00000000	0.99792188	1.00163138	0.99856335	1.00043285
0.01064960	0.00000000	0.00000000	0.00000000	0.00000000	1.00279438	1.00047517	1.00086439	0.99853736
0.01146880	0.00000000	0.00000000	0.00000000	0.00000000	0.99937338	0.99891990	0.99913162	1.00146282
0.01228800	0.00000000	0.00000000	0.00000000	0.00000000	1.00030947	1.00195146	1.00003016	1.00215387
0.01310720	0.00000000	0.00000000	0.00000000	0.00000000	0.99926001	0.99886441	0.99801892	1.00273788
0.01474560	0.00000000	0.00000000	0.00000000	0.00000000	0.99833119	1.00026333	0.99884683	1.00120842
0.01638400	0.00000000	0.00000000	0.00000000	0.00000000	1.00055468	0.99963194	1.00118494	1.00016332
0.01802240	0.00000000	0.00000000	0.00000000	0.00000000	1.00152314	0.99739271	0.99950385	1.00065756
0.01966080	0.00000000	0.00000000	0.00000000	0.00000000	1.00286460	1.00010109	0.99875408	0.99877614
0.02129920	0.00000000	0.00000000	0.00000000	0.00000000	0.99891001	1.00003290	1.00005627	1.00054526
0.02293760	0.00000000	0.00000000	0.00000000	0.00000000	0.99911159	0.99860638	1.00046599	0.99942291
0.02457600	0.00000000	0.00000000	0.00000000	0.00000000	0.99997771	1.00005519	1.00062919	0.99932563
0.02621440	0.00000000	0.00000000	0.00000000	0.00000000	0.99890518	0.99855286	1.00120199	1.00035107
0.02949120	0.00000000	0.00000000	0.00000000	0.00000000	0.99763310	1.00157702	1.00053942	0.99981964
0.03276800	0.00000000	0.00000000	0.00000000	0.00000000	0.99933606	0.99972451	0.99988103	1.00011837
0.03604480	0.00000000	0.00000000	0.00000000	0.00000000	0.99862349	1.00012743	0.99987525	1.00003469
0.03932160	0.00000000	0.00000000	0.00000000	0.00000000	1.00039244	1.00028741	1.00006533	0.99945307
0.04259840	0.00000000	0.00000000	0.00000000	0.00000000	1.00019288	1.00027895	1.00020766	0.99933445
0.04587520	0.00000000	0.00000000	0.00000000	0.00000000	0.99844861	1.00057936	1.00084698	1.00048077
0.04915200	0.00000000	0.00000000	0.00000000	0.00000000	0.99913609	1.00107932	0.99986547	0.99966425
0.05242880	0.00000000	0.00000000	0.00000000	0.00000000	1.00120056	0.99980253	1.00024021	0.99989021
0.05898240	0.00000000	0.00000000	0.00000000	0.00000000	1.00173664	0.99913031	0.99933684	0.99984658
0.06553600	0.00000000	0.00000000	0.00000000	0.00000000	0.99982816	0.99964803	0.99951178	0.99995780
0.07208960	0.00000000	0.00000000	0.00000000	0.00000000	0.99973160	1.00046897	1.00068343	1.00023401
0.07864320	0.00000000	0.00000000	0.00000000	0.00000000	1.00179398	1.00032949	0.99944592	1.00025547
0.08519680	0.00000000	0.00000000	0.00000000	0.00000000	0.99920660	0.99984980	0.99938953	1.00030589
0.09175040	0.00000000	0.00000000	0.00000000	0.00000000	1.00096250	1.00027311	1.00015545	1.00008023
0.09830400	0.00000000	0.00000000	0.00000000	0.00000000	0.99981552	0.99961430	1.00041759	1.00028658
0.10485760	0.00000000	0.00000000	0.00000000	0.00000000	0.99907935	0.99966520	0.99981982	1.00050533
0.11796480	0.00000000	0.00000000	0.00000000	0.00000000	0.99825209	1.00039661	1.00005245	1.00003099
0.13107200	0.00000000	0.00000000	0.00000000	0.00000000	0.99937028	1.00032949	1.00009227	1.00000608
0.14417920	0.00000000	0.00000000	0.00000000	0.00000000	0.99988717	1.00029349	1.00032711	1.00017440
0.15728641	0.00000000	0.00000000	0.00000000	0.00000000	1.00077879	1.00024629	1.00063694	0.99957639
0.17039360	0.00000000	0.00000000	0.00000000	0.00000000	0.99908519	1.00023353	1.00030684	1.00027859
0.18350080	0.00000000	0.00000000	0.00000000	0.00000000	1.00091588	0.99945879	1.00023365	0.99974382
0.19660801	0.00000000	0.00000000	0.00000000	0.00000000	1.00083196	0.99951005	1.00021982	1.00018311
0.20971520	0.00000000	0.00000000	0.00000000	0.00000000	1.00025451	1.00016391	1.00021112	0.99981737
0.23592959	0.00000000	0.00000000	0.00000000	0.00000000	0.99926162	0.99988657	1.00012946	1.00018287
0.26214400	0.00000000	0.00000000	0.00000000	0.00000000	1.00035083	1.00025666	0.99999744	1.00018108
0.28835839	0.00000000	0.00000000	0.00000000	0.00000000	1.00021529	1.00028837	0.99990022	0.99995309
0.31457281	0.00000000	0.00000000	0.00000000	0.00000000	0.99934554	1.00042427	1.00022483	1.00013065
0.34078720	0.00000000	0.00000000	0.00000000	0.00000000	1.00024366	0.99997431	1.00000870	1.00000727
0.36700159	0.00000000	0.00000000	0.00000000	0.00000000	0.99921364	1.00007200	1.00011003	0.99993640
0.39321601	0.00000000	0.00000000	0.00000000	0.00000000	0.99945301	1.00008655	1.00055778	0.99988961
0.41943040	0.00000000	0.00000000	0.00000000	0.00000000	0.99975020	1.00050890	1.00005651	1.00021338
0.47185919	0.00000000	0.00000000	0.00000000	0.00000000	0.99994671	0.99997389	0.99987721	1.00001061
0.52428800	0.00000000	0.00000000	0.00000000	0.00000000	0.99995476	0.99991906	1.00028646	0.99997073
0.57671678	0.00000000	0.00000000	0.00000000	0.00000000	0.99999112	1.00018966	1.00016868	1.00024498
0.62914562	0.00000000	0.00000000	0.00000000	0.00000000	1.00082517	0.99969369	1.00006580	0.99980503
0.68157440	0.00000000	0.00000000	0.00000000	0.00000000	0.99992204	0.99986255	0.99992639	1.00020111
0.73400319	0.00000000	0.00000000	0.00000000	0.00000000	0.99992365	1.00000870	1.00009739	0.99980026
0.78643203	0.00000000	0.00000000	0.00000000	0.00000000	1.00030291	1.00004864	0.99977589	0.99991906
0.83886081	0.00000000	0.00000000	0.00000000	0.00000000	0.99994451	1.00017464	0.99990380	1.00029755
0.94371837	0.00000000	0.00000000	0.00000000	0.00000000	0.99957591	0.99992394	1.00004017	0.99992722
1.04857600	0.00000000	0.00000000	0.00000000	0.00000000	0.99990559	0.99991685	1.00014234	0.99989265
1.15343356	0.00000000	0.00000000	0.00000000	0.00000000	1.00023377	0.99984872	1.00016737	0.99994004
1.25829124	0.00000000	0.00000000	0.00000000	0.00000000	1.00044894	1.00004911	1.00001800	0.99992210
1.36314881	0.00000000	0.00000000	0.00000000	0.00000000	0.99994951	0.99981451	1.00016999	0.99992239
1.46800637	0.00000000	0.00000000	0.00000000	0.00000000	1.00006831	1.00002563	1.00019431	0.99994427
1.57286406	0.00000000	0.00000000	0.00000000	0.00000000	0.99969947	0.99988753	1.00016057	0.99976051
1.67772162	0.00000000	0.00000000	0.00000000	0.00000000	0.99983966	0.99990004	1.00017405	0.99985451
1.88743675	0.00000000	0.00000000	0.00000000	0.00000000	1.00014877	0.99990892	1.00001884	0.99998558
2.09715199	0.00000000	0.00000000	0.00000000	0.00000000	0.99978685	0.99998325	0.99992615	1.00002420
2.30686712	0.00000000	0.00000000	0.00000000	0.00000000	0.99997014	0.99988943	0.99984694	1.00006592
2.51658249	0.00000000	0.00000000	0.00000000	0.00000000	1.00024807	0.99980730	0.99989593	1.00004566
2.72629762	0.00000000	0.00000000	0.00000000	0.00000000	0.99988419	0.99985749	1.00004792	1.00011802
2.93601274	0.00000000	0.00000000	0.00000000	0.00000000	1.00004542	0.99996132	1.00005448	1.00000298
3.14572811	0.00000000	0.00000000	0.00000000	0.00000000	1.00007403	0.99989122	1.00001013	1.00014710
3.35544324	0.00000000	0.00000000	0.00000000	0.00000000	0.99987000	1.00022352	1.00002348	1.00007665
3.77487350	0.00000000	0.00000000	0.00000000	0.00000000	0.99977189	1.00021935	0.99994767	0.99985135
4.19430399	0.00000000	0.00000000	0.00000000	0.00000000	1.00037098	0.99991542	0.99995744	0.99993497
4.61373425	0.00000000	0.00000000	0.00000000	0.00000000	0.99946576	1.00005090	1.00009298	1.00012708
5.03316498	0.00000000	0.00000000	0.00000000	0.00000000	1.00000000	1.00000000	1.00000000	1.00000000
5.45259523	0.00000000	0.00000000	0.00000000	0.00000000	0.00000000	0.00000000	0.00000000	0.00000000
5.87202549	0.00000000	0.00000000	0.00000000	0.00000000	0.00000000	0.00000000	0.00000000	0.00000000
6.29145622	0.00000000	0.00000000	0.00000000	0.00000000	0.00000000	0.00000000	0.00000000	0.00000000
6.71088648	0.00000000	0.00000000	0.00000000	0.00000000	0.00000000	0.00000000	0.00000000	0.00000000
7.54974699	0.00000000	0.00000000	0.00000000	0.00000000	0.00000000	0.00000000	0.00000000	0.00000000
8.38860798	0.00000000	0.00000000	0.00000000	0.00000000	0.00000000	0.00000000	0.00000000	0.00000000
9.22746849	0.00000000	0.00000000	0.00000000	0.00000000	0.00000000	0.00000000	0.00000000	0.00000000
10.06632996	0.00000000	0.00000000	0.00000000	0.00000000	0.00000000	0.00000000	0.00000000	0.00000000
10.90519047	0.00000000	0.00000000	0.00000000	0.00000000	0.00000000	0.00000000	0.00000000	0.00000000
11.74405098	0.00000000	0.00000000	0.00000000	0.00000000	0.00000000	0.00000000	0.00000000	0.00000000
12.58291245	0.00000000	0.00000000	0.00000000	0.00000000	0.00000000	0.00000000	0.00000000	0.00000000
13.42177296	0.00000000	0.00000000	0.00000000	0.00000000	0.00000000	0.00000000	0.00000000	0.00000000
15.09949398	0.00000000	0.00000000	0.00000000	0.00000000	0.00000000	0.00000000	0.00000000	0.00000000
16.77721596	0.00000000	0.00000000	0.00000000	0.00000000	0.00000000	0.00000000	0.00000000	0.00000000
18.45493698	0.00000000	0.00000000	0.00000000	0.00000000	0.00000000	0.00000000	0.00000000	0.00000000
20.13265991	0.00000000	0.00000000	0.00000000	0.00000000	0.00000000	0.00000000	0.00000000	0.00000000
21.81038094	0.00000000	0.00000000	0.00000000	0.00000000	0.00000000	0.00000000	0.00000000	0.00000000
23.48810196	0.00000000	0.00000000	0.00000000	0.00000000	0.00000000	0.00000000	0.00000000	0.00000000
25.16582489	0.00000000	0.00000000	0.00000000	0.00000000	0.00000000	0.00000000	0.00000000	0.00000000
26.84354591	0.00000000	0.00000000	0.00000000	0.00000000	0.00000000	0.00000000	0.00000000	0.00000000
30.19898796	0.00000000	0.00000000	0.00000000	0.00000000	0.00000000	0.00000000	0.00000000	0.00000000
33.55443192	0.00000000	0.00000000	0.00000000	0.00000000	0.00000000	0.00000000	0.00000000	0.00000000
36.90987396	0.00000000	0.00000000	0.00000000	0.00000000	0.00000000	0.00000000	0.00000000	0.00000000
40.26531982	0.00000000	0.00000000	0.00000000	0.00000000	0.00000000	0.00000000	0.00000000	0.00000000
43.62076187	0.00000000	0.00000000	0.00000000	0.00000000	0.00000000	0.00000000	0.00000000	0.00000000
46.97620392	0.00000000	0.00000000	0.00000000	0.00000000	0.00000000	0.00000000	0.00000000	0.00000000
50.33164978	0.00000000	0.00000000	0.00000000	0.00000000	0.00000000	0.00000000	0.00000000	0.00000000
53.68709183	0.00000000	0.00000000	0.00000000	0.00000000	0.00000000	0.00000000	0.00000000	0.00000000
60.39797592	0.00000000	0.00000000	0.00000000	0.00000000	0.00000000	0.00000000	0.00000000	0.00000000
67.10886383	0.00000000	0.00000000	0.00000000	0.00000000	0.00000000	0.00000000	0.00000000	0.00000000
73.81974792	0.00000000	0.00000000	0.00000000	0.00000000	0.00000000	0.00000000	0.00000000	0.00000000
80.53063965	0.00000000	0.00000000	0.00000000	0.00000000	0.00000000	0.00000000	0.00000000	0.00000000
87.24152374	0.00000000	0.00000000	0.00000000	0.00000000	0.00000000	0.00000000	0.00000000	0.00000000
93.95240784	0.00000000	0.00000000	0.00000000	0.00000000	0.00000000	0.00000000	0.00000000	0.00000000
100.66329956	0.00000000	0.00000000	0.00000000	0.00000000	0.00000000	0.00000000	0.00000000	0.00000000
107.37418365	0.00000000	0.00000000	0.00000000	0.00000000	0.00000000	0.00000000	0.00000000	0.00000000
120.79595184	0.00000000	0.00000000	0.00000000	0.00000000	0.00000000	0.00000000	0.00000000	0.00000000
134.21772766	0.00000000	0.00000000	0.00000000	0.00000000	0.00000000	0.00000000	0.00000000	0.00000000
147.63949585	0.00000000	0.00000000	0.00000000	0.00000000	0.00000000	0.00000000	0.00000000	0.00000000
161.06127930	0.00000000	0.00000000	0.00000000	0.00000000	0.00000000	0.00000000	0.00000000	0.00000000
174.48304749	0.00000000	0.00000000	0.00000000	0.00000000	0.00000000	0.00000000	0.00000000	0.00000000
187.90481567	0.00000000	0.00000000	0.00000000	0.00000000	0.00000000	0.00000000	0.00000000	0.00000000
201.32659912	0.00000000	0.00000000	0.00000000	0.00000000	0.00000000	0.00000000	0.00000000	0.00000000
214.74836731	0.00000000	0.00000000	0.00000000	0.00000000	0.00000000	0.00000000	0.00000000	0.00000000
241.59190369	0.00000000	0.00000000	0.00000000	0.00000000	0.00000000	0.00000000	0.00000000	0.00000000
268.43545532	0.00000000	0.00000000	0.00000000	0.00000000	0.00000000	0.00000000	0.00000000	0.00000000
295.27899170	0.00000000	0.00000000	0.00000000	0.00000000	0.00000000	0.00000000	0.00000000	0.00000000
322.12255859	0.00000000	0.00000000	0.00000000	0.00000000	0.00000000	0.00000000	0.00000000	0.00000000
348.96609497	0.00000000	0.00000000	0.00000000	0.00000000	0.00000000	0.00000000	0.00000000	0.00000000
375.80963135	0.00000000	0.00000000	0.00000000	0.00000000	0.00000000	0.00000000	0.00000000	0.00000000
402.65319824	0.00000000	0.00000000	0.00000000	0.00000000	0.00000000	0.00000000	0.00000000	0.00000000
429.49673462	0.00000000	0.00000000	0.00000000	0.00000000	0.00000000	0.00000000	0.00000000	0.00000000
483.18380737	0.00000000	0.00000000	0.00000000	0.00000000	0.00000000	0.00000000	0.00000000	0.00000000
536.87091064	0.00000000	0.00000000	0.00000000	0.00000000	0.00000000	0.00000000	0.00000000	0.00000000
590.55798340	0.00000000	0.00000000	0.00000000	0.00000000	0.00000000	0.00000000	0.00000000	0.00000000
644.24511719	0.00000000	0.00000000	0.00000000	0.00000000	0.00000000	0.00000000	0.00000000	0.00000000
697.93218994	0.00000000	0.00000000	0.00000000	0.00000000	0.00000000	0.00000000	0.00000000	0.00000000
751.61926270	0.00000000	0.00000000	0.00000000	0.00000000	0.00000000	0.00000000	0.00000000	0.00000000
805.30639648	0.00000000	0.00000000	0.00000000	0.00000000	0.00000000	0.00000000	0.00000000	0.00000000
858.99346924	0.00000000	0.00000000	0.00000000	0.00000000	0.00000000	0.00000000	0.00000000	0.00000000
966.36761475	0.00000000	0.00000000	0.00000000	0.00000000	0.00000000	0.00000000	0.00000000	0.00000000
1073.74182129	0.00000000	0.00000000	0.00000000	0.00000000	0.00000000	0.00000000	0.00000000	0.00000000
1181.11596680	0.00000000	0.00000000	0.00000000	0.00000000	0.00000000	0.00000000	0.00000000	0.00000000
1288.49023437	0.00000000	0.00000000	0.00000000	0.00000000	0.00000000	0.00000000	0.00000000	0.00000000
1395.86437988	0.00000000	0.00000000	0.00000000	0.00000000	0.00000000	0.00000000	0.00000000	0.00000000
1503.23852539	0.00000000	0.00000000	0.00000000	0.00000000	0.00000000	0.00000000	0.00000000	0.00000000
1610.61279297	0.00000000	0.00000000	0.00000000	0.00000000	0.00000000	0.00000000	0.00000000	0.00000000
1717.98693848	0.00000000	0.00000000	0.00000000	0.00000000	0.00000000	0.00000000	0.00000000	0.00000000
1932.73522949	0.00000000	0.00000000	0.00000000	0.00000000	0.00000000	0.00000000	0.00000000	0.00000000
2147.48364258	0.00000000	0.00000000	0.00000000	0.00000000	0.00000000	0.00000000	0.00000000	0.00000000
2362.23193359	0.00000000	0.00000000	0.00000000	0.00000000	0.00000000	0.00000000	0.00000000	0.00000000
2576.98046875	0.00000000	0.00000000	0.00000000	0.00000000	0.00000000	0.00000000	0.00000000	0.00000000
2791.72875977	0.00000000	0.00000000	0.00000000	0.00000000	0.00000000	0.00000000	0.00000000	0.00000000
3006.47705078	0.00000000	0.00000000	0.00000000	0.00000000	0.00000000	0.00000000	0.00000000	0.00000000
3221.22558594	0.00000000	0.00000000	0.00000000	0.00000000	0.00000000	0.00000000	0.00000000	0.00000000
3435.97387695	0.00000000	0.00000000	0.00000000	0.00000000	0.00000000	0.00000000	0.00000000	0.00000000
0	0	0	0	0	0	0	0	0
