%2/14/2019 3:15:39 PM
%Duration	ID1		ID2		ID3		ID4		ID5		ID6		ID7		ID8
3000.000000	0.000000	0.000000	0.000000	0.000000	38.366318	78.325272	132.541656	80.947876
%Tau		Tau1		Tau2		Tau3		Tau4		Tau5		Tau6		Tau7		Tau8
%		0.000000	0.000000	0.000000	0.000000	0.000230	0.000166	0.000128	0.000102
%Delaytime	D1		D2		D3		D4		D5		D6		D7		D8
0.00000020	0.00000000	0.00000000	0.00000000	0.00000000	2.03045917	2.53267145	2.17414761	1.65806675
0.00000040	0.00000000	0.00000000	0.00000000	0.00000000	1.62857556	1.60326147	1.54786158	1.54690218
0.00000060	0.00000000	0.00000000	0.00000000	0.00000000	1.54651558	1.56742454	1.51960313	1.47555768
0.00000080	0.00000000	0.00000000	0.00000000	0.00000000	1.46445549	1.53393757	1.49857354	1.49602079
0.00000100	0.00000000	0.00000000	0.00000000	0.00000000	1.52337039	1.53217518	1.48783982	1.51869619
0.00000120	0.00000000	0.00000000	0.00000000	0.00000000	1.48760068	1.49105084	1.48915410	1.50099838
0.00000140	0.00000000	0.00000000	0.00000000	0.00000000	1.47076786	1.44405162	1.46856272	1.50210452
0.00000160	0.00000000	0.00000000	0.00000000	0.00000000	1.51705813	1.45991385	1.47995365	1.48606586
0.00000180	0.00000000	0.00000000	0.00000000	0.00000000	1.46024728	1.52630019	1.48805881	1.52256763
0.00000200	0.00000000	0.00000000	0.00000000	0.00000000	1.48339248	1.48752582	1.52464151	1.49989223
0.00000220	0.00000000	0.00000000	0.00000000	0.00000000	1.47497606	1.46990120	1.45848608	1.45067012
0.00000240	0.00000000	0.00000000	0.00000000	0.00000000	1.52337039	1.50691307	1.47622967	1.52533293
0.00000260	0.00000000	0.00000000	0.00000000	0.00000000	1.39081192	1.46872616	1.48148715	1.48772502
0.00000280	0.00000000	0.00000000	0.00000000	0.00000000	1.50864172	1.46343875	1.49857354	1.47223938
0.00000300	0.00000000	0.00000000	0.00000000	0.00000000	1.61595094	1.46226382	1.49660206	1.48772502
0.00000320	0.00000000	0.00000000	0.00000000	0.00000000	1.45603907	1.49810064	1.48959219	1.54856133
0.00000360	0.00000000	0.00000000	0.00000000	0.00000000	1.40974891	1.45168900	1.47633922	1.48468316
0.00000400	0.00000000	0.00000000	0.00000000	0.00000000	1.51074576	1.49134457	1.47382009	1.49491477
0.00000440	0.00000000	0.00000000	0.00000000	0.00000000	1.45603907	1.48165095	1.48751116	1.50099838
0.00000480	0.00000000	0.00000000	0.00000000	0.00000000	1.42132139	1.44845772	1.47798216	1.46422005
0.00000520	0.00000000	0.00000000	0.00000000	0.00000000	1.54651558	1.48664463	1.48641586	1.47334552
0.00000560	0.00000000	0.00000000	0.00000000	0.00000000	1.52021420	1.45580137	1.47524393	1.47362196
0.00000600	0.00000000	0.00000000	0.00000000	0.00000000	1.49917328	1.46725750	1.47305334	1.48136485
0.00000640	0.00000000	0.00000000	0.00000000	0.00000000	1.41500914	1.48253214	1.45344770	1.49491477
0.00000720	0.00000000	0.00000000	0.00000000	0.00000000	1.46813774	1.50911617	1.46308625	1.48758674
0.00000800	0.00000000	0.00000000	0.00000000	0.00000000	1.49812114	1.46578872	1.48115849	1.42979217
0.00000880	0.00000000	0.00000000	0.00000000	0.00000000	1.46077335	1.47606981	1.46440065	1.48330057
0.00000960	0.00000000	0.00000000	0.00000000	0.00000000	1.44709671	1.46916676	1.45656931	1.46864450
0.00001040	0.00000000	0.00000000	0.00000000	0.00000000	1.49969923	1.47357297	1.45224285	1.44320381
0.00001120	0.00000000	0.00000000	0.00000000	0.00000000	1.44867480	1.44184852	1.45832181	1.41651881
0.00001200	0.00000000	0.00000000	0.00000000	0.00000000	1.50653756	1.46167624	1.45311916	1.44237423
0.00001280	0.00000000	0.00000000	0.00000000	0.00000000	1.48812664	1.45154202	1.45218813	1.45578587
0.00001440	0.00000000	0.00000000	0.00000000	0.00000000	1.51837313	1.45462644	1.45555615	1.44382608
0.00001600	0.00000000	0.00000000	0.00000000	0.00000000	1.48444450	1.43986571	1.43315744	1.42654300
0.00001760	0.00000000	0.00000000	0.00000000	0.00000000	1.44183648	1.46476066	1.43745649	1.44043851
0.00001920	0.00000000	0.00000000	0.00000000	0.00000000	1.44578159	1.45014679	1.43318486	1.41838539
0.00002080	0.00000000	0.00000000	0.00000000	0.00000000	1.45866930	1.44096720	1.43600523	1.41859281
0.00002240	0.00000000	0.00000000	0.00000000	0.00000000	1.47313499	1.45396543	1.42757154	1.42108154
0.00002400	0.00000000	0.00000000	0.00000000	0.00000000	1.46340346	1.44669533	1.42047954	1.42052853
0.00002560	0.00000000	0.00000000	0.00000000	0.00000000	1.48549652	1.43112683	1.40990996	1.38831294
0.00002880	0.00000000	0.00000000	0.00000000	0.00000000	1.45953751	1.42100596	1.39840770	1.39903688
0.00003200	0.00000000	0.00000000	0.00000000	0.00000000	1.44349504	1.41743541	1.38389933	1.37852085
0.00003520	0.00000000	0.00000000	0.00000000	0.00000000	1.43035567	1.40746629	1.38095105	1.37313437
0.00003840	0.00000000	0.00000000	0.00000000	0.00000000	1.42983007	1.40573621	1.38202441	1.36222339
0.00004160	0.00000000	0.00000000	0.00000000	0.00000000	1.42470574	1.39605522	1.35464323	1.35172665
0.00004480	0.00000000	0.00000000	0.00000000	0.00000000	1.41498256	1.39925766	1.35378301	1.34523523
0.00004800	0.00000000	0.00000000	0.00000000	0.00000000	1.42523134	1.38806736	1.35032737	1.32271683
0.00005120	0.00000000	0.00000000	0.00000000	0.00000000	1.42273486	1.38641095	1.34464645	1.31898773
0.00005760	0.00000000	0.00000000	0.00000000	0.00000000	1.38973749	1.36539650	1.32713878	1.30512810
0.00006400	0.00000000	0.00000000	0.00000000	0.00000000	1.38913465	1.36189795	1.31178010	1.28707755
0.00007040	0.00000000	0.00000000	0.00000000	0.00000000	1.39392900	1.34865868	1.29586542	1.27732754
0.00007680	0.00000000	0.00000000	0.00000000	0.00000000	1.39215577	1.33974051	1.28938019	1.26407981
0.00008320	0.00000000	0.00000000	0.00000000	0.00000000	1.36660743	1.32223594	1.27781653	1.24846232
0.00008960	0.00000000	0.00000000	0.00000000	0.00000000	1.36135328	1.31411576	1.26118815	1.23788393
0.00009600	0.00000000	0.00000000	0.00000000	0.00000000	1.34716702	1.30820513	1.25321364	1.21191239
0.00010240	0.00000000	0.00000000	0.00000000	0.00000000	1.33685577	1.29789364	1.24089515	1.19731307
0.00011520	0.00000000	0.00000000	0.00000000	0.00000000	1.33082056	1.27302694	1.22531521	1.19036329
0.00012800	0.00000000	0.00000000	0.00000000	0.00000000	1.30759370	1.25709200	1.20325112	1.17045629
0.00014080	0.00000000	0.00000000	0.00000000	0.00000000	1.30237746	1.23825562	1.18981409	1.15046680
0.00015360	0.00000000	0.00000000	0.00000000	0.00000000	1.29062188	1.22412229	1.17101598	1.14478517
0.00016640	0.00000000	0.00000000	0.00000000	0.00000000	1.27405488	1.21441388	1.15496135	1.12834096
0.00017920	0.00000000	0.00000000	0.00000000	0.00000000	1.26049531	1.19945669	1.14395618	1.11497974
0.00019200	0.00000000	0.00000000	0.00000000	0.00000000	1.26682687	1.18729424	1.13359916	1.10308027
0.00020480	0.00000000	0.00000000	0.00000000	0.00000000	1.24093258	1.17000628	1.12586045	1.09064329
0.00023040	0.00000000	0.00000000	0.00000000	0.00000000	1.22354257	1.15047073	1.10360897	1.07600451
0.00025600	0.00000000	0.00000000	0.00000000	0.00000000	1.19353187	1.13299859	1.08961666	1.06301522
0.00028160	0.00000000	0.00000000	0.00000000	0.00000000	1.18108332	1.11682701	1.07460999	1.05618823
0.00030720	0.00000000	0.00000000	0.00000000	0.00000000	1.17178154	1.10613835	1.06214678	1.04478025
0.00033280	0.00000000	0.00000000	0.00000000	0.00000000	1.14757395	1.08994794	1.05562079	1.03693926
0.00035840	0.00000000	0.00000000	0.00000000	0.00000000	1.13568377	1.07837987	1.04915345	1.02594888
0.00038400	0.00000000	0.00000000	0.00000000	0.00000000	1.12651968	1.06885314	1.03995574	1.02645028
0.00040960	0.00000000	0.00000000	0.00000000	0.00000000	1.12209237	1.06012833	1.03410983	1.01528680
0.00046080	0.00000000	0.00000000	0.00000000	0.00000000	1.09157050	1.04259181	1.02520299	1.00961757
0.00051200	0.00000000	0.00000000	0.00000000	0.00000000	1.07669020	1.03145909	1.01935017	1.00608528
0.00056320	0.00000000	0.00000000	0.00000000	0.00000000	1.06284487	1.02422631	1.01388991	1.00603771
0.00061440	0.00000000	0.00000000	0.00000000	0.00000000	1.05009031	1.01595366	1.01026785	0.99963462
0.00066560	0.00000000	0.00000000	0.00000000	0.00000000	1.04126704	1.01047254	1.00731313	0.99990040
0.00071680	0.00000000	0.00000000	0.00000000	0.00000000	1.02463889	1.01096582	1.00666785	0.99824888
0.00076800	0.00000000	0.00000000	0.00000000	0.00000000	1.02682841	1.00524485	1.00522351	0.99680924
0.00081920	0.00000000	0.00000000	0.00000000	0.00000000	1.01391816	1.00551677	1.00392807	0.99864888
0.00092160	0.00000000	0.00000000	0.00000000	0.00000000	1.01734984	1.00546813	0.99928278	0.99715167
0.00102400	0.00000000	0.00000000	0.00000000	0.00000000	1.00899112	1.00799942	1.00142169	0.99562544
0.00112640	0.00000000	0.00000000	0.00000000	0.00000000	1.00511372	1.00707626	0.99926549	0.99492669
0.00122880	0.00000000	0.00000000	0.00000000	0.00000000	1.00116181	1.00165963	0.99970669	0.99275470
0.00133120	0.00000000	0.00000000	0.00000000	0.00000000	1.00152338	0.99891615	1.00307930	0.99711812
0.00143360	0.00000000	0.00000000	0.00000000	0.00000000	1.00156832	0.99717712	1.00274897	0.99729443
0.00153600	0.00000000	0.00000000	0.00000000	0.00000000	1.00074351	0.99601674	1.00432444	0.99946642
0.00163840	0.00000000	0.00000000	0.00000000	0.00000000	0.99783003	0.99241275	1.00254393	1.00077534
0.00184320	0.00000000	0.00000000	0.00000000	0.00000000	0.99649739	0.99374330	1.00148010	1.00565076
0.00204800	0.00000000	0.00000000	0.00000000	0.00000000	0.99745309	0.99969852	1.00247073	1.00346684
0.00225280	0.00000000	0.00000000	0.00000000	0.00000000	0.99902654	1.00419378	1.00285113	1.00274742
0.00245760	0.00000000	0.00000000	0.00000000	0.00000000	1.00296831	1.00319099	1.00455070	1.00105667
0.00266240	0.00000000	0.00000000	0.00000000	0.00000000	1.00041974	1.00978160	1.00184309	1.00202763
0.00286720	0.00000000	0.00000000	0.00000000	0.00000000	1.00305128	1.00675380	0.99850589	1.00168109
0.00307200	0.00000000	0.00000000	0.00000000	0.00000000	1.00164902	1.00678241	1.00030768	1.00043273
0.00327680	0.00000000	0.00000000	0.00000000	0.00000000	1.00715721	1.01047516	1.00058103	1.00231075
0.00368640	0.00000000	0.00000000	0.00000000	0.00000000	1.00574672	1.00756598	0.99861693	1.00134134
0.00409600	0.00000000	0.00000000	0.00000000	0.00000000	1.00284111	0.99923277	1.00425434	1.00063205
0.00450560	0.00000000	0.00000000	0.00000000	0.00000000	0.99779063	0.99803203	1.00394344	0.99821645
0.00491520	0.00000000	0.00000000	0.00000000	0.00000000	1.00237799	0.99920291	0.99696600	1.00055277
0.00532480	0.00000000	0.00000000	0.00000000	0.00000000	0.99407566	0.99938416	0.99824464	0.99833322
0.00573440	0.00000000	0.00000000	0.00000000	0.00000000	0.99067563	0.99467224	0.99889153	1.00064301
0.00614400	0.00000000	0.00000000	0.00000000	0.00000000	0.99801606	0.99839818	1.00097823	0.99843025
0.00655360	0.00000000	0.00000000	0.00000000	0.00000000	1.00441349	0.99901503	0.99944305	1.00233829
0.00737280	0.00000000	0.00000000	0.00000000	0.00000000	0.99989629	0.99831629	0.99610084	1.00519788
0.00819200	0.00000000	0.00000000	0.00000000	0.00000000	0.99508721	0.99790245	1.00056088	1.00438643
0.00901120	0.00000000	0.00000000	0.00000000	0.00000000	0.99605072	0.99917430	1.00378919	0.99998814
0.00983040	0.00000000	0.00000000	0.00000000	0.00000000	1.00418270	1.00199342	1.00335014	0.99968874
0.01064960	0.00000000	0.00000000	0.00000000	0.00000000	1.00769663	0.99922103	0.99697059	1.00114179
0.01146880	0.00000000	0.00000000	0.00000000	0.00000000	1.00229299	0.99955487	1.00331330	1.00402772
0.01228800	0.00000000	0.00000000	0.00000000	0.00000000	0.99693722	0.99614406	1.00201571	1.00120831
0.01310720	0.00000000	0.00000000	0.00000000	0.00000000	0.99443996	1.00236750	0.99988681	1.00042403
0.01474560	0.00000000	0.00000000	0.00000000	0.00000000	0.99884671	1.00000024	1.00153804	1.00052595
0.01638400	0.00000000	0.00000000	0.00000000	0.00000000	1.00249755	1.00054193	1.00077820	0.99944156
0.01802240	0.00000000	0.00000000	0.00000000	0.00000000	0.99956906	1.00196803	1.00120080	1.00112438
0.01966080	0.00000000	0.00000000	0.00000000	0.00000000	0.99698025	1.00297189	0.99955833	0.99948698
0.02129920	0.00000000	0.00000000	0.00000000	0.00000000	0.99934894	0.99591780	1.00179267	0.99972087
0.02293760	0.00000000	0.00000000	0.00000000	0.00000000	0.99401826	1.00267291	0.99950874	1.00299513
0.02457600	0.00000000	0.00000000	0.00000000	0.00000000	0.99916387	1.00133157	1.00007641	1.00155127
0.02621440	0.00000000	0.00000000	0.00000000	0.00000000	0.99845368	0.99558961	1.00117087	0.99912661
0.02949120	0.00000000	0.00000000	0.00000000	0.00000000	1.00134599	0.99962789	1.00023925	0.99802661
0.03276800	0.00000000	0.00000000	0.00000000	0.00000000	1.00071883	0.99997526	1.00021982	0.99963367
0.03604480	0.00000000	0.00000000	0.00000000	0.00000000	0.99795121	1.00006866	1.00024629	1.00236654
0.03932160	0.00000000	0.00000000	0.00000000	0.00000000	1.00446010	0.99789304	0.99971420	1.00008273
0.04259840	0.00000000	0.00000000	0.00000000	0.00000000	1.00080264	0.99914688	0.99939650	0.99977738
0.04587520	0.00000000	0.00000000	0.00000000	0.00000000	0.99870855	1.00104690	1.00061333	1.00069690
0.04915200	0.00000000	0.00000000	0.00000000	0.00000000	1.00414467	1.00027287	1.00093567	1.00069058
0.05242880	0.00000000	0.00000000	0.00000000	0.00000000	0.99820751	1.00112653	0.99995834	0.99882615
0.05898240	0.00000000	0.00000000	0.00000000	0.00000000	0.99894512	0.99940741	1.00150096	1.00018835
0.06553600	0.00000000	0.00000000	0.00000000	0.00000000	1.00003648	0.99865890	1.00174475	1.00002778
0.07208960	0.00000000	0.00000000	0.00000000	0.00000000	0.99852604	0.99943525	0.99965262	1.00056696
0.07864320	0.00000000	0.00000000	0.00000000	0.00000000	1.00087082	1.00015676	1.00044715	0.99849397
0.08519680	0.00000000	0.00000000	0.00000000	0.00000000	1.00255406	1.00004065	0.99917537	1.00090837
0.09175040	0.00000000	0.00000000	0.00000000	0.00000000	0.99974340	0.99962914	1.00068939	1.00024819
0.09830400	0.00000000	0.00000000	0.00000000	0.00000000	0.99798816	0.99921739	0.99954605	0.99969780
0.10485760	0.00000000	0.00000000	0.00000000	0.00000000	1.00006008	1.00033963	0.99987257	1.00080311
0.11796480	0.00000000	0.00000000	0.00000000	0.00000000	1.00265038	0.99966085	0.99995440	1.00033844
0.13107200	0.00000000	0.00000000	0.00000000	0.00000000	1.00078595	0.99963468	0.99973524	1.00025284
0.14417920	0.00000000	0.00000000	0.00000000	0.00000000	0.99879700	1.00042439	1.00016272	1.00022101
0.15728641	0.00000000	0.00000000	0.00000000	0.00000000	1.00018585	1.00047553	0.99977964	1.00020278
0.17039360	0.00000000	0.00000000	0.00000000	0.00000000	0.99991852	1.00064588	1.00044703	1.00009596
0.18350080	0.00000000	0.00000000	0.00000000	0.00000000	0.99940306	1.00072038	0.99968088	0.99999219
0.19660801	0.00000000	0.00000000	0.00000000	0.00000000	1.00196707	0.99897808	0.99975806	0.99958080
0.20971520	0.00000000	0.00000000	0.00000000	0.00000000	1.00002146	0.99906647	0.99965709	0.99945492
0.23592959	0.00000000	0.00000000	0.00000000	0.00000000	1.00046992	0.99997979	1.00021708	0.99979782
0.26214400	0.00000000	0.00000000	0.00000000	0.00000000	0.99877948	1.00092733	0.99951357	0.99980927
0.28835839	0.00000000	0.00000000	0.00000000	0.00000000	1.00012207	1.00021160	1.00001895	0.99957734
0.31457281	0.00000000	0.00000000	0.00000000	0.00000000	1.00043142	1.00049543	0.99892777	0.99954784
0.34078720	0.00000000	0.00000000	0.00000000	0.00000000	1.00028026	1.00040221	0.99999070	0.99955004
0.36700159	0.00000000	0.00000000	0.00000000	0.00000000	0.99955559	0.99927109	0.99979883	0.99980295
0.39321601	0.00000000	0.00000000	0.00000000	0.00000000	1.00084627	0.99954790	0.99923760	0.99941492
0.41943040	0.00000000	0.00000000	0.00000000	0.00000000	0.99951655	0.99969053	1.00015867	0.99919116
0.47185919	0.00000000	0.00000000	0.00000000	0.00000000	0.99930114	0.99947721	1.00039780	0.99971098
0.52428800	0.00000000	0.00000000	0.00000000	0.00000000	1.00058758	0.99994278	0.99974263	1.00020337
0.57671678	0.00000000	0.00000000	0.00000000	0.00000000	1.00021601	0.99991727	0.99959356	0.99970895
0.62914562	0.00000000	0.00000000	0.00000000	0.00000000	0.99941206	1.00036669	0.99969852	1.00039744
0.68157440	0.00000000	0.00000000	0.00000000	0.00000000	1.00034785	0.99979734	0.99969667	1.00037754
0.73400319	0.00000000	0.00000000	0.00000000	0.00000000	1.00041747	0.99970144	0.99980152	0.99980158
0.78643203	0.00000000	0.00000000	0.00000000	0.00000000	0.99919498	0.99983752	0.99995333	1.00024033
0.83886081	0.00000000	0.00000000	0.00000000	0.00000000	1.00069821	1.00027633	0.99968815	0.99980891
0.94371837	0.00000000	0.00000000	0.00000000	0.00000000	0.99966538	0.99973381	0.99993622	0.99991554
1.04857600	0.00000000	0.00000000	0.00000000	0.00000000	1.00007725	0.99999356	1.00002360	1.00025284
1.15343356	0.00000000	0.00000000	0.00000000	0.00000000	0.99980724	0.99959129	1.00011015	1.00020230
1.25829124	0.00000000	0.00000000	0.00000000	0.00000000	0.99925923	1.00009537	1.00019205	0.99995607
1.36314881	0.00000000	0.00000000	0.00000000	0.00000000	1.00008047	0.99970055	1.00032377	0.99973768
1.46800637	0.00000000	0.00000000	0.00000000	0.00000000	0.99988550	0.99996394	0.99944514	1.00007319
1.57286406	0.00000000	0.00000000	0.00000000	0.00000000	1.00002432	1.00015581	0.99955791	1.00011086
1.67772162	0.00000000	0.00000000	0.00000000	0.00000000	1.00003445	1.00014305	1.00027108	0.99987692
1.88743675	0.00000000	0.00000000	0.00000000	0.00000000	0.99937212	1.00003052	0.99980193	0.99948883
2.09715199	0.00000000	0.00000000	0.00000000	0.00000000	0.99928516	1.00010741	0.99997598	1.00020313
2.30686712	0.00000000	0.00000000	0.00000000	0.00000000	0.99957526	1.00030184	0.99996048	1.00013113
2.51658249	0.00000000	0.00000000	0.00000000	0.00000000	1.00067723	1.00026286	1.00018454	0.99966359
2.72629762	0.00000000	0.00000000	0.00000000	0.00000000	1.00012803	0.99983793	0.99982798	1.00031114
2.93601274	0.00000000	0.00000000	0.00000000	0.00000000	1.00044513	0.99981636	1.00032270	0.99984616
3.14572811	0.00000000	0.00000000	0.00000000	0.00000000	1.00021267	1.00010693	0.99971455	1.00019407
3.35544324	0.00000000	0.00000000	0.00000000	0.00000000	0.99996424	0.99989700	0.99946612	0.99991465
3.77487350	0.00000000	0.00000000	0.00000000	0.00000000	0.99964637	0.99972671	0.99994779	1.00035214
4.19430399	0.00000000	0.00000000	0.00000000	0.00000000	1.00001490	0.99991280	0.99995238	0.99969524
4.61373425	0.00000000	0.00000000	0.00000000	0.00000000	0.99999011	1.00019538	1.00008345	1.00015926
5.03316498	0.00000000	0.00000000	0.00000000	0.00000000	1.00000000	1.00000000	1.00000000	1.00000000
5.45259523	0.00000000	0.00000000	0.00000000	0.00000000	0.00000000	0.00000000	0.00000000	0.00000000
5.87202549	0.00000000	0.00000000	0.00000000	0.00000000	0.00000000	0.00000000	0.00000000	0.00000000
6.29145622	0.00000000	0.00000000	0.00000000	0.00000000	0.00000000	0.00000000	0.00000000	0.00000000
6.71088648	0.00000000	0.00000000	0.00000000	0.00000000	0.00000000	0.00000000	0.00000000	0.00000000
7.54974699	0.00000000	0.00000000	0.00000000	0.00000000	0.00000000	0.00000000	0.00000000	0.00000000
8.38860798	0.00000000	0.00000000	0.00000000	0.00000000	0.00000000	0.00000000	0.00000000	0.00000000
9.22746849	0.00000000	0.00000000	0.00000000	0.00000000	0.00000000	0.00000000	0.00000000	0.00000000
10.06632996	0.00000000	0.00000000	0.00000000	0.00000000	0.00000000	0.00000000	0.00000000	0.00000000
10.90519047	0.00000000	0.00000000	0.00000000	0.00000000	0.00000000	0.00000000	0.00000000	0.00000000
11.74405098	0.00000000	0.00000000	0.00000000	0.00000000	0.00000000	0.00000000	0.00000000	0.00000000
12.58291245	0.00000000	0.00000000	0.00000000	0.00000000	0.00000000	0.00000000	0.00000000	0.00000000
13.42177296	0.00000000	0.00000000	0.00000000	0.00000000	0.00000000	0.00000000	0.00000000	0.00000000
15.09949398	0.00000000	0.00000000	0.00000000	0.00000000	0.00000000	0.00000000	0.00000000	0.00000000
16.77721596	0.00000000	0.00000000	0.00000000	0.00000000	0.00000000	0.00000000	0.00000000	0.00000000
18.45493698	0.00000000	0.00000000	0.00000000	0.00000000	0.00000000	0.00000000	0.00000000	0.00000000
20.13265991	0.00000000	0.00000000	0.00000000	0.00000000	0.00000000	0.00000000	0.00000000	0.00000000
21.81038094	0.00000000	0.00000000	0.00000000	0.00000000	0.00000000	0.00000000	0.00000000	0.00000000
23.48810196	0.00000000	0.00000000	0.00000000	0.00000000	0.00000000	0.00000000	0.00000000	0.00000000
25.16582489	0.00000000	0.00000000	0.00000000	0.00000000	0.00000000	0.00000000	0.00000000	0.00000000
26.84354591	0.00000000	0.00000000	0.00000000	0.00000000	0.00000000	0.00000000	0.00000000	0.00000000
30.19898796	0.00000000	0.00000000	0.00000000	0.00000000	0.00000000	0.00000000	0.00000000	0.00000000
33.55443192	0.00000000	0.00000000	0.00000000	0.00000000	0.00000000	0.00000000	0.00000000	0.00000000
36.90987396	0.00000000	0.00000000	0.00000000	0.00000000	0.00000000	0.00000000	0.00000000	0.00000000
40.26531982	0.00000000	0.00000000	0.00000000	0.00000000	0.00000000	0.00000000	0.00000000	0.00000000
43.62076187	0.00000000	0.00000000	0.00000000	0.00000000	0.00000000	0.00000000	0.00000000	0.00000000
46.97620392	0.00000000	0.00000000	0.00000000	0.00000000	0.00000000	0.00000000	0.00000000	0.00000000
50.33164978	0.00000000	0.00000000	0.00000000	0.00000000	0.00000000	0.00000000	0.00000000	0.00000000
53.68709183	0.00000000	0.00000000	0.00000000	0.00000000	0.00000000	0.00000000	0.00000000	0.00000000
60.39797592	0.00000000	0.00000000	0.00000000	0.00000000	0.00000000	0.00000000	0.00000000	0.00000000
67.10886383	0.00000000	0.00000000	0.00000000	0.00000000	0.00000000	0.00000000	0.00000000	0.00000000
73.81974792	0.00000000	0.00000000	0.00000000	0.00000000	0.00000000	0.00000000	0.00000000	0.00000000
80.53063965	0.00000000	0.00000000	0.00000000	0.00000000	0.00000000	0.00000000	0.00000000	0.00000000
87.24152374	0.00000000	0.00000000	0.00000000	0.00000000	0.00000000	0.00000000	0.00000000	0.00000000
93.95240784	0.00000000	0.00000000	0.00000000	0.00000000	0.00000000	0.00000000	0.00000000	0.00000000
100.66329956	0.00000000	0.00000000	0.00000000	0.00000000	0.00000000	0.00000000	0.00000000	0.00000000
107.37418365	0.00000000	0.00000000	0.00000000	0.00000000	0.00000000	0.00000000	0.00000000	0.00000000
120.79595184	0.00000000	0.00000000	0.00000000	0.00000000	0.00000000	0.00000000	0.00000000	0.00000000
134.21772766	0.00000000	0.00000000	0.00000000	0.00000000	0.00000000	0.00000000	0.00000000	0.00000000
147.63949585	0.00000000	0.00000000	0.00000000	0.00000000	0.00000000	0.00000000	0.00000000	0.00000000
161.06127930	0.00000000	0.00000000	0.00000000	0.00000000	0.00000000	0.00000000	0.00000000	0.00000000
174.48304749	0.00000000	0.00000000	0.00000000	0.00000000	0.00000000	0.00000000	0.00000000	0.00000000
187.90481567	0.00000000	0.00000000	0.00000000	0.00000000	0.00000000	0.00000000	0.00000000	0.00000000
201.32659912	0.00000000	0.00000000	0.00000000	0.00000000	0.00000000	0.00000000	0.00000000	0.00000000
214.74836731	0.00000000	0.00000000	0.00000000	0.00000000	0.00000000	0.00000000	0.00000000	0.00000000
241.59190369	0.00000000	0.00000000	0.00000000	0.00000000	0.00000000	0.00000000	0.00000000	0.00000000
268.43545532	0.00000000	0.00000000	0.00000000	0.00000000	0.00000000	0.00000000	0.00000000	0.00000000
295.27899170	0.00000000	0.00000000	0.00000000	0.00000000	0.00000000	0.00000000	0.00000000	0.00000000
322.12255859	0.00000000	0.00000000	0.00000000	0.00000000	0.00000000	0.00000000	0.00000000	0.00000000
348.96609497	0.00000000	0.00000000	0.00000000	0.00000000	0.00000000	0.00000000	0.00000000	0.00000000
375.80963135	0.00000000	0.00000000	0.00000000	0.00000000	0.00000000	0.00000000	0.00000000	0.00000000
402.65319824	0.00000000	0.00000000	0.00000000	0.00000000	0.00000000	0.00000000	0.00000000	0.00000000
429.49673462	0.00000000	0.00000000	0.00000000	0.00000000	0.00000000	0.00000000	0.00000000	0.00000000
483.18380737	0.00000000	0.00000000	0.00000000	0.00000000	0.00000000	0.00000000	0.00000000	0.00000000
536.87091064	0.00000000	0.00000000	0.00000000	0.00000000	0.00000000	0.00000000	0.00000000	0.00000000
590.55798340	0.00000000	0.00000000	0.00000000	0.00000000	0.00000000	0.00000000	0.00000000	0.00000000
644.24511719	0.00000000	0.00000000	0.00000000	0.00000000	0.00000000	0.00000000	0.00000000	0.00000000
697.93218994	0.00000000	0.00000000	0.00000000	0.00000000	0.00000000	0.00000000	0.00000000	0.00000000
751.61926270	0.00000000	0.00000000	0.00000000	0.00000000	0.00000000	0.00000000	0.00000000	0.00000000
805.30639648	0.00000000	0.00000000	0.00000000	0.00000000	0.00000000	0.00000000	0.00000000	0.00000000
858.99346924	0.00000000	0.00000000	0.00000000	0.00000000	0.00000000	0.00000000	0.00000000	0.00000000
966.36761475	0.00000000	0.00000000	0.00000000	0.00000000	0.00000000	0.00000000	0.00000000	0.00000000
1073.74182129	0.00000000	0.00000000	0.00000000	0.00000000	0.00000000	0.00000000	0.00000000	0.00000000
1181.11596680	0.00000000	0.00000000	0.00000000	0.00000000	0.00000000	0.00000000	0.00000000	0.00000000
1288.49023437	0.00000000	0.00000000	0.00000000	0.00000000	0.00000000	0.00000000	0.00000000	0.00000000
1395.86437988	0.00000000	0.00000000	0.00000000	0.00000000	0.00000000	0.00000000	0.00000000	0.00000000
1503.23852539	0.00000000	0.00000000	0.00000000	0.00000000	0.00000000	0.00000000	0.00000000	0.00000000
1610.61279297	0.00000000	0.00000000	0.00000000	0.00000000	0.00000000	0.00000000	0.00000000	0.00000000
1717.98693848	0.00000000	0.00000000	0.00000000	0.00000000	0.00000000	0.00000000	0.00000000	0.00000000
1932.73522949	0.00000000	0.00000000	0.00000000	0.00000000	0.00000000	0.00000000	0.00000000	0.00000000
2147.48364258	0.00000000	0.00000000	0.00000000	0.00000000	0.00000000	0.00000000	0.00000000	0.00000000
2362.23193359	0.00000000	0.00000000	0.00000000	0.00000000	0.00000000	0.00000000	0.00000000	0.00000000
2576.98046875	0.00000000	0.00000000	0.00000000	0.00000000	0.00000000	0.00000000	0.00000000	0.00000000
2791.72875977	0.00000000	0.00000000	0.00000000	0.00000000	0.00000000	0.00000000	0.00000000	0.00000000
3006.47705078	0.00000000	0.00000000	0.00000000	0.00000000	0.00000000	0.00000000	0.00000000	0.00000000
3221.22558594	0.00000000	0.00000000	0.00000000	0.00000000	0.00000000	0.00000000	0.00000000	0.00000000
3435.97387695	0.00000000	0.00000000	0.00000000	0.00000000	0.00000000	0.00000000	0.00000000	0.00000000
0	0	0	0	0	0	0	0	0
