%2/14/2019 2:17:00 PM
%Duration	ID1		ID2		ID3		ID4		ID5		ID6		ID7		ID8
3000.000000	0.000000	0.000000	0.000000	0.000000	42.028427	165.319443	128.021240	98.304749
%Tau		Tau1		Tau2		Tau3		Tau4		Tau5		Tau6		Tau7		Tau8
%		0.000000	0.000000	0.000000	0.000000	0.000096	0.000083	0.000058	0.000048
%Delaytime	D1		D2		D3		D4		D5		D6		D7		D8
0.00000020	0.00000000	0.00000000	0.00000000	0.00000000	2.01634836	1.85730731	2.18983793	1.67056370
0.00000040	0.00000000	0.00000000	0.00000000	0.00000000	1.64252007	1.54509664	1.56141508	1.53543711
0.00000060	0.00000000	0.00000000	0.00000000	0.00000000	1.56116891	1.50074649	1.50356162	1.48845136
0.00000080	0.00000000	0.00000000	0.00000000	0.00000000	1.55923188	1.47563827	1.52074993	1.50971496
0.00000100	0.00000000	0.00000000	0.00000000	0.00000000	1.47206986	1.49147761	1.53395569	1.52240455
0.00000120	0.00000000	0.00000000	0.00000000	0.00000000	1.59797060	1.49980795	1.45178699	1.50731421
0.00000140	0.00000000	0.00000000	0.00000000	0.00000000	1.54567337	1.47645962	1.49496746	1.52343345
0.00000160	0.00000000	0.00000000	0.00000000	0.00000000	1.49918699	1.47364366	1.49559629	1.49153805
0.00000180	0.00000000	0.00000000	0.00000000	0.00000000	1.60959220	1.44149578	1.48050404	1.47713363
0.00000200	0.00000000	0.00000000	0.00000000	0.00000000	1.53598869	1.47775018	1.46142924	1.48467886
0.00000220	0.00000000	0.00000000	0.00000000	0.00000000	1.45463753	1.46414006	1.50083661	1.45929968
0.00000240	0.00000000	0.00000000	0.00000000	0.00000000	1.47013295	1.49065626	1.51383269	1.47198927
0.00000260	0.00000000	0.00000000	0.00000000	0.00000000	1.45270061	1.44595420	1.45975232	1.48948026
0.00000280	0.00000000	0.00000000	0.00000000	0.00000000	1.55535805	1.46425748	1.49915969	1.45655596
0.00000300	0.00000000	0.00000000	0.00000000	0.00000000	1.39265561	1.46425748	1.47358680	1.45106864
0.00000320	0.00000000	0.00000000	0.00000000	0.00000000	1.50887167	1.45240724	1.47756946	1.44489527
0.00000360	0.00000000	0.00000000	0.00000000	0.00000000	1.53405178	1.47464097	1.46928978	1.45398378
0.00000400	0.00000000	0.00000000	0.00000000	0.00000000	1.48756540	1.47810221	1.48668766	1.44232309
0.00000440	0.00000000	0.00000000	0.00000000	0.00000000	1.49143922	1.45006073	1.45451188	1.45929968
0.00000480	0.00000000	0.00000000	0.00000000	0.00000000	1.54954731	1.47141445	1.46174359	1.47404706
0.00000520	0.00000000	0.00000000	0.00000000	0.00000000	1.48756540	1.45598578	1.47652137	1.43494940
0.00000560	0.00000000	0.00000000	0.00000000	0.00000000	1.45947981	1.45721769	1.45105326	1.43923640
0.00000600	0.00000000	0.00000000	0.00000000	0.00000000	1.49240768	1.47599030	1.45273018	1.44849646
0.00000640	0.00000000	0.00000000	0.00000000	0.00000000	1.47013295	1.45756972	1.44350719	1.45003974
0.00000720	0.00000000	0.00000000	0.00000000	0.00000000	1.40766680	1.43782926	1.45005763	1.43829334
0.00000800	0.00000000	0.00000000	0.00000000	0.00000000	1.43478394	1.43923712	1.42097366	1.42989075
0.00000880	0.00000000	0.00000000	0.00000000	0.00000000	1.45366907	1.43046689	1.42956781	1.41239977
0.00000960	0.00000000	0.00000000	0.00000000	0.00000000	1.47739649	1.43392801	1.40016949	1.44069409
0.00001040	0.00000000	0.00000000	0.00000000	0.00000000	1.44446862	1.43700790	1.41279876	1.42320299
0.00001120	0.00000000	0.00000000	0.00000000	0.00000000	1.44350016	1.42891228	1.40677238	1.41317141
0.00001200	0.00000000	0.00000000	0.00000000	0.00000000	1.47449112	1.43002689	1.40886843	1.38179052
0.00001280	0.00000000	0.00000000	0.00000000	0.00000000	1.40524566	1.42028868	1.37611628	1.39019299
0.00001440	0.00000000	0.00000000	0.00000000	0.00000000	1.43962622	1.40757322	1.39448369	1.37763202
0.00001600	0.00000000	0.00000000	0.00000000	0.00000000	1.40887737	1.40466928	1.38510346	1.38144755
0.00001760	0.00000000	0.00000000	0.00000000	0.00000000	1.40306664	1.39994681	1.35879695	1.35722589
0.00001920	0.00000000	0.00000000	0.00000000	0.00000000	1.41880417	1.39579630	1.36631680	1.34552228
0.00002080	0.00000000	0.00000000	0.00000000	0.00000000	1.42485714	1.38765669	1.35573137	1.32755971
0.00002240	0.00000000	0.00000000	0.00000000	0.00000000	1.42994153	1.37329865	1.33817613	1.33304715
0.00002400	0.00000000	0.00000000	0.00000000	0.00000000	1.36674917	1.36628830	1.33277857	1.29283488
0.00002560	0.00000000	0.00000000	0.00000000	0.00000000	1.42267811	1.35191560	1.32685697	1.29150593
0.00002880	0.00000000	0.00000000	0.00000000	0.00000000	1.38967872	1.34500933	1.30139649	1.28110814
0.00003200	0.00000000	0.00000000	0.00000000	0.00000000	1.37843263	1.33768570	1.28452468	1.26694131
0.00003520	0.00000000	0.00000000	0.00000000	0.00000000	1.37492573	1.32053137	1.27481258	1.25842679
0.00003840	0.00000000	0.00000000	0.00000000	0.00000000	1.37226534	1.31493795	1.26086366	1.24394333
0.00004160	0.00000000	0.00000000	0.00000000	0.00000000	1.35642409	1.29556966	1.24243569	1.22695696
0.00004480	0.00000000	0.00000000	0.00000000	0.00000000	1.35497296	1.29011798	1.23569560	1.20926464
0.00004800	0.00000000	0.00000000	0.00000000	0.00000000	1.34566176	1.27465713	1.21815884	1.19861066
0.00005120	0.00000000	0.00000000	0.00000000	0.00000000	1.32957864	1.26834524	1.21750355	1.17339182
0.00005760	0.00000000	0.00000000	0.00000000	0.00000000	1.31464422	1.24952698	1.18871367	1.15465248
0.00006400	0.00000000	0.00000000	0.00000000	0.00000000	1.31476533	1.23511720	1.17056024	1.14544642
0.00007040	0.00000000	0.00000000	0.00000000	0.00000000	1.28420627	1.21611416	1.15448904	1.12699807
0.00007680	0.00000000	0.00000000	0.00000000	0.00000000	1.26957238	1.19946706	1.14204586	1.11115205
0.00008320	0.00000000	0.00000000	0.00000000	0.00000000	1.26956213	1.19418168	1.12572920	1.10053444
0.00008960	0.00000000	0.00000000	0.00000000	0.00000000	1.22853434	1.17468953	1.11832082	1.08994198
0.00009600	0.00000000	0.00000000	0.00000000	0.00000000	1.24650669	1.16590369	1.10457075	1.07697213
0.00010240	0.00000000	0.00000000	0.00000000	0.00000000	1.21201432	1.15478277	1.09710288	1.07181835
0.00011520	0.00000000	0.00000000	0.00000000	0.00000000	1.20188034	1.13368309	1.07950628	1.05636561
0.00012800	0.00000000	0.00000000	0.00000000	0.00000000	1.19196379	1.11418557	1.06388998	1.03967094
0.00014080	0.00000000	0.00000000	0.00000000	0.00000000	1.16947854	1.09906578	1.05060577	1.03367984
0.00015360	0.00000000	0.00000000	0.00000000	0.00000000	1.15868413	1.08798671	1.04392171	1.02881575
0.00016640	0.00000000	0.00000000	0.00000000	0.00000000	1.13743019	1.07527685	1.03449285	1.02264440
0.00017920	0.00000000	0.00000000	0.00000000	0.00000000	1.12665653	1.06482863	1.03020775	1.01883042
0.00019200	0.00000000	0.00000000	0.00000000	0.00000000	1.11069584	1.05669475	1.02283335	1.01797962
0.00020480	0.00000000	0.00000000	0.00000000	0.00000000	1.10664618	1.04773569	1.01712716	1.01396394
0.00023040	0.00000000	0.00000000	0.00000000	0.00000000	1.08807123	1.03762591	1.01135516	1.00854492
0.00025600	0.00000000	0.00000000	0.00000000	0.00000000	1.07380152	1.03153861	1.01006174	1.00726128
0.00028160	0.00000000	0.00000000	0.00000000	0.00000000	1.06040835	1.02160501	1.00720775	1.00624371
0.00030720	0.00000000	0.00000000	0.00000000	0.00000000	1.04118550	1.01650190	1.00534213	1.00151920
0.00033280	0.00000000	0.00000000	0.00000000	0.00000000	1.03940475	1.01243973	1.00227547	1.00241756
0.00035840	0.00000000	0.00000000	0.00000000	0.00000000	1.03319573	1.00902700	1.00365293	0.99956727
0.00038400	0.00000000	0.00000000	0.00000000	0.00000000	1.02582693	1.00795984	1.00382471	0.99839759
0.00040960	0.00000000	0.00000000	0.00000000	0.00000000	1.02960563	1.00771070	1.00275803	0.99880141
0.00046080	0.00000000	0.00000000	0.00000000	0.00000000	1.02315998	1.00458622	1.00016427	1.00180554
0.00051200	0.00000000	0.00000000	0.00000000	0.00000000	1.01312351	1.00278759	0.99838120	1.00186515
0.00056320	0.00000000	0.00000000	0.00000000	0.00000000	1.01291001	1.00218475	0.99571937	1.00084925
0.00061440	0.00000000	0.00000000	0.00000000	0.00000000	1.00689065	1.00450563	0.99702489	1.00195026
0.00066560	0.00000000	0.00000000	0.00000000	0.00000000	1.00388408	1.00400019	0.99922431	1.00111210
0.00071680	0.00000000	0.00000000	0.00000000	0.00000000	1.00009608	1.00345945	1.00041819	0.99923545
0.00076800	0.00000000	0.00000000	0.00000000	0.00000000	1.00071776	1.00186193	0.99995381	0.99983418
0.00081920	0.00000000	0.00000000	0.00000000	0.00000000	1.00130212	1.00067770	1.00254953	1.00234985
0.00092160	0.00000000	0.00000000	0.00000000	0.00000000	0.99772847	1.00188720	0.99842823	0.99854243
0.00102400	0.00000000	0.00000000	0.00000000	0.00000000	0.99952686	1.00257993	0.99921262	0.99913228
0.00112640	0.00000000	0.00000000	0.00000000	0.00000000	0.99970418	1.00073993	0.99912179	0.99897468
0.00122880	0.00000000	0.00000000	0.00000000	0.00000000	1.00121498	1.00137591	1.00283909	0.99794769
0.00133120	0.00000000	0.00000000	0.00000000	0.00000000	1.00170958	1.00187361	1.00045526	1.00248849
0.00143360	0.00000000	0.00000000	0.00000000	0.00000000	0.99994141	1.00279677	0.99922854	1.00082862
0.00153600	0.00000000	0.00000000	0.00000000	0.00000000	0.99885333	1.00115407	1.00125933	0.99988437
0.00163840	0.00000000	0.00000000	0.00000000	0.00000000	1.00286710	0.99891543	1.00133407	0.99870199
0.00184320	0.00000000	0.00000000	0.00000000	0.00000000	1.00099206	0.99854815	1.00126159	1.00040340
0.00204800	0.00000000	0.00000000	0.00000000	0.00000000	0.99701661	0.99884856	0.99715006	1.00127673
0.00225280	0.00000000	0.00000000	0.00000000	0.00000000	0.99507713	0.99986279	0.99822402	1.00275540
0.00245760	0.00000000	0.00000000	0.00000000	0.00000000	1.00024104	0.99589872	1.00078011	1.00240481
0.00266240	0.00000000	0.00000000	0.00000000	0.00000000	1.00292110	0.99556023	1.00086010	1.00250793
0.00286720	0.00000000	0.00000000	0.00000000	0.00000000	1.00208926	0.99802244	1.00025785	1.00205028
0.00307200	0.00000000	0.00000000	0.00000000	0.00000000	0.99782944	1.00074732	0.99946433	1.00225008
0.00327680	0.00000000	0.00000000	0.00000000	0.00000000	0.99261171	0.99889350	0.99807280	1.00034523
0.00368640	0.00000000	0.00000000	0.00000000	0.00000000	0.99781400	1.00100696	1.00096011	1.00148666
0.00409600	0.00000000	0.00000000	0.00000000	0.00000000	1.00038218	1.00320220	1.00222850	1.00138032
0.00450560	0.00000000	0.00000000	0.00000000	0.00000000	0.99654645	1.00170720	0.99955177	0.99809247
0.00491520	0.00000000	0.00000000	0.00000000	0.00000000	0.99702108	0.99956930	1.00089324	0.99845517
0.00532480	0.00000000	0.00000000	0.00000000	0.00000000	0.99376214	1.00276792	1.00127518	1.00115800
0.00573440	0.00000000	0.00000000	0.00000000	0.00000000	0.99817634	1.00132024	1.00007331	1.00008976
0.00614400	0.00000000	0.00000000	0.00000000	0.00000000	0.99879438	0.99846679	1.00229287	1.00167942
0.00655360	0.00000000	0.00000000	0.00000000	0.00000000	0.99674541	0.99654418	0.99988377	1.00041008
0.00737280	0.00000000	0.00000000	0.00000000	0.00000000	1.00384533	0.99721223	1.00219250	1.00096416
0.00819200	0.00000000	0.00000000	0.00000000	0.00000000	1.00404835	1.00315928	0.99956411	1.00098145
0.00901120	0.00000000	0.00000000	0.00000000	0.00000000	1.00149834	1.00157917	0.99930608	1.00046420
0.00983040	0.00000000	0.00000000	0.00000000	0.00000000	1.00303507	1.00375378	1.00094366	1.00011218
0.01064960	0.00000000	0.00000000	0.00000000	0.00000000	1.00292146	1.00010753	1.00074387	1.00167739
0.01146880	0.00000000	0.00000000	0.00000000	0.00000000	1.00250018	0.99957949	1.00197208	1.00091136
0.01228800	0.00000000	0.00000000	0.00000000	0.00000000	1.00052786	0.99998963	1.00209379	0.99886364
0.01310720	0.00000000	0.00000000	0.00000000	0.00000000	0.99895698	0.99968177	0.99794137	0.99989313
0.01474560	0.00000000	0.00000000	0.00000000	0.00000000	0.99873239	0.99979556	1.00032055	1.00043643
0.01638400	0.00000000	0.00000000	0.00000000	0.00000000	0.99967426	1.00042582	1.00012124	1.00050163
0.01802240	0.00000000	0.00000000	0.00000000	0.00000000	1.00038254	1.00073314	0.99958873	0.99911964
0.01966080	0.00000000	0.00000000	0.00000000	0.00000000	1.00062835	1.00029528	0.99997169	1.00102377
0.02129920	0.00000000	0.00000000	0.00000000	0.00000000	1.00015163	1.00036466	1.00017285	0.99896359
0.02293760	0.00000000	0.00000000	0.00000000	0.00000000	1.00052166	1.00015330	0.99971968	1.00110722
0.02457600	0.00000000	0.00000000	0.00000000	0.00000000	0.99972147	0.99932194	0.99976993	0.99987334
0.02621440	0.00000000	0.00000000	0.00000000	0.00000000	0.99650377	1.00056326	1.00080431	1.00053048
0.02949120	0.00000000	0.00000000	0.00000000	0.00000000	1.00067317	0.99968517	1.00024664	1.00098562
0.03276800	0.00000000	0.00000000	0.00000000	0.00000000	1.00088012	1.00026774	1.00019336	1.00031996
0.03604480	0.00000000	0.00000000	0.00000000	0.00000000	0.99664992	0.99995154	1.00056887	1.00008655
0.03932160	0.00000000	0.00000000	0.00000000	0.00000000	0.99999732	0.99957967	0.99930465	1.00080717
0.04259840	0.00000000	0.00000000	0.00000000	0.00000000	1.00015318	1.00023293	0.99976516	0.99970609
0.04587520	0.00000000	0.00000000	0.00000000	0.00000000	0.99776965	1.00124431	0.99962062	1.00036442
0.04915200	0.00000000	0.00000000	0.00000000	0.00000000	0.99957579	0.99882585	0.99978030	1.00054157
0.05242880	0.00000000	0.00000000	0.00000000	0.00000000	1.00045216	0.99885410	0.99912363	1.00003898
0.05898240	0.00000000	0.00000000	0.00000000	0.00000000	0.99977350	1.00060022	0.99970621	1.00021625
0.06553600	0.00000000	0.00000000	0.00000000	0.00000000	0.99930501	1.00008559	0.99985451	0.99982929
0.07208960	0.00000000	0.00000000	0.00000000	0.00000000	1.00077379	0.99964339	0.99988121	1.00077510
0.07864320	0.00000000	0.00000000	0.00000000	0.00000000	0.99865431	1.00022674	1.00017929	0.99982178
0.08519680	0.00000000	0.00000000	0.00000000	0.00000000	0.99971730	1.00063896	1.00010657	1.00105739
0.09175040	0.00000000	0.00000000	0.00000000	0.00000000	0.99952108	0.99854428	1.00015712	1.00053632
0.09830400	0.00000000	0.00000000	0.00000000	0.00000000	1.00071073	1.00069678	1.00024223	1.00000250
0.10485760	0.00000000	0.00000000	0.00000000	0.00000000	0.99987310	1.00062323	0.99985933	0.99982673
0.11796480	0.00000000	0.00000000	0.00000000	0.00000000	1.00042987	0.99983442	1.00027001	1.00004518
0.13107200	0.00000000	0.00000000	0.00000000	0.00000000	1.00109708	0.99965268	1.00042689	1.00049627
0.14417920	0.00000000	0.00000000	0.00000000	0.00000000	0.99989760	0.99933487	0.99992961	1.00048339
0.15728641	0.00000000	0.00000000	0.00000000	0.00000000	0.99964035	0.99905312	1.00027835	0.99966484
0.17039360	0.00000000	0.00000000	0.00000000	0.00000000	0.99930567	0.99977821	0.99968129	1.00008285
0.18350080	0.00000000	0.00000000	0.00000000	0.00000000	0.99996156	1.00001538	1.00020432	1.00066912
0.19660801	0.00000000	0.00000000	0.00000000	0.00000000	1.00014210	0.99959040	0.99944866	1.00004101
0.20971520	0.00000000	0.00000000	0.00000000	0.00000000	1.00054598	1.00022769	0.99981529	1.00028694
0.23592959	0.00000000	0.00000000	0.00000000	0.00000000	0.99937087	1.00017679	1.00021851	1.00012577
0.26214400	0.00000000	0.00000000	0.00000000	0.00000000	0.99955386	0.99988431	0.99968076	1.00023663
0.28835839	0.00000000	0.00000000	0.00000000	0.00000000	1.00026011	1.00013113	0.99966580	1.00026464
0.31457281	0.00000000	0.00000000	0.00000000	0.00000000	1.00072956	1.00030899	0.99966919	1.00025988
0.34078720	0.00000000	0.00000000	0.00000000	0.00000000	0.99892038	0.99961936	0.99984437	1.00009942
0.36700159	0.00000000	0.00000000	0.00000000	0.00000000	0.99970424	1.00007391	0.99981833	1.00032115
0.39321601	0.00000000	0.00000000	0.00000000	0.00000000	0.99980181	0.99989903	1.00005150	1.00040317
0.41943040	0.00000000	0.00000000	0.00000000	0.00000000	0.99981135	0.99968535	0.99999362	1.00018430
0.47185919	0.00000000	0.00000000	0.00000000	0.00000000	0.99989587	0.99987513	1.00025308	1.00030363
0.52428800	0.00000000	0.00000000	0.00000000	0.00000000	0.99981350	1.00011706	0.99986947	1.00026011
0.57671678	0.00000000	0.00000000	0.00000000	0.00000000	1.00055099	1.00002193	0.99993515	0.99981934
0.62914562	0.00000000	0.00000000	0.00000000	0.00000000	0.99965197	0.99997532	1.00006986	0.99983215
0.68157440	0.00000000	0.00000000	0.00000000	0.00000000	0.99991637	0.99996310	1.00008404	1.00033164
0.73400319	0.00000000	0.00000000	0.00000000	0.00000000	1.00015521	0.99995780	1.00005698	1.00011182
0.78643203	0.00000000	0.00000000	0.00000000	0.00000000	0.99915051	0.99981833	0.99981099	0.99991435
0.83886081	0.00000000	0.00000000	0.00000000	0.00000000	1.00000775	1.00008094	0.99989414	1.00000417
0.94371837	0.00000000	0.00000000	0.00000000	0.00000000	1.00012422	0.99996430	0.99995941	1.00015974
1.04857600	0.00000000	0.00000000	0.00000000	0.00000000	1.00013268	0.99992442	1.00007832	1.00002563
1.15343356	0.00000000	0.00000000	0.00000000	0.00000000	0.99999094	0.99999154	0.99993181	1.00010002
1.25829124	0.00000000	0.00000000	0.00000000	0.00000000	0.99979705	1.00001621	0.99995130	0.99977982
1.36314881	0.00000000	0.00000000	0.00000000	0.00000000	1.00003135	1.00004244	0.99997270	0.99991339
1.46800637	0.00000000	0.00000000	0.00000000	0.00000000	0.99965644	0.99976057	1.00001955	0.99988300
1.57286406	0.00000000	0.00000000	0.00000000	0.00000000	1.00005245	0.99980432	0.99993640	0.99976671
1.67772162	0.00000000	0.00000000	0.00000000	0.00000000	1.00015092	0.99989766	1.00004089	0.99984777
1.88743675	0.00000000	0.00000000	0.00000000	0.00000000	0.99994642	1.00017798	0.99978721	0.99982202
2.09715199	0.00000000	0.00000000	0.00000000	0.00000000	1.00014007	0.99995196	0.99993545	0.99990475
2.30686712	0.00000000	0.00000000	0.00000000	0.00000000	0.99998385	1.00010026	1.00016749	0.99967986
2.51658249	0.00000000	0.00000000	0.00000000	0.00000000	0.99992180	0.99999738	1.00001907	0.99965388
2.72629762	0.00000000	0.00000000	0.00000000	0.00000000	1.00046456	0.99983889	1.00007820	0.99974602
2.93601274	0.00000000	0.00000000	0.00000000	0.00000000	0.99963546	1.00008106	1.00018394	0.99972463
3.14572811	0.00000000	0.00000000	0.00000000	0.00000000	1.00043821	1.00013542	0.99986941	1.00011742
3.35544324	0.00000000	0.00000000	0.00000000	0.00000000	0.99969465	1.00013268	1.00006640	0.99994153
3.77487350	0.00000000	0.00000000	0.00000000	0.00000000	1.00034916	1.00006127	0.99997091	0.99996400
4.19430399	0.00000000	0.00000000	0.00000000	0.00000000	1.00004423	0.99999094	1.00004768	1.00001252
4.61373425	0.00000000	0.00000000	0.00000000	0.00000000	1.00004745	0.99994028	0.99997520	0.99999356
5.03316498	0.00000000	0.00000000	0.00000000	0.00000000	1.00000000	1.00000000	1.00000000	1.00000000
5.45259523	0.00000000	0.00000000	0.00000000	0.00000000	0.00000000	0.00000000	0.00000000	0.00000000
5.87202549	0.00000000	0.00000000	0.00000000	0.00000000	0.00000000	0.00000000	0.00000000	0.00000000
6.29145622	0.00000000	0.00000000	0.00000000	0.00000000	0.00000000	0.00000000	0.00000000	0.00000000
6.71088648	0.00000000	0.00000000	0.00000000	0.00000000	0.00000000	0.00000000	0.00000000	0.00000000
7.54974699	0.00000000	0.00000000	0.00000000	0.00000000	0.00000000	0.00000000	0.00000000	0.00000000
8.38860798	0.00000000	0.00000000	0.00000000	0.00000000	0.00000000	0.00000000	0.00000000	0.00000000
9.22746849	0.00000000	0.00000000	0.00000000	0.00000000	0.00000000	0.00000000	0.00000000	0.00000000
10.06632996	0.00000000	0.00000000	0.00000000	0.00000000	0.00000000	0.00000000	0.00000000	0.00000000
10.90519047	0.00000000	0.00000000	0.00000000	0.00000000	0.00000000	0.00000000	0.00000000	0.00000000
11.74405098	0.00000000	0.00000000	0.00000000	0.00000000	0.00000000	0.00000000	0.00000000	0.00000000
12.58291245	0.00000000	0.00000000	0.00000000	0.00000000	0.00000000	0.00000000	0.00000000	0.00000000
13.42177296	0.00000000	0.00000000	0.00000000	0.00000000	0.00000000	0.00000000	0.00000000	0.00000000
15.09949398	0.00000000	0.00000000	0.00000000	0.00000000	0.00000000	0.00000000	0.00000000	0.00000000
16.77721596	0.00000000	0.00000000	0.00000000	0.00000000	0.00000000	0.00000000	0.00000000	0.00000000
18.45493698	0.00000000	0.00000000	0.00000000	0.00000000	0.00000000	0.00000000	0.00000000	0.00000000
20.13265991	0.00000000	0.00000000	0.00000000	0.00000000	0.00000000	0.00000000	0.00000000	0.00000000
21.81038094	0.00000000	0.00000000	0.00000000	0.00000000	0.00000000	0.00000000	0.00000000	0.00000000
23.48810196	0.00000000	0.00000000	0.00000000	0.00000000	0.00000000	0.00000000	0.00000000	0.00000000
25.16582489	0.00000000	0.00000000	0.00000000	0.00000000	0.00000000	0.00000000	0.00000000	0.00000000
26.84354591	0.00000000	0.00000000	0.00000000	0.00000000	0.00000000	0.00000000	0.00000000	0.00000000
30.19898796	0.00000000	0.00000000	0.00000000	0.00000000	0.00000000	0.00000000	0.00000000	0.00000000
33.55443192	0.00000000	0.00000000	0.00000000	0.00000000	0.00000000	0.00000000	0.00000000	0.00000000
36.90987396	0.00000000	0.00000000	0.00000000	0.00000000	0.00000000	0.00000000	0.00000000	0.00000000
40.26531982	0.00000000	0.00000000	0.00000000	0.00000000	0.00000000	0.00000000	0.00000000	0.00000000
43.62076187	0.00000000	0.00000000	0.00000000	0.00000000	0.00000000	0.00000000	0.00000000	0.00000000
46.97620392	0.00000000	0.00000000	0.00000000	0.00000000	0.00000000	0.00000000	0.00000000	0.00000000
50.33164978	0.00000000	0.00000000	0.00000000	0.00000000	0.00000000	0.00000000	0.00000000	0.00000000
53.68709183	0.00000000	0.00000000	0.00000000	0.00000000	0.00000000	0.00000000	0.00000000	0.00000000
60.39797592	0.00000000	0.00000000	0.00000000	0.00000000	0.00000000	0.00000000	0.00000000	0.00000000
67.10886383	0.00000000	0.00000000	0.00000000	0.00000000	0.00000000	0.00000000	0.00000000	0.00000000
73.81974792	0.00000000	0.00000000	0.00000000	0.00000000	0.00000000	0.00000000	0.00000000	0.00000000
80.53063965	0.00000000	0.00000000	0.00000000	0.00000000	0.00000000	0.00000000	0.00000000	0.00000000
87.24152374	0.00000000	0.00000000	0.00000000	0.00000000	0.00000000	0.00000000	0.00000000	0.00000000
93.95240784	0.00000000	0.00000000	0.00000000	0.00000000	0.00000000	0.00000000	0.00000000	0.00000000
100.66329956	0.00000000	0.00000000	0.00000000	0.00000000	0.00000000	0.00000000	0.00000000	0.00000000
107.37418365	0.00000000	0.00000000	0.00000000	0.00000000	0.00000000	0.00000000	0.00000000	0.00000000
120.79595184	0.00000000	0.00000000	0.00000000	0.00000000	0.00000000	0.00000000	0.00000000	0.00000000
134.21772766	0.00000000	0.00000000	0.00000000	0.00000000	0.00000000	0.00000000	0.00000000	0.00000000
147.63949585	0.00000000	0.00000000	0.00000000	0.00000000	0.00000000	0.00000000	0.00000000	0.00000000
161.06127930	0.00000000	0.00000000	0.00000000	0.00000000	0.00000000	0.00000000	0.00000000	0.00000000
174.48304749	0.00000000	0.00000000	0.00000000	0.00000000	0.00000000	0.00000000	0.00000000	0.00000000
187.90481567	0.00000000	0.00000000	0.00000000	0.00000000	0.00000000	0.00000000	0.00000000	0.00000000
201.32659912	0.00000000	0.00000000	0.00000000	0.00000000	0.00000000	0.00000000	0.00000000	0.00000000
214.74836731	0.00000000	0.00000000	0.00000000	0.00000000	0.00000000	0.00000000	0.00000000	0.00000000
241.59190369	0.00000000	0.00000000	0.00000000	0.00000000	0.00000000	0.00000000	0.00000000	0.00000000
268.43545532	0.00000000	0.00000000	0.00000000	0.00000000	0.00000000	0.00000000	0.00000000	0.00000000
295.27899170	0.00000000	0.00000000	0.00000000	0.00000000	0.00000000	0.00000000	0.00000000	0.00000000
322.12255859	0.00000000	0.00000000	0.00000000	0.00000000	0.00000000	0.00000000	0.00000000	0.00000000
348.96609497	0.00000000	0.00000000	0.00000000	0.00000000	0.00000000	0.00000000	0.00000000	0.00000000
375.80963135	0.00000000	0.00000000	0.00000000	0.00000000	0.00000000	0.00000000	0.00000000	0.00000000
402.65319824	0.00000000	0.00000000	0.00000000	0.00000000	0.00000000	0.00000000	0.00000000	0.00000000
429.49673462	0.00000000	0.00000000	0.00000000	0.00000000	0.00000000	0.00000000	0.00000000	0.00000000
483.18380737	0.00000000	0.00000000	0.00000000	0.00000000	0.00000000	0.00000000	0.00000000	0.00000000
536.87091064	0.00000000	0.00000000	0.00000000	0.00000000	0.00000000	0.00000000	0.00000000	0.00000000
590.55798340	0.00000000	0.00000000	0.00000000	0.00000000	0.00000000	0.00000000	0.00000000	0.00000000
644.24511719	0.00000000	0.00000000	0.00000000	0.00000000	0.00000000	0.00000000	0.00000000	0.00000000
697.93218994	0.00000000	0.00000000	0.00000000	0.00000000	0.00000000	0.00000000	0.00000000	0.00000000
751.61926270	0.00000000	0.00000000	0.00000000	0.00000000	0.00000000	0.00000000	0.00000000	0.00000000
805.30639648	0.00000000	0.00000000	0.00000000	0.00000000	0.00000000	0.00000000	0.00000000	0.00000000
858.99346924	0.00000000	0.00000000	0.00000000	0.00000000	0.00000000	0.00000000	0.00000000	0.00000000
966.36761475	0.00000000	0.00000000	0.00000000	0.00000000	0.00000000	0.00000000	0.00000000	0.00000000
1073.74182129	0.00000000	0.00000000	0.00000000	0.00000000	0.00000000	0.00000000	0.00000000	0.00000000
1181.11596680	0.00000000	0.00000000	0.00000000	0.00000000	0.00000000	0.00000000	0.00000000	0.00000000
1288.49023437	0.00000000	0.00000000	0.00000000	0.00000000	0.00000000	0.00000000	0.00000000	0.00000000
1395.86437988	0.00000000	0.00000000	0.00000000	0.00000000	0.00000000	0.00000000	0.00000000	0.00000000
1503.23852539	0.00000000	0.00000000	0.00000000	0.00000000	0.00000000	0.00000000	0.00000000	0.00000000
1610.61279297	0.00000000	0.00000000	0.00000000	0.00000000	0.00000000	0.00000000	0.00000000	0.00000000
1717.98693848	0.00000000	0.00000000	0.00000000	0.00000000	0.00000000	0.00000000	0.00000000	0.00000000
1932.73522949	0.00000000	0.00000000	0.00000000	0.00000000	0.00000000	0.00000000	0.00000000	0.00000000
2147.48364258	0.00000000	0.00000000	0.00000000	0.00000000	0.00000000	0.00000000	0.00000000	0.00000000
2362.23193359	0.00000000	0.00000000	0.00000000	0.00000000	0.00000000	0.00000000	0.00000000	0.00000000
2576.98046875	0.00000000	0.00000000	0.00000000	0.00000000	0.00000000	0.00000000	0.00000000	0.00000000
2791.72875977	0.00000000	0.00000000	0.00000000	0.00000000	0.00000000	0.00000000	0.00000000	0.00000000
3006.47705078	0.00000000	0.00000000	0.00000000	0.00000000	0.00000000	0.00000000	0.00000000	0.00000000
3221.22558594	0.00000000	0.00000000	0.00000000	0.00000000	0.00000000	0.00000000	0.00000000	0.00000000
3435.97387695	0.00000000	0.00000000	0.00000000	0.00000000	0.00000000	0.00000000	0.00000000	0.00000000
0	0	0	0	0	0	0	0	0
