%2/14/2019 2:24:42 PM
%Duration	ID1		ID2		ID3		ID4		ID5		ID6		ID7		ID8
3000.000000	0.000000	0.000000	0.000000	0.000000	41.065216	177.488327	125.799179	98.237991
%Tau		Tau1		Tau2		Tau3		Tau4		Tau5		Tau6		Tau7		Tau8
%		0.000000	0.000000	0.000000	0.000000	0.000096	0.000077	0.000058	0.000045
%Delaytime	D1		D2		D3		D4		D5		D6		D7		D8
0.00000020	0.00000000	0.00000000	0.00000000	0.00000000	1.89602101	1.85261834	2.18214822	1.66319513
0.00000040	0.00000000	0.00000000	0.00000000	0.00000000	1.63279474	1.52575672	1.53035200	1.54133928
0.00000060	0.00000000	0.00000000	0.00000000	0.00000000	1.45862997	1.47746277	1.50208926	1.54544675
0.00000080	0.00000000	0.00000000	0.00000000	0.00000000	1.49623370	1.48942649	1.51413929	1.45610869
0.00000100	0.00000000	0.00000000	0.00000000	0.00000000	1.48831713	1.45781600	1.49792647	1.45337033
0.00000120	0.00000000	0.00000000	0.00000000	0.00000000	1.55758715	1.47043824	1.48171377	1.49273384
0.00000140	0.00000000	0.00000000	0.00000000	0.00000000	1.55758715	1.47658479	1.48631465	1.51669431
0.00000160	0.00000000	0.00000000	0.00000000	0.00000000	1.45071340	1.47790182	1.49223006	1.46398139
0.00000180	0.00000000	0.00000000	0.00000000	0.00000000	1.43290102	1.47834086	1.47974193	1.50574100
0.00000200	0.00000000	0.00000000	0.00000000	0.00000000	1.54175401	1.46385276	1.47667468	1.48451889
0.00000220	0.00000000	0.00000000	0.00000000	0.00000000	1.44081759	1.47241390	1.47163558	1.47869992
0.00000240	0.00000000	0.00000000	0.00000000	0.00000000	1.40123475	1.44903529	1.47404552	1.47288096
0.00000260	0.00000000	0.00000000	0.00000000	0.00000000	1.40321386	1.47493839	1.46484375	1.47664618
0.00000280	0.00000000	0.00000000	0.00000000	0.00000000	1.46654654	1.48646307	1.47119737	1.52251327
0.00000300	0.00000000	0.00000000	0.00000000	0.00000000	1.36956835	1.44991338	1.49288738	1.48896873
0.00000320	0.00000000	0.00000000	0.00000000	0.00000000	1.37352669	1.43147385	1.46615827	1.47801530
0.00000360	0.00000000	0.00000000	0.00000000	0.00000000	1.43685937	1.46961510	1.47273099	1.45268571
0.00000400	0.00000000	0.00000000	0.00000000	0.00000000	1.41310954	1.45260239	1.46396732	1.45764899
0.00000440	0.00000000	0.00000000	0.00000000	0.00000000	1.47941089	1.45210850	1.45147920	1.46124303
0.00000480	0.00000000	0.00000000	0.00000000	0.00000000	1.49920237	1.47049308	1.45093143	1.47219634
0.00000520	0.00000000	0.00000000	0.00000000	0.00000000	1.50612938	1.46665156	1.43219912	1.46517944
0.00000560	0.00000000	0.00000000	0.00000000	0.00000000	1.43389058	1.45051706	1.44567323	1.46192765
0.00000600	0.00000000	0.00000000	0.00000000	0.00000000	1.43191147	1.45337081	1.42814589	1.46004510
0.00000640	0.00000000	0.00000000	0.00000000	0.00000000	1.54373312	1.45101094	1.43855274	1.42786968
0.00000720	0.00000000	0.00000000	0.00000000	0.00000000	1.42844796	1.44192839	1.43734777	1.44241703
0.00000800	0.00000000	0.00000000	0.00000000	0.00000000	1.47050476	1.42464137	1.42332590	1.41614616
0.00000880	0.00000000	0.00000000	0.00000000	0.00000000	1.40667737	1.42044318	1.40377200	1.40596294
0.00000960	0.00000000	0.00000000	0.00000000	0.00000000	1.41657305	1.43076050	1.40848255	1.41991138
0.00001040	0.00000000	0.00000000	0.00000000	0.00000000	1.43141663	1.40784836	1.40136206	1.37661147
0.00001120	0.00000000	0.00000000	0.00000000	0.00000000	1.43784893	1.42000413	1.39944494	1.39886045
0.00001200	0.00000000	0.00000000	0.00000000	0.00000000	1.43488014	1.40853429	1.40809906	1.38148916
0.00001280	0.00000000	0.00000000	0.00000000	0.00000000	1.41360438	1.40644884	1.39955449	1.38148916
0.00001440	0.00000000	0.00000000	0.00000000	0.00000000	1.39900815	1.40314245	1.38495755	1.36698449
0.00001600	0.00000000	0.00000000	0.00000000	0.00000000	1.42597401	1.39135706	1.35540771	1.35624504
0.00001760	0.00000000	0.00000000	0.00000000	0.00000000	1.39232862	1.38526547	1.35699606	1.35265100
0.00001920	0.00000000	0.00000000	0.00000000	0.00000000	1.40445077	1.37861133	1.34927309	1.34203994
0.00002080	0.00000000	0.00000000	0.00000000	0.00000000	1.40073991	1.37441301	1.34615111	1.32856226
0.00002240	0.00000000	0.00000000	0.00000000	0.00000000	1.40197694	1.37168276	1.33593595	1.30601382
0.00002400	0.00000000	0.00000000	0.00000000	0.00000000	1.39801860	1.36284721	1.32084608	1.30306149
0.00002560	0.00000000	0.00000000	0.00000000	0.00000000	1.37031054	1.34959388	1.31230152	1.29664361
0.00002880	0.00000000	0.00000000	0.00000000	0.00000000	1.39164186	1.33770311	1.30193961	1.27074075
0.00003200	0.00000000	0.00000000	0.00000000	0.00000000	1.36365867	1.32729518	1.28349328	1.25236380
0.00003520	0.00000000	0.00000000	0.00000000	0.00000000	1.34997523	1.31340897	1.26095998	1.24185979
0.00003840	0.00000000	0.00000000	0.00000000	0.00000000	1.32174551	1.30544353	1.24860299	1.23306715
0.00004160	0.00000000	0.00000000	0.00000000	0.00000000	1.36267245	1.29390109	1.24184501	1.22075284
0.00004480	0.00000000	0.00000000	0.00000000	0.00000000	1.34702766	1.28157663	1.22677255	1.19837940
0.00004800	0.00000000	0.00000000	0.00000000	0.00000000	1.33704245	1.26775205	1.21895182	1.19068587
0.00005120	0.00000000	0.00000000	0.00000000	0.00000000	1.31966066	1.26181066	1.20220613	1.18672812
0.00005760	0.00000000	0.00000000	0.00000000	0.00000000	1.30290341	1.24099636	1.18569112	1.15907037
0.00006400	0.00000000	0.00000000	0.00000000	0.00000000	1.28989840	1.22322357	1.16239464	1.14065158
0.00007040	0.00000000	0.00000000	0.00000000	0.00000000	1.26980543	1.21102738	1.15261281	1.12715590
0.00007680	0.00000000	0.00000000	0.00000000	0.00000000	1.25730383	1.18773806	1.13865626	1.11051619
0.00008320	0.00000000	0.00000000	0.00000000	0.00000000	1.24627101	1.18461978	1.12326324	1.09879947
0.00008960	0.00000000	0.00000000	0.00000000	0.00000000	1.23301935	1.16848755	1.11681592	1.08076954
0.00009600	0.00000000	0.00000000	0.00000000	0.00000000	1.22013760	1.15284693	1.10221493	1.07926905
0.00010240	0.00000000	0.00000000	0.00000000	0.00000000	1.20873499	1.14466059	1.09541094	1.07068181
0.00011520	0.00000000	0.00000000	0.00000000	0.00000000	1.18808091	1.12545753	1.07804739	1.05314803
0.00012800	0.00000000	0.00000000	0.00000000	0.00000000	1.16555834	1.10895562	1.06440067	1.04486465
0.00014080	0.00000000	0.00000000	0.00000000	0.00000000	1.16147387	1.09502387	1.05162835	1.03460300
0.00015360	0.00000000	0.00000000	0.00000000	0.00000000	1.14395881	1.08144426	1.04358351	1.02541256
0.00016640	0.00000000	0.00000000	0.00000000	0.00000000	1.12838292	1.07296336	1.03893530	1.02234018
0.00017920	0.00000000	0.00000000	0.00000000	0.00000000	1.11936378	1.06344533	1.02661192	1.01680291
0.00019200	0.00000000	0.00000000	0.00000000	0.00000000	1.10365212	1.05314374	1.02692020	1.01021230
0.00020480	0.00000000	0.00000000	0.00000000	0.00000000	1.10728455	1.04863536	1.02101624	1.01144016
0.00023040	0.00000000	0.00000000	0.00000000	0.00000000	1.08598483	1.03710377	1.00945926	1.00706708
0.00025600	0.00000000	0.00000000	0.00000000	0.00000000	1.08078945	1.02949667	1.00516069	1.00426841
0.00028160	0.00000000	0.00000000	0.00000000	0.00000000	1.06133354	1.02372491	1.00255442	1.00266063
0.00030720	0.00000000	0.00000000	0.00000000	0.00000000	1.05798805	1.01876092	1.00069582	0.99861908
0.00033280	0.00000000	0.00000000	0.00000000	0.00000000	1.04180050	1.01522338	0.99975461	1.00070691
0.00035840	0.00000000	0.00000000	0.00000000	0.00000000	1.03846037	1.01443923	1.00203311	1.00220346
0.00038400	0.00000000	0.00000000	0.00000000	0.00000000	1.02366769	1.01072705	1.00140727	1.00003088
0.00040960	0.00000000	0.00000000	0.00000000	0.00000000	1.02198732	1.01028156	0.99807632	1.00156558
0.00046080	0.00000000	0.00000000	0.00000000	0.00000000	1.01844609	1.00611711	0.99705005	0.99692684
0.00051200	0.00000000	0.00000000	0.00000000	0.00000000	1.01534128	1.00180876	0.99652982	0.99960715
0.00056320	0.00000000	0.00000000	0.00000000	0.00000000	1.01195049	0.99984920	0.99685568	1.00337720
0.00061440	0.00000000	0.00000000	0.00000000	0.00000000	1.00236022	0.99821961	0.99714613	1.00232017
0.00066560	0.00000000	0.00000000	0.00000000	0.00000000	1.00926185	0.99972194	0.99830222	0.99767363
0.00071680	0.00000000	0.00000000	0.00000000	0.00000000	1.00119817	1.00204039	0.99893391	0.99902058
0.00076800	0.00000000	0.00000000	0.00000000	0.00000000	1.00466466	1.00102794	0.99805027	0.99961531
0.00081920	0.00000000	0.00000000	0.00000000	0.00000000	1.00538921	1.00140965	0.99745256	0.99812639
0.00092160	0.00000000	0.00000000	0.00000000	0.00000000	0.99838912	1.00031495	0.99979424	1.00102460
0.00102400	0.00000000	0.00000000	0.00000000	0.00000000	0.99530160	0.99985117	1.00300205	1.00132096
0.00112640	0.00000000	0.00000000	0.00000000	0.00000000	0.99569774	0.99899048	0.99974340	0.99856442
0.00122880	0.00000000	0.00000000	0.00000000	0.00000000	1.00054729	0.99936360	1.00174224	1.00011456
0.00133120	0.00000000	0.00000000	0.00000000	0.00000000	1.00216568	1.00272727	1.00434637	1.00125647
0.00143360	0.00000000	0.00000000	0.00000000	0.00000000	0.99804252	1.00081813	1.00467610	0.99762475
0.00153600	0.00000000	0.00000000	0.00000000	0.00000000	1.00510085	0.99890012	1.00159109	1.00032485
0.00163840	0.00000000	0.00000000	0.00000000	0.00000000	0.99540389	0.99811780	0.99998057	0.99689621
0.00184320	0.00000000	0.00000000	0.00000000	0.00000000	0.99514276	0.99709094	0.99773216	1.00391269
0.00204800	0.00000000	0.00000000	0.00000000	0.00000000	1.00522709	0.99717194	1.00163710	1.00255680
0.00225280	0.00000000	0.00000000	0.00000000	0.00000000	1.00395107	1.00231087	1.00302005	1.00169194
0.00245760	0.00000000	0.00000000	0.00000000	0.00000000	0.99741489	1.00225723	0.99888760	1.00185192
0.00266240	0.00000000	0.00000000	0.00000000	0.00000000	1.00342619	0.99973387	1.00103593	0.99861747
0.00286720	0.00000000	0.00000000	0.00000000	0.00000000	1.00862658	0.99839944	0.99718499	1.00067139
0.00307200	0.00000000	0.00000000	0.00000000	0.00000000	1.00324571	1.00474238	0.99720341	1.00100088
0.00327680	0.00000000	0.00000000	0.00000000	0.00000000	0.99741966	1.00174379	1.00098181	0.99971408
0.00368640	0.00000000	0.00000000	0.00000000	0.00000000	0.99998140	1.00027001	1.00091600	1.00049198
0.00409600	0.00000000	0.00000000	0.00000000	0.00000000	0.99994040	0.99815279	0.99894488	1.00238597
0.00450560	0.00000000	0.00000000	0.00000000	0.00000000	1.00181413	0.99962729	0.99892914	1.00100935
0.00491520	0.00000000	0.00000000	0.00000000	0.00000000	1.00030899	0.99943280	0.99824226	1.00089550
0.00532480	0.00000000	0.00000000	0.00000000	0.00000000	0.99827248	1.00144458	1.00134528	1.00154710
0.00573440	0.00000000	0.00000000	0.00000000	0.00000000	0.99835998	0.99924809	0.99981880	0.99880850
0.00614400	0.00000000	0.00000000	0.00000000	0.00000000	1.00315797	0.99678320	0.99824077	1.00123930
0.00655360	0.00000000	0.00000000	0.00000000	0.00000000	1.00188160	1.00083494	0.99875480	0.99953169
0.00737280	0.00000000	0.00000000	0.00000000	0.00000000	0.99933547	1.00002515	1.00104535	1.00052595
0.00819200	0.00000000	0.00000000	0.00000000	0.00000000	1.00032985	1.00036621	0.99927229	0.99906462
0.00901120	0.00000000	0.00000000	0.00000000	0.00000000	0.99773866	0.99841309	0.99829191	0.99942344
0.00983040	0.00000000	0.00000000	0.00000000	0.00000000	0.99497777	1.00323200	0.99954170	0.99824142
0.01064960	0.00000000	0.00000000	0.00000000	0.00000000	0.99699742	1.00135362	1.00004733	1.00021887
0.01146880	0.00000000	0.00000000	0.00000000	0.00000000	0.99870151	0.99942797	1.00042355	0.99940377
0.01228800	0.00000000	0.00000000	0.00000000	0.00000000	0.99932641	0.99865204	0.99972051	0.99994248
0.01310720	0.00000000	0.00000000	0.00000000	0.00000000	1.00041914	0.99997151	1.00157559	1.00156498
0.01474560	0.00000000	0.00000000	0.00000000	0.00000000	1.00304163	0.99981672	1.00100601	0.99980408
0.01638400	0.00000000	0.00000000	0.00000000	0.00000000	1.00002503	1.00079823	1.00100780	0.99942917
0.01802240	0.00000000	0.00000000	0.00000000	0.00000000	1.00055635	0.99998337	1.00095749	1.00004733
0.01966080	0.00000000	0.00000000	0.00000000	0.00000000	1.00078380	0.99980122	1.00071192	0.99930555
0.02129920	0.00000000	0.00000000	0.00000000	0.00000000	1.00236261	0.99803889	1.00000823	0.99932414
0.02293760	0.00000000	0.00000000	0.00000000	0.00000000	0.99886632	1.00244939	1.00030243	0.99978721
0.02457600	0.00000000	0.00000000	0.00000000	0.00000000	0.99624628	1.00028825	0.99880487	1.00060725
0.02621440	0.00000000	0.00000000	0.00000000	0.00000000	1.00019479	0.99962223	1.00065601	1.00000155
0.02949120	0.00000000	0.00000000	0.00000000	0.00000000	0.99926466	1.00040448	1.00000024	1.00022042
0.03276800	0.00000000	0.00000000	0.00000000	0.00000000	0.99861139	0.99953294	0.99967450	1.00024915
0.03604480	0.00000000	0.00000000	0.00000000	0.00000000	1.00133991	0.99900079	0.99985528	1.00055778
0.03932160	0.00000000	0.00000000	0.00000000	0.00000000	0.99926782	0.99931961	0.99978286	1.00030029
0.04259840	0.00000000	0.00000000	0.00000000	0.00000000	1.00075006	1.00110364	0.99985188	0.99917907
0.04587520	0.00000000	0.00000000	0.00000000	0.00000000	1.00119746	0.99979264	1.00029254	1.00050724
0.04915200	0.00000000	0.00000000	0.00000000	0.00000000	0.99898225	1.00031281	1.00031006	1.00029719
0.05242880	0.00000000	0.00000000	0.00000000	0.00000000	1.00016308	1.00205362	0.99958456	0.99945343
0.05898240	0.00000000	0.00000000	0.00000000	0.00000000	1.00004017	0.99912006	1.00030482	0.99968374
0.06553600	0.00000000	0.00000000	0.00000000	0.00000000	1.00102043	1.00031006	0.99995279	0.99967414
0.07208960	0.00000000	0.00000000	0.00000000	0.00000000	0.99995083	0.99946517	1.00041485	1.00026774
0.07864320	0.00000000	0.00000000	0.00000000	0.00000000	0.99982786	1.00071597	0.99974018	0.99972546
0.08519680	0.00000000	0.00000000	0.00000000	0.00000000	0.99944687	0.99951380	1.00011265	0.99985737
0.09175040	0.00000000	0.00000000	0.00000000	0.00000000	0.99843198	1.00016272	1.00036466	0.99997795
0.09830400	0.00000000	0.00000000	0.00000000	0.00000000	0.99903953	1.00001156	0.99945629	1.00036705
0.10485760	0.00000000	0.00000000	0.00000000	0.00000000	1.00180876	0.99987996	0.99956429	1.00039732
0.11796480	0.00000000	0.00000000	0.00000000	0.00000000	0.99934614	1.00020230	0.99996030	0.99976867
0.13107200	0.00000000	0.00000000	0.00000000	0.00000000	1.00135422	1.00001740	0.99985486	1.00038421
0.14417920	0.00000000	0.00000000	0.00000000	0.00000000	1.00129211	0.99952513	1.00017130	1.00019372
0.15728641	0.00000000	0.00000000	0.00000000	0.00000000	1.00025141	0.99967265	0.99981874	0.99957764
0.17039360	0.00000000	0.00000000	0.00000000	0.00000000	0.99982554	0.99914092	0.99936104	1.00032067
0.18350080	0.00000000	0.00000000	0.00000000	0.00000000	1.00052476	1.00035143	0.99992859	0.99965501
0.19660801	0.00000000	0.00000000	0.00000000	0.00000000	1.00018644	0.99968606	1.00004983	1.00020075
0.20971520	0.00000000	0.00000000	0.00000000	0.00000000	1.00025547	1.00018752	1.00035393	1.00044549
0.23592959	0.00000000	0.00000000	0.00000000	0.00000000	1.00007951	0.99939984	0.99989527	1.00012720
0.26214400	0.00000000	0.00000000	0.00000000	0.00000000	1.00052750	1.00038016	1.00016570	1.00006604
0.28835839	0.00000000	0.00000000	0.00000000	0.00000000	0.99985141	1.00039399	0.99971420	0.99988043
0.31457281	0.00000000	0.00000000	0.00000000	0.00000000	0.99965692	0.99967033	0.99973863	0.99967414
0.34078720	0.00000000	0.00000000	0.00000000	0.00000000	0.99991637	0.99987644	0.99998635	0.99979860
0.36700159	0.00000000	0.00000000	0.00000000	0.00000000	1.00031519	1.00045669	1.00022423	1.00012732
0.39321601	0.00000000	0.00000000	0.00000000	0.00000000	1.00017047	1.00031829	1.00002337	0.99987817
0.41943040	0.00000000	0.00000000	0.00000000	0.00000000	0.99943370	0.99950963	1.00026798	1.00017107
0.47185919	0.00000000	0.00000000	0.00000000	0.00000000	0.99977046	1.00008714	1.00012398	1.00004184
0.52428800	0.00000000	0.00000000	0.00000000	0.00000000	1.00036001	0.99973625	0.99999344	0.99977213
0.57671678	0.00000000	0.00000000	0.00000000	0.00000000	0.99987829	1.00014734	0.99977887	1.00030613
0.62914562	0.00000000	0.00000000	0.00000000	0.00000000	0.99955535	1.00009835	1.00015795	1.00008893
0.68157440	0.00000000	0.00000000	0.00000000	0.00000000	0.99961537	1.00044012	0.99987710	0.99991709
0.73400319	0.00000000	0.00000000	0.00000000	0.00000000	0.99965817	0.99972111	1.00007761	1.00011837
0.78643203	0.00000000	0.00000000	0.00000000	0.00000000	0.99965519	0.99952281	1.00006306	0.99998665
0.83886081	0.00000000	0.00000000	0.00000000	0.00000000	0.99934834	0.99996418	0.99998015	1.00032794
0.94371837	0.00000000	0.00000000	0.00000000	0.00000000	1.00001502	0.99999738	1.00011325	1.00001705
1.04857600	0.00000000	0.00000000	0.00000000	0.00000000	1.00003135	1.00009787	0.99997848	1.00001717
1.15343356	0.00000000	0.00000000	0.00000000	0.00000000	0.99990171	1.00010562	1.00001359	1.00009978
1.25829124	0.00000000	0.00000000	0.00000000	0.00000000	1.00001395	0.99974239	0.99990505	0.99992889
1.36314881	0.00000000	0.00000000	0.00000000	0.00000000	1.00009239	1.00019228	1.00008249	1.00009143
1.46800637	0.00000000	0.00000000	0.00000000	0.00000000	1.00030029	0.99972838	1.00001991	0.99993289
1.57286406	0.00000000	0.00000000	0.00000000	0.00000000	1.00003219	1.00008547	0.99996722	1.00012076
1.67772162	0.00000000	0.00000000	0.00000000	0.00000000	0.99998915	1.00025380	0.99988806	0.99991083
1.88743675	0.00000000	0.00000000	0.00000000	0.00000000	1.00007033	0.99996954	1.00002325	1.00007999
2.09715199	0.00000000	0.00000000	0.00000000	0.00000000	1.00001633	0.99993503	0.99985188	1.00006473
2.30686712	0.00000000	0.00000000	0.00000000	0.00000000	1.00015974	0.99998873	0.99993908	0.99989426
2.51658249	0.00000000	0.00000000	0.00000000	0.00000000	1.00019383	0.99992621	0.99994957	0.99989504
2.72629762	0.00000000	0.00000000	0.00000000	0.00000000	0.99998891	1.00009358	0.99991846	1.00011134
2.93601274	0.00000000	0.00000000	0.00000000	0.00000000	0.99971724	1.00018823	1.00000262	0.99996787
3.14572811	0.00000000	0.00000000	0.00000000	0.00000000	0.99975395	0.99982554	0.99988753	0.99991882
3.35544324	0.00000000	0.00000000	0.00000000	0.00000000	1.00009787	1.00026464	1.00017393	0.99988061
3.77487350	0.00000000	0.00000000	0.00000000	0.00000000	1.00032389	0.99991131	0.99991041	1.00004363
4.19430399	0.00000000	0.00000000	0.00000000	0.00000000	1.00005841	0.99977744	1.00001276	1.00011659
4.61373425	0.00000000	0.00000000	0.00000000	0.00000000	0.99983793	1.00016856	0.99991244	0.99982035
5.03316498	0.00000000	0.00000000	0.00000000	0.00000000	1.00000000	1.00000000	1.00000000	1.00000000
5.45259523	0.00000000	0.00000000	0.00000000	0.00000000	0.00000000	0.00000000	0.00000000	0.00000000
5.87202549	0.00000000	0.00000000	0.00000000	0.00000000	0.00000000	0.00000000	0.00000000	0.00000000
6.29145622	0.00000000	0.00000000	0.00000000	0.00000000	0.00000000	0.00000000	0.00000000	0.00000000
6.71088648	0.00000000	0.00000000	0.00000000	0.00000000	0.00000000	0.00000000	0.00000000	0.00000000
7.54974699	0.00000000	0.00000000	0.00000000	0.00000000	0.00000000	0.00000000	0.00000000	0.00000000
8.38860798	0.00000000	0.00000000	0.00000000	0.00000000	0.00000000	0.00000000	0.00000000	0.00000000
9.22746849	0.00000000	0.00000000	0.00000000	0.00000000	0.00000000	0.00000000	0.00000000	0.00000000
10.06632996	0.00000000	0.00000000	0.00000000	0.00000000	0.00000000	0.00000000	0.00000000	0.00000000
10.90519047	0.00000000	0.00000000	0.00000000	0.00000000	0.00000000	0.00000000	0.00000000	0.00000000
11.74405098	0.00000000	0.00000000	0.00000000	0.00000000	0.00000000	0.00000000	0.00000000	0.00000000
12.58291245	0.00000000	0.00000000	0.00000000	0.00000000	0.00000000	0.00000000	0.00000000	0.00000000
13.42177296	0.00000000	0.00000000	0.00000000	0.00000000	0.00000000	0.00000000	0.00000000	0.00000000
15.09949398	0.00000000	0.00000000	0.00000000	0.00000000	0.00000000	0.00000000	0.00000000	0.00000000
16.77721596	0.00000000	0.00000000	0.00000000	0.00000000	0.00000000	0.00000000	0.00000000	0.00000000
18.45493698	0.00000000	0.00000000	0.00000000	0.00000000	0.00000000	0.00000000	0.00000000	0.00000000
20.13265991	0.00000000	0.00000000	0.00000000	0.00000000	0.00000000	0.00000000	0.00000000	0.00000000
21.81038094	0.00000000	0.00000000	0.00000000	0.00000000	0.00000000	0.00000000	0.00000000	0.00000000
23.48810196	0.00000000	0.00000000	0.00000000	0.00000000	0.00000000	0.00000000	0.00000000	0.00000000
25.16582489	0.00000000	0.00000000	0.00000000	0.00000000	0.00000000	0.00000000	0.00000000	0.00000000
26.84354591	0.00000000	0.00000000	0.00000000	0.00000000	0.00000000	0.00000000	0.00000000	0.00000000
30.19898796	0.00000000	0.00000000	0.00000000	0.00000000	0.00000000	0.00000000	0.00000000	0.00000000
33.55443192	0.00000000	0.00000000	0.00000000	0.00000000	0.00000000	0.00000000	0.00000000	0.00000000
36.90987396	0.00000000	0.00000000	0.00000000	0.00000000	0.00000000	0.00000000	0.00000000	0.00000000
40.26531982	0.00000000	0.00000000	0.00000000	0.00000000	0.00000000	0.00000000	0.00000000	0.00000000
43.62076187	0.00000000	0.00000000	0.00000000	0.00000000	0.00000000	0.00000000	0.00000000	0.00000000
46.97620392	0.00000000	0.00000000	0.00000000	0.00000000	0.00000000	0.00000000	0.00000000	0.00000000
50.33164978	0.00000000	0.00000000	0.00000000	0.00000000	0.00000000	0.00000000	0.00000000	0.00000000
53.68709183	0.00000000	0.00000000	0.00000000	0.00000000	0.00000000	0.00000000	0.00000000	0.00000000
60.39797592	0.00000000	0.00000000	0.00000000	0.00000000	0.00000000	0.00000000	0.00000000	0.00000000
67.10886383	0.00000000	0.00000000	0.00000000	0.00000000	0.00000000	0.00000000	0.00000000	0.00000000
73.81974792	0.00000000	0.00000000	0.00000000	0.00000000	0.00000000	0.00000000	0.00000000	0.00000000
80.53063965	0.00000000	0.00000000	0.00000000	0.00000000	0.00000000	0.00000000	0.00000000	0.00000000
87.24152374	0.00000000	0.00000000	0.00000000	0.00000000	0.00000000	0.00000000	0.00000000	0.00000000
93.95240784	0.00000000	0.00000000	0.00000000	0.00000000	0.00000000	0.00000000	0.00000000	0.00000000
100.66329956	0.00000000	0.00000000	0.00000000	0.00000000	0.00000000	0.00000000	0.00000000	0.00000000
107.37418365	0.00000000	0.00000000	0.00000000	0.00000000	0.00000000	0.00000000	0.00000000	0.00000000
120.79595184	0.00000000	0.00000000	0.00000000	0.00000000	0.00000000	0.00000000	0.00000000	0.00000000
134.21772766	0.00000000	0.00000000	0.00000000	0.00000000	0.00000000	0.00000000	0.00000000	0.00000000
147.63949585	0.00000000	0.00000000	0.00000000	0.00000000	0.00000000	0.00000000	0.00000000	0.00000000
161.06127930	0.00000000	0.00000000	0.00000000	0.00000000	0.00000000	0.00000000	0.00000000	0.00000000
174.48304749	0.00000000	0.00000000	0.00000000	0.00000000	0.00000000	0.00000000	0.00000000	0.00000000
187.90481567	0.00000000	0.00000000	0.00000000	0.00000000	0.00000000	0.00000000	0.00000000	0.00000000
201.32659912	0.00000000	0.00000000	0.00000000	0.00000000	0.00000000	0.00000000	0.00000000	0.00000000
214.74836731	0.00000000	0.00000000	0.00000000	0.00000000	0.00000000	0.00000000	0.00000000	0.00000000
241.59190369	0.00000000	0.00000000	0.00000000	0.00000000	0.00000000	0.00000000	0.00000000	0.00000000
268.43545532	0.00000000	0.00000000	0.00000000	0.00000000	0.00000000	0.00000000	0.00000000	0.00000000
295.27899170	0.00000000	0.00000000	0.00000000	0.00000000	0.00000000	0.00000000	0.00000000	0.00000000
322.12255859	0.00000000	0.00000000	0.00000000	0.00000000	0.00000000	0.00000000	0.00000000	0.00000000
348.96609497	0.00000000	0.00000000	0.00000000	0.00000000	0.00000000	0.00000000	0.00000000	0.00000000
375.80963135	0.00000000	0.00000000	0.00000000	0.00000000	0.00000000	0.00000000	0.00000000	0.00000000
402.65319824	0.00000000	0.00000000	0.00000000	0.00000000	0.00000000	0.00000000	0.00000000	0.00000000
429.49673462	0.00000000	0.00000000	0.00000000	0.00000000	0.00000000	0.00000000	0.00000000	0.00000000
483.18380737	0.00000000	0.00000000	0.00000000	0.00000000	0.00000000	0.00000000	0.00000000	0.00000000
536.87091064	0.00000000	0.00000000	0.00000000	0.00000000	0.00000000	0.00000000	0.00000000	0.00000000
590.55798340	0.00000000	0.00000000	0.00000000	0.00000000	0.00000000	0.00000000	0.00000000	0.00000000
644.24511719	0.00000000	0.00000000	0.00000000	0.00000000	0.00000000	0.00000000	0.00000000	0.00000000
697.93218994	0.00000000	0.00000000	0.00000000	0.00000000	0.00000000	0.00000000	0.00000000	0.00000000
751.61926270	0.00000000	0.00000000	0.00000000	0.00000000	0.00000000	0.00000000	0.00000000	0.00000000
805.30639648	0.00000000	0.00000000	0.00000000	0.00000000	0.00000000	0.00000000	0.00000000	0.00000000
858.99346924	0.00000000	0.00000000	0.00000000	0.00000000	0.00000000	0.00000000	0.00000000	0.00000000
966.36761475	0.00000000	0.00000000	0.00000000	0.00000000	0.00000000	0.00000000	0.00000000	0.00000000
1073.74182129	0.00000000	0.00000000	0.00000000	0.00000000	0.00000000	0.00000000	0.00000000	0.00000000
1181.11596680	0.00000000	0.00000000	0.00000000	0.00000000	0.00000000	0.00000000	0.00000000	0.00000000
1288.49023437	0.00000000	0.00000000	0.00000000	0.00000000	0.00000000	0.00000000	0.00000000	0.00000000
1395.86437988	0.00000000	0.00000000	0.00000000	0.00000000	0.00000000	0.00000000	0.00000000	0.00000000
1503.23852539	0.00000000	0.00000000	0.00000000	0.00000000	0.00000000	0.00000000	0.00000000	0.00000000
1610.61279297	0.00000000	0.00000000	0.00000000	0.00000000	0.00000000	0.00000000	0.00000000	0.00000000
1717.98693848	0.00000000	0.00000000	0.00000000	0.00000000	0.00000000	0.00000000	0.00000000	0.00000000
1932.73522949	0.00000000	0.00000000	0.00000000	0.00000000	0.00000000	0.00000000	0.00000000	0.00000000
2147.48364258	0.00000000	0.00000000	0.00000000	0.00000000	0.00000000	0.00000000	0.00000000	0.00000000
2362.23193359	0.00000000	0.00000000	0.00000000	0.00000000	0.00000000	0.00000000	0.00000000	0.00000000
2576.98046875	0.00000000	0.00000000	0.00000000	0.00000000	0.00000000	0.00000000	0.00000000	0.00000000
2791.72875977	0.00000000	0.00000000	0.00000000	0.00000000	0.00000000	0.00000000	0.00000000	0.00000000
3006.47705078	0.00000000	0.00000000	0.00000000	0.00000000	0.00000000	0.00000000	0.00000000	0.00000000
3221.22558594	0.00000000	0.00000000	0.00000000	0.00000000	0.00000000	0.00000000	0.00000000	0.00000000
3435.97387695	0.00000000	0.00000000	0.00000000	0.00000000	0.00000000	0.00000000	0.00000000	0.00000000
0	0	0	0	0	0	0	0	0
