%2/14/2019 3:11:16 PM
%Duration	ID1		ID2		ID3		ID4		ID5		ID6		ID7		ID8
3000.000000	0.000000	0.000000	0.000000	0.000000	39.682388	74.691772	126.934052	77.457428
%Tau		Tau1		Tau2		Tau3		Tau4		Tau5		Tau6		Tau7		Tau8
%		0.000000	0.000000	0.000000	0.000000	0.000205	0.000166	0.000128	0.000115
%Delaytime	D1		D2		D3		D4		D5		D6		D7		D8
0.00000020	0.00000000	0.00000000	0.00000000	0.00000000	2.07809496	2.53677583	2.22094464	1.72407925
0.00000040	0.00000000	0.00000000	0.00000000	0.00000000	1.66370690	1.63501978	1.58680189	1.55748630
0.00000060	0.00000000	0.00000000	0.00000000	0.00000000	1.51600420	1.50468791	1.52567697	1.51819551
0.00000080	0.00000000	0.00000000	0.00000000	0.00000000	1.53446698	1.48766255	1.48877978	1.49724042
0.00000100	0.00000000	0.00000000	0.00000000	0.00000000	1.51600420	1.42425787	1.48700166	1.53810287
0.00000120	0.00000000	0.00000000	0.00000000	0.00000000	1.45240998	1.49353337	1.46499670	1.50195539
0.00000140	0.00000000	0.00000000	0.00000000	0.00000000	1.53651845	1.49529457	1.46966434	1.48204803
0.00000160	0.00000000	0.00000000	0.00000000	0.00000000	1.40727854	1.51466823	1.47699940	1.52710152
0.00000180	0.00000000	0.00000000	0.00000000	0.00000000	1.53651845	1.53932559	1.50056028	1.50876582
0.00000200	0.00000000	0.00000000	0.00000000	0.00000000	1.39497006	1.47944343	1.48122251	1.48990619
0.00000220	0.00000000	0.00000000	0.00000000	0.00000000	1.51805556	1.50233960	1.49700391	1.49357331
0.00000240	0.00000000	0.00000000	0.00000000	0.00000000	1.38881576	1.46300519	1.48789072	1.46476007
0.00000260	0.00000000	0.00000000	0.00000000	0.00000000	1.55087841	1.47122431	1.48633480	1.51819551
0.00000280	0.00000000	0.00000000	0.00000000	0.00000000	1.47292423	1.49353337	1.43810177	1.52238655
0.00000300	0.00000000	0.00000000	0.00000000	0.00000000	1.43599856	1.46417928	1.49922657	1.46895111
0.00000320	0.00000000	0.00000000	0.00000000	0.00000000	1.54062128	1.51173282	1.46099579	1.49095392
0.00000360	0.00000000	0.00000000	0.00000000	0.00000000	1.47805274	1.46858239	1.48355639	1.45873547
0.00000400	0.00000000	0.00000000	0.00000000	0.00000000	1.47087276	1.44421852	1.47099805	1.52264845
0.00000440	0.00000000	0.00000000	0.00000000	0.00000000	1.50369561	1.47474682	1.46177375	1.46790338
0.00000480	0.00000000	0.00000000	0.00000000	0.00000000	1.45753849	1.49764287	1.46088469	1.50928962
0.00000520	0.00000000	0.00000000	0.00000000	0.00000000	1.50164413	1.48384655	1.45088243	1.46764147
0.00000560	0.00000000	0.00000000	0.00000000	0.00000000	1.49343848	1.48120463	1.47177601	1.48335779
0.00000600	0.00000000	0.00000000	0.00000000	0.00000000	1.48010421	1.43100929	1.47755504	1.48676288
0.00000640	0.00000000	0.00000000	0.00000000	0.00000000	1.51395273	1.49118507	1.44521439	1.47052276
0.00000720	0.00000000	0.00000000	0.00000000	0.00000000	1.49600279	1.44935548	1.47288740	1.48545325
0.00000800	0.00000000	0.00000000	0.00000000	0.00000000	1.47497559	1.49162531	1.46099579	1.46803439
0.00000880	0.00000000	0.00000000	0.00000000	0.00000000	1.45292282	1.47357261	1.45832849	1.46921301
0.00000960	0.00000000	0.00000000	0.00000000	0.00000000	1.45394850	1.46432602	1.46360743	1.46187878
0.00001040	0.00000000	0.00000000	0.00000000	0.00000000	1.40933001	1.47944343	1.46571910	1.45061541
0.00001120	0.00000000	0.00000000	0.00000000	0.00000000	1.43753707	1.45742786	1.45143807	1.47288024
0.00001200	0.00000000	0.00000000	0.00000000	0.00000000	1.46317995	1.44142997	1.45705044	1.45912838
0.00001280	0.00000000	0.00000000	0.00000000	0.00000000	1.44061422	1.46814215	1.44421422	1.44000685
0.00001440	0.00000000	0.00000000	0.00000000	0.00000000	1.46446204	1.44774103	1.43676805	1.44648993
0.00001600	0.00000000	0.00000000	0.00000000	0.00000000	1.46651351	1.46315193	1.43810177	1.43542302
0.00001760	0.00000000	0.00000000	0.00000000	0.00000000	1.44292212	1.43871474	1.43590677	1.43162489
0.00001920	0.00000000	0.00000000	0.00000000	0.00000000	1.48728418	1.42924798	1.41331840	1.42350483
0.00002080	0.00000000	0.00000000	0.00000000	0.00000000	1.41625357	1.44209039	1.41276264	1.41564667
0.00002240	0.00000000	0.00000000	0.00000000	0.00000000	1.48600209	1.43607283	1.42068112	1.41538465
0.00002400	0.00000000	0.00000000	0.00000000	0.00000000	1.44061422	1.43944860	1.40642798	1.41892087
0.00002560	0.00000000	0.00000000	0.00000000	0.00000000	1.43522930	1.43335760	1.39903736	1.40346646
0.00002880	0.00000000	0.00000000	0.00000000	0.00000000	1.44030154	1.42403674	1.38350940	1.39402461
0.00003200	0.00000000	0.00000000	0.00000000	0.00000000	1.43889332	1.41409540	1.38639033	1.37211204
0.00003520	0.00000000	0.00000000	0.00000000	0.00000000	1.42916322	1.39725745	1.37178695	1.36164916
0.00003840	0.00000000	0.00000000	0.00000000	0.00000000	1.42890716	1.39450610	1.37233984	1.36142027
0.00004160	0.00000000	0.00000000	0.00000000	0.00000000	1.40150952	1.40253997	1.35736454	1.33852696
0.00004480	0.00000000	0.00000000	0.00000000	0.00000000	1.38204944	1.38423455	1.34638357	1.34780705
0.00004800	0.00000000	0.00000000	0.00000000	0.00000000	1.40099740	1.37363291	1.34718347	1.33341503
0.00005120	0.00000000	0.00000000	0.00000000	0.00000000	1.40778279	1.38518834	1.33727419	1.32432556
0.00005760	0.00000000	0.00000000	0.00000000	0.00000000	1.40085447	1.36011541	1.31496692	1.30616462
0.00006400	0.00000000	0.00000000	0.00000000	0.00000000	1.38749111	1.35829973	1.30695760	1.29458034
0.00007040	0.00000000	0.00000000	0.00000000	0.00000000	1.38325953	1.34670854	1.29170775	1.27831650
0.00007680	0.00000000	0.00000000	0.00000000	0.00000000	1.36318266	1.33113098	1.27676070	1.25102460
0.00008320	0.00000000	0.00000000	0.00000000	0.00000000	1.36438608	1.31506455	1.26707792	1.25491881
0.00008960	0.00000000	0.00000000	0.00000000	0.00000000	1.35012770	1.30734313	1.25626075	1.22943783
0.00009600	0.00000000	0.00000000	0.00000000	0.00000000	1.33664787	1.30882871	1.24049592	1.22232652
0.00010240	0.00000000	0.00000000	0.00000000	0.00000000	1.32858050	1.29517746	1.23433733	1.21956134
0.00011520	0.00000000	0.00000000	0.00000000	0.00000000	1.32348323	1.27727282	1.21467698	1.18708313
0.00012800	0.00000000	0.00000000	0.00000000	0.00000000	1.29028785	1.25458753	1.19722068	1.16841018
0.00014080	0.00000000	0.00000000	0.00000000	0.00000000	1.29281271	1.23712695	1.18352699	1.15293467
0.00015360	0.00000000	0.00000000	0.00000000	0.00000000	1.27494705	1.22473359	1.16173768	1.13842249
0.00016640	0.00000000	0.00000000	0.00000000	0.00000000	1.24596977	1.21374488	1.15379429	1.12614429
0.00017920	0.00000000	0.00000000	0.00000000	0.00000000	1.25117922	1.20116448	1.13731325	1.11699927
0.00019200	0.00000000	0.00000000	0.00000000	0.00000000	1.24197471	1.18811262	1.12874091	1.10427105
0.00020480	0.00000000	0.00000000	0.00000000	0.00000000	1.21452093	1.17725074	1.11612713	1.09205329
0.00023040	0.00000000	0.00000000	0.00000000	0.00000000	1.20789862	1.15638793	1.09780848	1.07578826
0.00025600	0.00000000	0.00000000	0.00000000	0.00000000	1.19191968	1.13256764	1.08034563	1.05970120
0.00028160	0.00000000	0.00000000	0.00000000	0.00000000	1.17121577	1.11451328	1.06728363	1.04969704
0.00030720	0.00000000	0.00000000	0.00000000	0.00000000	1.16189337	1.10527468	1.05724061	1.04215562
0.00033280	0.00000000	0.00000000	0.00000000	0.00000000	1.14351368	1.09236860	1.04642785	1.03514969
0.00035840	0.00000000	0.00000000	0.00000000	0.00000000	1.13154137	1.08404291	1.03955066	1.02668118
0.00038400	0.00000000	0.00000000	0.00000000	0.00000000	1.11149180	1.07255816	1.03573823	1.02339661
0.00040960	0.00000000	0.00000000	0.00000000	0.00000000	1.10299945	1.06648314	1.02847970	1.01433182
0.00046080	0.00000000	0.00000000	0.00000000	0.00000000	1.07938039	1.05267024	1.02274811	1.01002347
0.00051200	0.00000000	0.00000000	0.00000000	0.00000000	1.06071556	1.04217207	1.01194847	1.00691617
0.00056320	0.00000000	0.00000000	0.00000000	0.00000000	1.05544806	1.03054762	1.00940228	0.99996662
0.00061440	0.00000000	0.00000000	0.00000000	0.00000000	1.03985548	1.02226830	1.00746298	1.00489259
0.00066560	0.00000000	0.00000000	0.00000000	0.00000000	1.03070998	1.01744401	1.00474226	1.00202441
0.00071680	0.00000000	0.00000000	0.00000000	0.00000000	1.02758873	1.01275492	1.00194073	1.00615728
0.00076800	0.00000000	0.00000000	0.00000000	0.00000000	1.02017522	1.01202452	0.99813741	1.00228143
0.00081920	0.00000000	0.00000000	0.00000000	0.00000000	1.01381457	1.00885820	0.99855548	1.00343847
0.00092160	0.00000000	0.00000000	0.00000000	0.00000000	1.00740516	1.00524426	0.99961823	1.00174594
0.00102400	0.00000000	0.00000000	0.00000000	0.00000000	1.00541091	1.00267553	0.99984396	1.00402141
0.00112640	0.00000000	0.00000000	0.00000000	0.00000000	1.00711596	1.00185430	0.99963546	1.00390327
0.00122880	0.00000000	0.00000000	0.00000000	0.00000000	1.00880086	1.00325453	0.99892098	1.00094616
0.00133120	0.00000000	0.00000000	0.00000000	0.00000000	1.00462854	0.99851412	0.99701905	1.00034106
0.00143360	0.00000000	0.00000000	0.00000000	0.00000000	1.00346911	0.99492520	0.99578059	0.99454236
0.00153600	0.00000000	0.00000000	0.00000000	0.00000000	1.00119495	0.99577373	0.99742162	0.99373060
0.00163840	0.00000000	0.00000000	0.00000000	0.00000000	1.00243342	0.99633193	0.99882156	0.99741423
0.00184320	0.00000000	0.00000000	0.00000000	0.00000000	1.00126326	0.99907845	0.99991935	1.00150716
0.00204800	0.00000000	0.00000000	0.00000000	0.00000000	1.00489771	1.00045073	1.00001991	1.00072038
0.00225280	0.00000000	0.00000000	0.00000000	0.00000000	1.00811863	0.99697065	1.00048745	0.99937755
0.00245760	0.00000000	0.00000000	0.00000000	0.00000000	1.01026213	0.99624181	1.00389445	1.00025618
0.00266240	0.00000000	0.00000000	0.00000000	0.00000000	1.00463319	0.99944812	1.00129116	0.99614149
0.00286720	0.00000000	0.00000000	0.00000000	0.00000000	0.99972796	0.99670446	1.00036895	0.99543101
0.00307200	0.00000000	0.00000000	0.00000000	0.00000000	0.99360174	0.99462616	1.00028527	0.99691045
0.00327680	0.00000000	0.00000000	0.00000000	0.00000000	0.99915236	0.99459565	0.99784899	0.99548435
0.00368640	0.00000000	0.00000000	0.00000000	0.00000000	1.00194836	1.00079358	0.99880236	0.99922782
0.00409600	0.00000000	0.00000000	0.00000000	0.00000000	0.99970442	1.00131512	0.99801362	0.99915707
0.00450560	0.00000000	0.00000000	0.00000000	0.00000000	0.99606937	1.00122309	0.99744558	1.00088644
0.00491520	0.00000000	0.00000000	0.00000000	0.00000000	0.99487436	1.00211906	0.99834031	0.99808156
0.00532480	0.00000000	0.00000000	0.00000000	0.00000000	0.99950671	1.00221717	1.00113010	0.99988580
0.00573440	0.00000000	0.00000000	0.00000000	0.00000000	1.00249207	0.99758947	0.99726957	1.00009751
0.00614400	0.00000000	0.00000000	0.00000000	0.00000000	1.00147748	1.00166273	0.99702662	1.00146699
0.00655360	0.00000000	0.00000000	0.00000000	0.00000000	0.99613929	0.99912781	1.00089061	1.00441158
0.00737280	0.00000000	0.00000000	0.00000000	0.00000000	1.00340867	0.99749804	0.99590117	1.00173759
0.00819200	0.00000000	0.00000000	0.00000000	0.00000000	0.99678236	0.99764502	1.00161016	1.00031269
0.00901120	0.00000000	0.00000000	0.00000000	0.00000000	0.99981809	0.99741161	1.00217187	0.99919242
0.00983040	0.00000000	0.00000000	0.00000000	0.00000000	1.00148201	1.00304699	0.99918813	0.99763286
0.01064960	0.00000000	0.00000000	0.00000000	0.00000000	0.99969411	1.00104165	1.00149405	0.99681938
0.01146880	0.00000000	0.00000000	0.00000000	0.00000000	1.00434923	0.99756467	0.99861681	1.00055039
0.01228800	0.00000000	0.00000000	0.00000000	0.00000000	1.00066733	0.99813288	0.99810535	0.99957466
0.01310720	0.00000000	0.00000000	0.00000000	0.00000000	1.00017154	1.00253141	1.00110972	0.99756885
0.01474560	0.00000000	0.00000000	0.00000000	0.00000000	1.00119460	1.00388753	0.99927020	0.99951196
0.01638400	0.00000000	0.00000000	0.00000000	0.00000000	0.99689156	0.99643022	0.99818754	0.99687356
0.01802240	0.00000000	0.00000000	0.00000000	0.00000000	0.99990207	0.99990952	0.99993789	1.00098622
0.01966080	0.00000000	0.00000000	0.00000000	0.00000000	1.00379431	1.00008249	0.99581015	0.99898338
0.02129920	0.00000000	0.00000000	0.00000000	0.00000000	0.99874222	0.99647242	1.00087452	1.00019073
0.02293760	0.00000000	0.00000000	0.00000000	0.00000000	0.99769413	0.99780554	0.99845290	0.99654311
0.02457600	0.00000000	0.00000000	0.00000000	0.00000000	0.99914622	1.00070882	0.99829465	1.00043237
0.02621440	0.00000000	0.00000000	0.00000000	0.00000000	0.99828500	1.00381470	1.00208342	1.00009215
0.02949120	0.00000000	0.00000000	0.00000000	0.00000000	0.99718642	0.99724936	0.99840266	0.99834371
0.03276800	0.00000000	0.00000000	0.00000000	0.00000000	0.99965394	0.99899244	1.00001407	1.00027263
0.03604480	0.00000000	0.00000000	0.00000000	0.00000000	0.99638653	0.99806857	1.00009859	0.99952406
0.03932160	0.00000000	0.00000000	0.00000000	0.00000000	0.99980152	0.99909127	0.99988282	0.99973309
0.04259840	0.00000000	0.00000000	0.00000000	0.00000000	0.99933314	0.99904591	0.99772072	1.00047123
0.04587520	0.00000000	0.00000000	0.00000000	0.00000000	1.00233579	1.00012565	0.99888551	0.99995601
0.04915200	0.00000000	0.00000000	0.00000000	0.00000000	0.99778807	0.99979961	0.99916452	1.00041771
0.05242880	0.00000000	0.00000000	0.00000000	0.00000000	0.99920851	1.00100279	0.99997658	1.00042474
0.05898240	0.00000000	0.00000000	0.00000000	0.00000000	0.99927181	0.99951577	1.00108457	1.00050724
0.06553600	0.00000000	0.00000000	0.00000000	0.00000000	1.00030899	0.99921042	1.00074792	1.00139511
0.07208960	0.00000000	0.00000000	0.00000000	0.00000000	1.00182045	1.00131559	0.99996340	0.99992812
0.07864320	0.00000000	0.00000000	0.00000000	0.00000000	1.00079548	0.99826747	0.99888468	0.99834049
0.08519680	0.00000000	0.00000000	0.00000000	0.00000000	1.00018430	1.00078785	0.99929494	0.99956644
0.09175040	0.00000000	0.00000000	0.00000000	0.00000000	0.99855953	1.00039923	1.00002742	1.00032055
0.09830400	0.00000000	0.00000000	0.00000000	0.00000000	0.99839735	0.99958885	0.99963051	0.99935788
0.10485760	0.00000000	0.00000000	0.00000000	0.00000000	0.99947923	0.99992335	0.99835056	0.99927640
0.11796480	0.00000000	0.00000000	0.00000000	0.00000000	1.00008047	1.00239563	1.00013793	0.99986649
0.13107200	0.00000000	0.00000000	0.00000000	0.00000000	1.00047541	0.99963325	1.00066805	1.00059247
0.14417920	0.00000000	0.00000000	0.00000000	0.00000000	0.99893242	1.00092089	0.99950612	0.99946755
0.15728641	0.00000000	0.00000000	0.00000000	0.00000000	0.99829155	0.99946004	0.99961853	1.00049925
0.17039360	0.00000000	0.00000000	0.00000000	0.00000000	1.00081182	1.00128806	0.99955803	1.00050962
0.18350080	0.00000000	0.00000000	0.00000000	0.00000000	0.99973202	0.99932343	0.99943203	1.00061119
0.19660801	0.00000000	0.00000000	0.00000000	0.00000000	0.99664557	1.00002837	1.00049579	1.00032353
0.20971520	0.00000000	0.00000000	0.00000000	0.00000000	0.99822247	0.99988228	0.99996173	0.99907917
0.23592959	0.00000000	0.00000000	0.00000000	0.00000000	1.00106752	0.99949133	1.00001681	1.00016201
0.26214400	0.00000000	0.00000000	0.00000000	0.00000000	1.00021768	1.00033951	1.00025082	1.00012422
0.28835839	0.00000000	0.00000000	0.00000000	0.00000000	0.99953836	0.99992943	1.00008214	0.99957973
0.31457281	0.00000000	0.00000000	0.00000000	0.00000000	0.99895096	1.00019240	1.00039387	1.00048196
0.34078720	0.00000000	0.00000000	0.00000000	0.00000000	0.99983865	1.00013530	0.99976987	0.99989408
0.36700159	0.00000000	0.00000000	0.00000000	0.00000000	0.99920517	1.00022125	0.99993896	0.99929076
0.39321601	0.00000000	0.00000000	0.00000000	0.00000000	1.00054646	0.99916708	0.99989623	0.99968612
0.41943040	0.00000000	0.00000000	0.00000000	0.00000000	1.00070918	1.00063384	0.99990129	1.00004673
0.47185919	0.00000000	0.00000000	0.00000000	0.00000000	1.00062501	0.99950957	0.99981642	1.00022829
0.52428800	0.00000000	0.00000000	0.00000000	0.00000000	1.00028813	0.99996132	0.99976099	0.99994987
0.57671678	0.00000000	0.00000000	0.00000000	0.00000000	0.99945086	0.99990928	0.99983627	0.99974543
0.62914562	0.00000000	0.00000000	0.00000000	0.00000000	0.99972588	0.99994016	0.99981922	0.99968666
0.68157440	0.00000000	0.00000000	0.00000000	0.00000000	1.00000727	0.99928963	1.00026059	1.00001931
0.73400319	0.00000000	0.00000000	0.00000000	0.00000000	0.99985021	1.00057161	1.00003147	0.99993813
0.78643203	0.00000000	0.00000000	0.00000000	0.00000000	1.00042295	0.99930221	0.99983472	0.99977070
0.83886081	0.00000000	0.00000000	0.00000000	0.00000000	0.99941087	0.99977446	1.00006461	1.00001621
0.94371837	0.00000000	0.00000000	0.00000000	0.00000000	0.99980879	1.00014210	1.00000584	1.00010085
1.04857600	0.00000000	0.00000000	0.00000000	0.00000000	1.00077665	0.99974608	1.00008583	0.99986064
1.15343356	0.00000000	0.00000000	0.00000000	0.00000000	0.99985921	1.00026643	1.00011337	1.00009978
1.25829124	0.00000000	0.00000000	0.00000000	0.00000000	0.99942404	1.00030065	1.00006783	1.00018644
1.36314881	0.00000000	0.00000000	0.00000000	0.00000000	1.00062406	1.00001669	0.99963188	0.99999946
1.46800637	0.00000000	0.00000000	0.00000000	0.00000000	0.99962652	1.00016725	1.00015163	1.00007212
1.57286406	0.00000000	0.00000000	0.00000000	0.00000000	1.00025320	1.00006819	0.99995220	1.00003946
1.67772162	0.00000000	0.00000000	0.00000000	0.00000000	0.99935287	0.99973243	0.99984074	1.00014746
1.88743675	0.00000000	0.00000000	0.00000000	0.00000000	1.00036108	0.99993134	1.00011456	0.99994910
2.09715199	0.00000000	0.00000000	0.00000000	0.00000000	0.99980086	0.99983680	0.99996251	0.99981880
2.30686712	0.00000000	0.00000000	0.00000000	0.00000000	1.00008142	0.99985123	0.99973971	0.99991047
2.51658249	0.00000000	0.00000000	0.00000000	0.00000000	0.99987817	0.99985313	1.00002456	1.00004005
2.72629762	0.00000000	0.00000000	0.00000000	0.00000000	0.99972868	0.99990106	1.00005400	1.00013900
2.93601274	0.00000000	0.00000000	0.00000000	0.00000000	1.00031054	1.00018167	1.00012362	1.00007486
3.14572811	0.00000000	0.00000000	0.00000000	0.00000000	0.99985003	1.00029290	0.99981707	1.00012219
3.35544324	0.00000000	0.00000000	0.00000000	0.00000000	1.00016916	1.00014853	1.00000072	0.99997872
3.77487350	0.00000000	0.00000000	0.00000000	0.00000000	0.99995500	0.99987108	1.00005877	0.99997050
4.19430399	0.00000000	0.00000000	0.00000000	0.00000000	1.00005364	0.99992812	0.99988401	1.00000215
4.61373425	0.00000000	0.00000000	0.00000000	0.00000000	1.00000274	1.00015771	1.00014472	0.99999517
5.03316498	0.00000000	0.00000000	0.00000000	0.00000000	1.00000000	1.00000000	1.00000000	1.00000000
5.45259523	0.00000000	0.00000000	0.00000000	0.00000000	0.00000000	0.00000000	0.00000000	0.00000000
5.87202549	0.00000000	0.00000000	0.00000000	0.00000000	0.00000000	0.00000000	0.00000000	0.00000000
6.29145622	0.00000000	0.00000000	0.00000000	0.00000000	0.00000000	0.00000000	0.00000000	0.00000000
6.71088648	0.00000000	0.00000000	0.00000000	0.00000000	0.00000000	0.00000000	0.00000000	0.00000000
7.54974699	0.00000000	0.00000000	0.00000000	0.00000000	0.00000000	0.00000000	0.00000000	0.00000000
8.38860798	0.00000000	0.00000000	0.00000000	0.00000000	0.00000000	0.00000000	0.00000000	0.00000000
9.22746849	0.00000000	0.00000000	0.00000000	0.00000000	0.00000000	0.00000000	0.00000000	0.00000000
10.06632996	0.00000000	0.00000000	0.00000000	0.00000000	0.00000000	0.00000000	0.00000000	0.00000000
10.90519047	0.00000000	0.00000000	0.00000000	0.00000000	0.00000000	0.00000000	0.00000000	0.00000000
11.74405098	0.00000000	0.00000000	0.00000000	0.00000000	0.00000000	0.00000000	0.00000000	0.00000000
12.58291245	0.00000000	0.00000000	0.00000000	0.00000000	0.00000000	0.00000000	0.00000000	0.00000000
13.42177296	0.00000000	0.00000000	0.00000000	0.00000000	0.00000000	0.00000000	0.00000000	0.00000000
15.09949398	0.00000000	0.00000000	0.00000000	0.00000000	0.00000000	0.00000000	0.00000000	0.00000000
16.77721596	0.00000000	0.00000000	0.00000000	0.00000000	0.00000000	0.00000000	0.00000000	0.00000000
18.45493698	0.00000000	0.00000000	0.00000000	0.00000000	0.00000000	0.00000000	0.00000000	0.00000000
20.13265991	0.00000000	0.00000000	0.00000000	0.00000000	0.00000000	0.00000000	0.00000000	0.00000000
21.81038094	0.00000000	0.00000000	0.00000000	0.00000000	0.00000000	0.00000000	0.00000000	0.00000000
23.48810196	0.00000000	0.00000000	0.00000000	0.00000000	0.00000000	0.00000000	0.00000000	0.00000000
25.16582489	0.00000000	0.00000000	0.00000000	0.00000000	0.00000000	0.00000000	0.00000000	0.00000000
26.84354591	0.00000000	0.00000000	0.00000000	0.00000000	0.00000000	0.00000000	0.00000000	0.00000000
30.19898796	0.00000000	0.00000000	0.00000000	0.00000000	0.00000000	0.00000000	0.00000000	0.00000000
33.55443192	0.00000000	0.00000000	0.00000000	0.00000000	0.00000000	0.00000000	0.00000000	0.00000000
36.90987396	0.00000000	0.00000000	0.00000000	0.00000000	0.00000000	0.00000000	0.00000000	0.00000000
40.26531982	0.00000000	0.00000000	0.00000000	0.00000000	0.00000000	0.00000000	0.00000000	0.00000000
43.62076187	0.00000000	0.00000000	0.00000000	0.00000000	0.00000000	0.00000000	0.00000000	0.00000000
46.97620392	0.00000000	0.00000000	0.00000000	0.00000000	0.00000000	0.00000000	0.00000000	0.00000000
50.33164978	0.00000000	0.00000000	0.00000000	0.00000000	0.00000000	0.00000000	0.00000000	0.00000000
53.68709183	0.00000000	0.00000000	0.00000000	0.00000000	0.00000000	0.00000000	0.00000000	0.00000000
60.39797592	0.00000000	0.00000000	0.00000000	0.00000000	0.00000000	0.00000000	0.00000000	0.00000000
67.10886383	0.00000000	0.00000000	0.00000000	0.00000000	0.00000000	0.00000000	0.00000000	0.00000000
73.81974792	0.00000000	0.00000000	0.00000000	0.00000000	0.00000000	0.00000000	0.00000000	0.00000000
80.53063965	0.00000000	0.00000000	0.00000000	0.00000000	0.00000000	0.00000000	0.00000000	0.00000000
87.24152374	0.00000000	0.00000000	0.00000000	0.00000000	0.00000000	0.00000000	0.00000000	0.00000000
93.95240784	0.00000000	0.00000000	0.00000000	0.00000000	0.00000000	0.00000000	0.00000000	0.00000000
100.66329956	0.00000000	0.00000000	0.00000000	0.00000000	0.00000000	0.00000000	0.00000000	0.00000000
107.37418365	0.00000000	0.00000000	0.00000000	0.00000000	0.00000000	0.00000000	0.00000000	0.00000000
120.79595184	0.00000000	0.00000000	0.00000000	0.00000000	0.00000000	0.00000000	0.00000000	0.00000000
134.21772766	0.00000000	0.00000000	0.00000000	0.00000000	0.00000000	0.00000000	0.00000000	0.00000000
147.63949585	0.00000000	0.00000000	0.00000000	0.00000000	0.00000000	0.00000000	0.00000000	0.00000000
161.06127930	0.00000000	0.00000000	0.00000000	0.00000000	0.00000000	0.00000000	0.00000000	0.00000000
174.48304749	0.00000000	0.00000000	0.00000000	0.00000000	0.00000000	0.00000000	0.00000000	0.00000000
187.90481567	0.00000000	0.00000000	0.00000000	0.00000000	0.00000000	0.00000000	0.00000000	0.00000000
201.32659912	0.00000000	0.00000000	0.00000000	0.00000000	0.00000000	0.00000000	0.00000000	0.00000000
214.74836731	0.00000000	0.00000000	0.00000000	0.00000000	0.00000000	0.00000000	0.00000000	0.00000000
241.59190369	0.00000000	0.00000000	0.00000000	0.00000000	0.00000000	0.00000000	0.00000000	0.00000000
268.43545532	0.00000000	0.00000000	0.00000000	0.00000000	0.00000000	0.00000000	0.00000000	0.00000000
295.27899170	0.00000000	0.00000000	0.00000000	0.00000000	0.00000000	0.00000000	0.00000000	0.00000000
322.12255859	0.00000000	0.00000000	0.00000000	0.00000000	0.00000000	0.00000000	0.00000000	0.00000000
348.96609497	0.00000000	0.00000000	0.00000000	0.00000000	0.00000000	0.00000000	0.00000000	0.00000000
375.80963135	0.00000000	0.00000000	0.00000000	0.00000000	0.00000000	0.00000000	0.00000000	0.00000000
402.65319824	0.00000000	0.00000000	0.00000000	0.00000000	0.00000000	0.00000000	0.00000000	0.00000000
429.49673462	0.00000000	0.00000000	0.00000000	0.00000000	0.00000000	0.00000000	0.00000000	0.00000000
483.18380737	0.00000000	0.00000000	0.00000000	0.00000000	0.00000000	0.00000000	0.00000000	0.00000000
536.87091064	0.00000000	0.00000000	0.00000000	0.00000000	0.00000000	0.00000000	0.00000000	0.00000000
590.55798340	0.00000000	0.00000000	0.00000000	0.00000000	0.00000000	0.00000000	0.00000000	0.00000000
644.24511719	0.00000000	0.00000000	0.00000000	0.00000000	0.00000000	0.00000000	0.00000000	0.00000000
697.93218994	0.00000000	0.00000000	0.00000000	0.00000000	0.00000000	0.00000000	0.00000000	0.00000000
751.61926270	0.00000000	0.00000000	0.00000000	0.00000000	0.00000000	0.00000000	0.00000000	0.00000000
805.30639648	0.00000000	0.00000000	0.00000000	0.00000000	0.00000000	0.00000000	0.00000000	0.00000000
858.99346924	0.00000000	0.00000000	0.00000000	0.00000000	0.00000000	0.00000000	0.00000000	0.00000000
966.36761475	0.00000000	0.00000000	0.00000000	0.00000000	0.00000000	0.00000000	0.00000000	0.00000000
1073.74182129	0.00000000	0.00000000	0.00000000	0.00000000	0.00000000	0.00000000	0.00000000	0.00000000
1181.11596680	0.00000000	0.00000000	0.00000000	0.00000000	0.00000000	0.00000000	0.00000000	0.00000000
1288.49023437	0.00000000	0.00000000	0.00000000	0.00000000	0.00000000	0.00000000	0.00000000	0.00000000
1395.86437988	0.00000000	0.00000000	0.00000000	0.00000000	0.00000000	0.00000000	0.00000000	0.00000000
1503.23852539	0.00000000	0.00000000	0.00000000	0.00000000	0.00000000	0.00000000	0.00000000	0.00000000
1610.61279297	0.00000000	0.00000000	0.00000000	0.00000000	0.00000000	0.00000000	0.00000000	0.00000000
1717.98693848	0.00000000	0.00000000	0.00000000	0.00000000	0.00000000	0.00000000	0.00000000	0.00000000
1932.73522949	0.00000000	0.00000000	0.00000000	0.00000000	0.00000000	0.00000000	0.00000000	0.00000000
2147.48364258	0.00000000	0.00000000	0.00000000	0.00000000	0.00000000	0.00000000	0.00000000	0.00000000
2362.23193359	0.00000000	0.00000000	0.00000000	0.00000000	0.00000000	0.00000000	0.00000000	0.00000000
2576.98046875	0.00000000	0.00000000	0.00000000	0.00000000	0.00000000	0.00000000	0.00000000	0.00000000
2791.72875977	0.00000000	0.00000000	0.00000000	0.00000000	0.00000000	0.00000000	0.00000000	0.00000000
3006.47705078	0.00000000	0.00000000	0.00000000	0.00000000	0.00000000	0.00000000	0.00000000	0.00000000
3221.22558594	0.00000000	0.00000000	0.00000000	0.00000000	0.00000000	0.00000000	0.00000000	0.00000000
3435.97387695	0.00000000	0.00000000	0.00000000	0.00000000	0.00000000	0.00000000	0.00000000	0.00000000
0	0	0	0	0	0	0	0	0
