%2/14/2019 2:18:40 PM
%Duration	ID1		ID2		ID3		ID4		ID5		ID6		ID7		ID8
3000.000000	0.000000	0.000000	0.000000	0.000000	40.321350	185.937881	126.848221	101.051331
%Tau		Tau1		Tau2		Tau3		Tau4		Tau5		Tau6		Tau7		Tau8
%		0.000000	0.000000	0.000000	0.000000	0.000102	0.000077	0.000058	0.000045
%Delaytime	D1		D2		D3		D4		D5		D6		D7		D8
0.00000020	0.00000000	0.00000000	0.00000000	0.00000000	1.98650503	1.82102966	2.19955635	1.68377781
0.00000040	0.00000000	0.00000000	0.00000000	0.00000000	1.59382379	1.51836777	1.52997708	1.52975106
0.00000060	0.00000000	0.00000000	0.00000000	0.00000000	1.50720286	1.49520278	1.46887231	1.54467869
0.00000080	0.00000000	0.00000000	0.00000000	0.00000000	1.41288245	1.48721135	1.50339115	1.51380551
0.00000100	0.00000000	0.00000000	0.00000000	0.00000000	1.47255456	1.47031808	1.49695909	1.55282116
0.00000120	0.00000000	0.00000000	0.00000000	0.00000000	1.51490259	1.47841072	1.47316039	1.48937833
0.00000140	0.00000000	0.00000000	0.00000000	0.00000000	1.52067733	1.46960998	1.48388052	1.48564637
0.00000160	0.00000000	0.00000000	0.00000000	0.00000000	1.40325785	1.48255813	1.50853682	1.47953963
0.00000180	0.00000000	0.00000000	0.00000000	0.00000000	1.47640443	1.47304940	1.48366618	1.45816588
0.00000200	0.00000000	0.00000000	0.00000000	0.00000000	1.56495011	1.47416210	1.49438620	1.47004020
0.00000220	0.00000000	0.00000000	0.00000000	0.00000000	1.46293008	1.49348307	1.47766280	1.53212583
0.00000240	0.00000000	0.00000000	0.00000000	0.00000000	1.52260220	1.47001469	1.47530437	1.46868312
0.00000260	0.00000000	0.00000000	0.00000000	0.00000000	1.41095757	1.46576607	1.45279217	1.47784328
0.00000280	0.00000000	0.00000000	0.00000000	0.00000000	1.46485496	1.46495676	1.49610150	1.47377205
0.00000300	0.00000000	0.00000000	0.00000000	0.00000000	1.36860955	1.46091056	1.47937810	1.47953963
0.00000320	0.00000000	0.00000000	0.00000000	0.00000000	1.46293008	1.46475446	1.46780038	1.49277103
0.00000360	0.00000000	0.00000000	0.00000000	0.00000000	1.50142825	1.47370684	1.46104670	1.48208416
0.00000400	0.00000000	0.00000000	0.00000000	0.00000000	1.39652073	1.45600438	1.46554911	1.44374704
0.00000440	0.00000000	0.00000000	0.00000000	0.00000000	1.48217916	1.45742059	1.45000494	1.46240664
0.00000480	0.00000000	0.00000000	0.00000000	0.00000000	1.48217916	1.45246387	1.46394110	1.47071874
0.00000520	0.00000000	0.00000000	0.00000000	0.00000000	1.48121667	1.45408237	1.44839692	1.46393335
0.00000560	0.00000000	0.00000000	0.00000000	0.00000000	1.45811772	1.43936408	1.44700325	1.45986223
0.00000600	0.00000000	0.00000000	0.00000000	0.00000000	1.48699141	1.44765890	1.46361947	1.41796279
0.00000640	0.00000000	0.00000000	0.00000000	0.00000000	1.48410404	1.45165467	1.45332813	1.45833552
0.00000720	0.00000000	0.00000000	0.00000000	0.00000000	1.40758896	1.44143784	1.44775367	1.41440058
0.00000800	0.00000000	0.00000000	0.00000000	0.00000000	1.44560587	1.43468559	1.43387115	1.43077016
0.00000880	0.00000000	0.00000000	0.00000000	0.00000000	1.43501890	1.42654240	1.44636011	1.41541839
0.00000960	0.00000000	0.00000000	0.00000000	0.00000000	1.47929180	1.43769503	1.41264522	1.40659738
0.00001040	0.00000000	0.00000000	0.00000000	0.00000000	1.47640443	1.43281412	1.40969718	1.43204236
0.00001120	0.00000000	0.00000000	0.00000000	0.00000000	1.41480732	1.41700840	1.41655815	1.40362883
0.00001200	0.00000000	0.00000000	0.00000000	0.00000000	1.44656837	1.41819692	1.40256834	1.40227175
0.00001280	0.00000000	0.00000000	0.00000000	0.00000000	1.40903258	1.42333066	1.40953636	1.39463830
0.00001440	0.00000000	0.00000000	0.00000000	0.00000000	1.43814683	1.40328896	1.39806592	1.37563932
0.00001600	0.00000000	0.00000000	0.00000000	0.00000000	1.42539430	1.39838278	1.37421358	1.37360382
0.00001760	0.00000000	0.00000000	0.00000000	0.00000000	1.45619285	1.39252830	1.37491035	1.34200966
0.00001920	0.00000000	0.00000000	0.00000000	0.00000000	1.41745412	1.37677312	1.36976469	1.35176349
0.00002080	0.00000000	0.00000000	0.00000000	0.00000000	1.42731929	1.37891006	1.35810661	1.32525837
0.00002240	0.00000000	0.00000000	0.00000000	0.00000000	1.39339268	1.36424232	1.34693086	1.32326519
0.00002400	0.00000000	0.00000000	0.00000000	0.00000000	1.41721344	1.36945188	1.31793284	1.30418146
0.00002560	0.00000000	0.00000000	0.00000000	0.00000000	1.42876291	1.35317826	1.32136333	1.28891444
0.00002880	0.00000000	0.00000000	0.00000000	0.00000000	1.40679300	1.34009600	1.30621719	1.27567983
0.00003200	0.00000000	0.00000000	0.00000000	0.00000000	1.37368774	1.32633698	1.29452813	1.26726317
0.00003520	0.00000000	0.00000000	0.00000000	0.00000000	1.39044344	1.31512380	1.27940142	1.24373889
0.00003840	0.00000000	0.00000000	0.00000000	0.00000000	1.35494089	1.30608189	1.27594042	1.23045492
0.00004160	0.00000000	0.00000000	0.00000000	0.00000000	1.36422169	1.29540861	1.24930823	1.21789372
0.00004480	0.00000000	0.00000000	0.00000000	0.00000000	1.34074628	1.28619826	1.24012792	1.20873713
0.00004800	0.00000000	0.00000000	0.00000000	0.00000000	1.34821022	1.27469659	1.21713042	1.18891084
0.00005120	0.00000000	0.00000000	0.00000000	0.00000000	1.33955324	1.25919247	1.21675622	1.18708301
0.00005760	0.00000000	0.00000000	0.00000000	0.00000000	1.30138838	1.24669838	1.19941986	1.16545069
0.00006400	0.00000000	0.00000000	0.00000000	0.00000000	1.30547941	1.22596729	1.17825663	1.14000666
0.00007040	0.00000000	0.00000000	0.00000000	0.00000000	1.29067934	1.20832872	1.15150690	1.12783742
0.00007680	0.00000000	0.00000000	0.00000000	0.00000000	1.26745641	1.19227588	1.13909221	1.11345434
0.00008320	0.00000000	0.00000000	0.00000000	0.00000000	1.25722861	1.17861021	1.12956166	1.10192263
0.00008960	0.00000000	0.00000000	0.00000000	0.00000000	1.24633908	1.17159843	1.11969697	1.09129429
0.00009600	0.00000000	0.00000000	0.00000000	0.00000000	1.23659265	1.15773451	1.11047018	1.07541561
0.00010240	0.00000000	0.00000000	0.00000000	0.00000000	1.21114373	1.14546049	1.09564936	1.06466329
0.00011520	0.00000000	0.00000000	0.00000000	0.00000000	1.20317471	1.12375355	1.07672310	1.05849874
0.00012800	0.00000000	0.00000000	0.00000000	0.00000000	1.19594944	1.10774577	1.06685448	1.04274678
0.00014080	0.00000000	0.00000000	0.00000000	0.00000000	1.17313945	1.09285390	1.04998183	1.03612375
0.00015360	0.00000000	0.00000000	0.00000000	0.00000000	1.15187585	1.07957482	1.03954506	1.02865732
0.00016640	0.00000000	0.00000000	0.00000000	0.00000000	1.14177215	1.06977606	1.03480852	1.01910841
0.00017920	0.00000000	0.00000000	0.00000000	0.00000000	1.12460351	1.06311297	1.02769697	1.01540804
0.00019200	0.00000000	0.00000000	0.00000000	0.00000000	1.11555421	1.05376148	1.02438784	1.01505184
0.00020480	0.00000000	0.00000000	0.00000000	0.00000000	1.11576486	1.04741979	1.01776850	1.01043153
0.00023040	0.00000000	0.00000000	0.00000000	0.00000000	1.08560753	1.03549933	1.01255429	1.00936675
0.00025600	0.00000000	0.00000000	0.00000000	0.00000000	1.06895709	1.02616024	1.00479949	1.00636768
0.00028160	0.00000000	0.00000000	0.00000000	0.00000000	1.05730474	1.01845944	1.00493574	1.00411105
0.00030720	0.00000000	0.00000000	0.00000000	0.00000000	1.04313827	1.01686037	1.00492632	1.00367427
0.00033280	0.00000000	0.00000000	0.00000000	0.00000000	1.03693581	1.01189506	1.00618768	1.00095212
0.00035840	0.00000000	0.00000000	0.00000000	0.00000000	1.03452039	1.01035297	1.00085998	1.00048006
0.00038400	0.00000000	0.00000000	0.00000000	0.00000000	1.02974796	1.00797284	1.00160193	1.00083625
0.00040960	0.00000000	0.00000000	0.00000000	0.00000000	1.02310050	1.00832176	1.00186586	0.99833512
0.00046080	0.00000000	0.00000000	0.00000000	0.00000000	1.01504040	1.00708306	0.99995780	0.99953008
0.00051200	0.00000000	0.00000000	0.00000000	0.00000000	1.01400077	1.00464511	0.99952322	1.00035155
0.00056320	0.00000000	0.00000000	0.00000000	0.00000000	1.01586962	1.00473428	0.99882263	0.99950200
0.00061440	0.00000000	0.00000000	0.00000000	0.00000000	1.00664318	1.00200450	0.99723673	1.00082874
0.00066560	0.00000000	0.00000000	0.00000000	0.00000000	1.00826275	1.00219798	0.99713409	1.00612187
0.00071680	0.00000000	0.00000000	0.00000000	0.00000000	1.00157404	1.00406539	0.99474633	1.00136077
0.00076800	0.00000000	0.00000000	0.00000000	0.00000000	1.00341272	1.00242138	0.99594533	1.00293493
0.00081920	0.00000000	0.00000000	0.00000000	0.00000000	0.99802881	1.00190294	0.99666840	1.00284123
0.00092160	0.00000000	0.00000000	0.00000000	0.00000000	1.00041342	1.00035751	0.99582267	0.99936330
0.00102400	0.00000000	0.00000000	0.00000000	0.00000000	1.00163269	0.99903893	0.99720919	0.99739367
0.00112640	0.00000000	0.00000000	0.00000000	0.00000000	1.00203156	1.00037169	1.00218403	0.99862659
0.00122880	0.00000000	0.00000000	0.00000000	0.00000000	1.00377250	1.00217688	0.99943495	0.99901301
0.00133120	0.00000000	0.00000000	0.00000000	0.00000000	1.00238073	1.00207698	0.99704164	0.99646813
0.00143360	0.00000000	0.00000000	0.00000000	0.00000000	1.00443983	1.00212514	0.99795359	0.99739301
0.00153600	0.00000000	0.00000000	0.00000000	0.00000000	1.00181806	0.99973422	0.99762166	0.99515098
0.00163840	0.00000000	0.00000000	0.00000000	0.00000000	1.00276756	1.00082171	0.99925172	0.99768054
0.00184320	0.00000000	0.00000000	0.00000000	0.00000000	1.00431502	1.00151312	1.00340199	1.00023270
0.00204800	0.00000000	0.00000000	0.00000000	0.00000000	0.99987471	1.00219929	1.00042999	1.00035119
0.00225280	0.00000000	0.00000000	0.00000000	0.00000000	0.99896467	1.00037563	1.00007832	0.99761200
0.00245760	0.00000000	0.00000000	0.00000000	0.00000000	0.99722409	1.00053358	0.99930751	0.99982744
0.00266240	0.00000000	0.00000000	0.00000000	0.00000000	0.99762249	1.00166917	1.00185919	1.00041294
0.00286720	0.00000000	0.00000000	0.00000000	0.00000000	1.00135338	1.00054264	1.00048423	0.99916357
0.00307200	0.00000000	0.00000000	0.00000000	0.00000000	1.00341511	0.99867755	1.00007474	0.99890655
0.00327680	0.00000000	0.00000000	0.00000000	0.00000000	1.00203180	0.99606860	1.00051260	0.99996424
0.00368640	0.00000000	0.00000000	0.00000000	0.00000000	0.99996889	0.99560976	0.99879605	0.99972415
0.00409600	0.00000000	0.00000000	0.00000000	0.00000000	1.00087798	0.99911708	0.99935853	1.00136912
0.00450560	0.00000000	0.00000000	0.00000000	0.00000000	0.99763793	0.99864334	1.00161421	0.99827588
0.00491520	0.00000000	0.00000000	0.00000000	0.00000000	0.99941581	0.99664134	1.00126207	0.99912828
0.00532480	0.00000000	0.00000000	0.00000000	0.00000000	1.00468087	0.99951839	0.99770641	0.99938166
0.00573440	0.00000000	0.00000000	0.00000000	0.00000000	1.00034559	1.00083196	1.00093710	1.00025284
0.00614400	0.00000000	0.00000000	0.00000000	0.00000000	0.99541873	1.00001800	1.00065100	1.00077784
0.00655360	0.00000000	0.00000000	0.00000000	0.00000000	0.99589729	0.99807841	1.00052643	0.99782556
0.00737280	0.00000000	0.00000000	0.00000000	0.00000000	1.00009692	0.99867970	1.00146401	0.99989784
0.00819200	0.00000000	0.00000000	0.00000000	0.00000000	0.99925297	0.99853998	1.00040853	0.99937844
0.00901120	0.00000000	0.00000000	0.00000000	0.00000000	1.00101817	0.99974102	0.99937177	0.99933934
0.00983040	0.00000000	0.00000000	0.00000000	0.00000000	0.99928135	0.99983770	0.99936092	1.00053906
0.01064960	0.00000000	0.00000000	0.00000000	0.00000000	0.99832213	0.99959677	0.99977130	1.00136995
0.01146880	0.00000000	0.00000000	0.00000000	0.00000000	1.00264323	0.99966979	0.99957478	1.00139558
0.01228800	0.00000000	0.00000000	0.00000000	0.00000000	0.99799615	1.00094509	0.99854028	0.99883389
0.01310720	0.00000000	0.00000000	0.00000000	0.00000000	1.00051439	1.00209057	1.00064886	0.99843311
0.01474560	0.00000000	0.00000000	0.00000000	0.00000000	1.00081909	1.00067246	0.99978822	0.99953490
0.01638400	0.00000000	0.00000000	0.00000000	0.00000000	0.99813229	0.99941516	0.99990690	0.99983639
0.01802240	0.00000000	0.00000000	0.00000000	0.00000000	1.00184810	0.99898851	1.00041199	0.99983370
0.01966080	0.00000000	0.00000000	0.00000000	0.00000000	0.99871284	1.00002229	0.99978328	1.00017452
0.02129920	0.00000000	0.00000000	0.00000000	0.00000000	0.99475092	0.99794847	0.99957114	1.00079060
0.02293760	0.00000000	0.00000000	0.00000000	0.00000000	0.99944055	0.99946344	1.00068700	1.00045455
0.02457600	0.00000000	0.00000000	0.00000000	0.00000000	0.99951702	1.00022316	1.00060725	0.99973971
0.02621440	0.00000000	0.00000000	0.00000000	0.00000000	0.99737829	0.99997091	0.99987024	0.99911916
0.02949120	0.00000000	0.00000000	0.00000000	0.00000000	0.99989176	1.00021958	1.00068867	1.00071490
0.03276800	0.00000000	0.00000000	0.00000000	0.00000000	1.00097978	0.99948066	0.99964488	0.99999112
0.03604480	0.00000000	0.00000000	0.00000000	0.00000000	1.00004947	0.99977368	1.00001466	1.00059676
0.03932160	0.00000000	0.00000000	0.00000000	0.00000000	0.99901730	1.00145912	0.99955398	1.00016296
0.04259840	0.00000000	0.00000000	0.00000000	0.00000000	1.00078678	1.00053501	0.99999958	0.99995452
0.04587520	0.00000000	0.00000000	0.00000000	0.00000000	0.99848902	0.99995679	0.99966383	1.00029743
0.04915200	0.00000000	0.00000000	0.00000000	0.00000000	1.00072467	1.00050569	0.99965578	0.99917608
0.05242880	0.00000000	0.00000000	0.00000000	0.00000000	1.00091720	1.00031722	0.99992293	0.99940395
0.05898240	0.00000000	0.00000000	0.00000000	0.00000000	1.00002420	1.00045800	0.99983710	1.00001109
0.06553600	0.00000000	0.00000000	0.00000000	0.00000000	0.99916381	1.00057089	0.99992383	1.00004959
0.07208960	0.00000000	0.00000000	0.00000000	0.00000000	0.99891418	0.99954545	0.99953055	0.99993581
0.07864320	0.00000000	0.00000000	0.00000000	0.00000000	1.00012422	0.99985874	0.99941188	0.99974972
0.08519680	0.00000000	0.00000000	0.00000000	0.00000000	1.00181866	0.99995869	0.99972904	0.99952298
0.09175040	0.00000000	0.00000000	0.00000000	0.00000000	1.00112534	1.00080621	0.99970430	1.00001633
0.09830400	0.00000000	0.00000000	0.00000000	0.00000000	1.00129330	1.00031018	0.99991071	0.99988955
0.10485760	0.00000000	0.00000000	0.00000000	0.00000000	1.00038373	1.00039971	0.99978858	0.99973780
0.11796480	0.00000000	0.00000000	0.00000000	0.00000000	1.00040007	0.99961823	1.00021946	0.99965876
0.13107200	0.00000000	0.00000000	0.00000000	0.00000000	1.00036323	0.99984622	1.00026941	1.00006652
0.14417920	0.00000000	0.00000000	0.00000000	0.00000000	1.00016904	1.00018835	1.00018132	0.99984974
0.15728641	0.00000000	0.00000000	0.00000000	0.00000000	1.00009930	0.99999958	0.99995786	1.00019956
0.17039360	0.00000000	0.00000000	0.00000000	0.00000000	0.99961072	0.99984241	0.99948561	1.00012279
0.18350080	0.00000000	0.00000000	0.00000000	0.00000000	0.99987298	1.00021625	0.99977773	0.99972039
0.19660801	0.00000000	0.00000000	0.00000000	0.00000000	0.99935639	0.99965298	0.99993896	1.00007498
0.20971520	0.00000000	0.00000000	0.00000000	0.00000000	1.00102460	0.99981654	1.00045264	0.99968326
0.23592959	0.00000000	0.00000000	0.00000000	0.00000000	0.99962276	0.99994296	1.00003147	1.00025046
0.26214400	0.00000000	0.00000000	0.00000000	0.00000000	1.00001228	0.99987465	1.00015509	0.99989390
0.28835839	0.00000000	0.00000000	0.00000000	0.00000000	1.00039744	1.00011480	0.99973494	0.99975371
0.31457281	0.00000000	0.00000000	0.00000000	0.00000000	0.99976063	1.00013816	0.99998420	0.99994648
0.34078720	0.00000000	0.00000000	0.00000000	0.00000000	0.99999249	0.99991912	1.00007987	0.99995029
0.36700159	0.00000000	0.00000000	0.00000000	0.00000000	1.00010192	0.99978083	0.99991125	0.99981660
0.39321601	0.00000000	0.00000000	0.00000000	0.00000000	0.99999076	0.99988002	0.99974930	1.00010109
0.41943040	0.00000000	0.00000000	0.00000000	0.00000000	1.00014031	0.99999243	0.99988490	1.00048935
0.47185919	0.00000000	0.00000000	0.00000000	0.00000000	1.00014794	1.00012445	0.99990392	1.00003469
0.52428800	0.00000000	0.00000000	0.00000000	0.00000000	1.00040698	1.00009763	0.99996078	1.00009096
0.57671678	0.00000000	0.00000000	0.00000000	0.00000000	0.99990207	1.00012887	0.99996668	0.99992019
0.62914562	0.00000000	0.00000000	0.00000000	0.00000000	1.00025165	1.00005198	0.99984813	0.99995047
0.68157440	0.00000000	0.00000000	0.00000000	0.00000000	1.00009429	0.99994868	1.00007176	1.00000072
0.73400319	0.00000000	0.00000000	0.00000000	0.00000000	0.99979776	1.00026906	1.00020325	1.00003433
0.78643203	0.00000000	0.00000000	0.00000000	0.00000000	0.99949741	0.99976254	0.99981505	1.00006676
0.83886081	0.00000000	0.00000000	0.00000000	0.00000000	0.99955726	0.99976170	1.00014281	0.99992239
0.94371837	0.00000000	0.00000000	0.00000000	0.00000000	0.99998313	0.99984998	1.00001681	0.99985272
1.04857600	0.00000000	0.00000000	0.00000000	0.00000000	1.00008404	1.00014865	0.99994630	1.00001407
1.15343356	0.00000000	0.00000000	0.00000000	0.00000000	1.00012565	1.00000417	1.00001311	1.00007248
1.25829124	0.00000000	0.00000000	0.00000000	0.00000000	0.99976152	0.99996406	1.00002551	1.00008380
1.36314881	0.00000000	0.00000000	0.00000000	0.00000000	0.99998206	0.99952400	1.00012386	0.99986929
1.46800637	0.00000000	0.00000000	0.00000000	0.00000000	0.99992853	0.99981076	1.00006926	0.99988979
1.57286406	0.00000000	0.00000000	0.00000000	0.00000000	1.00008881	0.99991149	0.99985951	1.00019467
1.67772162	0.00000000	0.00000000	0.00000000	0.00000000	1.00009692	1.00015044	1.00009942	0.99997288
1.88743675	0.00000000	0.00000000	0.00000000	0.00000000	0.99985123	0.99987704	1.00005364	0.99997681
2.09715199	0.00000000	0.00000000	0.00000000	0.00000000	0.99980444	0.99998063	1.00001228	0.99996823
2.30686712	0.00000000	0.00000000	0.00000000	0.00000000	0.99981171	1.00016952	0.99988174	0.99999475
2.51658249	0.00000000	0.00000000	0.00000000	0.00000000	0.99985677	1.00003362	0.99998444	1.00004876
2.72629762	0.00000000	0.00000000	0.00000000	0.00000000	1.00017726	1.00026739	1.00011969	1.00000155
2.93601274	0.00000000	0.00000000	0.00000000	0.00000000	1.00000226	1.00014806	1.00003791	1.00001955
3.14572811	0.00000000	0.00000000	0.00000000	0.00000000	1.00045824	0.99985313	0.99996930	1.00002325
3.35544324	0.00000000	0.00000000	0.00000000	0.00000000	0.99975485	1.00003731	0.99994159	0.99997228
3.77487350	0.00000000	0.00000000	0.00000000	0.00000000	1.00014722	0.99992937	1.00003946	0.99994439
4.19430399	0.00000000	0.00000000	0.00000000	0.00000000	1.00020671	1.00003600	1.00000477	0.99998593
4.61373425	0.00000000	0.00000000	0.00000000	0.00000000	1.00000811	0.99996072	1.00006950	0.99994040
5.03316498	0.00000000	0.00000000	0.00000000	0.00000000	1.00000000	1.00000000	1.00000000	1.00000000
5.45259523	0.00000000	0.00000000	0.00000000	0.00000000	0.00000000	0.00000000	0.00000000	0.00000000
5.87202549	0.00000000	0.00000000	0.00000000	0.00000000	0.00000000	0.00000000	0.00000000	0.00000000
6.29145622	0.00000000	0.00000000	0.00000000	0.00000000	0.00000000	0.00000000	0.00000000	0.00000000
6.71088648	0.00000000	0.00000000	0.00000000	0.00000000	0.00000000	0.00000000	0.00000000	0.00000000
7.54974699	0.00000000	0.00000000	0.00000000	0.00000000	0.00000000	0.00000000	0.00000000	0.00000000
8.38860798	0.00000000	0.00000000	0.00000000	0.00000000	0.00000000	0.00000000	0.00000000	0.00000000
9.22746849	0.00000000	0.00000000	0.00000000	0.00000000	0.00000000	0.00000000	0.00000000	0.00000000
10.06632996	0.00000000	0.00000000	0.00000000	0.00000000	0.00000000	0.00000000	0.00000000	0.00000000
10.90519047	0.00000000	0.00000000	0.00000000	0.00000000	0.00000000	0.00000000	0.00000000	0.00000000
11.74405098	0.00000000	0.00000000	0.00000000	0.00000000	0.00000000	0.00000000	0.00000000	0.00000000
12.58291245	0.00000000	0.00000000	0.00000000	0.00000000	0.00000000	0.00000000	0.00000000	0.00000000
13.42177296	0.00000000	0.00000000	0.00000000	0.00000000	0.00000000	0.00000000	0.00000000	0.00000000
15.09949398	0.00000000	0.00000000	0.00000000	0.00000000	0.00000000	0.00000000	0.00000000	0.00000000
16.77721596	0.00000000	0.00000000	0.00000000	0.00000000	0.00000000	0.00000000	0.00000000	0.00000000
18.45493698	0.00000000	0.00000000	0.00000000	0.00000000	0.00000000	0.00000000	0.00000000	0.00000000
20.13265991	0.00000000	0.00000000	0.00000000	0.00000000	0.00000000	0.00000000	0.00000000	0.00000000
21.81038094	0.00000000	0.00000000	0.00000000	0.00000000	0.00000000	0.00000000	0.00000000	0.00000000
23.48810196	0.00000000	0.00000000	0.00000000	0.00000000	0.00000000	0.00000000	0.00000000	0.00000000
25.16582489	0.00000000	0.00000000	0.00000000	0.00000000	0.00000000	0.00000000	0.00000000	0.00000000
26.84354591	0.00000000	0.00000000	0.00000000	0.00000000	0.00000000	0.00000000	0.00000000	0.00000000
30.19898796	0.00000000	0.00000000	0.00000000	0.00000000	0.00000000	0.00000000	0.00000000	0.00000000
33.55443192	0.00000000	0.00000000	0.00000000	0.00000000	0.00000000	0.00000000	0.00000000	0.00000000
36.90987396	0.00000000	0.00000000	0.00000000	0.00000000	0.00000000	0.00000000	0.00000000	0.00000000
40.26531982	0.00000000	0.00000000	0.00000000	0.00000000	0.00000000	0.00000000	0.00000000	0.00000000
43.62076187	0.00000000	0.00000000	0.00000000	0.00000000	0.00000000	0.00000000	0.00000000	0.00000000
46.97620392	0.00000000	0.00000000	0.00000000	0.00000000	0.00000000	0.00000000	0.00000000	0.00000000
50.33164978	0.00000000	0.00000000	0.00000000	0.00000000	0.00000000	0.00000000	0.00000000	0.00000000
53.68709183	0.00000000	0.00000000	0.00000000	0.00000000	0.00000000	0.00000000	0.00000000	0.00000000
60.39797592	0.00000000	0.00000000	0.00000000	0.00000000	0.00000000	0.00000000	0.00000000	0.00000000
67.10886383	0.00000000	0.00000000	0.00000000	0.00000000	0.00000000	0.00000000	0.00000000	0.00000000
73.81974792	0.00000000	0.00000000	0.00000000	0.00000000	0.00000000	0.00000000	0.00000000	0.00000000
80.53063965	0.00000000	0.00000000	0.00000000	0.00000000	0.00000000	0.00000000	0.00000000	0.00000000
87.24152374	0.00000000	0.00000000	0.00000000	0.00000000	0.00000000	0.00000000	0.00000000	0.00000000
93.95240784	0.00000000	0.00000000	0.00000000	0.00000000	0.00000000	0.00000000	0.00000000	0.00000000
100.66329956	0.00000000	0.00000000	0.00000000	0.00000000	0.00000000	0.00000000	0.00000000	0.00000000
107.37418365	0.00000000	0.00000000	0.00000000	0.00000000	0.00000000	0.00000000	0.00000000	0.00000000
120.79595184	0.00000000	0.00000000	0.00000000	0.00000000	0.00000000	0.00000000	0.00000000	0.00000000
134.21772766	0.00000000	0.00000000	0.00000000	0.00000000	0.00000000	0.00000000	0.00000000	0.00000000
147.63949585	0.00000000	0.00000000	0.00000000	0.00000000	0.00000000	0.00000000	0.00000000	0.00000000
161.06127930	0.00000000	0.00000000	0.00000000	0.00000000	0.00000000	0.00000000	0.00000000	0.00000000
174.48304749	0.00000000	0.00000000	0.00000000	0.00000000	0.00000000	0.00000000	0.00000000	0.00000000
187.90481567	0.00000000	0.00000000	0.00000000	0.00000000	0.00000000	0.00000000	0.00000000	0.00000000
201.32659912	0.00000000	0.00000000	0.00000000	0.00000000	0.00000000	0.00000000	0.00000000	0.00000000
214.74836731	0.00000000	0.00000000	0.00000000	0.00000000	0.00000000	0.00000000	0.00000000	0.00000000
241.59190369	0.00000000	0.00000000	0.00000000	0.00000000	0.00000000	0.00000000	0.00000000	0.00000000
268.43545532	0.00000000	0.00000000	0.00000000	0.00000000	0.00000000	0.00000000	0.00000000	0.00000000
295.27899170	0.00000000	0.00000000	0.00000000	0.00000000	0.00000000	0.00000000	0.00000000	0.00000000
322.12255859	0.00000000	0.00000000	0.00000000	0.00000000	0.00000000	0.00000000	0.00000000	0.00000000
348.96609497	0.00000000	0.00000000	0.00000000	0.00000000	0.00000000	0.00000000	0.00000000	0.00000000
375.80963135	0.00000000	0.00000000	0.00000000	0.00000000	0.00000000	0.00000000	0.00000000	0.00000000
402.65319824	0.00000000	0.00000000	0.00000000	0.00000000	0.00000000	0.00000000	0.00000000	0.00000000
429.49673462	0.00000000	0.00000000	0.00000000	0.00000000	0.00000000	0.00000000	0.00000000	0.00000000
483.18380737	0.00000000	0.00000000	0.00000000	0.00000000	0.00000000	0.00000000	0.00000000	0.00000000
536.87091064	0.00000000	0.00000000	0.00000000	0.00000000	0.00000000	0.00000000	0.00000000	0.00000000
590.55798340	0.00000000	0.00000000	0.00000000	0.00000000	0.00000000	0.00000000	0.00000000	0.00000000
644.24511719	0.00000000	0.00000000	0.00000000	0.00000000	0.00000000	0.00000000	0.00000000	0.00000000
697.93218994	0.00000000	0.00000000	0.00000000	0.00000000	0.00000000	0.00000000	0.00000000	0.00000000
751.61926270	0.00000000	0.00000000	0.00000000	0.00000000	0.00000000	0.00000000	0.00000000	0.00000000
805.30639648	0.00000000	0.00000000	0.00000000	0.00000000	0.00000000	0.00000000	0.00000000	0.00000000
858.99346924	0.00000000	0.00000000	0.00000000	0.00000000	0.00000000	0.00000000	0.00000000	0.00000000
966.36761475	0.00000000	0.00000000	0.00000000	0.00000000	0.00000000	0.00000000	0.00000000	0.00000000
1073.74182129	0.00000000	0.00000000	0.00000000	0.00000000	0.00000000	0.00000000	0.00000000	0.00000000
1181.11596680	0.00000000	0.00000000	0.00000000	0.00000000	0.00000000	0.00000000	0.00000000	0.00000000
1288.49023437	0.00000000	0.00000000	0.00000000	0.00000000	0.00000000	0.00000000	0.00000000	0.00000000
1395.86437988	0.00000000	0.00000000	0.00000000	0.00000000	0.00000000	0.00000000	0.00000000	0.00000000
1503.23852539	0.00000000	0.00000000	0.00000000	0.00000000	0.00000000	0.00000000	0.00000000	0.00000000
1610.61279297	0.00000000	0.00000000	0.00000000	0.00000000	0.00000000	0.00000000	0.00000000	0.00000000
1717.98693848	0.00000000	0.00000000	0.00000000	0.00000000	0.00000000	0.00000000	0.00000000	0.00000000
1932.73522949	0.00000000	0.00000000	0.00000000	0.00000000	0.00000000	0.00000000	0.00000000	0.00000000
2147.48364258	0.00000000	0.00000000	0.00000000	0.00000000	0.00000000	0.00000000	0.00000000	0.00000000
2362.23193359	0.00000000	0.00000000	0.00000000	0.00000000	0.00000000	0.00000000	0.00000000	0.00000000
2576.98046875	0.00000000	0.00000000	0.00000000	0.00000000	0.00000000	0.00000000	0.00000000	0.00000000
2791.72875977	0.00000000	0.00000000	0.00000000	0.00000000	0.00000000	0.00000000	0.00000000	0.00000000
3006.47705078	0.00000000	0.00000000	0.00000000	0.00000000	0.00000000	0.00000000	0.00000000	0.00000000
3221.22558594	0.00000000	0.00000000	0.00000000	0.00000000	0.00000000	0.00000000	0.00000000	0.00000000
3435.97387695	0.00000000	0.00000000	0.00000000	0.00000000	0.00000000	0.00000000	0.00000000	0.00000000
0	0	0	0	0	0	0	0	0
