%2/14/2019 2:17:59 PM
%Duration	ID1		ID2		ID3		ID4		ID5		ID6		ID7		ID8
3000.000000	0.000000	0.000000	0.000000	0.000000	43.706894	175.390244	130.395889	99.515915
%Tau		Tau1		Tau2		Tau3		Tau4		Tau5		Tau6		Tau7		Tau8
%		0.000000	0.000000	0.000000	0.000000	0.000102	0.000083	0.000058	0.000051
%Delaytime	D1		D2		D3		D4		D5		D6		D7		D8
0.00000020	0.00000000	0.00000000	0.00000000	0.00000000	2.03190279	1.85153329	2.15105057	1.66175807
0.00000040	0.00000000	0.00000000	0.00000000	0.00000000	1.52245748	1.52345717	1.55452633	1.48805511
0.00000060	0.00000000	0.00000000	0.00000000	0.00000000	1.50090396	1.50265348	1.49485254	1.53131056
0.00000080	0.00000000	0.00000000	0.00000000	0.00000000	1.46171594	1.50376594	1.47338712	1.50304127
0.00000100	0.00000000	0.00000000	0.00000000	0.00000000	1.53029513	1.48830223	1.52061105	1.47613430
0.00000120	0.00000000	0.00000000	0.00000000	0.00000000	1.57732081	1.49141717	1.42380190	1.46217000
0.00000140	0.00000000	0.00000000	0.00000000	0.00000000	1.61063063	1.46137965	1.46780610	1.51428080
0.00000160	0.00000000	0.00000000	0.00000000	0.00000000	1.41860902	1.46204722	1.47832406	1.49214220
0.00000180	0.00000000	0.00000000	0.00000000	0.00000000	1.51070106	1.49386466	1.47639227	1.48430860
0.00000200	0.00000000	0.00000000	0.00000000	0.00000000	1.49306643	1.45492721	1.48261726	1.46523535
0.00000220	0.00000000	0.00000000	0.00000000	0.00000000	1.29516649	1.47684348	1.44161820	1.43287885
0.00000240	0.00000000	0.00000000	0.00000000	0.00000000	1.52833569	1.47183716	1.44805789	1.48192441
0.00000260	0.00000000	0.00000000	0.00000000	0.00000000	1.48522878	1.46849966	1.44676995	1.47613430
0.00000280	0.00000000	0.00000000	0.00000000	0.00000000	1.54988909	1.48485339	1.48776889	1.44309664
0.00000300	0.00000000	0.00000000	0.00000000	0.00000000	1.43428421	1.47072470	1.46394229	1.44139373
0.00000320	0.00000000	0.00000000	0.00000000	0.00000000	1.55576730	1.47973597	1.47166979	1.46353233
0.00000360	0.00000000	0.00000000	0.00000000	0.00000000	1.39215708	1.46644151	1.47821677	1.46370268
0.00000400	0.00000000	0.00000000	0.00000000	0.00000000	1.47543180	1.45025468	1.45202899	1.42913234
0.00000440	0.00000000	0.00000000	0.00000000	0.00000000	1.47445202	1.48073721	1.43560791	1.43952048
0.00000480	0.00000000	0.00000000	0.00000000	0.00000000	1.40587294	1.46827722	1.44934583	1.44837594
0.00000520	0.00000000	0.00000000	0.00000000	0.00000000	1.41371047	1.45620656	1.45202899	1.45280361
0.00000560	0.00000000	0.00000000	0.00000000	0.00000000	1.42448723	1.45921028	1.42444587	1.44548082
0.00000600	0.00000000	0.00000000	0.00000000	0.00000000	1.48131001	1.44446969	1.43753982	1.44445908
0.00000640	0.00000000	0.00000000	0.00000000	0.00000000	1.38138032	1.44446969	1.43753982	1.44326699
0.00000720	0.00000000	0.00000000	0.00000000	0.00000000	1.45779705	1.44085407	1.44505274	1.42581153
0.00000800	0.00000000	0.00000000	0.00000000	0.00000000	1.48816788	1.44780719	1.42219198	1.41636002
0.00000880	0.00000000	0.00000000	0.00000000	0.00000000	1.44751024	1.43392873	1.42487514	1.39830863
0.00000960	0.00000000	0.00000000	0.00000000	0.00000000	1.48424911	1.42180252	1.41306925	1.40648282
0.00001040	0.00000000	0.00000000	0.00000000	0.00000000	1.40097439	1.41815901	1.41784525	1.40154421
0.00001120	0.00000000	0.00000000	0.00000000	0.00000000	1.43183494	1.41927159	1.40893710	1.38017190
0.00001200	0.00000000	0.00000000	0.00000000	0.00000000	1.47690129	1.42477846	1.40255117	1.39166701
0.00001280	0.00000000	0.00000000	0.00000000	0.00000000	1.42154813	1.41337526	1.39112079	1.36884725
0.00001440	0.00000000	0.00000000	0.00000000	0.00000000	1.41003656	1.40437794	1.37767804	1.36114132
0.00001600	0.00000000	0.00000000	0.00000000	0.00000000	1.42326260	1.40247285	1.36973584	1.35564923
0.00001760	0.00000000	0.00000000	0.00000000	0.00000000	1.42424226	1.39494956	1.35717857	1.33976901
0.00001920	0.00000000	0.00000000	0.00000000	0.00000000	1.41199601	1.38792694	1.35733962	1.32823133
0.00002080	0.00000000	0.00000000	0.00000000	0.00000000	1.42203796	1.37951362	1.33898664	1.30911553
0.00002240	0.00000000	0.00000000	0.00000000	0.00000000	1.41444528	1.37308896	1.33686697	1.31341553
0.00002400	0.00000000	0.00000000	0.00000000	0.00000000	1.42497706	1.35993361	1.31717241	1.30298483
0.00002560	0.00000000	0.00000000	0.00000000	0.00000000	1.38333976	1.35331428	1.31497216	1.29519379
0.00002880	0.00000000	0.00000000	0.00000000	0.00000000	1.38860428	1.34521687	1.30792511	1.27578533
0.00003200	0.00000000	0.00000000	0.00000000	0.00000000	1.36443770	1.33539867	1.27855861	1.25498927
0.00003520	0.00000000	0.00000000	0.00000000	0.00000000	1.35674834	1.32239807	1.26503181	1.24589264
0.00003840	0.00000000	0.00000000	0.00000000	0.00000000	1.35467339	1.30476975	1.26433599	1.22724426
0.00004160	0.00000000	0.00000000	0.00000000	0.00000000	1.34539735	1.29728377	1.23881841	1.21954668
0.00004480	0.00000000	0.00000000	0.00000000	0.00000000	1.32904220	1.28932524	1.23083127	1.20489585
0.00004800	0.00000000	0.00000000	0.00000000	0.00000000	1.31256485	1.27202368	1.21225870	1.19790006
0.00005120	0.00000000	0.00000000	0.00000000	0.00000000	1.32855392	1.26019049	1.20439589	1.18882442
0.00005760	0.00000000	0.00000000	0.00000000	0.00000000	1.32077479	1.24665260	1.19249499	1.15597320
0.00006400	0.00000000	0.00000000	0.00000000	0.00000000	1.29868555	1.23003924	1.17115736	1.14292634
0.00007040	0.00000000	0.00000000	0.00000000	0.00000000	1.29660034	1.21408486	1.15385520	1.12718439
0.00007680	0.00000000	0.00000000	0.00000000	0.00000000	1.26511431	1.19938254	1.14309251	1.10184848
0.00008320	0.00000000	0.00000000	0.00000000	0.00000000	1.24595428	1.18562078	1.12629116	1.10021043
0.00008960	0.00000000	0.00000000	0.00000000	0.00000000	1.23460472	1.17455184	1.11567283	1.08517051
0.00009600	0.00000000	0.00000000	0.00000000	0.00000000	1.22008204	1.16039205	1.10926819	1.07189620
0.00010240	0.00000000	0.00000000	0.00000000	0.00000000	1.21898377	1.14688909	1.09767818	1.07058799
0.00011520	0.00000000	0.00000000	0.00000000	0.00000000	1.18970490	1.12668395	1.07676804	1.05031943
0.00012800	0.00000000	0.00000000	0.00000000	0.00000000	1.18109512	1.11272812	1.06426752	1.04134309
0.00014080	0.00000000	0.00000000	0.00000000	0.00000000	1.17053139	1.09843373	1.05441666	1.03080022
0.00015360	0.00000000	0.00000000	0.00000000	0.00000000	1.14463162	1.08791685	1.04404533	1.02611089
0.00016640	0.00000000	0.00000000	0.00000000	0.00000000	1.13302994	1.07488906	1.04247582	1.01775849
0.00017920	0.00000000	0.00000000	0.00000000	0.00000000	1.12854195	1.06836152	1.03246009	1.01687217
0.00019200	0.00000000	0.00000000	0.00000000	0.00000000	1.10808623	1.06003320	1.02585065	1.01336133
0.00020480	0.00000000	0.00000000	0.00000000	0.00000000	1.10164428	1.05380952	1.02135336	1.01093507
0.00023040	0.00000000	0.00000000	0.00000000	0.00000000	1.08619142	1.04284823	1.01915789	1.00991035
0.00025600	0.00000000	0.00000000	0.00000000	0.00000000	1.07756197	1.03464758	1.01246965	1.00696981
0.00028160	0.00000000	0.00000000	0.00000000	0.00000000	1.05891299	1.02957928	1.00995886	1.00120997
0.00030720	0.00000000	0.00000000	0.00000000	0.00000000	1.04189658	1.02313948	1.00688875	1.00287724
0.00033280	0.00000000	0.00000000	0.00000000	0.00000000	1.03575671	1.01824665	1.00564623	1.00086951
0.00035840	0.00000000	0.00000000	0.00000000	0.00000000	1.04060507	1.01625276	1.00400770	0.99726433
0.00038400	0.00000000	0.00000000	0.00000000	0.00000000	1.01924491	1.01015735	1.00213408	0.99810404
0.00040960	0.00000000	0.00000000	0.00000000	0.00000000	1.02166641	1.00820041	1.00187600	0.99952495
0.00046080	0.00000000	0.00000000	0.00000000	0.00000000	1.01502502	1.00141025	1.00241911	1.00004792
0.00051200	0.00000000	0.00000000	0.00000000	0.00000000	1.01149786	1.00114465	1.00216842	0.99950671
0.00056320	0.00000000	0.00000000	0.00000000	0.00000000	1.00352097	1.00156999	1.00200975	0.99998766
0.00061440	0.00000000	0.00000000	0.00000000	0.00000000	1.00436282	1.00502264	1.00192094	0.99838465
0.00066560	0.00000000	0.00000000	0.00000000	0.00000000	1.00010359	1.00324214	1.00111151	1.00203943
0.00071680	0.00000000	0.00000000	0.00000000	0.00000000	0.99846619	1.00152206	1.00198507	1.00168228
0.00076800	0.00000000	0.00000000	0.00000000	0.00000000	1.00094438	0.99998999	1.00177372	1.00127864
0.00081920	0.00000000	0.00000000	0.00000000	0.00000000	0.99198008	0.99820536	1.00040042	1.00244689
0.00092160	0.00000000	0.00000000	0.00000000	0.00000000	0.99308169	1.00106919	1.00162590	1.00061333
0.00102400	0.00000000	0.00000000	0.00000000	0.00000000	0.99302906	1.00129557	1.00046098	1.00096428
0.00112640	0.00000000	0.00000000	0.00000000	0.00000000	0.99598622	0.99923986	0.99932724	1.00144565
0.00122880	0.00000000	0.00000000	0.00000000	0.00000000	0.99832332	1.00002980	0.99960130	0.99787378
0.00133120	0.00000000	0.00000000	0.00000000	0.00000000	0.99423391	1.00208080	0.99764055	1.00118148
0.00143360	0.00000000	0.00000000	0.00000000	0.00000000	0.99873412	1.00081623	0.99846268	1.00130653
0.00153600	0.00000000	0.00000000	0.00000000	0.00000000	1.00938046	1.00045121	0.99895024	0.99922967
0.00163840	0.00000000	0.00000000	0.00000000	0.00000000	1.00672972	1.00138569	1.00243318	0.99896020
0.00184320	0.00000000	0.00000000	0.00000000	0.00000000	1.00148368	0.99940157	0.99971527	0.99909550
0.00204800	0.00000000	0.00000000	0.00000000	0.00000000	1.00320089	1.00049651	1.00068462	1.00202882
0.00225280	0.00000000	0.00000000	0.00000000	0.00000000	0.99669647	0.99930364	1.00005102	1.00123370
0.00245760	0.00000000	0.00000000	0.00000000	0.00000000	0.99745840	0.99855989	0.99902517	0.99987465
0.00266240	0.00000000	0.00000000	0.00000000	0.00000000	0.99917305	0.99905688	1.00049818	1.00108027
0.00286720	0.00000000	0.00000000	0.00000000	0.00000000	1.00207090	0.99816763	0.99965745	1.00006962
0.00307200	0.00000000	0.00000000	0.00000000	0.00000000	1.00855553	1.00031340	0.99716675	1.00212872
0.00327680	0.00000000	0.00000000	0.00000000	0.00000000	1.00679970	1.00247931	0.99687576	1.00112557
0.00368640	0.00000000	0.00000000	0.00000000	0.00000000	0.99763733	0.99892026	1.00186515	1.00137544
0.00409600	0.00000000	0.00000000	0.00000000	0.00000000	0.99448103	1.00297308	1.00013590	1.00028360
0.00450560	0.00000000	0.00000000	0.00000000	0.00000000	0.99962592	0.99933767	1.00161862	1.00100851
0.00491520	0.00000000	0.00000000	0.00000000	0.00000000	0.99801922	0.99765235	1.00134933	1.00016332
0.00532480	0.00000000	0.00000000	0.00000000	0.00000000	1.00329471	0.99928474	0.99886352	0.99948263
0.00573440	0.00000000	0.00000000	0.00000000	0.00000000	1.00122559	0.99971485	1.00037348	0.99846935
0.00614400	0.00000000	0.00000000	0.00000000	0.00000000	0.99961448	1.00199831	0.99669248	1.00114727
0.00655360	0.00000000	0.00000000	0.00000000	0.00000000	1.00014627	0.99905068	0.99780947	0.99885422
0.00737280	0.00000000	0.00000000	0.00000000	0.00000000	0.99674058	1.00054216	1.00129652	1.00129223
0.00819200	0.00000000	0.00000000	0.00000000	0.00000000	1.00330412	1.00023222	0.99978954	0.99964339
0.00901120	0.00000000	0.00000000	0.00000000	0.00000000	1.00006568	0.99926150	0.99960297	0.99998212
0.00983040	0.00000000	0.00000000	0.00000000	0.00000000	1.00546932	0.99975145	1.00079191	1.00041735
0.01064960	0.00000000	0.00000000	0.00000000	0.00000000	0.99948519	0.99821442	1.00045133	0.99846143
0.01146880	0.00000000	0.00000000	0.00000000	0.00000000	1.00280273	1.00309575	1.00152683	1.00096512
0.01228800	0.00000000	0.00000000	0.00000000	0.00000000	0.99722320	1.00122535	0.99978346	1.00007784
0.01310720	0.00000000	0.00000000	0.00000000	0.00000000	1.00092947	1.00122404	1.00050402	1.00109470
0.01474560	0.00000000	0.00000000	0.00000000	0.00000000	1.00063229	0.99749058	1.00097263	1.00015604
0.01638400	0.00000000	0.00000000	0.00000000	0.00000000	1.00050044	0.99932480	1.00043166	1.00056171
0.01802240	0.00000000	0.00000000	0.00000000	0.00000000	1.00174665	0.99898350	0.99948871	0.99982351
0.01966080	0.00000000	0.00000000	0.00000000	0.00000000	1.00191641	0.99793106	1.00023961	0.99948001
0.02129920	0.00000000	0.00000000	0.00000000	0.00000000	0.99945354	0.99954909	1.00007308	1.00039554
0.02293760	0.00000000	0.00000000	0.00000000	0.00000000	1.00174725	0.99897188	0.99891448	1.00065398
0.02457600	0.00000000	0.00000000	0.00000000	0.00000000	0.99916822	1.00036263	1.00164306	0.99928564
0.02621440	0.00000000	0.00000000	0.00000000	0.00000000	0.99861938	1.00043893	0.99944288	1.00129986
0.02949120	0.00000000	0.00000000	0.00000000	0.00000000	1.00340927	1.00025964	0.99988055	0.99963027
0.03276800	0.00000000	0.00000000	0.00000000	0.00000000	1.00002098	1.00129557	0.99877608	0.99882239
0.03604480	0.00000000	0.00000000	0.00000000	0.00000000	1.00158060	0.99904335	1.00008035	0.99966228
0.03932160	0.00000000	0.00000000	0.00000000	0.00000000	0.99886549	1.00025952	0.99956840	1.00007820
0.04259840	0.00000000	0.00000000	0.00000000	0.00000000	0.99771142	1.00004089	1.00061285	0.99920642
0.04587520	0.00000000	0.00000000	0.00000000	0.00000000	1.00147045	0.99996382	0.99946040	1.00012016
0.04915200	0.00000000	0.00000000	0.00000000	0.00000000	0.99968344	0.99962962	1.00026834	0.99993324
0.05242880	0.00000000	0.00000000	0.00000000	0.00000000	0.99920809	1.00070059	1.00029373	1.00007463
0.05898240	0.00000000	0.00000000	0.00000000	0.00000000	0.99875945	1.00074708	0.99996579	0.99993026
0.06553600	0.00000000	0.00000000	0.00000000	0.00000000	1.00016832	0.99987441	0.99966234	1.00003541
0.07208960	0.00000000	0.00000000	0.00000000	0.00000000	0.99823463	0.99938667	0.99945718	1.00018620
0.07864320	0.00000000	0.00000000	0.00000000	0.00000000	0.99915755	0.99943238	1.00054848	0.99996859
0.08519680	0.00000000	0.00000000	0.00000000	0.00000000	0.99937117	1.00064385	0.99990147	1.00027764
0.09175040	0.00000000	0.00000000	0.00000000	0.00000000	0.99909824	1.00012434	1.00015986	0.99997550
0.09830400	0.00000000	0.00000000	0.00000000	0.00000000	0.99875295	1.00004852	1.00012314	0.99993408
0.10485760	0.00000000	0.00000000	0.00000000	0.00000000	1.00025725	1.00083005	0.99995184	0.99938637
0.11796480	0.00000000	0.00000000	0.00000000	0.00000000	1.00029290	0.99982786	1.00013077	0.99991107
0.13107200	0.00000000	0.00000000	0.00000000	0.00000000	0.99989080	0.99962026	0.99965483	0.99982172
0.14417920	0.00000000	0.00000000	0.00000000	0.00000000	1.00066268	0.99952239	0.99984497	1.00035071
0.15728641	0.00000000	0.00000000	0.00000000	0.00000000	1.00042963	0.99997288	0.99940974	1.00030839
0.17039360	0.00000000	0.00000000	0.00000000	0.00000000	1.00019300	0.99993396	0.99974108	0.99972427
0.18350080	0.00000000	0.00000000	0.00000000	0.00000000	0.99967688	1.00026608	0.99976242	0.99973696
0.19660801	0.00000000	0.00000000	0.00000000	0.00000000	0.99984872	1.00049782	1.00029624	1.00017893
0.20971520	0.00000000	0.00000000	0.00000000	0.00000000	0.99992412	0.99992245	1.00072646	1.00042999
0.23592959	0.00000000	0.00000000	0.00000000	0.00000000	0.99986911	1.00020385	0.99998373	1.00015104
0.26214400	0.00000000	0.00000000	0.00000000	0.00000000	0.99970430	0.99971110	0.99993652	1.00001812
0.28835839	0.00000000	0.00000000	0.00000000	0.00000000	0.99997741	1.00047863	0.99989164	0.99995279
0.31457281	0.00000000	0.00000000	0.00000000	0.00000000	0.99996364	0.99992466	1.00000858	1.00000405
0.34078720	0.00000000	0.00000000	0.00000000	0.00000000	1.00007129	0.99974847	1.00009239	1.00011563
0.36700159	0.00000000	0.00000000	0.00000000	0.00000000	1.00038302	0.99989444	1.00021362	1.00016952
0.39321601	0.00000000	0.00000000	0.00000000	0.00000000	0.99963623	1.00043154	1.00007510	1.00035322
0.41943040	0.00000000	0.00000000	0.00000000	0.00000000	1.00004613	0.99995184	0.99992681	1.00007415
0.47185919	0.00000000	0.00000000	0.00000000	0.00000000	1.00014579	0.99990803	1.00020182	0.99999279
0.52428800	0.00000000	0.00000000	0.00000000	0.00000000	1.00009346	0.99999148	0.99999106	1.00010800
0.57671678	0.00000000	0.00000000	0.00000000	0.00000000	0.99986678	1.00024128	1.00035143	0.99987876
0.62914562	0.00000000	0.00000000	0.00000000	0.00000000	1.00000417	1.00017476	0.99975359	1.00004625
0.68157440	0.00000000	0.00000000	0.00000000	0.00000000	0.99993777	1.00005400	0.99984974	1.00027776
0.73400319	0.00000000	0.00000000	0.00000000	0.00000000	0.99976122	0.99979597	1.00010467	1.00001395
0.78643203	0.00000000	0.00000000	0.00000000	0.00000000	0.99976224	1.00034595	1.00004566	1.00020885
0.83886081	0.00000000	0.00000000	0.00000000	0.00000000	1.00009167	1.00026584	1.00019729	0.99995363
0.94371837	0.00000000	0.00000000	0.00000000	0.00000000	0.99971843	0.99992949	1.00016928	1.00015819
1.04857600	0.00000000	0.00000000	0.00000000	0.00000000	0.99983764	0.99994838	0.99984592	0.99985272
1.15343356	0.00000000	0.00000000	0.00000000	0.00000000	0.99960768	1.00001132	1.00002730	1.00006986
1.25829124	0.00000000	0.00000000	0.00000000	0.00000000	1.00003648	1.00001836	1.00002086	0.99985945
1.36314881	0.00000000	0.00000000	0.00000000	0.00000000	1.00006855	0.99974775	0.99989355	0.99996614
1.46800637	0.00000000	0.00000000	0.00000000	0.00000000	1.00038171	1.00007403	1.00022805	0.99996752
1.57286406	0.00000000	0.00000000	0.00000000	0.00000000	0.99919373	1.00004661	0.99981886	0.99999708
1.67772162	0.00000000	0.00000000	0.00000000	0.00000000	1.00031793	0.99980313	1.00022125	1.00006962
1.88743675	0.00000000	0.00000000	0.00000000	0.00000000	0.99973267	0.99994320	0.99993736	0.99995720
2.09715199	0.00000000	0.00000000	0.00000000	0.00000000	0.99978209	0.99986458	0.99989396	1.00002348
2.30686712	0.00000000	0.00000000	0.00000000	0.00000000	0.99998426	0.99995106	0.99992794	1.00008297
2.51658249	0.00000000	0.00000000	0.00000000	0.00000000	1.00018466	0.99987870	0.99993485	1.00001013
2.72629762	0.00000000	0.00000000	0.00000000	0.00000000	0.99997431	0.99981850	1.00005972	1.00002646
2.93601274	0.00000000	0.00000000	0.00000000	0.00000000	0.99999869	0.99986154	1.00001955	0.99995941
3.14572811	0.00000000	0.00000000	0.00000000	0.00000000	0.99986881	0.99986655	0.99989748	1.00010824
3.35544324	0.00000000	0.00000000	0.00000000	0.00000000	0.99973756	1.00000358	0.99995720	0.99997503
3.77487350	0.00000000	0.00000000	0.00000000	0.00000000	1.00013971	0.99984366	0.99997491	0.99998552
4.19430399	0.00000000	0.00000000	0.00000000	0.00000000	1.00007391	1.00003278	1.00008512	0.99998438
4.61373425	0.00000000	0.00000000	0.00000000	0.00000000	0.99988478	0.99992234	1.00006151	1.00002205
5.03316498	0.00000000	0.00000000	0.00000000	0.00000000	1.00000000	1.00000000	1.00000000	1.00000000
5.45259523	0.00000000	0.00000000	0.00000000	0.00000000	0.00000000	0.00000000	0.00000000	0.00000000
5.87202549	0.00000000	0.00000000	0.00000000	0.00000000	0.00000000	0.00000000	0.00000000	0.00000000
6.29145622	0.00000000	0.00000000	0.00000000	0.00000000	0.00000000	0.00000000	0.00000000	0.00000000
6.71088648	0.00000000	0.00000000	0.00000000	0.00000000	0.00000000	0.00000000	0.00000000	0.00000000
7.54974699	0.00000000	0.00000000	0.00000000	0.00000000	0.00000000	0.00000000	0.00000000	0.00000000
8.38860798	0.00000000	0.00000000	0.00000000	0.00000000	0.00000000	0.00000000	0.00000000	0.00000000
9.22746849	0.00000000	0.00000000	0.00000000	0.00000000	0.00000000	0.00000000	0.00000000	0.00000000
10.06632996	0.00000000	0.00000000	0.00000000	0.00000000	0.00000000	0.00000000	0.00000000	0.00000000
10.90519047	0.00000000	0.00000000	0.00000000	0.00000000	0.00000000	0.00000000	0.00000000	0.00000000
11.74405098	0.00000000	0.00000000	0.00000000	0.00000000	0.00000000	0.00000000	0.00000000	0.00000000
12.58291245	0.00000000	0.00000000	0.00000000	0.00000000	0.00000000	0.00000000	0.00000000	0.00000000
13.42177296	0.00000000	0.00000000	0.00000000	0.00000000	0.00000000	0.00000000	0.00000000	0.00000000
15.09949398	0.00000000	0.00000000	0.00000000	0.00000000	0.00000000	0.00000000	0.00000000	0.00000000
16.77721596	0.00000000	0.00000000	0.00000000	0.00000000	0.00000000	0.00000000	0.00000000	0.00000000
18.45493698	0.00000000	0.00000000	0.00000000	0.00000000	0.00000000	0.00000000	0.00000000	0.00000000
20.13265991	0.00000000	0.00000000	0.00000000	0.00000000	0.00000000	0.00000000	0.00000000	0.00000000
21.81038094	0.00000000	0.00000000	0.00000000	0.00000000	0.00000000	0.00000000	0.00000000	0.00000000
23.48810196	0.00000000	0.00000000	0.00000000	0.00000000	0.00000000	0.00000000	0.00000000	0.00000000
25.16582489	0.00000000	0.00000000	0.00000000	0.00000000	0.00000000	0.00000000	0.00000000	0.00000000
26.84354591	0.00000000	0.00000000	0.00000000	0.00000000	0.00000000	0.00000000	0.00000000	0.00000000
30.19898796	0.00000000	0.00000000	0.00000000	0.00000000	0.00000000	0.00000000	0.00000000	0.00000000
33.55443192	0.00000000	0.00000000	0.00000000	0.00000000	0.00000000	0.00000000	0.00000000	0.00000000
36.90987396	0.00000000	0.00000000	0.00000000	0.00000000	0.00000000	0.00000000	0.00000000	0.00000000
40.26531982	0.00000000	0.00000000	0.00000000	0.00000000	0.00000000	0.00000000	0.00000000	0.00000000
43.62076187	0.00000000	0.00000000	0.00000000	0.00000000	0.00000000	0.00000000	0.00000000	0.00000000
46.97620392	0.00000000	0.00000000	0.00000000	0.00000000	0.00000000	0.00000000	0.00000000	0.00000000
50.33164978	0.00000000	0.00000000	0.00000000	0.00000000	0.00000000	0.00000000	0.00000000	0.00000000
53.68709183	0.00000000	0.00000000	0.00000000	0.00000000	0.00000000	0.00000000	0.00000000	0.00000000
60.39797592	0.00000000	0.00000000	0.00000000	0.00000000	0.00000000	0.00000000	0.00000000	0.00000000
67.10886383	0.00000000	0.00000000	0.00000000	0.00000000	0.00000000	0.00000000	0.00000000	0.00000000
73.81974792	0.00000000	0.00000000	0.00000000	0.00000000	0.00000000	0.00000000	0.00000000	0.00000000
80.53063965	0.00000000	0.00000000	0.00000000	0.00000000	0.00000000	0.00000000	0.00000000	0.00000000
87.24152374	0.00000000	0.00000000	0.00000000	0.00000000	0.00000000	0.00000000	0.00000000	0.00000000
93.95240784	0.00000000	0.00000000	0.00000000	0.00000000	0.00000000	0.00000000	0.00000000	0.00000000
100.66329956	0.00000000	0.00000000	0.00000000	0.00000000	0.00000000	0.00000000	0.00000000	0.00000000
107.37418365	0.00000000	0.00000000	0.00000000	0.00000000	0.00000000	0.00000000	0.00000000	0.00000000
120.79595184	0.00000000	0.00000000	0.00000000	0.00000000	0.00000000	0.00000000	0.00000000	0.00000000
134.21772766	0.00000000	0.00000000	0.00000000	0.00000000	0.00000000	0.00000000	0.00000000	0.00000000
147.63949585	0.00000000	0.00000000	0.00000000	0.00000000	0.00000000	0.00000000	0.00000000	0.00000000
161.06127930	0.00000000	0.00000000	0.00000000	0.00000000	0.00000000	0.00000000	0.00000000	0.00000000
174.48304749	0.00000000	0.00000000	0.00000000	0.00000000	0.00000000	0.00000000	0.00000000	0.00000000
187.90481567	0.00000000	0.00000000	0.00000000	0.00000000	0.00000000	0.00000000	0.00000000	0.00000000
201.32659912	0.00000000	0.00000000	0.00000000	0.00000000	0.00000000	0.00000000	0.00000000	0.00000000
214.74836731	0.00000000	0.00000000	0.00000000	0.00000000	0.00000000	0.00000000	0.00000000	0.00000000
241.59190369	0.00000000	0.00000000	0.00000000	0.00000000	0.00000000	0.00000000	0.00000000	0.00000000
268.43545532	0.00000000	0.00000000	0.00000000	0.00000000	0.00000000	0.00000000	0.00000000	0.00000000
295.27899170	0.00000000	0.00000000	0.00000000	0.00000000	0.00000000	0.00000000	0.00000000	0.00000000
322.12255859	0.00000000	0.00000000	0.00000000	0.00000000	0.00000000	0.00000000	0.00000000	0.00000000
348.96609497	0.00000000	0.00000000	0.00000000	0.00000000	0.00000000	0.00000000	0.00000000	0.00000000
375.80963135	0.00000000	0.00000000	0.00000000	0.00000000	0.00000000	0.00000000	0.00000000	0.00000000
402.65319824	0.00000000	0.00000000	0.00000000	0.00000000	0.00000000	0.00000000	0.00000000	0.00000000
429.49673462	0.00000000	0.00000000	0.00000000	0.00000000	0.00000000	0.00000000	0.00000000	0.00000000
483.18380737	0.00000000	0.00000000	0.00000000	0.00000000	0.00000000	0.00000000	0.00000000	0.00000000
536.87091064	0.00000000	0.00000000	0.00000000	0.00000000	0.00000000	0.00000000	0.00000000	0.00000000
590.55798340	0.00000000	0.00000000	0.00000000	0.00000000	0.00000000	0.00000000	0.00000000	0.00000000
644.24511719	0.00000000	0.00000000	0.00000000	0.00000000	0.00000000	0.00000000	0.00000000	0.00000000
697.93218994	0.00000000	0.00000000	0.00000000	0.00000000	0.00000000	0.00000000	0.00000000	0.00000000
751.61926270	0.00000000	0.00000000	0.00000000	0.00000000	0.00000000	0.00000000	0.00000000	0.00000000
805.30639648	0.00000000	0.00000000	0.00000000	0.00000000	0.00000000	0.00000000	0.00000000	0.00000000
858.99346924	0.00000000	0.00000000	0.00000000	0.00000000	0.00000000	0.00000000	0.00000000	0.00000000
966.36761475	0.00000000	0.00000000	0.00000000	0.00000000	0.00000000	0.00000000	0.00000000	0.00000000
1073.74182129	0.00000000	0.00000000	0.00000000	0.00000000	0.00000000	0.00000000	0.00000000	0.00000000
1181.11596680	0.00000000	0.00000000	0.00000000	0.00000000	0.00000000	0.00000000	0.00000000	0.00000000
1288.49023437	0.00000000	0.00000000	0.00000000	0.00000000	0.00000000	0.00000000	0.00000000	0.00000000
1395.86437988	0.00000000	0.00000000	0.00000000	0.00000000	0.00000000	0.00000000	0.00000000	0.00000000
1503.23852539	0.00000000	0.00000000	0.00000000	0.00000000	0.00000000	0.00000000	0.00000000	0.00000000
1610.61279297	0.00000000	0.00000000	0.00000000	0.00000000	0.00000000	0.00000000	0.00000000	0.00000000
1717.98693848	0.00000000	0.00000000	0.00000000	0.00000000	0.00000000	0.00000000	0.00000000	0.00000000
1932.73522949	0.00000000	0.00000000	0.00000000	0.00000000	0.00000000	0.00000000	0.00000000	0.00000000
2147.48364258	0.00000000	0.00000000	0.00000000	0.00000000	0.00000000	0.00000000	0.00000000	0.00000000
2362.23193359	0.00000000	0.00000000	0.00000000	0.00000000	0.00000000	0.00000000	0.00000000	0.00000000
2576.98046875	0.00000000	0.00000000	0.00000000	0.00000000	0.00000000	0.00000000	0.00000000	0.00000000
2791.72875977	0.00000000	0.00000000	0.00000000	0.00000000	0.00000000	0.00000000	0.00000000	0.00000000
3006.47705078	0.00000000	0.00000000	0.00000000	0.00000000	0.00000000	0.00000000	0.00000000	0.00000000
3221.22558594	0.00000000	0.00000000	0.00000000	0.00000000	0.00000000	0.00000000	0.00000000	0.00000000
3435.97387695	0.00000000	0.00000000	0.00000000	0.00000000	0.00000000	0.00000000	0.00000000	0.00000000
0	0	0	0	0	0	0	0	0
