%2/14/2019 2:18:44 PM
%Duration	ID1		ID2		ID3		ID4		ID5		ID6		ID7		ID8
3000.000000	0.000000	0.000000	0.000000	0.000000	44.269562	183.801651	125.017166	100.908279
%Tau		Tau1		Tau2		Tau3		Tau4		Tau5		Tau6		Tau7		Tau8
%		0.000000	0.000000	0.000000	0.000000	0.000102	0.000083	0.000058	0.000048
%Delaytime	D1		D2		D3		D4		D5		D6		D7		D8
0.00000020	0.00000000	0.00000000	0.00000000	0.00000000	2.04787731	1.85446048	2.16006660	1.65922987
0.00000040	0.00000000	0.00000000	0.00000000	0.00000000	1.53067899	1.53332341	1.57286823	1.48765588
0.00000060	0.00000000	0.00000000	0.00000000	0.00000000	1.51927030	1.49079418	1.51594365	1.51727283
0.00000080	0.00000000	0.00000000	0.00000000	0.00000000	1.60483611	1.48336184	1.50587237	1.48288989
0.00000100	0.00000000	0.00000000	0.00000000	0.00000000	1.46983218	1.46973598	1.49470651	1.48425162
0.00000120	0.00000000	0.00000000	0.00000000	0.00000000	1.56300390	1.46705210	1.51528680	1.44067729
0.00000140	0.00000000	0.00000000	0.00000000	0.00000000	1.54018641	1.48150384	1.47390711	1.47369838
0.00000160	0.00000000	0.00000000	0.00000000	0.00000000	1.44511318	1.46818757	1.47018516	1.43420911
0.00000180	0.00000000	0.00000000	0.00000000	0.00000000	1.48694539	1.46643281	1.51484895	1.50059199
0.00000200	0.00000000	0.00000000	0.00000000	0.00000000	1.46032488	1.47004569	1.48748147	1.45599639
0.00000220	0.00000000	0.00000000	0.00000000	0.00000000	1.42799997	1.46447146	1.44785321	1.45531547
0.00000240	0.00000000	0.00000000	0.00000000	0.00000000	1.49835420	1.47851026	1.48200786	1.43523037
0.00000260	0.00000000	0.00000000	0.00000000	0.00000000	1.43940878	1.47180057	1.47171772	1.52884722
0.00000280	0.00000000	0.00000000	0.00000000	0.00000000	1.55159521	1.48098767	1.45682979	1.44884741
0.00000300	0.00000000	0.00000000	0.00000000	0.00000000	1.49074829	1.47231662	1.46887147	1.46518779
0.00000320	0.00000000	0.00000000	0.00000000	0.00000000	1.47553658	1.47211027	1.42858648	1.48084736
0.00000360	0.00000000	0.00000000	0.00000000	0.00000000	1.44701457	1.46354246	1.44248915	1.47965586
0.00000400	0.00000000	0.00000000	0.00000000	0.00000000	1.48219168	1.46942627	1.47226501	1.47574091
0.00000440	0.00000000	0.00000000	0.00000000	0.00000000	1.50595999	1.43763268	1.44183230	1.43540061
0.00000480	0.00000000	0.00000000	0.00000000	0.00000000	1.45652187	1.45487142	1.47708178	1.41871989
0.00000520	0.00000000	0.00000000	0.00000000	0.00000000	1.50025558	1.45120692	1.44019032	1.45769846
0.00000560	0.00000000	0.00000000	0.00000000	0.00000000	1.49074829	1.44836819	1.44927633	1.42229426
0.00000600	0.00000000	0.00000000	0.00000000	0.00000000	1.42134488	1.44604552	1.47467339	1.45803893
0.00000640	0.00000000	0.00000000	0.00000000	0.00000000	1.47173369	1.44991660	1.43975246	1.45531547
0.00000720	0.00000000	0.00000000	0.00000000	0.00000000	1.42514777	1.44214880	1.44139445	1.42220914
0.00000800	0.00000000	0.00000000	0.00000000	0.00000000	1.49074829	1.44005847	1.42929804	1.40867734
0.00000880	0.00000000	0.00000000	0.00000000	0.00000000	1.47743809	1.43471646	1.43712509	1.42331553
0.00000960	0.00000000	0.00000000	0.00000000	0.00000000	1.41468966	1.42983902	1.41594267	1.40901768
0.00001040	0.00000000	0.00000000	0.00000000	0.00000000	1.46317708	1.43709075	1.41971934	1.40552843
0.00001120	0.00000000	0.00000000	0.00000000	0.00000000	1.42609847	1.41693580	1.39968634	1.38706028
0.00001200	0.00000000	0.00000000	0.00000000	0.00000000	1.41611576	1.41641963	1.40209460	1.37284756
0.00001280	0.00000000	0.00000000	0.00000000	0.00000000	1.42562318	1.41022611	1.39618325	1.36365616
0.00001440	0.00000000	0.00000000	0.00000000	0.00000000	1.42871296	1.40973568	1.38635826	1.37327313
0.00001600	0.00000000	0.00000000	0.00000000	0.00000000	1.42990136	1.39698732	1.38301945	1.35459232
0.00001760	0.00000000	0.00000000	0.00000000	0.00000000	1.44178557	1.39373565	1.35808766	1.34582639
0.00001920	0.00000000	0.00000000	0.00000000	0.00000000	1.40898526	1.37727106	1.35518670	1.33837962
0.00002080	0.00000000	0.00000000	0.00000000	0.00000000	1.37024295	1.36834192	1.35067105	1.32582641
0.00002240	0.00000000	0.00000000	0.00000000	0.00000000	1.41801727	1.37328398	1.33482516	1.31131589
0.00002400	0.00000000	0.00000000	0.00000000	0.00000000	1.40874767	1.35941291	1.32872224	1.31965625
0.00002560	0.00000000	0.00000000	0.00000000	0.00000000	1.42895067	1.36269033	1.32015622	1.30497539
0.00002880	0.00000000	0.00000000	0.00000000	0.00000000	1.39766455	1.33901334	1.30355024	1.28477085
0.00003200	0.00000000	0.00000000	0.00000000	0.00000000	1.37106621	1.32933545	1.28314602	1.25988972
0.00003520	0.00000000	0.00000000	0.00000000	0.00000000	1.37011206	1.32171714	1.27331150	1.24320304
0.00003840	0.00000000	0.00000000	0.00000000	0.00000000	1.34506428	1.30966330	1.25312603	1.23224175
0.00004160	0.00000000	0.00000000	0.00000000	0.00000000	1.35723031	1.29434514	1.24706650	1.20921648
0.00004480	0.00000000	0.00000000	0.00000000	0.00000000	1.36104715	1.28904462	1.23175704	1.20091569
0.00004800	0.00000000	0.00000000	0.00000000	0.00000000	1.33158624	1.27302670	1.21665955	1.19512641
0.00005120	0.00000000	0.00000000	0.00000000	0.00000000	1.31417203	1.26399446	1.21625960	1.18328834
0.00005760	0.00000000	0.00000000	0.00000000	0.00000000	1.31953192	1.24493909	1.18979847	1.16034544
0.00006400	0.00000000	0.00000000	0.00000000	0.00000000	1.28086591	1.22378087	1.17124736	1.14113379
0.00007040	0.00000000	0.00000000	0.00000000	0.00000000	1.27437186	1.20944536	1.15380788	1.12965655
0.00007680	0.00000000	0.00000000	0.00000000	0.00000000	1.26704383	1.19310570	1.13811767	1.10586095
0.00008320	0.00000000	0.00000000	0.00000000	0.00000000	1.26168180	1.18430233	1.12279332	1.09885824
0.00008960	0.00000000	0.00000000	0.00000000	0.00000000	1.25375795	1.16880834	1.11019182	1.08918929
0.00009600	0.00000000	0.00000000	0.00000000	0.00000000	1.21711755	1.15779018	1.10160697	1.07683635
0.00010240	0.00000000	0.00000000	0.00000000	0.00000000	1.22700739	1.14763367	1.08968663	1.07544291
0.00011520	0.00000000	0.00000000	0.00000000	0.00000000	1.19405866	1.12779593	1.07069182	1.05740547
0.00012800	0.00000000	0.00000000	0.00000000	0.00000000	1.18149972	1.10833025	1.05827951	1.04473007
0.00014080	0.00000000	0.00000000	0.00000000	0.00000000	1.15544868	1.09539330	1.04923165	1.03028142
0.00015360	0.00000000	0.00000000	0.00000000	0.00000000	1.15113008	1.08074045	1.04245818	1.03115749
0.00016640	0.00000000	0.00000000	0.00000000	0.00000000	1.12761283	1.07062113	1.03433812	1.02828491
0.00017920	0.00000000	0.00000000	0.00000000	0.00000000	1.12249017	1.06326652	1.02664268	1.02044356
0.00019200	0.00000000	0.00000000	0.00000000	0.00000000	1.11173844	1.05461669	1.02652693	1.01712930
0.00020480	0.00000000	0.00000000	0.00000000	0.00000000	1.09860420	1.04660940	1.01925933	1.01656008
0.00023040	0.00000000	0.00000000	0.00000000	0.00000000	1.08350730	1.03601408	1.01516354	1.01109743
0.00025600	0.00000000	0.00000000	0.00000000	0.00000000	1.07336509	1.02967548	1.00946999	1.00777447
0.00028160	0.00000000	0.00000000	0.00000000	0.00000000	1.04960203	1.02413034	1.00709879	1.00399494
0.00030720	0.00000000	0.00000000	0.00000000	0.00000000	1.05004239	1.01929581	1.00491261	0.99860942
0.00033280	0.00000000	0.00000000	0.00000000	0.00000000	1.03802359	1.01232696	1.00481009	1.00403154
0.00035840	0.00000000	0.00000000	0.00000000	0.00000000	1.02993667	1.01003206	0.99868649	0.99898255
0.00038400	0.00000000	0.00000000	0.00000000	0.00000000	1.03205144	1.00783789	0.99878478	0.99846143
0.00040960	0.00000000	0.00000000	0.00000000	0.00000000	1.02674949	1.00589859	0.99848753	0.99983978
0.00046080	0.00000000	0.00000000	0.00000000	0.00000000	1.02239299	1.00500429	0.99545795	0.99912781
0.00051200	0.00000000	0.00000000	0.00000000	0.00000000	1.01572442	1.00193942	0.99839634	1.00167310
0.00056320	0.00000000	0.00000000	0.00000000	0.00000000	1.00698745	0.99955565	0.99923778	1.00155771
0.00061440	0.00000000	0.00000000	0.00000000	0.00000000	1.00923657	0.99907506	0.99887741	1.00158882
0.00066560	0.00000000	0.00000000	0.00000000	0.00000000	1.00379777	0.99641287	1.00023353	0.99942583
0.00071680	0.00000000	0.00000000	0.00000000	0.00000000	1.00384176	0.99586987	0.99840170	0.99763882
0.00076800	0.00000000	0.00000000	0.00000000	0.00000000	1.00391006	0.99982935	0.99932843	0.99806833
0.00081920	0.00000000	0.00000000	0.00000000	0.00000000	1.00273407	0.99937338	0.99690306	0.99527073
0.00092160	0.00000000	0.00000000	0.00000000	0.00000000	0.99836832	0.99754733	0.99683779	0.99866885
0.00102400	0.00000000	0.00000000	0.00000000	0.00000000	0.99918717	0.99716520	0.99824929	0.99809539
0.00112640	0.00000000	0.00000000	0.00000000	0.00000000	0.99756926	0.99959344	0.99773121	0.99891567
0.00122880	0.00000000	0.00000000	0.00000000	0.00000000	0.99639863	0.99751127	0.99979275	1.00138962
0.00133120	0.00000000	0.00000000	0.00000000	0.00000000	1.00147021	0.99711859	1.00111818	0.99840325
0.00143360	0.00000000	0.00000000	0.00000000	0.00000000	0.99647850	0.99910057	1.00458992	1.00143528
0.00153600	0.00000000	0.00000000	0.00000000	0.00000000	0.99822360	1.00004327	1.00294614	1.00048435
0.00163840	0.00000000	0.00000000	0.00000000	0.00000000	0.99750692	1.00017273	0.99862713	1.00346470
0.00184320	0.00000000	0.00000000	0.00000000	0.00000000	0.99628305	1.00009775	1.00188577	1.00332427
0.00204800	0.00000000	0.00000000	0.00000000	0.00000000	1.00227833	1.00082481	1.00239170	1.00185096
0.00225280	0.00000000	0.00000000	0.00000000	0.00000000	1.00167453	1.00044012	1.00406754	1.00092506
0.00245760	0.00000000	0.00000000	0.00000000	0.00000000	0.99764007	0.99744785	1.00087285	1.00173390
0.00266240	0.00000000	0.00000000	0.00000000	0.00000000	1.00307989	0.99904573	0.99919939	1.00077760
0.00286720	0.00000000	0.00000000	0.00000000	0.00000000	1.00226140	1.00011289	1.00181651	0.99741310
0.00307200	0.00000000	0.00000000	0.00000000	0.00000000	1.00016117	0.99945146	1.00226057	0.99894536
0.00327680	0.00000000	0.00000000	0.00000000	0.00000000	0.99734640	1.00072646	1.00144851	1.00046432
0.00368640	0.00000000	0.00000000	0.00000000	0.00000000	1.00170863	1.00016308	1.00106704	1.00111091
0.00409600	0.00000000	0.00000000	0.00000000	0.00000000	1.00211751	0.99820006	1.00093126	1.00069773
0.00450560	0.00000000	0.00000000	0.00000000	0.00000000	0.99728072	1.00043571	0.99911046	1.00132549
0.00491520	0.00000000	0.00000000	0.00000000	0.00000000	0.99127054	1.00346684	1.00101602	1.00024641
0.00532480	0.00000000	0.00000000	0.00000000	0.00000000	0.99453366	1.00110722	1.00191832	1.00108337
0.00573440	0.00000000	0.00000000	0.00000000	0.00000000	0.99906063	0.99825698	0.99808329	1.00028455
0.00614400	0.00000000	0.00000000	0.00000000	0.00000000	1.00367618	0.99964255	1.00214899	0.99910212
0.00655360	0.00000000	0.00000000	0.00000000	0.00000000	1.00079727	1.00086725	1.00045109	0.99902558
0.00737280	0.00000000	0.00000000	0.00000000	0.00000000	0.99836588	1.00198960	1.00030017	1.00051534
0.00819200	0.00000000	0.00000000	0.00000000	0.00000000	1.00030458	0.99896705	1.00180221	0.99974412
0.00901120	0.00000000	0.00000000	0.00000000	0.00000000	1.00170243	0.99633384	1.00104308	0.99986768
0.00983040	0.00000000	0.00000000	0.00000000	0.00000000	0.99891871	1.00274992	1.00025105	0.99888510
0.01064960	0.00000000	0.00000000	0.00000000	0.00000000	1.00201917	1.00397372	1.00137472	1.00009382
0.01146880	0.00000000	0.00000000	0.00000000	0.00000000	0.99949676	1.00168955	0.99837404	0.99921513
0.01228800	0.00000000	0.00000000	0.00000000	0.00000000	1.00002980	1.00142205	1.00015616	0.99984413
0.01310720	0.00000000	0.00000000	0.00000000	0.00000000	0.99763036	1.00254869	1.00116694	0.99784511
0.01474560	0.00000000	0.00000000	0.00000000	0.00000000	1.00028551	0.99911433	0.99973416	1.00094938
0.01638400	0.00000000	0.00000000	0.00000000	0.00000000	0.99984485	1.00042498	1.00167310	1.00065172
0.01802240	0.00000000	0.00000000	0.00000000	0.00000000	0.99763757	1.00004292	1.00042260	0.99961978
0.01966080	0.00000000	0.00000000	0.00000000	0.00000000	1.00183010	1.00038862	0.99935079	1.00027573
0.02129920	0.00000000	0.00000000	0.00000000	0.00000000	1.00290978	0.99973387	1.00104475	0.99984062
0.02293760	0.00000000	0.00000000	0.00000000	0.00000000	1.00071335	1.00029325	1.00155962	0.99902451
0.02457600	0.00000000	0.00000000	0.00000000	0.00000000	0.99911964	1.00146651	0.99984646	1.00005150
0.02621440	0.00000000	0.00000000	0.00000000	0.00000000	1.00334466	0.99875730	1.00172997	1.00046909
0.02949120	0.00000000	0.00000000	0.00000000	0.00000000	1.00047338	1.00013447	0.99946618	0.99989480
0.03276800	0.00000000	0.00000000	0.00000000	0.00000000	0.99868459	0.99997056	1.00024390	1.00013244
0.03604480	0.00000000	0.00000000	0.00000000	0.00000000	0.99927747	0.99977869	0.99956298	1.00043869
0.03932160	0.00000000	0.00000000	0.00000000	0.00000000	1.00094986	1.00126791	1.00030744	0.99954981
0.04259840	0.00000000	0.00000000	0.00000000	0.00000000	1.00106823	0.99949580	1.00007010	1.00026929
0.04587520	0.00000000	0.00000000	0.00000000	0.00000000	1.00156856	0.99921805	0.99916703	0.99990815
0.04915200	0.00000000	0.00000000	0.00000000	0.00000000	1.00026369	0.99959099	0.99869514	1.00007188
0.05242880	0.00000000	0.00000000	0.00000000	0.00000000	1.00077593	0.99897283	0.99970371	1.00009072
0.05898240	0.00000000	0.00000000	0.00000000	0.00000000	1.00061333	0.99949068	0.99979937	1.00010371
0.06553600	0.00000000	0.00000000	0.00000000	0.00000000	0.99994099	0.99992460	0.99940515	1.00019717
0.07208960	0.00000000	0.00000000	0.00000000	0.00000000	0.99930978	0.99956644	0.99960011	1.00060773
0.07864320	0.00000000	0.00000000	0.00000000	0.00000000	0.99890971	1.00042796	1.00036860	0.99988091
0.08519680	0.00000000	0.00000000	0.00000000	0.00000000	0.99793810	0.99989825	0.99975848	1.00013077
0.09175040	0.00000000	0.00000000	0.00000000	0.00000000	1.00070739	1.00055170	0.99988675	0.99987072
0.09830400	0.00000000	0.00000000	0.00000000	0.00000000	0.99891174	1.00033617	1.00009155	1.00045574
0.10485760	0.00000000	0.00000000	0.00000000	0.00000000	0.99981391	1.00040698	0.99970478	1.00011230
0.11796480	0.00000000	0.00000000	0.00000000	0.00000000	0.99941278	0.99975014	1.00012505	0.99956501
0.13107200	0.00000000	0.00000000	0.00000000	0.00000000	0.99971861	0.99968821	1.00022244	1.00014770
0.14417920	0.00000000	0.00000000	0.00000000	0.00000000	0.99985904	1.00022399	1.00005174	0.99934393
0.15728641	0.00000000	0.00000000	0.00000000	0.00000000	1.00025165	1.00002348	1.00007951	1.00024748
0.17039360	0.00000000	0.00000000	0.00000000	0.00000000	1.00067997	0.99943489	1.00024509	0.99934733
0.18350080	0.00000000	0.00000000	0.00000000	0.00000000	1.00061715	0.99995601	1.00043559	1.00029159
0.19660801	0.00000000	0.00000000	0.00000000	0.00000000	1.00049913	1.00025320	0.99983114	1.00025046
0.20971520	0.00000000	0.00000000	0.00000000	0.00000000	0.99999231	1.00003207	1.00006175	1.00023735
0.23592959	0.00000000	0.00000000	0.00000000	0.00000000	0.99932158	1.00034714	0.99984032	1.00018942
0.26214400	0.00000000	0.00000000	0.00000000	0.00000000	0.99980581	1.00006735	1.00003731	0.99999774
0.28835839	0.00000000	0.00000000	0.00000000	0.00000000	1.00005460	1.00016987	0.99999809	1.00022829
0.31457281	0.00000000	0.00000000	0.00000000	0.00000000	1.00050330	1.00040698	1.00036252	1.00011981
0.34078720	0.00000000	0.00000000	0.00000000	0.00000000	1.00041473	0.99984825	1.00014567	1.00019121
0.36700159	0.00000000	0.00000000	0.00000000	0.00000000	1.00034177	0.99944979	0.99983883	0.99976319
0.39321601	0.00000000	0.00000000	0.00000000	0.00000000	1.00030637	1.00006497	0.99964571	0.99962193
0.41943040	0.00000000	0.00000000	0.00000000	0.00000000	0.99954802	1.00005937	0.99985969	1.00002515
0.47185919	0.00000000	0.00000000	0.00000000	0.00000000	0.99994242	0.99985355	1.00012350	1.00002098
0.52428800	0.00000000	0.00000000	0.00000000	0.00000000	1.00007772	1.00000167	1.00010526	0.99988902
0.57671678	0.00000000	0.00000000	0.00000000	0.00000000	0.99988532	0.99982709	0.99985522	0.99995029
0.62914562	0.00000000	0.00000000	0.00000000	0.00000000	0.99963415	0.99999487	1.00012994	0.99987298
0.68157440	0.00000000	0.00000000	0.00000000	0.00000000	0.99987251	1.00002944	0.99965304	0.99996644
0.73400319	0.00000000	0.00000000	0.00000000	0.00000000	0.99961859	1.00026405	1.00000334	0.99979043
0.78643203	0.00000000	0.00000000	0.00000000	0.00000000	0.99981725	0.99986881	1.00011921	0.99991041
0.83886081	0.00000000	0.00000000	0.00000000	0.00000000	1.00034153	1.00009048	1.00019157	0.99988139
0.94371837	0.00000000	0.00000000	0.00000000	0.00000000	0.99955165	0.99999022	0.99974126	0.99999762
1.04857600	0.00000000	0.00000000	0.00000000	0.00000000	1.00005794	1.00010157	0.99997211	1.00016177
1.15343356	0.00000000	0.00000000	0.00000000	0.00000000	0.99971759	0.99987143	1.00007331	0.99998736
1.25829124	0.00000000	0.00000000	0.00000000	0.00000000	1.00003397	0.99990618	0.99953544	0.99996138
1.36314881	0.00000000	0.00000000	0.00000000	0.00000000	0.99978977	1.00018108	1.00014555	1.00029171
1.46800637	0.00000000	0.00000000	0.00000000	0.00000000	0.99996358	0.99981660	0.99972332	1.00002837
1.57286406	0.00000000	0.00000000	0.00000000	0.00000000	0.99996799	1.00016022	1.00002575	1.00012314
1.67772162	0.00000000	0.00000000	0.00000000	0.00000000	0.99981993	1.00002110	1.00022912	1.00005746
1.88743675	0.00000000	0.00000000	0.00000000	0.00000000	1.00007904	0.99992216	1.00012207	0.99999952
2.09715199	0.00000000	0.00000000	0.00000000	0.00000000	1.00019872	0.99987251	1.00004303	0.99990463
2.30686712	0.00000000	0.00000000	0.00000000	0.00000000	0.99989742	0.99986392	0.99997091	0.99994177
2.51658249	0.00000000	0.00000000	0.00000000	0.00000000	1.00020194	1.00001407	1.00009346	1.00010872
2.72629762	0.00000000	0.00000000	0.00000000	0.00000000	0.99993056	1.00015104	1.00007761	1.00018644
2.93601274	0.00000000	0.00000000	0.00000000	0.00000000	1.00000072	0.99990517	0.99989814	1.00011194
3.14572811	0.00000000	0.00000000	0.00000000	0.00000000	0.99989069	0.99997830	0.99984324	0.99976528
3.35544324	0.00000000	0.00000000	0.00000000	0.00000000	0.99988133	1.00003922	0.99979973	0.99994040
3.77487350	0.00000000	0.00000000	0.00000000	0.00000000	1.00004232	1.00008869	0.99997181	1.00012624
4.19430399	0.00000000	0.00000000	0.00000000	0.00000000	1.00001061	0.99996448	1.00006628	1.00006592
4.61373425	0.00000000	0.00000000	0.00000000	0.00000000	1.00002360	1.00001383	1.00016701	0.99994999
5.03316498	0.00000000	0.00000000	0.00000000	0.00000000	1.00000000	1.00000000	1.00000000	1.00000000
5.45259523	0.00000000	0.00000000	0.00000000	0.00000000	0.00000000	0.00000000	0.00000000	0.00000000
5.87202549	0.00000000	0.00000000	0.00000000	0.00000000	0.00000000	0.00000000	0.00000000	0.00000000
6.29145622	0.00000000	0.00000000	0.00000000	0.00000000	0.00000000	0.00000000	0.00000000	0.00000000
6.71088648	0.00000000	0.00000000	0.00000000	0.00000000	0.00000000	0.00000000	0.00000000	0.00000000
7.54974699	0.00000000	0.00000000	0.00000000	0.00000000	0.00000000	0.00000000	0.00000000	0.00000000
8.38860798	0.00000000	0.00000000	0.00000000	0.00000000	0.00000000	0.00000000	0.00000000	0.00000000
9.22746849	0.00000000	0.00000000	0.00000000	0.00000000	0.00000000	0.00000000	0.00000000	0.00000000
10.06632996	0.00000000	0.00000000	0.00000000	0.00000000	0.00000000	0.00000000	0.00000000	0.00000000
10.90519047	0.00000000	0.00000000	0.00000000	0.00000000	0.00000000	0.00000000	0.00000000	0.00000000
11.74405098	0.00000000	0.00000000	0.00000000	0.00000000	0.00000000	0.00000000	0.00000000	0.00000000
12.58291245	0.00000000	0.00000000	0.00000000	0.00000000	0.00000000	0.00000000	0.00000000	0.00000000
13.42177296	0.00000000	0.00000000	0.00000000	0.00000000	0.00000000	0.00000000	0.00000000	0.00000000
15.09949398	0.00000000	0.00000000	0.00000000	0.00000000	0.00000000	0.00000000	0.00000000	0.00000000
16.77721596	0.00000000	0.00000000	0.00000000	0.00000000	0.00000000	0.00000000	0.00000000	0.00000000
18.45493698	0.00000000	0.00000000	0.00000000	0.00000000	0.00000000	0.00000000	0.00000000	0.00000000
20.13265991	0.00000000	0.00000000	0.00000000	0.00000000	0.00000000	0.00000000	0.00000000	0.00000000
21.81038094	0.00000000	0.00000000	0.00000000	0.00000000	0.00000000	0.00000000	0.00000000	0.00000000
23.48810196	0.00000000	0.00000000	0.00000000	0.00000000	0.00000000	0.00000000	0.00000000	0.00000000
25.16582489	0.00000000	0.00000000	0.00000000	0.00000000	0.00000000	0.00000000	0.00000000	0.00000000
26.84354591	0.00000000	0.00000000	0.00000000	0.00000000	0.00000000	0.00000000	0.00000000	0.00000000
30.19898796	0.00000000	0.00000000	0.00000000	0.00000000	0.00000000	0.00000000	0.00000000	0.00000000
33.55443192	0.00000000	0.00000000	0.00000000	0.00000000	0.00000000	0.00000000	0.00000000	0.00000000
36.90987396	0.00000000	0.00000000	0.00000000	0.00000000	0.00000000	0.00000000	0.00000000	0.00000000
40.26531982	0.00000000	0.00000000	0.00000000	0.00000000	0.00000000	0.00000000	0.00000000	0.00000000
43.62076187	0.00000000	0.00000000	0.00000000	0.00000000	0.00000000	0.00000000	0.00000000	0.00000000
46.97620392	0.00000000	0.00000000	0.00000000	0.00000000	0.00000000	0.00000000	0.00000000	0.00000000
50.33164978	0.00000000	0.00000000	0.00000000	0.00000000	0.00000000	0.00000000	0.00000000	0.00000000
53.68709183	0.00000000	0.00000000	0.00000000	0.00000000	0.00000000	0.00000000	0.00000000	0.00000000
60.39797592	0.00000000	0.00000000	0.00000000	0.00000000	0.00000000	0.00000000	0.00000000	0.00000000
67.10886383	0.00000000	0.00000000	0.00000000	0.00000000	0.00000000	0.00000000	0.00000000	0.00000000
73.81974792	0.00000000	0.00000000	0.00000000	0.00000000	0.00000000	0.00000000	0.00000000	0.00000000
80.53063965	0.00000000	0.00000000	0.00000000	0.00000000	0.00000000	0.00000000	0.00000000	0.00000000
87.24152374	0.00000000	0.00000000	0.00000000	0.00000000	0.00000000	0.00000000	0.00000000	0.00000000
93.95240784	0.00000000	0.00000000	0.00000000	0.00000000	0.00000000	0.00000000	0.00000000	0.00000000
100.66329956	0.00000000	0.00000000	0.00000000	0.00000000	0.00000000	0.00000000	0.00000000	0.00000000
107.37418365	0.00000000	0.00000000	0.00000000	0.00000000	0.00000000	0.00000000	0.00000000	0.00000000
120.79595184	0.00000000	0.00000000	0.00000000	0.00000000	0.00000000	0.00000000	0.00000000	0.00000000
134.21772766	0.00000000	0.00000000	0.00000000	0.00000000	0.00000000	0.00000000	0.00000000	0.00000000
147.63949585	0.00000000	0.00000000	0.00000000	0.00000000	0.00000000	0.00000000	0.00000000	0.00000000
161.06127930	0.00000000	0.00000000	0.00000000	0.00000000	0.00000000	0.00000000	0.00000000	0.00000000
174.48304749	0.00000000	0.00000000	0.00000000	0.00000000	0.00000000	0.00000000	0.00000000	0.00000000
187.90481567	0.00000000	0.00000000	0.00000000	0.00000000	0.00000000	0.00000000	0.00000000	0.00000000
201.32659912	0.00000000	0.00000000	0.00000000	0.00000000	0.00000000	0.00000000	0.00000000	0.00000000
214.74836731	0.00000000	0.00000000	0.00000000	0.00000000	0.00000000	0.00000000	0.00000000	0.00000000
241.59190369	0.00000000	0.00000000	0.00000000	0.00000000	0.00000000	0.00000000	0.00000000	0.00000000
268.43545532	0.00000000	0.00000000	0.00000000	0.00000000	0.00000000	0.00000000	0.00000000	0.00000000
295.27899170	0.00000000	0.00000000	0.00000000	0.00000000	0.00000000	0.00000000	0.00000000	0.00000000
322.12255859	0.00000000	0.00000000	0.00000000	0.00000000	0.00000000	0.00000000	0.00000000	0.00000000
348.96609497	0.00000000	0.00000000	0.00000000	0.00000000	0.00000000	0.00000000	0.00000000	0.00000000
375.80963135	0.00000000	0.00000000	0.00000000	0.00000000	0.00000000	0.00000000	0.00000000	0.00000000
402.65319824	0.00000000	0.00000000	0.00000000	0.00000000	0.00000000	0.00000000	0.00000000	0.00000000
429.49673462	0.00000000	0.00000000	0.00000000	0.00000000	0.00000000	0.00000000	0.00000000	0.00000000
483.18380737	0.00000000	0.00000000	0.00000000	0.00000000	0.00000000	0.00000000	0.00000000	0.00000000
536.87091064	0.00000000	0.00000000	0.00000000	0.00000000	0.00000000	0.00000000	0.00000000	0.00000000
590.55798340	0.00000000	0.00000000	0.00000000	0.00000000	0.00000000	0.00000000	0.00000000	0.00000000
644.24511719	0.00000000	0.00000000	0.00000000	0.00000000	0.00000000	0.00000000	0.00000000	0.00000000
697.93218994	0.00000000	0.00000000	0.00000000	0.00000000	0.00000000	0.00000000	0.00000000	0.00000000
751.61926270	0.00000000	0.00000000	0.00000000	0.00000000	0.00000000	0.00000000	0.00000000	0.00000000
805.30639648	0.00000000	0.00000000	0.00000000	0.00000000	0.00000000	0.00000000	0.00000000	0.00000000
858.99346924	0.00000000	0.00000000	0.00000000	0.00000000	0.00000000	0.00000000	0.00000000	0.00000000
966.36761475	0.00000000	0.00000000	0.00000000	0.00000000	0.00000000	0.00000000	0.00000000	0.00000000
1073.74182129	0.00000000	0.00000000	0.00000000	0.00000000	0.00000000	0.00000000	0.00000000	0.00000000
1181.11596680	0.00000000	0.00000000	0.00000000	0.00000000	0.00000000	0.00000000	0.00000000	0.00000000
1288.49023437	0.00000000	0.00000000	0.00000000	0.00000000	0.00000000	0.00000000	0.00000000	0.00000000
1395.86437988	0.00000000	0.00000000	0.00000000	0.00000000	0.00000000	0.00000000	0.00000000	0.00000000
1503.23852539	0.00000000	0.00000000	0.00000000	0.00000000	0.00000000	0.00000000	0.00000000	0.00000000
1610.61279297	0.00000000	0.00000000	0.00000000	0.00000000	0.00000000	0.00000000	0.00000000	0.00000000
1717.98693848	0.00000000	0.00000000	0.00000000	0.00000000	0.00000000	0.00000000	0.00000000	0.00000000
1932.73522949	0.00000000	0.00000000	0.00000000	0.00000000	0.00000000	0.00000000	0.00000000	0.00000000
2147.48364258	0.00000000	0.00000000	0.00000000	0.00000000	0.00000000	0.00000000	0.00000000	0.00000000
2362.23193359	0.00000000	0.00000000	0.00000000	0.00000000	0.00000000	0.00000000	0.00000000	0.00000000
2576.98046875	0.00000000	0.00000000	0.00000000	0.00000000	0.00000000	0.00000000	0.00000000	0.00000000
2791.72875977	0.00000000	0.00000000	0.00000000	0.00000000	0.00000000	0.00000000	0.00000000	0.00000000
3006.47705078	0.00000000	0.00000000	0.00000000	0.00000000	0.00000000	0.00000000	0.00000000	0.00000000
3221.22558594	0.00000000	0.00000000	0.00000000	0.00000000	0.00000000	0.00000000	0.00000000	0.00000000
3435.97387695	0.00000000	0.00000000	0.00000000	0.00000000	0.00000000	0.00000000	0.00000000	0.00000000
0	0	0	0	0	0	0	0	0
