%2/14/2019 3:15:57 PM
%Duration	ID1		ID2		ID3		ID4		ID5		ID6		ID7		ID8
3000.000000	0.000000	0.000000	0.000000	0.000000	41.313171	78.191757	120.792389	81.748962
%Tau		Tau1		Tau2		Tau3		Tau4		Tau5		Tau6		Tau7		Tau8
%		0.000000	0.000000	0.000000	0.000000	0.000205	0.000166	0.000128	0.000090
%Delaytime	D1		D2		D3		D4		D5		D6		D7		D8
0.00000020	0.00000000	0.00000000	0.00000000	0.00000000	1.96682882	2.45493984	2.24623132	1.67789328
0.00000040	0.00000000	0.00000000	0.00000000	0.00000000	1.51934922	1.73209643	1.45457053	1.57317722
0.00000060	0.00000000	0.00000000	0.00000000	0.00000000	1.39447117	1.54388440	1.49394071	1.67545807
0.00000080	0.00000000	0.00000000	0.00000000	0.00000000	1.38406467	1.45659757	1.50032508	1.58291817
0.00000100	0.00000000	0.00000000	0.00000000	0.00000000	1.67544675	1.52479041	1.53011882	1.51960146
0.00000120	0.00000000	0.00000000	0.00000000	0.00000000	1.58178818	1.42932045	1.43009710	1.44167316
0.00000140	0.00000000	0.00000000	0.00000000	0.00000000	1.49853623	1.46478069	1.50032508	1.53421307
0.00000160	0.00000000	0.00000000	0.00000000	0.00000000	1.39447117	1.45659757	1.50990164	1.42462635
0.00000180	0.00000000	0.00000000	0.00000000	0.00000000	1.52975571	1.46750844	1.52479851	1.47576678
0.00000200	0.00000000	0.00000000	0.00000000	0.00000000	1.33203220	1.56570601	1.37583005	1.57317722
0.00000220	0.00000000	0.00000000	0.00000000	0.00000000	1.32162571	1.39113247	1.46308303	1.36374497
0.00000240	0.00000000	0.00000000	0.00000000	0.00000000	1.50894272	1.45114219	1.37902224	1.47820210
0.00000260	0.00000000	0.00000000	0.00000000	0.00000000	1.38406467	1.47569156	1.46414697	1.37592125
0.00000280	0.00000000	0.00000000	0.00000000	0.00000000	1.51934922	1.41568196	1.47265947	1.43193221
0.00000300	0.00000000	0.00000000	0.00000000	0.00000000	1.38406467	1.47841930	1.48223603	1.53421307
0.00000320	0.00000000	0.00000000	0.00000000	0.00000000	1.40487766	1.58752775	1.50670946	1.49037838
0.00000360	0.00000000	0.00000000	0.00000000	0.00000000	1.50373948	1.53024578	1.47531962	1.44776130
0.00000400	0.00000000	0.00000000	0.00000000	0.00000000	1.34764194	1.48387468	1.52001023	1.47941971
0.00000440	0.00000000	0.00000000	0.00000000	0.00000000	1.49853623	1.40613496	1.45457053	1.52934253
0.00000480	0.00000000	0.00000000	0.00000000	0.00000000	1.38926792	1.50706029	1.48170400	1.43193221
0.00000520	0.00000000	0.00000000	0.00000000	0.00000000	1.64422727	1.47432768	1.45191038	1.46359050
0.00000560	0.00000000	0.00000000	0.00000000	0.00000000	1.60260129	1.46205306	1.44605803	1.38931513
0.00000600	0.00000000	0.00000000	0.00000000	0.00000000	1.50373948	1.51115179	1.43594944	1.45993769
0.00000640	0.00000000	0.00000000	0.00000000	0.00000000	1.40487766	1.53024578	1.43382132	1.37592125
0.00000720	0.00000000	0.00000000	0.00000000	0.00000000	1.41788590	1.49955904	1.48542821	1.44837022
0.00000800	0.00000000	0.00000000	0.00000000	0.00000000	1.61300778	1.48796630	1.46760523	1.45993769
0.00000880	0.00000000	0.00000000	0.00000000	0.00000000	1.37886143	1.51183379	1.42956507	1.42279994
0.00000960	0.00000000	0.00000000	0.00000000	0.00000000	1.48812973	1.46068919	1.43142712	1.46419930
0.00001040	0.00000000	0.00000000	0.00000000	0.00000000	1.47251999	1.47023618	1.46973336	1.36739779
0.00001120	0.00000000	0.00000000	0.00000000	0.00000000	1.29560947	1.45523369	1.46068883	1.45384955
0.00001200	0.00000000	0.00000000	0.00000000	0.00000000	1.55837357	1.49205780	1.43195915	1.42949688
0.00001280	0.00000000	0.00000000	0.00000000	0.00000000	1.49073136	1.48046505	1.42823493	1.43619382
0.00001440	0.00000000	0.00000000	0.00000000	0.00000000	1.43479645	1.46478069	1.42038751	1.41001487
0.00001600	0.00000000	0.00000000	0.00000000	0.00000000	1.47512162	1.51353860	1.43555045	1.42584407
0.00001760	0.00000000	0.00000000	0.00000000	0.00000000	1.45560944	1.50501442	1.43661451	1.43223655
0.00001920	0.00000000	0.00000000	0.00000000	0.00000000	1.51024354	1.43307114	1.42105258	1.43802035
0.00002080	0.00000000	0.00000000	0.00000000	0.00000000	1.40747929	1.44602776	1.41067803	1.37348592
0.00002240	0.00000000	0.00000000	0.00000000	0.00000000	1.47382081	1.43613970	1.42211664	1.39905620
0.00002400	0.00000000	0.00000000	0.00000000	0.00000000	1.42308915	1.41602290	1.39418507	1.43041015
0.00002560	0.00000000	0.00000000	0.00000000	0.00000000	1.44260132	1.47160006	1.40815091	1.37561679
0.00002880	0.00000000	0.00000000	0.00000000	0.00000000	1.41337430	1.41570485	1.40179002	1.37872458
0.00003200	0.00000000	0.00000000	0.00000000	0.00000000	1.41598809	1.41518986	1.38213408	1.33912110
0.00003520	0.00000000	0.00000000	0.00000000	0.00000000	1.37939584	1.39459026	1.38259733	1.37150419
0.00003840	0.00000000	0.00000000	0.00000000	0.00000000	1.44865966	1.40815163	1.39265692	1.34868181
0.00004160	0.00000000	0.00000000	0.00000000	0.00000000	1.45519400	1.40248680	1.36869931	1.33326125
0.00004480	0.00000000	0.00000000	0.00000000	0.00000000	1.43624449	1.40592003	1.34229290	1.32663035
0.00004800	0.00000000	0.00000000	0.00000000	0.00000000	1.33556139	1.40797997	1.34494007	1.30948770
0.00005120	0.00000000	0.00000000	0.00000000	0.00000000	1.41919732	1.38738048	1.33706450	1.32120705
0.00005760	0.00000000	0.00000000	0.00000000	0.00000000	1.38653195	1.39383197	1.32187724	1.28007388
0.00006400	0.00000000	0.00000000	0.00000000	0.00000000	1.39760590	1.36615586	1.30845189	1.25709009
0.00007040	0.00000000	0.00000000	0.00000000	0.00000000	1.33995593	1.34162199	1.29080319	1.25801456
0.00007680	0.00000000	0.00000000	0.00000000	0.00000000	1.36340678	1.34025109	1.27999902	1.23911476
0.00008320	0.00000000	0.00000000	0.00000000	0.00000000	1.37089801	1.34776306	1.26635754	1.24121952
0.00008960	0.00000000	0.00000000	0.00000000	0.00000000	1.37415504	1.32445776	1.24897170	1.21225178
0.00009600	0.00000000	0.00000000	0.00000000	0.00000000	1.37871504	1.32642853	1.24516094	1.22781420
0.00010240	0.00000000	0.00000000	0.00000000	0.00000000	1.32269347	1.31006336	1.22553158	1.20593441
0.00011520	0.00000000	0.00000000	0.00000000	0.00000000	1.31964850	1.28120589	1.20376980	1.17513919
0.00012800	0.00000000	0.00000000	0.00000000	0.00000000	1.28384542	1.27341557	1.18444884	1.16672063
0.00014080	0.00000000	0.00000000	0.00000000	0.00000000	1.28874993	1.24636352	1.17142999	1.15752590
0.00015360	0.00000000	0.00000000	0.00000000	0.00000000	1.25311029	1.24465144	1.16124713	1.13865876
0.00016640	0.00000000	0.00000000	0.00000000	0.00000000	1.27583468	1.23840201	1.14836264	1.12509918
0.00017920	0.00000000	0.00000000	0.00000000	0.00000000	1.25103593	1.21100748	1.13592446	1.10505080
0.00019200	0.00000000	0.00000000	0.00000000	0.00000000	1.26656771	1.18733704	1.11839485	1.09071827
0.00020480	0.00000000	0.00000000	0.00000000	0.00000000	1.23517728	1.19174576	1.11168039	1.08520889
0.00023040	0.00000000	0.00000000	0.00000000	0.00000000	1.21689498	1.15630734	1.10110247	1.07979703
0.00025600	0.00000000	0.00000000	0.00000000	0.00000000	1.17378545	1.13473618	1.08194053	1.05962920
0.00028160	0.00000000	0.00000000	0.00000000	0.00000000	1.16862547	1.12361991	1.07665503	1.05132055
0.00030720	0.00000000	0.00000000	0.00000000	0.00000000	1.14525449	1.10721219	1.06156421	1.03705561
0.00033280	0.00000000	0.00000000	0.00000000	0.00000000	1.11023426	1.09532773	1.05434978	1.04110801
0.00035840	0.00000000	0.00000000	0.00000000	0.00000000	1.14151013	1.09763205	1.03963101	1.03241634
0.00038400	0.00000000	0.00000000	0.00000000	0.00000000	1.11712205	1.07590938	1.03322291	1.02267027
0.00040960	0.00000000	0.00000000	0.00000000	0.00000000	1.10093057	1.06046247	1.03146827	1.01073122
0.00046080	0.00000000	0.00000000	0.00000000	0.00000000	1.09283352	1.05335724	1.02512205	1.00578487
0.00051200	0.00000000	0.00000000	0.00000000	0.00000000	1.06777608	1.04662418	1.02036333	1.00477779
0.00056320	0.00000000	0.00000000	0.00000000	0.00000000	1.04720151	1.03996599	1.01304471	0.99466538
0.00061440	0.00000000	0.00000000	0.00000000	0.00000000	1.04328060	1.02826321	1.00386560	0.98756373
0.00066560	0.00000000	0.00000000	0.00000000	0.00000000	1.04234910	1.02604032	0.99649894	0.99113923
0.00071680	0.00000000	0.00000000	0.00000000	0.00000000	1.03220081	1.01595306	0.99656481	0.99569297
0.00076800	0.00000000	0.00000000	0.00000000	0.00000000	1.02415788	1.01328111	0.99871445	0.98982596
0.00081920	0.00000000	0.00000000	0.00000000	0.00000000	1.02201581	1.00665462	1.00149775	1.00216472
0.00092160	0.00000000	0.00000000	0.00000000	0.00000000	1.00591683	0.99768758	1.00591588	0.99193645
0.00102400	0.00000000	0.00000000	0.00000000	0.00000000	1.01415002	0.99710685	1.00860417	0.99687701
0.00112640	0.00000000	0.00000000	0.00000000	0.00000000	1.00703037	0.99358481	1.00271106	0.99987918
0.00122880	0.00000000	0.00000000	0.00000000	0.00000000	1.01502120	0.99285895	0.99985671	1.00057530
0.00133120	0.00000000	0.00000000	0.00000000	0.00000000	1.01247191	0.99794114	0.99861246	1.00460863
0.00143360	0.00000000	0.00000000	0.00000000	0.00000000	1.02207875	0.99829757	0.99333823	0.99989414
0.00153600	0.00000000	0.00000000	0.00000000	0.00000000	1.00801957	0.99792677	0.99108297	0.99874687
0.00163840	0.00000000	0.00000000	0.00000000	0.00000000	1.00049615	0.99648583	0.99023974	0.99268472
0.00184320	0.00000000	0.00000000	0.00000000	0.00000000	1.00502968	0.99729073	1.00105917	0.99943703
0.00204800	0.00000000	0.00000000	0.00000000	0.00000000	0.98778242	0.99248248	1.01053643	1.00548983
0.00225280	0.00000000	0.00000000	0.00000000	0.00000000	0.99977607	0.98344004	1.00418854	0.99730164
0.00245760	0.00000000	0.00000000	0.00000000	0.00000000	0.99637991	0.98877078	1.00690484	0.99962586
0.00266240	0.00000000	0.00000000	0.00000000	0.00000000	1.00426376	0.99444449	1.00577223	1.00570428
0.00286720	0.00000000	0.00000000	0.00000000	0.00000000	1.00485587	0.98568070	0.99586046	1.00743783
0.00307200	0.00000000	0.00000000	0.00000000	0.00000000	0.99833238	0.98514402	1.00330377	1.00563729
0.00327680	0.00000000	0.00000000	0.00000000	0.00000000	1.00405991	0.98797733	1.00555301	1.00642848
0.00368640	0.00000000	0.00000000	0.00000000	0.00000000	0.99351197	0.98190808	0.99521434	1.00223148
0.00409600	0.00000000	0.00000000	0.00000000	0.00000000	1.00093293	0.98978430	0.99295080	0.99767262
0.00450560	0.00000000	0.00000000	0.00000000	0.00000000	0.99835366	0.99602753	0.98732531	1.00280952
0.00491520	0.00000000	0.00000000	0.00000000	0.00000000	0.99817234	1.00185537	0.98660636	0.99615932
0.00532480	0.00000000	0.00000000	0.00000000	0.00000000	1.00005150	1.01392508	0.99526477	0.99516028
0.00573440	0.00000000	0.00000000	0.00000000	0.00000000	0.99556011	1.01262534	1.00097835	0.99861634
0.00614400	0.00000000	0.00000000	0.00000000	0.00000000	0.99588388	1.01202154	0.99600852	1.00306082
0.00655360	0.00000000	0.00000000	0.00000000	0.00000000	1.00816941	1.00147760	0.99625623	0.99719781
0.00737280	0.00000000	0.00000000	0.00000000	0.00000000	1.01372135	1.00410843	1.00356591	1.00584793
0.00819200	0.00000000	0.00000000	0.00000000	0.00000000	0.99903023	1.00558674	1.00240588	0.99989182
0.00901120	0.00000000	0.00000000	0.00000000	0.00000000	1.00434387	1.00423229	0.99240822	0.99717176
0.00983040	0.00000000	0.00000000	0.00000000	0.00000000	1.00077987	0.99245888	0.99553168	0.99805403
0.01064960	0.00000000	0.00000000	0.00000000	0.00000000	1.00178623	1.00496089	1.00699615	1.00005209
0.01146880	0.00000000	0.00000000	0.00000000	0.00000000	1.00756431	0.99541652	0.99622923	1.00106871
0.01228800	0.00000000	0.00000000	0.00000000	0.00000000	0.99608707	1.00586271	0.98668057	0.99984634
0.01310720	0.00000000	0.00000000	0.00000000	0.00000000	0.99899018	0.99111629	0.99617493	0.99653113
0.01474560	0.00000000	0.00000000	0.00000000	0.00000000	1.00320065	1.00547552	1.00002062	1.00272202
0.01638400	0.00000000	0.00000000	0.00000000	0.00000000	0.99735594	0.99967170	1.00125539	0.99620432
0.01802240	0.00000000	0.00000000	0.00000000	0.00000000	1.00226009	0.99849975	0.99980855	0.99609315
0.01966080	0.00000000	0.00000000	0.00000000	0.00000000	1.00197840	1.00199103	1.00081956	0.99511045
0.02129920	0.00000000	0.00000000	0.00000000	0.00000000	0.99688345	0.98995942	1.00394166	1.00043535
0.02293760	0.00000000	0.00000000	0.00000000	0.00000000	0.99240947	0.99798077	1.00097215	0.99833047
0.02457600	0.00000000	0.00000000	0.00000000	0.00000000	1.00077629	1.00989604	1.00460911	1.00084293
0.02621440	0.00000000	0.00000000	0.00000000	0.00000000	0.99384773	1.00061786	0.99346668	0.99732679
0.02949120	0.00000000	0.00000000	0.00000000	0.00000000	1.00271368	1.00089502	0.99928832	1.00101042
0.03276800	0.00000000	0.00000000	0.00000000	0.00000000	0.99846691	0.99728841	0.99967480	0.99761039
0.03604480	0.00000000	0.00000000	0.00000000	0.00000000	1.00366318	0.99459761	1.00374377	1.00129509
0.03932160	0.00000000	0.00000000	0.00000000	0.00000000	1.00548708	1.00606561	1.00355256	1.00178504
0.04259840	0.00000000	0.00000000	0.00000000	0.00000000	1.00123763	0.99503183	1.00084591	1.00089228
0.04587520	0.00000000	0.00000000	0.00000000	0.00000000	0.99079883	1.00328803	0.99796760	0.99863458
0.04915200	0.00000000	0.00000000	0.00000000	0.00000000	1.00260258	0.99731606	0.99947351	1.00039351
0.05242880	0.00000000	0.00000000	0.00000000	0.00000000	0.99606192	1.00212443	1.00182509	0.99963355
0.05898240	0.00000000	0.00000000	0.00000000	0.00000000	0.99736077	0.99959886	1.00041747	0.99814904
0.06553600	0.00000000	0.00000000	0.00000000	0.00000000	0.99371570	0.99560493	0.99835855	1.00125062
0.07208960	0.00000000	0.00000000	0.00000000	0.00000000	1.00018084	0.99638218	1.00115633	1.00308335
0.07864320	0.00000000	0.00000000	0.00000000	0.00000000	1.00265098	1.00113344	0.99768639	1.00202847
0.08519680	0.00000000	0.00000000	0.00000000	0.00000000	0.99662352	1.00245142	1.00043154	0.99867976
0.09175040	0.00000000	0.00000000	0.00000000	0.00000000	1.00040936	1.00013745	0.99977326	0.99977952
0.09830400	0.00000000	0.00000000	0.00000000	0.00000000	0.99962378	0.99662012	0.99817538	0.99818438
0.10485760	0.00000000	0.00000000	0.00000000	0.00000000	0.99923831	0.99719715	1.00108838	0.99985033
0.11796480	0.00000000	0.00000000	0.00000000	0.00000000	1.00610256	0.99794751	0.99909997	1.00224495
0.13107200	0.00000000	0.00000000	0.00000000	0.00000000	0.99841297	0.99940395	1.00014758	0.99901122
0.14417920	0.00000000	0.00000000	0.00000000	0.00000000	0.99712485	1.00048161	0.99754387	1.00107408
0.15728641	0.00000000	0.00000000	0.00000000	0.00000000	0.99719930	1.00047278	1.00008559	0.99893999
0.17039360	0.00000000	0.00000000	0.00000000	0.00000000	0.99535066	1.00421250	0.99839473	0.99968541
0.18350080	0.00000000	0.00000000	0.00000000	0.00000000	0.99712288	0.99889892	0.99903017	1.00012159
0.19660801	0.00000000	0.00000000	0.00000000	0.00000000	1.00417137	0.99753428	1.00166428	1.00065029
0.20971520	0.00000000	0.00000000	0.00000000	0.00000000	1.00148201	0.99972904	1.00015140	1.00140297
0.23592959	0.00000000	0.00000000	0.00000000	0.00000000	1.00119257	0.99928069	1.00034189	1.00033498
0.26214400	0.00000000	0.00000000	0.00000000	0.00000000	0.99941820	1.00071478	0.99964321	0.99883997
0.28835839	0.00000000	0.00000000	0.00000000	0.00000000	0.99726695	0.99845713	1.00031996	0.99956071
0.31457281	0.00000000	0.00000000	0.00000000	0.00000000	1.00066030	1.00058460	0.99927652	1.00073445
0.34078720	0.00000000	0.00000000	0.00000000	0.00000000	0.99724382	1.00012350	0.99929327	0.99911565
0.36700159	0.00000000	0.00000000	0.00000000	0.00000000	0.99972600	1.00008786	1.00088048	0.99978042
0.39321601	0.00000000	0.00000000	0.00000000	0.00000000	0.99717098	1.00098658	0.99957728	0.99900967
0.41943040	0.00000000	0.00000000	0.00000000	0.00000000	1.00144148	1.00145876	1.00028849	1.00037098
0.47185919	0.00000000	0.00000000	0.00000000	0.00000000	1.00102448	0.99961519	0.99964875	0.99972123
0.52428800	0.00000000	0.00000000	0.00000000	0.00000000	0.99981201	1.00021446	0.99885970	1.00059700
0.57671678	0.00000000	0.00000000	0.00000000	0.00000000	1.00075567	1.00052989	0.99999970	0.99946821
0.62914562	0.00000000	0.00000000	0.00000000	0.00000000	1.00118542	0.99899405	1.00073814	1.00064695
0.68157440	0.00000000	0.00000000	0.00000000	0.00000000	0.99884242	0.99943787	1.00027621	0.99919397
0.73400319	0.00000000	0.00000000	0.00000000	0.00000000	1.00307477	1.00073791	0.99969089	0.99959952
0.78643203	0.00000000	0.00000000	0.00000000	0.00000000	1.00027287	0.99920434	1.00070286	0.99936402
0.83886081	0.00000000	0.00000000	0.00000000	0.00000000	0.99992305	1.00059819	1.00097609	1.00047529
0.94371837	0.00000000	0.00000000	0.00000000	0.00000000	0.99756730	0.99941134	0.99990094	0.99990851
1.04857600	0.00000000	0.00000000	0.00000000	0.00000000	0.99775338	1.00009966	1.00007021	1.00001061
1.15343356	0.00000000	0.00000000	0.00000000	0.00000000	1.00000000	1.00000000	1.00000000	1.00000000
1.25829124	0.00000000	0.00000000	0.00000000	0.00000000	0.00000000	0.00000000	0.00000000	0.00000000
1.36314881	0.00000000	0.00000000	0.00000000	0.00000000	0.00000000	0.00000000	0.00000000	0.00000000
1.46800637	0.00000000	0.00000000	0.00000000	0.00000000	0.00000000	0.00000000	0.00000000	0.00000000
1.57286406	0.00000000	0.00000000	0.00000000	0.00000000	0.00000000	0.00000000	0.00000000	0.00000000
1.67772162	0.00000000	0.00000000	0.00000000	0.00000000	0.00000000	0.00000000	0.00000000	0.00000000
1.88743675	0.00000000	0.00000000	0.00000000	0.00000000	0.00000000	0.00000000	0.00000000	0.00000000
2.09715199	0.00000000	0.00000000	0.00000000	0.00000000	0.00000000	0.00000000	0.00000000	0.00000000
2.30686712	0.00000000	0.00000000	0.00000000	0.00000000	0.00000000	0.00000000	0.00000000	0.00000000
2.51658249	0.00000000	0.00000000	0.00000000	0.00000000	0.00000000	0.00000000	0.00000000	0.00000000
2.72629762	0.00000000	0.00000000	0.00000000	0.00000000	0.00000000	0.00000000	0.00000000	0.00000000
2.93601274	0.00000000	0.00000000	0.00000000	0.00000000	0.00000000	0.00000000	0.00000000	0.00000000
3.14572811	0.00000000	0.00000000	0.00000000	0.00000000	0.00000000	0.00000000	0.00000000	0.00000000
3.35544324	0.00000000	0.00000000	0.00000000	0.00000000	0.00000000	0.00000000	0.00000000	0.00000000
3.77487350	0.00000000	0.00000000	0.00000000	0.00000000	0.00000000	0.00000000	0.00000000	0.00000000
4.19430399	0.00000000	0.00000000	0.00000000	0.00000000	0.00000000	0.00000000	0.00000000	0.00000000
4.61373425	0.00000000	0.00000000	0.00000000	0.00000000	0.00000000	0.00000000	0.00000000	0.00000000
5.03316498	0.00000000	0.00000000	0.00000000	0.00000000	0.00000000	0.00000000	0.00000000	0.00000000
5.45259523	0.00000000	0.00000000	0.00000000	0.00000000	0.00000000	0.00000000	0.00000000	0.00000000
5.87202549	0.00000000	0.00000000	0.00000000	0.00000000	0.00000000	0.00000000	0.00000000	0.00000000
6.29145622	0.00000000	0.00000000	0.00000000	0.00000000	0.00000000	0.00000000	0.00000000	0.00000000
6.71088648	0.00000000	0.00000000	0.00000000	0.00000000	0.00000000	0.00000000	0.00000000	0.00000000
7.54974699	0.00000000	0.00000000	0.00000000	0.00000000	0.00000000	0.00000000	0.00000000	0.00000000
8.38860798	0.00000000	0.00000000	0.00000000	0.00000000	0.00000000	0.00000000	0.00000000	0.00000000
9.22746849	0.00000000	0.00000000	0.00000000	0.00000000	0.00000000	0.00000000	0.00000000	0.00000000
10.06632996	0.00000000	0.00000000	0.00000000	0.00000000	0.00000000	0.00000000	0.00000000	0.00000000
10.90519047	0.00000000	0.00000000	0.00000000	0.00000000	0.00000000	0.00000000	0.00000000	0.00000000
11.74405098	0.00000000	0.00000000	0.00000000	0.00000000	0.00000000	0.00000000	0.00000000	0.00000000
12.58291245	0.00000000	0.00000000	0.00000000	0.00000000	0.00000000	0.00000000	0.00000000	0.00000000
13.42177296	0.00000000	0.00000000	0.00000000	0.00000000	0.00000000	0.00000000	0.00000000	0.00000000
15.09949398	0.00000000	0.00000000	0.00000000	0.00000000	0.00000000	0.00000000	0.00000000	0.00000000
16.77721596	0.00000000	0.00000000	0.00000000	0.00000000	0.00000000	0.00000000	0.00000000	0.00000000
18.45493698	0.00000000	0.00000000	0.00000000	0.00000000	0.00000000	0.00000000	0.00000000	0.00000000
20.13265991	0.00000000	0.00000000	0.00000000	0.00000000	0.00000000	0.00000000	0.00000000	0.00000000
21.81038094	0.00000000	0.00000000	0.00000000	0.00000000	0.00000000	0.00000000	0.00000000	0.00000000
23.48810196	0.00000000	0.00000000	0.00000000	0.00000000	0.00000000	0.00000000	0.00000000	0.00000000
25.16582489	0.00000000	0.00000000	0.00000000	0.00000000	0.00000000	0.00000000	0.00000000	0.00000000
26.84354591	0.00000000	0.00000000	0.00000000	0.00000000	0.00000000	0.00000000	0.00000000	0.00000000
30.19898796	0.00000000	0.00000000	0.00000000	0.00000000	0.00000000	0.00000000	0.00000000	0.00000000
33.55443192	0.00000000	0.00000000	0.00000000	0.00000000	0.00000000	0.00000000	0.00000000	0.00000000
36.90987396	0.00000000	0.00000000	0.00000000	0.00000000	0.00000000	0.00000000	0.00000000	0.00000000
40.26531982	0.00000000	0.00000000	0.00000000	0.00000000	0.00000000	0.00000000	0.00000000	0.00000000
43.62076187	0.00000000	0.00000000	0.00000000	0.00000000	0.00000000	0.00000000	0.00000000	0.00000000
46.97620392	0.00000000	0.00000000	0.00000000	0.00000000	0.00000000	0.00000000	0.00000000	0.00000000
50.33164978	0.00000000	0.00000000	0.00000000	0.00000000	0.00000000	0.00000000	0.00000000	0.00000000
53.68709183	0.00000000	0.00000000	0.00000000	0.00000000	0.00000000	0.00000000	0.00000000	0.00000000
60.39797592	0.00000000	0.00000000	0.00000000	0.00000000	0.00000000	0.00000000	0.00000000	0.00000000
67.10886383	0.00000000	0.00000000	0.00000000	0.00000000	0.00000000	0.00000000	0.00000000	0.00000000
73.81974792	0.00000000	0.00000000	0.00000000	0.00000000	0.00000000	0.00000000	0.00000000	0.00000000
80.53063965	0.00000000	0.00000000	0.00000000	0.00000000	0.00000000	0.00000000	0.00000000	0.00000000
87.24152374	0.00000000	0.00000000	0.00000000	0.00000000	0.00000000	0.00000000	0.00000000	0.00000000
93.95240784	0.00000000	0.00000000	0.00000000	0.00000000	0.00000000	0.00000000	0.00000000	0.00000000
100.66329956	0.00000000	0.00000000	0.00000000	0.00000000	0.00000000	0.00000000	0.00000000	0.00000000
107.37418365	0.00000000	0.00000000	0.00000000	0.00000000	0.00000000	0.00000000	0.00000000	0.00000000
120.79595184	0.00000000	0.00000000	0.00000000	0.00000000	0.00000000	0.00000000	0.00000000	0.00000000
134.21772766	0.00000000	0.00000000	0.00000000	0.00000000	0.00000000	0.00000000	0.00000000	0.00000000
147.63949585	0.00000000	0.00000000	0.00000000	0.00000000	0.00000000	0.00000000	0.00000000	0.00000000
161.06127930	0.00000000	0.00000000	0.00000000	0.00000000	0.00000000	0.00000000	0.00000000	0.00000000
174.48304749	0.00000000	0.00000000	0.00000000	0.00000000	0.00000000	0.00000000	0.00000000	0.00000000
187.90481567	0.00000000	0.00000000	0.00000000	0.00000000	0.00000000	0.00000000	0.00000000	0.00000000
201.32659912	0.00000000	0.00000000	0.00000000	0.00000000	0.00000000	0.00000000	0.00000000	0.00000000
214.74836731	0.00000000	0.00000000	0.00000000	0.00000000	0.00000000	0.00000000	0.00000000	0.00000000
241.59190369	0.00000000	0.00000000	0.00000000	0.00000000	0.00000000	0.00000000	0.00000000	0.00000000
268.43545532	0.00000000	0.00000000	0.00000000	0.00000000	0.00000000	0.00000000	0.00000000	0.00000000
295.27899170	0.00000000	0.00000000	0.00000000	0.00000000	0.00000000	0.00000000	0.00000000	0.00000000
322.12255859	0.00000000	0.00000000	0.00000000	0.00000000	0.00000000	0.00000000	0.00000000	0.00000000
348.96609497	0.00000000	0.00000000	0.00000000	0.00000000	0.00000000	0.00000000	0.00000000	0.00000000
375.80963135	0.00000000	0.00000000	0.00000000	0.00000000	0.00000000	0.00000000	0.00000000	0.00000000
402.65319824	0.00000000	0.00000000	0.00000000	0.00000000	0.00000000	0.00000000	0.00000000	0.00000000
429.49673462	0.00000000	0.00000000	0.00000000	0.00000000	0.00000000	0.00000000	0.00000000	0.00000000
483.18380737	0.00000000	0.00000000	0.00000000	0.00000000	0.00000000	0.00000000	0.00000000	0.00000000
536.87091064	0.00000000	0.00000000	0.00000000	0.00000000	0.00000000	0.00000000	0.00000000	0.00000000
590.55798340	0.00000000	0.00000000	0.00000000	0.00000000	0.00000000	0.00000000	0.00000000	0.00000000
644.24511719	0.00000000	0.00000000	0.00000000	0.00000000	0.00000000	0.00000000	0.00000000	0.00000000
697.93218994	0.00000000	0.00000000	0.00000000	0.00000000	0.00000000	0.00000000	0.00000000	0.00000000
751.61926270	0.00000000	0.00000000	0.00000000	0.00000000	0.00000000	0.00000000	0.00000000	0.00000000
805.30639648	0.00000000	0.00000000	0.00000000	0.00000000	0.00000000	0.00000000	0.00000000	0.00000000
858.99346924	0.00000000	0.00000000	0.00000000	0.00000000	0.00000000	0.00000000	0.00000000	0.00000000
966.36761475	0.00000000	0.00000000	0.00000000	0.00000000	0.00000000	0.00000000	0.00000000	0.00000000
1073.74182129	0.00000000	0.00000000	0.00000000	0.00000000	0.00000000	0.00000000	0.00000000	0.00000000
1181.11596680	0.00000000	0.00000000	0.00000000	0.00000000	0.00000000	0.00000000	0.00000000	0.00000000
1288.49023437	0.00000000	0.00000000	0.00000000	0.00000000	0.00000000	0.00000000	0.00000000	0.00000000
1395.86437988	0.00000000	0.00000000	0.00000000	0.00000000	0.00000000	0.00000000	0.00000000	0.00000000
1503.23852539	0.00000000	0.00000000	0.00000000	0.00000000	0.00000000	0.00000000	0.00000000	0.00000000
1610.61279297	0.00000000	0.00000000	0.00000000	0.00000000	0.00000000	0.00000000	0.00000000	0.00000000
1717.98693848	0.00000000	0.00000000	0.00000000	0.00000000	0.00000000	0.00000000	0.00000000	0.00000000
1932.73522949	0.00000000	0.00000000	0.00000000	0.00000000	0.00000000	0.00000000	0.00000000	0.00000000
2147.48364258	0.00000000	0.00000000	0.00000000	0.00000000	0.00000000	0.00000000	0.00000000	0.00000000
2362.23193359	0.00000000	0.00000000	0.00000000	0.00000000	0.00000000	0.00000000	0.00000000	0.00000000
2576.98046875	0.00000000	0.00000000	0.00000000	0.00000000	0.00000000	0.00000000	0.00000000	0.00000000
2791.72875977	0.00000000	0.00000000	0.00000000	0.00000000	0.00000000	0.00000000	0.00000000	0.00000000
3006.47705078	0.00000000	0.00000000	0.00000000	0.00000000	0.00000000	0.00000000	0.00000000	0.00000000
3221.22558594	0.00000000	0.00000000	0.00000000	0.00000000	0.00000000	0.00000000	0.00000000	0.00000000
3435.97387695	0.00000000	0.00000000	0.00000000	0.00000000	0.00000000	0.00000000	0.00000000	0.00000000
0	0	0	0	0	0	0	0	0
