%2/14/2019 2:26:25 PM
%Duration	ID1		ID2		ID3		ID4		ID5		ID6		ID7		ID8
3000.000000	0.000000	0.000000	0.000000	0.000000	42.877197	179.004669	124.044418	99.906921
%Tau		Tau1		Tau2		Tau3		Tau4		Tau5		Tau6		Tau7		Tau8
%		0.000000	0.000000	0.000000	0.000000	0.000115	0.000083	0.000058	0.000048
%Delaytime	D1		D2		D3		D4		D5		D6		D7		D8
0.00000020	0.00000000	0.00000000	0.00000000	0.00000000	2.01180649	1.83671534	2.17365789	1.66866398
0.00000040	0.00000000	0.00000000	0.00000000	0.00000000	1.62931943	1.53572392	1.56631553	1.52833760
0.00000060	0.00000000	0.00000000	0.00000000	0.00000000	1.49619901	1.49192059	1.51824772	1.49952662
0.00000080	0.00000000	0.00000000	0.00000000	0.00000000	1.41182685	1.46657717	1.49291480	1.49071383
0.00000100	0.00000000	0.00000000	0.00000000	0.00000000	1.52244806	1.48806167	1.49313128	1.51240683
0.00000120	0.00000000	0.00000000	0.00000000	0.00000000	1.42120159	1.49327636	1.46108615	1.45410693
0.00000140	0.00000000	0.00000000	0.00000000	0.00000000	1.46057522	1.48701870	1.43467045	1.47241032
0.00000160	0.00000000	0.00000000	0.00000000	0.00000000	1.49807394	1.47262621	1.49161565	1.48630738
0.00000180	0.00000000	0.00000000	0.00000000	0.00000000	1.49994886	1.47836232	1.45588958	1.48596847
0.00000200	0.00000000	0.00000000	0.00000000	0.00000000	1.44557571	1.48295128	1.49118257	1.44902265
0.00000220	0.00000000	0.00000000	0.00000000	0.00000000	1.52244806	1.48065686	1.44701219	1.50088239
0.00000240	0.00000000	0.00000000	0.00000000	0.00000000	1.42120159	1.46063244	1.46974695	1.41919482
0.00000260	0.00000000	0.00000000	0.00000000	0.00000000	1.48119950	1.47471213	1.47602606	1.48359585
0.00000280	0.00000000	0.00000000	0.00000000	0.00000000	1.53369772	1.48712301	1.48663568	1.45376801
0.00000300	0.00000000	0.00000000	0.00000000	0.00000000	1.43432605	1.46939313	1.44744527	1.47817254
0.00000320	0.00000000	0.00000000	0.00000000	0.00000000	1.48494935	1.48482859	1.44917738	1.47885048
0.00000360	0.00000000	0.00000000	0.00000000	0.00000000	1.48213696	1.46814156	1.44235706	1.44631100
0.00000400	0.00000000	0.00000000	0.00000000	0.00000000	1.47276235	1.46068454	1.44636261	1.45986915
0.00000440	0.00000000	0.00000000	0.00000000	0.00000000	1.41745162	1.45312333	1.44127440	1.45173430
0.00000480	0.00000000	0.00000000	0.00000000	0.00000000	1.44932556	1.45181966	1.43586135	1.44546366
0.00000520	0.00000000	0.00000000	0.00000000	0.00000000	1.47463727	1.46819377	1.44354784	1.43088865
0.00000560	0.00000000	0.00000000	0.00000000	0.00000000	1.44463825	1.44884729	1.42276180	1.46817350
0.00000600	0.00000000	0.00000000	0.00000000	0.00000000	1.45682538	1.44905591	1.44030011	1.42546546
0.00000640	0.00000000	0.00000000	0.00000000	0.00000000	1.48869920	1.43831360	1.43975878	1.45868278
0.00000720	0.00000000	0.00000000	0.00000000	0.00000000	1.47323108	1.44616175	1.43802655	1.43732882
0.00000800	0.00000000	0.00000000	0.00000000	0.00000000	1.49057424	1.44298077	1.41323495	1.41580534
0.00000880	0.00000000	0.00000000	0.00000000	0.00000000	1.45776284	1.42715418	1.41761947	1.42190647
0.00000960	0.00000000	0.00000000	0.00000000	0.00000000	1.45166922	1.42355609	1.40636039	1.41326308
0.00001040	0.00000000	0.00000000	0.00000000	0.00000000	1.49104297	1.43096089	1.40917516	1.39063799
0.00001120	0.00000000	0.00000000	0.00000000	0.00000000	1.44979429	1.42436433	1.39851141	1.37174141
0.00001200	0.00000000	0.00000000	0.00000000	0.00000000	1.43620110	1.42381680	1.40202987	1.39529860
0.00001280	0.00000000	0.00000000	0.00000000	0.00000000	1.48354316	1.41883671	1.38427520	1.38292682
0.00001440	0.00000000	0.00000000	0.00000000	0.00000000	1.46619999	1.41032386	1.38108146	1.36665714
0.00001600	0.00000000	0.00000000	0.00000000	0.00000000	1.44346642	1.41317880	1.36568141	1.33903253
0.00001760	0.00000000	0.00000000	0.00000000	0.00000000	1.46807492	1.39540982	1.36408460	1.33962572
0.00001920	0.00000000	0.00000000	0.00000000	0.00000000	1.42659199	1.39185083	1.35409749	1.34208310
0.00002080	0.00000000	0.00000000	0.00000000	0.00000000	1.41721725	1.37997437	1.34779131	1.30467117
0.00002240	0.00000000	0.00000000	0.00000000	0.00000000	1.41088939	1.36931038	1.32854795	1.30657780
0.00002400	0.00000000	0.00000000	0.00000000	0.00000000	1.39237440	1.36215317	1.32142985	1.30306113
0.00002560	0.00000000	0.00000000	0.00000000	0.00000000	1.38510907	1.36051059	1.31282306	1.30704379
0.00002880	0.00000000	0.00000000	0.00000000	0.00000000	1.38835955	1.35172439	1.30189407	1.26889181
0.00003200	0.00000000	0.00000000	0.00000000	0.00000000	1.38129473	1.33761108	1.28956521	1.26686263
0.00003520	0.00000000	0.00000000	0.00000000	0.00000000	1.38341415	1.32678270	1.26347458	1.24794734
0.00003840	0.00000000	0.00000000	0.00000000	0.00000000	1.37576056	1.30691206	1.26129818	1.21971202
0.00004160	0.00000000	0.00000000	0.00000000	0.00000000	1.36975551	1.30253136	1.25091600	1.20681226
0.00004480	0.00000000	0.00000000	0.00000000	0.00000000	1.35433054	1.29216695	1.23612678	1.20105076
0.00004800	0.00000000	0.00000000	0.00000000	0.00000000	1.33949435	1.27600217	1.22735333	1.18480432
0.00005120	0.00000000	0.00000000	0.00000000	0.00000000	1.34608829	1.27113056	1.21194923	1.16020834
0.00005760	0.00000000	0.00000000	0.00000000	0.00000000	1.33029652	1.25334251	1.18769276	1.16646433
0.00006400	0.00000000	0.00000000	0.00000000	0.00000000	1.30688345	1.23400295	1.16846931	1.14146507
0.00007040	0.00000000	0.00000000	0.00000000	0.00000000	1.28330410	1.22063661	1.15837407	1.12452006
0.00007680	0.00000000	0.00000000	0.00000000	0.00000000	1.28300941	1.20519865	1.13845348	1.10542095
0.00008320	0.00000000	0.00000000	0.00000000	0.00000000	1.26108062	1.19128036	1.13144839	1.09421039
0.00008960	0.00000000	0.00000000	0.00000000	0.00000000	1.24322927	1.17711151	1.11349523	1.08017087
0.00009600	0.00000000	0.00000000	0.00000000	0.00000000	1.24841678	1.16511226	1.10397243	1.07537591
0.00010240	0.00000000	0.00000000	0.00000000	0.00000000	1.22448349	1.15319860	1.09439027	1.06363189
0.00011520	0.00000000	0.00000000	0.00000000	0.00000000	1.20536435	1.13385904	1.07780170	1.05702853
0.00012800	0.00000000	0.00000000	0.00000000	0.00000000	1.18810904	1.11677623	1.06692064	1.04405248
0.00014080	0.00000000	0.00000000	0.00000000	0.00000000	1.17397511	1.09834802	1.05376637	1.03112233
0.00015360	0.00000000	0.00000000	0.00000000	0.00000000	1.15477645	1.08751965	1.04622769	1.02497852
0.00016640	0.00000000	0.00000000	0.00000000	0.00000000	1.13793337	1.07728922	1.04049766	1.02052021
0.00017920	0.00000000	0.00000000	0.00000000	0.00000000	1.12145269	1.06631649	1.02857494	1.01528883
0.00019200	0.00000000	0.00000000	0.00000000	0.00000000	1.11185336	1.05681634	1.02766955	1.01464808
0.00020480	0.00000000	0.00000000	0.00000000	0.00000000	1.10698581	1.05098474	1.02134800	1.00747347
0.00023040	0.00000000	0.00000000	0.00000000	0.00000000	1.08805680	1.03882802	1.01316202	1.00247049
0.00025600	0.00000000	0.00000000	0.00000000	0.00000000	1.06869531	1.03138900	1.01119304	1.00327969
0.00028160	0.00000000	0.00000000	0.00000000	0.00000000	1.06523311	1.02474463	1.00886655	1.00102448
0.00030720	0.00000000	0.00000000	0.00000000	0.00000000	1.05798769	1.01753020	1.00505459	1.00213695
0.00033280	0.00000000	0.00000000	0.00000000	0.00000000	1.04523957	1.01581061	1.00467062	0.99943548
0.00035840	0.00000000	0.00000000	0.00000000	0.00000000	1.03632510	1.01135623	0.99919927	1.00462997
0.00038400	0.00000000	0.00000000	0.00000000	0.00000000	1.03938198	1.01021767	1.00264728	1.00291967
0.00040960	0.00000000	0.00000000	0.00000000	0.00000000	1.02853596	1.00792146	1.00172853	1.00387716
0.00046080	0.00000000	0.00000000	0.00000000	0.00000000	1.01504064	1.00585151	0.99828100	1.00196111
0.00051200	0.00000000	0.00000000	0.00000000	0.00000000	1.00880742	1.00319624	0.99705559	1.00256884
0.00056320	0.00000000	0.00000000	0.00000000	0.00000000	1.01028204	1.00319326	0.99849951	1.00164485
0.00061440	0.00000000	0.00000000	0.00000000	0.00000000	1.00418317	1.00407493	1.00233960	0.99806482
0.00066560	0.00000000	0.00000000	0.00000000	0.00000000	1.00484443	1.00473261	1.00059044	1.00212073
0.00071680	0.00000000	0.00000000	0.00000000	0.00000000	1.00377810	1.00363708	0.99805945	1.00415468
0.00076800	0.00000000	0.00000000	0.00000000	0.00000000	0.99805892	1.00104415	0.99858260	1.00614023
0.00081920	0.00000000	0.00000000	0.00000000	0.00000000	0.99305254	0.99981576	0.99768209	1.00479734
0.00092160	0.00000000	0.00000000	0.00000000	0.00000000	0.99834323	1.00379610	0.99851888	1.00002110
0.00102400	0.00000000	0.00000000	0.00000000	0.00000000	0.99752498	1.00318635	0.99933094	1.00170064
0.00112640	0.00000000	0.00000000	0.00000000	0.00000000	1.00297093	1.00133753	0.99801093	0.99661207
0.00122880	0.00000000	0.00000000	0.00000000	0.00000000	0.99608546	1.00242496	0.99772960	1.00465083
0.00133120	0.00000000	0.00000000	0.00000000	0.00000000	0.99527085	1.00391471	1.00168860	1.00077891
0.00143360	0.00000000	0.00000000	0.00000000	0.00000000	0.99365199	1.00336480	0.99752468	0.99906266
0.00153600	0.00000000	0.00000000	0.00000000	0.00000000	0.99582303	0.99773574	1.00309741	0.99961960
0.00163840	0.00000000	0.00000000	0.00000000	0.00000000	1.00097346	1.00306737	1.00228119	1.00463748
0.00184320	0.00000000	0.00000000	0.00000000	0.00000000	0.99717832	1.00407052	1.00219476	1.00294268
0.00204800	0.00000000	0.00000000	0.00000000	0.00000000	0.99631882	0.99872118	0.99963015	1.00043762
0.00225280	0.00000000	0.00000000	0.00000000	0.00000000	0.99749333	0.99716014	0.99858660	1.00034368
0.00245760	0.00000000	0.00000000	0.00000000	0.00000000	0.99799079	0.99965090	1.00168216	1.00141478
0.00266240	0.00000000	0.00000000	0.00000000	0.00000000	1.00055659	1.00075603	1.00505757	0.99931657
0.00286720	0.00000000	0.00000000	0.00000000	0.00000000	0.99962223	1.00071919	1.00338018	0.99866802
0.00307200	0.00000000	0.00000000	0.00000000	0.00000000	0.99465716	1.00096917	1.00125372	1.00060999
0.00327680	0.00000000	0.00000000	0.00000000	0.00000000	0.99880981	1.00101042	0.99816728	1.00105715
0.00368640	0.00000000	0.00000000	0.00000000	0.00000000	0.99985385	1.00237298	0.99946374	1.00019920
0.00409600	0.00000000	0.00000000	0.00000000	0.00000000	1.00302494	1.00136757	1.00084651	1.00011277
0.00450560	0.00000000	0.00000000	0.00000000	0.00000000	1.00471735	1.00138795	0.99986029	1.00034165
0.00491520	0.00000000	0.00000000	0.00000000	0.00000000	1.00756371	0.99897653	1.00020552	0.99973494
0.00532480	0.00000000	0.00000000	0.00000000	0.00000000	1.00104249	1.00317264	1.00008988	1.00128329
0.00573440	0.00000000	0.00000000	0.00000000	0.00000000	0.99671203	1.00149906	0.99746925	1.00047708
0.00614400	0.00000000	0.00000000	0.00000000	0.00000000	0.99151421	0.99965787	0.99783254	1.00067103
0.00655360	0.00000000	0.00000000	0.00000000	0.00000000	0.99643183	1.00066626	0.99893016	0.99938637
0.00737280	0.00000000	0.00000000	0.00000000	0.00000000	1.00014269	1.00006557	1.00100887	0.99914056
0.00819200	0.00000000	0.00000000	0.00000000	0.00000000	1.00183928	0.99982780	0.99966866	0.99964821
0.00901120	0.00000000	0.00000000	0.00000000	0.00000000	0.99880636	0.99889398	1.00115681	0.99936229
0.00983040	0.00000000	0.00000000	0.00000000	0.00000000	0.99900645	0.99770230	0.99999970	0.99946827
0.01064960	0.00000000	0.00000000	0.00000000	0.00000000	1.00108993	1.00097466	1.00057232	1.00210321
0.01146880	0.00000000	0.00000000	0.00000000	0.00000000	1.00297868	1.00060940	0.99989545	1.00076747
0.01228800	0.00000000	0.00000000	0.00000000	0.00000000	0.99958515	1.00071406	0.99827129	0.99876779
0.01310720	0.00000000	0.00000000	0.00000000	0.00000000	0.99737352	0.99860370	0.99977791	0.99914294
0.01474560	0.00000000	0.00000000	0.00000000	0.00000000	1.00204146	1.00128508	1.00087905	1.00042498
0.01638400	0.00000000	0.00000000	0.00000000	0.00000000	1.00178969	0.99811572	1.00025666	1.00087416
0.01802240	0.00000000	0.00000000	0.00000000	0.00000000	1.00145900	1.00074637	1.00014043	0.99983937
0.01966080	0.00000000	0.00000000	0.00000000	0.00000000	1.00289834	0.99998099	1.00123048	0.99890441
0.02129920	0.00000000	0.00000000	0.00000000	0.00000000	1.00032032	0.99962306	1.00000679	1.00039732
0.02293760	0.00000000	0.00000000	0.00000000	0.00000000	0.99646068	1.00083804	1.00072813	1.00026655
0.02457600	0.00000000	0.00000000	0.00000000	0.00000000	1.00227535	0.99849015	1.00145543	0.99967003
0.02621440	0.00000000	0.00000000	0.00000000	0.00000000	1.00217211	1.00108564	1.00055730	1.00015497
0.02949120	0.00000000	0.00000000	0.00000000	0.00000000	0.99938852	1.00192761	0.99997836	0.99857551
0.03276800	0.00000000	0.00000000	0.00000000	0.00000000	0.99907774	1.00117695	1.00009286	1.00040066
0.03604480	0.00000000	0.00000000	0.00000000	0.00000000	1.00076163	0.99905199	1.00021291	0.99976057
0.03932160	0.00000000	0.00000000	0.00000000	0.00000000	0.99923551	0.99917340	0.99972862	0.99944729
0.04259840	0.00000000	0.00000000	0.00000000	0.00000000	0.99926203	1.00085270	0.99961537	0.99916238
0.04587520	0.00000000	0.00000000	0.00000000	0.00000000	0.99936193	1.00111127	0.99973190	1.00089562
0.04915200	0.00000000	0.00000000	0.00000000	0.00000000	0.99837559	1.00041783	0.99935055	1.00079131
0.05242880	0.00000000	0.00000000	0.00000000	0.00000000	0.99806762	1.00041187	1.00041735	1.00034761
0.05898240	0.00000000	0.00000000	0.00000000	0.00000000	0.99894214	1.00079131	1.00012922	0.99998289
0.06553600	0.00000000	0.00000000	0.00000000	0.00000000	1.00109053	1.00047231	0.99977160	0.99974793
0.07208960	0.00000000	0.00000000	0.00000000	0.00000000	0.99874514	0.99948508	1.00089824	0.99935365
0.07864320	0.00000000	0.00000000	0.00000000	0.00000000	1.00088108	1.00038671	1.00063837	0.99978876
0.08519680	0.00000000	0.00000000	0.00000000	0.00000000	1.00019729	0.99970096	0.99992818	1.00029767
0.09175040	0.00000000	0.00000000	0.00000000	0.00000000	1.00071275	1.00016582	0.99987525	0.99952322
0.09830400	0.00000000	0.00000000	0.00000000	0.00000000	0.99918658	1.00045109	1.00028527	1.00045180
0.10485760	0.00000000	0.00000000	0.00000000	0.00000000	1.00096345	0.99985051	0.99927300	0.99966758
0.11796480	0.00000000	0.00000000	0.00000000	0.00000000	1.00009191	0.99953145	0.99953884	1.00006807
0.13107200	0.00000000	0.00000000	0.00000000	0.00000000	0.99857992	1.00024688	0.99945414	1.00022364
0.14417920	0.00000000	0.00000000	0.00000000	0.00000000	0.99991459	1.00006127	0.99967581	0.99989539
0.15728641	0.00000000	0.00000000	0.00000000	0.00000000	1.00061977	0.99989581	1.00026584	0.99986869
0.17039360	0.00000000	0.00000000	0.00000000	0.00000000	1.00002921	1.00036085	0.99976712	1.00009775
0.18350080	0.00000000	0.00000000	0.00000000	0.00000000	1.00203705	1.00002325	1.00035858	1.00059414
0.19660801	0.00000000	0.00000000	0.00000000	0.00000000	0.99953663	0.99967724	0.99981463	0.99963242
0.20971520	0.00000000	0.00000000	0.00000000	0.00000000	0.99971020	0.99970359	0.99992740	0.99968529
0.23592959	0.00000000	0.00000000	0.00000000	0.00000000	0.99889797	0.99984270	1.00056338	0.99988413
0.26214400	0.00000000	0.00000000	0.00000000	0.00000000	1.00096273	0.99972779	1.00002992	1.00001407
0.28835839	0.00000000	0.00000000	0.00000000	0.00000000	1.00056243	0.99963695	1.00029874	0.99984348
0.31457281	0.00000000	0.00000000	0.00000000	0.00000000	0.99966800	1.00012636	1.00035954	1.00005531
0.34078720	0.00000000	0.00000000	0.00000000	0.00000000	1.00005448	1.00022173	0.99994296	0.99958813
0.36700159	0.00000000	0.00000000	0.00000000	0.00000000	1.00039625	0.99906927	0.99992847	1.00047898
0.39321601	0.00000000	0.00000000	0.00000000	0.00000000	0.99932998	0.99966753	1.00020516	0.99956632
0.41943040	0.00000000	0.00000000	0.00000000	0.00000000	0.99960923	0.99939245	0.99997735	1.00006807
0.47185919	0.00000000	0.00000000	0.00000000	0.00000000	0.99953836	1.00036395	0.99981862	0.99995506
0.52428800	0.00000000	0.00000000	0.00000000	0.00000000	1.00039542	0.99984550	0.99990988	1.00009692
0.57671678	0.00000000	0.00000000	0.00000000	0.00000000	1.00007546	1.00019884	1.00009835	0.99982578
0.62914562	0.00000000	0.00000000	0.00000000	0.00000000	0.99961472	0.99987525	1.00026405	1.00010765
0.68157440	0.00000000	0.00000000	0.00000000	0.00000000	0.99994498	1.00015640	1.00005329	1.00019050
0.73400319	0.00000000	0.00000000	0.00000000	0.00000000	0.99967933	1.00023401	0.99947536	1.00014985
0.78643203	0.00000000	0.00000000	0.00000000	0.00000000	0.99987370	1.00037074	0.99974245	1.00015354
0.83886081	0.00000000	0.00000000	0.00000000	0.00000000	0.99983072	0.99962896	1.00003004	0.99967653
0.94371837	0.00000000	0.00000000	0.00000000	0.00000000	0.99993056	1.00015914	1.00012708	0.99992716
1.04857600	0.00000000	0.00000000	0.00000000	0.00000000	1.00043142	1.00008392	0.99973315	1.00005436
1.15343356	0.00000000	0.00000000	0.00000000	0.00000000	0.99966836	1.00006568	1.00016057	1.00004625
1.25829124	0.00000000	0.00000000	0.00000000	0.00000000	0.99969923	1.00027668	0.99986017	0.99992710
1.36314881	0.00000000	0.00000000	0.00000000	0.00000000	1.00012898	1.00017202	0.99980295	1.00000215
1.46800637	0.00000000	0.00000000	0.00000000	0.00000000	0.99982136	0.99987990	0.99991071	1.00005674
1.57286406	0.00000000	0.00000000	0.00000000	0.00000000	1.00012863	0.99977875	0.99984568	0.99970686
1.67772162	0.00000000	0.00000000	0.00000000	0.00000000	0.99989742	1.00014210	0.99988186	1.00012481
1.88743675	0.00000000	0.00000000	0.00000000	0.00000000	1.00020444	0.99997056	0.99987721	1.00000477
2.09715199	0.00000000	0.00000000	0.00000000	0.00000000	1.00008512	0.99986804	0.99999517	0.99996215
2.30686712	0.00000000	0.00000000	0.00000000	0.00000000	0.99983448	1.00035310	1.00003374	0.99988526
2.51658249	0.00000000	0.00000000	0.00000000	0.00000000	0.99998128	0.99982017	1.00003386	1.00021219
2.72629762	0.00000000	0.00000000	0.00000000	0.00000000	0.99961042	0.99968797	1.00010478	0.99984002
2.93601274	0.00000000	0.00000000	0.00000000	0.00000000	1.00015092	1.00025988	1.00012243	0.99988616
3.14572811	0.00000000	0.00000000	0.00000000	0.00000000	1.00015283	0.99991101	1.00012636	1.00013125
3.35544324	0.00000000	0.00000000	0.00000000	0.00000000	1.00009799	1.00002468	1.00019145	1.00005698
3.77487350	0.00000000	0.00000000	0.00000000	0.00000000	0.99985206	0.99974847	0.99989527	0.99995154
4.19430399	0.00000000	0.00000000	0.00000000	0.00000000	1.00009811	1.00026906	0.99995297	1.00004196
4.61373425	0.00000000	0.00000000	0.00000000	0.00000000	0.99995250	1.00002170	1.00009072	0.99997354
5.03316498	0.00000000	0.00000000	0.00000000	0.00000000	1.00000000	1.00000000	1.00000000	1.00000000
5.45259523	0.00000000	0.00000000	0.00000000	0.00000000	0.00000000	0.00000000	0.00000000	0.00000000
5.87202549	0.00000000	0.00000000	0.00000000	0.00000000	0.00000000	0.00000000	0.00000000	0.00000000
6.29145622	0.00000000	0.00000000	0.00000000	0.00000000	0.00000000	0.00000000	0.00000000	0.00000000
6.71088648	0.00000000	0.00000000	0.00000000	0.00000000	0.00000000	0.00000000	0.00000000	0.00000000
7.54974699	0.00000000	0.00000000	0.00000000	0.00000000	0.00000000	0.00000000	0.00000000	0.00000000
8.38860798	0.00000000	0.00000000	0.00000000	0.00000000	0.00000000	0.00000000	0.00000000	0.00000000
9.22746849	0.00000000	0.00000000	0.00000000	0.00000000	0.00000000	0.00000000	0.00000000	0.00000000
10.06632996	0.00000000	0.00000000	0.00000000	0.00000000	0.00000000	0.00000000	0.00000000	0.00000000
10.90519047	0.00000000	0.00000000	0.00000000	0.00000000	0.00000000	0.00000000	0.00000000	0.00000000
11.74405098	0.00000000	0.00000000	0.00000000	0.00000000	0.00000000	0.00000000	0.00000000	0.00000000
12.58291245	0.00000000	0.00000000	0.00000000	0.00000000	0.00000000	0.00000000	0.00000000	0.00000000
13.42177296	0.00000000	0.00000000	0.00000000	0.00000000	0.00000000	0.00000000	0.00000000	0.00000000
15.09949398	0.00000000	0.00000000	0.00000000	0.00000000	0.00000000	0.00000000	0.00000000	0.00000000
16.77721596	0.00000000	0.00000000	0.00000000	0.00000000	0.00000000	0.00000000	0.00000000	0.00000000
18.45493698	0.00000000	0.00000000	0.00000000	0.00000000	0.00000000	0.00000000	0.00000000	0.00000000
20.13265991	0.00000000	0.00000000	0.00000000	0.00000000	0.00000000	0.00000000	0.00000000	0.00000000
21.81038094	0.00000000	0.00000000	0.00000000	0.00000000	0.00000000	0.00000000	0.00000000	0.00000000
23.48810196	0.00000000	0.00000000	0.00000000	0.00000000	0.00000000	0.00000000	0.00000000	0.00000000
25.16582489	0.00000000	0.00000000	0.00000000	0.00000000	0.00000000	0.00000000	0.00000000	0.00000000
26.84354591	0.00000000	0.00000000	0.00000000	0.00000000	0.00000000	0.00000000	0.00000000	0.00000000
30.19898796	0.00000000	0.00000000	0.00000000	0.00000000	0.00000000	0.00000000	0.00000000	0.00000000
33.55443192	0.00000000	0.00000000	0.00000000	0.00000000	0.00000000	0.00000000	0.00000000	0.00000000
36.90987396	0.00000000	0.00000000	0.00000000	0.00000000	0.00000000	0.00000000	0.00000000	0.00000000
40.26531982	0.00000000	0.00000000	0.00000000	0.00000000	0.00000000	0.00000000	0.00000000	0.00000000
43.62076187	0.00000000	0.00000000	0.00000000	0.00000000	0.00000000	0.00000000	0.00000000	0.00000000
46.97620392	0.00000000	0.00000000	0.00000000	0.00000000	0.00000000	0.00000000	0.00000000	0.00000000
50.33164978	0.00000000	0.00000000	0.00000000	0.00000000	0.00000000	0.00000000	0.00000000	0.00000000
53.68709183	0.00000000	0.00000000	0.00000000	0.00000000	0.00000000	0.00000000	0.00000000	0.00000000
60.39797592	0.00000000	0.00000000	0.00000000	0.00000000	0.00000000	0.00000000	0.00000000	0.00000000
67.10886383	0.00000000	0.00000000	0.00000000	0.00000000	0.00000000	0.00000000	0.00000000	0.00000000
73.81974792	0.00000000	0.00000000	0.00000000	0.00000000	0.00000000	0.00000000	0.00000000	0.00000000
80.53063965	0.00000000	0.00000000	0.00000000	0.00000000	0.00000000	0.00000000	0.00000000	0.00000000
87.24152374	0.00000000	0.00000000	0.00000000	0.00000000	0.00000000	0.00000000	0.00000000	0.00000000
93.95240784	0.00000000	0.00000000	0.00000000	0.00000000	0.00000000	0.00000000	0.00000000	0.00000000
100.66329956	0.00000000	0.00000000	0.00000000	0.00000000	0.00000000	0.00000000	0.00000000	0.00000000
107.37418365	0.00000000	0.00000000	0.00000000	0.00000000	0.00000000	0.00000000	0.00000000	0.00000000
120.79595184	0.00000000	0.00000000	0.00000000	0.00000000	0.00000000	0.00000000	0.00000000	0.00000000
134.21772766	0.00000000	0.00000000	0.00000000	0.00000000	0.00000000	0.00000000	0.00000000	0.00000000
147.63949585	0.00000000	0.00000000	0.00000000	0.00000000	0.00000000	0.00000000	0.00000000	0.00000000
161.06127930	0.00000000	0.00000000	0.00000000	0.00000000	0.00000000	0.00000000	0.00000000	0.00000000
174.48304749	0.00000000	0.00000000	0.00000000	0.00000000	0.00000000	0.00000000	0.00000000	0.00000000
187.90481567	0.00000000	0.00000000	0.00000000	0.00000000	0.00000000	0.00000000	0.00000000	0.00000000
201.32659912	0.00000000	0.00000000	0.00000000	0.00000000	0.00000000	0.00000000	0.00000000	0.00000000
214.74836731	0.00000000	0.00000000	0.00000000	0.00000000	0.00000000	0.00000000	0.00000000	0.00000000
241.59190369	0.00000000	0.00000000	0.00000000	0.00000000	0.00000000	0.00000000	0.00000000	0.00000000
268.43545532	0.00000000	0.00000000	0.00000000	0.00000000	0.00000000	0.00000000	0.00000000	0.00000000
295.27899170	0.00000000	0.00000000	0.00000000	0.00000000	0.00000000	0.00000000	0.00000000	0.00000000
322.12255859	0.00000000	0.00000000	0.00000000	0.00000000	0.00000000	0.00000000	0.00000000	0.00000000
348.96609497	0.00000000	0.00000000	0.00000000	0.00000000	0.00000000	0.00000000	0.00000000	0.00000000
375.80963135	0.00000000	0.00000000	0.00000000	0.00000000	0.00000000	0.00000000	0.00000000	0.00000000
402.65319824	0.00000000	0.00000000	0.00000000	0.00000000	0.00000000	0.00000000	0.00000000	0.00000000
429.49673462	0.00000000	0.00000000	0.00000000	0.00000000	0.00000000	0.00000000	0.00000000	0.00000000
483.18380737	0.00000000	0.00000000	0.00000000	0.00000000	0.00000000	0.00000000	0.00000000	0.00000000
536.87091064	0.00000000	0.00000000	0.00000000	0.00000000	0.00000000	0.00000000	0.00000000	0.00000000
590.55798340	0.00000000	0.00000000	0.00000000	0.00000000	0.00000000	0.00000000	0.00000000	0.00000000
644.24511719	0.00000000	0.00000000	0.00000000	0.00000000	0.00000000	0.00000000	0.00000000	0.00000000
697.93218994	0.00000000	0.00000000	0.00000000	0.00000000	0.00000000	0.00000000	0.00000000	0.00000000
751.61926270	0.00000000	0.00000000	0.00000000	0.00000000	0.00000000	0.00000000	0.00000000	0.00000000
805.30639648	0.00000000	0.00000000	0.00000000	0.00000000	0.00000000	0.00000000	0.00000000	0.00000000
858.99346924	0.00000000	0.00000000	0.00000000	0.00000000	0.00000000	0.00000000	0.00000000	0.00000000
966.36761475	0.00000000	0.00000000	0.00000000	0.00000000	0.00000000	0.00000000	0.00000000	0.00000000
1073.74182129	0.00000000	0.00000000	0.00000000	0.00000000	0.00000000	0.00000000	0.00000000	0.00000000
1181.11596680	0.00000000	0.00000000	0.00000000	0.00000000	0.00000000	0.00000000	0.00000000	0.00000000
1288.49023437	0.00000000	0.00000000	0.00000000	0.00000000	0.00000000	0.00000000	0.00000000	0.00000000
1395.86437988	0.00000000	0.00000000	0.00000000	0.00000000	0.00000000	0.00000000	0.00000000	0.00000000
1503.23852539	0.00000000	0.00000000	0.00000000	0.00000000	0.00000000	0.00000000	0.00000000	0.00000000
1610.61279297	0.00000000	0.00000000	0.00000000	0.00000000	0.00000000	0.00000000	0.00000000	0.00000000
1717.98693848	0.00000000	0.00000000	0.00000000	0.00000000	0.00000000	0.00000000	0.00000000	0.00000000
1932.73522949	0.00000000	0.00000000	0.00000000	0.00000000	0.00000000	0.00000000	0.00000000	0.00000000
2147.48364258	0.00000000	0.00000000	0.00000000	0.00000000	0.00000000	0.00000000	0.00000000	0.00000000
2362.23193359	0.00000000	0.00000000	0.00000000	0.00000000	0.00000000	0.00000000	0.00000000	0.00000000
2576.98046875	0.00000000	0.00000000	0.00000000	0.00000000	0.00000000	0.00000000	0.00000000	0.00000000
2791.72875977	0.00000000	0.00000000	0.00000000	0.00000000	0.00000000	0.00000000	0.00000000	0.00000000
3006.47705078	0.00000000	0.00000000	0.00000000	0.00000000	0.00000000	0.00000000	0.00000000	0.00000000
3221.22558594	0.00000000	0.00000000	0.00000000	0.00000000	0.00000000	0.00000000	0.00000000	0.00000000
3435.97387695	0.00000000	0.00000000	0.00000000	0.00000000	0.00000000	0.00000000	0.00000000	0.00000000
0	0	0	0	0	0	0	0	0
