%2/14/2019 3:13:25 PM
%Duration	ID1		ID2		ID3		ID4		ID5		ID6		ID7		ID8
3000.000000	0.000000	0.000000	0.000000	0.000000	40.760040	75.931549	123.786926	77.199936
%Tau		Tau1		Tau2		Tau3		Tau4		Tau5		Tau6		Tau7		Tau8
%		0.000000	0.000000	0.000000	0.000000	0.000230	0.000166	0.000128	0.000102
%Delaytime	D1		D2		D3		D4		D5		D6		D7		D8
0.00000020	0.00000000	0.00000000	0.00000000	0.00000000	1.94877100	2.55242014	2.16134691	1.72655857
0.00000040	0.00000000	0.00000000	0.00000000	0.00000000	1.56921983	1.62368584	1.52392590	1.50267506
0.00000060	0.00000000	0.00000000	0.00000000	0.00000000	1.59574759	1.51377296	1.47136903	1.52327454
0.00000080	0.00000000	0.00000000	0.00000000	0.00000000	1.61207235	1.54168737	1.49225700	1.53899515
0.00000100	0.00000000	0.00000000	0.00000000	0.00000000	1.44270277	1.49807119	1.53268540	1.53303218
0.00000120	0.00000000	0.00000000	0.00000000	0.00000000	1.48351467	1.47190142	1.44688737	1.49779630
0.00000140	0.00000000	0.00000000	0.00000000	0.00000000	1.46514928	1.49632657	1.46463096	1.52652705
0.00000160	0.00000000	0.00000000	0.00000000	0.00000000	1.54677320	1.48760331	1.49090946	1.52598500
0.00000180	0.00000000	0.00000000	0.00000000	0.00000000	1.54065144	1.49690807	1.46418178	1.49833834
0.00000200	0.00000000	0.00000000	0.00000000	0.00000000	1.51004243	1.43700850	1.48349750	1.52435875
0.00000220	0.00000000	0.00000000	0.00000000	0.00000000	1.49575830	1.49807119	1.46305871	1.46581292
0.00000240	0.00000000	0.00000000	0.00000000	0.00000000	1.50800192	1.47422767	1.45632064	1.47665477
0.00000260	0.00000000	0.00000000	0.00000000	0.00000000	1.39985013	1.49865270	1.43610644	1.50213301
0.00000280	0.00000000	0.00000000	0.00000000	0.00000000	1.48147404	1.47771692	1.48035312	1.45659745
0.00000300	0.00000000	0.00000000	0.00000000	0.00000000	1.54677320	1.47713542	1.44419217	1.49454379
0.00000320	0.00000000	0.00000000	0.00000000	0.00000000	1.53861082	1.49632657	1.45362544	1.52977967
0.00000360	0.00000000	0.00000000	0.00000000	0.00000000	1.46310866	1.46346903	1.47462571	1.49562788
0.00000400	0.00000000	0.00000000	0.00000000	0.00000000	1.44678390	1.46317828	1.44138467	1.46310246
0.00000440	0.00000000	0.00000000	0.00000000	0.00000000	1.42433739	1.44922101	1.45340085	1.47177589
0.00000480	0.00000000	0.00000000	0.00000000	0.00000000	1.42025614	1.46899366	1.44767344	1.46418667
0.00000520	0.00000000	0.00000000	0.00000000	0.00000000	1.45800722	1.44834876	1.44172156	1.49481475
0.00000560	0.00000000	0.00000000	0.00000000	0.00000000	1.38862693	1.44863951	1.46766305	1.45009232
0.00000600	0.00000000	0.00000000	0.00000000	0.00000000	1.48045385	1.43904388	1.48136377	1.46635509
0.00000640	0.00000000	0.00000000	0.00000000	0.00000000	1.49371767	1.42683136	1.47047055	1.44846606
0.00000720	0.00000000	0.00000000	0.00000000	0.00000000	1.41974604	1.44805789	1.44441676	1.47326672
0.00000800	0.00000000	0.00000000	0.00000000	0.00000000	1.51361346	1.44951177	1.45519769	1.46689713
0.00000880	0.00000000	0.00000000	0.00000000	0.00000000	1.46821022	1.49632657	1.43767869	1.46771026
0.00000960	0.00000000	0.00000000	0.00000000	0.00000000	1.47994363	1.45518196	1.44604516	1.43382955
0.00001040	0.00000000	0.00000000	0.00000000	0.00000000	1.46718991	1.45183802	1.44924569	1.46567738
0.00001120	0.00000000	0.00000000	0.00000000	0.00000000	1.46565950	1.44544101	1.44947028	1.44602668
0.00001200	0.00000000	0.00000000	0.00000000	0.00000000	1.45545650	1.45241952	1.42869461	1.43355858
0.00001280	0.00000000	0.00000000	0.00000000	0.00000000	1.45596659	1.45663583	1.43818402	1.44426489
0.00001440	0.00000000	0.00000000	0.00000000	0.00000000	1.44474328	1.45663583	1.43849289	1.42624032
0.00001600	0.00000000	0.00000000	0.00000000	0.00000000	1.40163565	1.45387340	1.43040717	1.42664695
0.00001760	0.00000000	0.00000000	0.00000000	0.00000000	1.47025084	1.44645870	1.42260230	1.42698574
0.00001920	0.00000000	0.00000000	0.00000000	0.00000000	1.43734622	1.44943917	1.41095102	1.41512752
0.00002080	0.00000000	0.00000000	0.00000000	0.00000000	1.43632591	1.44769442	1.40598166	1.40171075
0.00002240	0.00000000	0.00000000	0.00000000	0.00000000	1.40648210	1.43751740	1.41535878	1.41675377
0.00002400	0.00000000	0.00000000	0.00000000	0.00000000	1.45545650	1.41243804	1.39576232	1.41329789
0.00002560	0.00000000	0.00000000	0.00000000	0.00000000	1.46004784	1.42152476	1.40589750	1.38524473
0.00002880	0.00000000	0.00000000	0.00000000	0.00000000	1.45971262	1.40518725	1.38930047	1.37749147
0.00003200	0.00000000	0.00000000	0.00000000	0.00000000	1.42357862	1.42546356	1.38019037	1.37895346
0.00003520	0.00000000	0.00000000	0.00000000	0.00000000	1.43344498	1.39812505	1.36937737	1.35860205
0.00003840	0.00000000	0.00000000	0.00000000	0.00000000	1.43945527	1.40500522	1.36150205	1.36138463
0.00004160	0.00000000	0.00000000	0.00000000	0.00000000	1.40844691	1.39364755	1.35492754	1.35363007
0.00004480	0.00000000	0.00000000	0.00000000	0.00000000	1.43356109	1.39346552	1.34675848	1.33852148
0.00004800	0.00000000	0.00000000	0.00000000	0.00000000	1.40075886	1.36288702	1.33618331	1.32727909
0.00005120	0.00000000	0.00000000	0.00000000	0.00000000	1.41523802	1.37788510	1.33118951	1.32331157
0.00005760	0.00000000	0.00000000	0.00000000	0.00000000	1.38303554	1.36427319	1.31517482	1.30498362
0.00006400	0.00000000	0.00000000	0.00000000	0.00000000	1.38720214	1.35652936	1.29823458	1.28416872
0.00007040	0.00000000	0.00000000	0.00000000	0.00000000	1.36175418	1.34142351	1.28505301	1.27028084
0.00007680	0.00000000	0.00000000	0.00000000	0.00000000	1.37643325	1.31940997	1.28128386	1.24709499
0.00008320	0.00000000	0.00000000	0.00000000	0.00000000	1.36366582	1.32227623	1.25897670	1.24611795
0.00008960	0.00000000	0.00000000	0.00000000	0.00000000	1.34449983	1.30586159	1.25517619	1.23719251
0.00009600	0.00000000	0.00000000	0.00000000	0.00000000	1.34802532	1.29989266	1.24339676	1.21411455
0.00010240	0.00000000	0.00000000	0.00000000	0.00000000	1.33052599	1.28096938	1.22832727	1.19778275
0.00011520	0.00000000	0.00000000	0.00000000	0.00000000	1.32734573	1.26990807	1.21202195	1.18936038
0.00012800	0.00000000	0.00000000	0.00000000	0.00000000	1.31963599	1.25847518	1.19514978	1.16605031
0.00014080	0.00000000	0.00000000	0.00000000	0.00000000	1.29969513	1.24298227	1.17949176	1.15674007
0.00015360	0.00000000	0.00000000	0.00000000	0.00000000	1.28398800	1.23000872	1.16187024	1.13409460
0.00016640	0.00000000	0.00000000	0.00000000	0.00000000	1.25957954	1.21828473	1.14879262	1.12477016
0.00017920	0.00000000	0.00000000	0.00000000	0.00000000	1.25746810	1.19713259	1.13926768	1.11639214
0.00019200	0.00000000	0.00000000	0.00000000	0.00000000	1.24396837	1.18431711	1.12682688	1.10073566
0.00020480	0.00000000	0.00000000	0.00000000	0.00000000	1.23558688	1.17185652	1.11429203	1.09099495
0.00023040	0.00000000	0.00000000	0.00000000	0.00000000	1.21038270	1.15535581	1.09379172	1.07367420
0.00025600	0.00000000	0.00000000	0.00000000	0.00000000	1.19317770	1.13210559	1.08100545	1.06229949
0.00028160	0.00000000	0.00000000	0.00000000	0.00000000	1.17580855	1.11741531	1.06745768	1.04486632
0.00030720	0.00000000	0.00000000	0.00000000	0.00000000	1.16052651	1.10178781	1.05955732	1.04099166
0.00033280	0.00000000	0.00000000	0.00000000	0.00000000	1.14910150	1.08907664	1.04624486	1.03031874
0.00035840	0.00000000	0.00000000	0.00000000	0.00000000	1.13244474	1.07955492	1.03804052	1.02179480
0.00038400	0.00000000	0.00000000	0.00000000	0.00000000	1.11137748	1.07397747	1.03209603	1.02342343
0.00040960	0.00000000	0.00000000	0.00000000	0.00000000	1.10548782	1.06475139	1.02516711	1.01481485
0.00046080	0.00000000	0.00000000	0.00000000	0.00000000	1.08731377	1.05078983	1.01361001	1.01054096
0.00051200	0.00000000	0.00000000	0.00000000	0.00000000	1.07516742	1.03852379	1.00810874	1.00039256
0.00056320	0.00000000	0.00000000	0.00000000	0.00000000	1.06011581	1.02991807	1.00599670	0.99953765
0.00061440	0.00000000	0.00000000	0.00000000	0.00000000	1.04755688	1.02511609	1.00175166	0.99803072
0.00066560	0.00000000	0.00000000	0.00000000	0.00000000	1.03741860	1.01987982	0.99935561	0.99885601
0.00071680	0.00000000	0.00000000	0.00000000	0.00000000	1.02953207	1.01692402	0.99792087	0.99698496
0.00076800	0.00000000	0.00000000	0.00000000	0.00000000	1.01464665	1.01000988	1.00005472	0.99390352
0.00081920	0.00000000	0.00000000	0.00000000	0.00000000	1.01510215	1.01042593	1.00009358	0.99647486
0.00092160	0.00000000	0.00000000	0.00000000	0.00000000	1.00331700	1.00731754	1.00007558	0.99572539
0.00102400	0.00000000	0.00000000	0.00000000	0.00000000	0.99839264	1.00485146	1.00170326	0.99819666
0.00112640	0.00000000	0.00000000	0.00000000	0.00000000	0.99718028	0.99962950	1.00043738	0.99607158
0.00122880	0.00000000	0.00000000	0.00000000	0.00000000	0.99713534	0.99809211	0.99912238	0.99180627
0.00133120	0.00000000	0.00000000	0.00000000	0.00000000	0.99710411	0.99632657	0.99776369	0.99248332
0.00143360	0.00000000	0.00000000	0.00000000	0.00000000	0.99112660	0.99494964	0.99726373	1.00155711
0.00153600	0.00000000	0.00000000	0.00000000	0.00000000	0.99157691	0.99701732	0.99882734	0.99996817
0.00163840	0.00000000	0.00000000	0.00000000	0.00000000	0.99264997	1.00152338	0.99853992	1.00188184
0.00184320	0.00000000	0.00000000	0.00000000	0.00000000	0.99411035	1.00139010	1.00066721	1.00264442
0.00204800	0.00000000	0.00000000	0.00000000	0.00000000	1.00018573	0.99971890	1.00248063	0.99718320
0.00225280	0.00000000	0.00000000	0.00000000	0.00000000	1.00414681	0.99534380	1.00443447	0.99750137
0.00245760	0.00000000	0.00000000	0.00000000	0.00000000	1.00417149	0.99961674	1.00338340	0.99960208
0.00266240	0.00000000	0.00000000	0.00000000	0.00000000	0.99941462	1.00251806	1.00499392	1.00374281
0.00286720	0.00000000	0.00000000	0.00000000	0.00000000	1.00214851	1.00316226	1.00540030	1.00396371
0.00307200	0.00000000	0.00000000	0.00000000	0.00000000	1.00154018	1.00081110	1.00265503	0.99568540
0.00327680	0.00000000	0.00000000	0.00000000	0.00000000	1.00172174	0.99458259	0.99980605	0.99743569
0.00368640	0.00000000	0.00000000	0.00000000	0.00000000	1.00296819	1.00069284	0.99871051	0.99704719
0.00409600	0.00000000	0.00000000	0.00000000	0.00000000	1.00314558	1.00309479	1.00175989	0.99659663
0.00450560	0.00000000	0.00000000	0.00000000	0.00000000	1.00421298	1.00193834	0.99822813	0.99843490
0.00491520	0.00000000	0.00000000	0.00000000	0.00000000	1.00089419	1.00136948	0.99477851	0.99975556
0.00532480	0.00000000	0.00000000	0.00000000	0.00000000	1.00178254	1.00128233	1.00111496	0.99813896
0.00573440	0.00000000	0.00000000	0.00000000	0.00000000	1.00171983	1.00790989	1.00371194	1.00160372
0.00614400	0.00000000	0.00000000	0.00000000	0.00000000	0.99624199	1.00656426	1.00451076	0.99627072
0.00655360	0.00000000	0.00000000	0.00000000	0.00000000	0.99783057	1.00042546	1.00253642	0.99641675
0.00737280	0.00000000	0.00000000	0.00000000	0.00000000	1.00333154	0.99806607	1.00001931	1.00223970
0.00819200	0.00000000	0.00000000	0.00000000	0.00000000	1.00271034	0.99748302	1.00078702	1.00575650
0.00901120	0.00000000	0.00000000	0.00000000	0.00000000	1.00040579	1.00092161	1.00465012	0.99840075
0.00983040	0.00000000	0.00000000	0.00000000	0.00000000	0.99782109	1.00327897	0.99815995	1.00232089
0.01064960	0.00000000	0.00000000	0.00000000	0.00000000	0.99615866	0.99887139	0.99738085	1.00105119
0.01146880	0.00000000	0.00000000	0.00000000	0.00000000	1.00489533	0.99982262	0.99710280	1.00123072
0.01228800	0.00000000	0.00000000	0.00000000	0.00000000	1.00189865	0.99628544	0.99877393	0.99891454
0.01310720	0.00000000	0.00000000	0.00000000	0.00000000	1.00059605	1.00285828	1.00114989	0.99934345
0.01474560	0.00000000	0.00000000	0.00000000	0.00000000	0.99513084	0.99918854	1.00010860	0.99748260
0.01638400	0.00000000	0.00000000	0.00000000	0.00000000	1.00073552	0.99824595	1.00115049	0.99872106
0.01802240	0.00000000	0.00000000	0.00000000	0.00000000	0.99554998	1.00025356	1.00065672	1.00275004
0.01966080	0.00000000	0.00000000	0.00000000	0.00000000	1.00000095	0.99581689	1.00163877	1.00081265
0.02129920	0.00000000	0.00000000	0.00000000	0.00000000	0.99303126	0.99913609	0.99706161	0.99897027
0.02293760	0.00000000	0.00000000	0.00000000	0.00000000	1.00243187	1.00249410	1.00050056	0.99940324
0.02457600	0.00000000	0.00000000	0.00000000	0.00000000	1.00526357	0.99660528	0.99990553	0.99971175
0.02621440	0.00000000	0.00000000	0.00000000	0.00000000	0.99806029	0.99845570	0.99864256	1.00036836
0.02949120	0.00000000	0.00000000	0.00000000	0.00000000	1.00108457	0.99817592	0.99960089	0.99857640
0.03276800	0.00000000	0.00000000	0.00000000	0.00000000	0.99822408	0.99763513	1.00069976	0.99904621
0.03604480	0.00000000	0.00000000	0.00000000	0.00000000	1.00024164	0.99915165	1.00067186	1.00079310
0.03932160	0.00000000	0.00000000	0.00000000	0.00000000	0.99870396	0.99901938	1.00005126	1.00223911
0.04259840	0.00000000	0.00000000	0.00000000	0.00000000	1.00187361	0.99968910	0.99883217	0.99927509
0.04587520	0.00000000	0.00000000	0.00000000	0.00000000	1.00274122	0.99873513	1.00069034	1.00012708
0.04915200	0.00000000	0.00000000	0.00000000	0.00000000	0.99978989	0.99713999	1.00107098	1.00151753
0.05242880	0.00000000	0.00000000	0.00000000	0.00000000	0.99783480	0.99977809	0.99944872	0.99891639
0.05898240	0.00000000	0.00000000	0.00000000	0.00000000	1.00131822	1.00000286	1.00069582	1.00008857
0.06553600	0.00000000	0.00000000	0.00000000	0.00000000	0.99877340	0.99923384	0.99954003	0.99895161
0.07208960	0.00000000	0.00000000	0.00000000	0.00000000	1.00037515	0.99759573	0.99985737	1.00077033
0.07864320	0.00000000	0.00000000	0.00000000	0.00000000	0.99804413	0.99933344	1.00107622	0.99863732
0.08519680	0.00000000	0.00000000	0.00000000	0.00000000	1.00016475	0.99936074	0.99930960	0.99947304
0.09175040	0.00000000	0.00000000	0.00000000	0.00000000	0.99851513	1.00031900	0.99960256	0.99949425
0.09830400	0.00000000	0.00000000	0.00000000	0.00000000	0.99884158	0.99935573	0.99980938	0.99995798
0.10485760	0.00000000	0.00000000	0.00000000	0.00000000	1.00029480	1.00097501	1.00021672	0.99952364
0.11796480	0.00000000	0.00000000	0.00000000	0.00000000	0.99911815	1.00002551	0.99955326	0.99924237
0.13107200	0.00000000	0.00000000	0.00000000	0.00000000	0.99804813	0.99988919	1.00048220	0.99958974
0.14417920	0.00000000	0.00000000	0.00000000	0.00000000	0.99885428	1.00051379	1.00018036	0.99961883
0.15728641	0.00000000	0.00000000	0.00000000	0.00000000	1.00077820	1.00048995	0.99981463	0.99944919
0.17039360	0.00000000	0.00000000	0.00000000	0.00000000	1.00043607	0.99978799	0.99932289	0.99943715
0.18350080	0.00000000	0.00000000	0.00000000	0.00000000	1.00074410	0.99980021	1.00015056	1.00017440
0.19660801	0.00000000	0.00000000	0.00000000	0.00000000	1.00008416	1.00094759	0.99968839	1.00054491
0.20971520	0.00000000	0.00000000	0.00000000	0.00000000	1.00088441	1.00093305	1.00033021	0.99901509
0.23592959	0.00000000	0.00000000	0.00000000	0.00000000	0.99957484	1.00051224	0.99943835	1.00029767
0.26214400	0.00000000	0.00000000	0.00000000	0.00000000	1.00084066	0.99974161	0.99965388	0.99998784
0.28835839	0.00000000	0.00000000	0.00000000	0.00000000	1.00024867	0.99934494	1.00009203	0.99974996
0.31457281	0.00000000	0.00000000	0.00000000	0.00000000	1.00081277	1.00046694	1.00002944	0.99987197
0.34078720	0.00000000	0.00000000	0.00000000	0.00000000	1.00013828	1.00007689	1.00010526	1.00023496
0.36700159	0.00000000	0.00000000	0.00000000	0.00000000	0.99965125	0.99967748	1.00090587	1.00007498
0.39321601	0.00000000	0.00000000	0.00000000	0.00000000	0.99978477	0.99987984	1.00048041	0.99980319
0.41943040	0.00000000	0.00000000	0.00000000	0.00000000	1.00028276	1.00050163	0.99999177	1.00043285
0.47185919	0.00000000	0.00000000	0.00000000	0.00000000	0.99961019	0.99988157	1.00024533	1.00021291
0.52428800	0.00000000	0.00000000	0.00000000	0.00000000	0.99998796	1.00043678	0.99979836	0.99971050
0.57671678	0.00000000	0.00000000	0.00000000	0.00000000	0.99892884	0.99975985	0.99961144	1.00006735
0.62914562	0.00000000	0.00000000	0.00000000	0.00000000	1.00073373	0.99970001	0.99967963	0.99986154
0.68157440	0.00000000	0.00000000	0.00000000	0.00000000	1.00116849	0.99991786	1.00016177	1.00005007
0.73400319	0.00000000	0.00000000	0.00000000	0.00000000	0.99978727	1.00000072	1.00037050	1.00046742
0.78643203	0.00000000	0.00000000	0.00000000	0.00000000	0.99983197	0.99968451	1.00011623	1.00029111
0.83886081	0.00000000	0.00000000	0.00000000	0.00000000	0.99910438	1.00048339	1.00031281	0.99981457
0.94371837	0.00000000	0.00000000	0.00000000	0.00000000	1.00026953	0.99968028	0.99989855	0.99997127
1.04857600	0.00000000	0.00000000	0.00000000	0.00000000	1.00035119	1.00037861	0.99974960	0.99972051
1.15343356	0.00000000	0.00000000	0.00000000	0.00000000	0.99980110	0.99986666	1.00006986	1.00020325
1.25829124	0.00000000	0.00000000	0.00000000	0.00000000	0.99989891	1.00040400	0.99997485	1.00000000
1.36314881	0.00000000	0.00000000	0.00000000	0.00000000	1.00008154	1.00014710	0.99956876	0.99995196
1.46800637	0.00000000	0.00000000	0.00000000	0.00000000	0.99986649	0.99979806	1.00017500	1.00006557
1.57286406	0.00000000	0.00000000	0.00000000	0.00000000	1.00037825	1.00005209	0.99999636	0.99987698
1.67772162	0.00000000	0.00000000	0.00000000	0.00000000	1.00004053	0.99972314	0.99998093	1.00006735
1.88743675	0.00000000	0.00000000	0.00000000	0.00000000	0.99981546	1.00017905	0.99993575	1.00011146
2.09715199	0.00000000	0.00000000	0.00000000	0.00000000	1.00021338	0.99981368	0.99984670	0.99983966
2.30686712	0.00000000	0.00000000	0.00000000	0.00000000	0.99976742	1.00014675	1.00020003	1.00006068
2.51658249	0.00000000	0.00000000	0.00000000	0.00000000	0.99988395	0.99992627	0.99981481	0.99997139
2.72629762	0.00000000	0.00000000	0.00000000	0.00000000	1.00002730	0.99977607	0.99980950	1.00002217
2.93601274	0.00000000	0.00000000	0.00000000	0.00000000	0.99948156	1.00005770	1.00004745	1.00002146
3.14572811	0.00000000	0.00000000	0.00000000	0.00000000	1.00031471	1.00009465	1.00004804	0.99984682
3.35544324	0.00000000	0.00000000	0.00000000	0.00000000	0.99991608	1.00003767	1.00010550	1.00020790
3.77487350	0.00000000	0.00000000	0.00000000	0.00000000	0.99993235	1.00003791	1.00002003	0.99998683
4.19430399	0.00000000	0.00000000	0.00000000	0.00000000	0.99991536	0.99986374	1.00001097	1.00003374
4.61373425	0.00000000	0.00000000	0.00000000	0.00000000	1.00005138	1.00009692	1.00001550	0.99994951
5.03316498	0.00000000	0.00000000	0.00000000	0.00000000	1.00000000	1.00000000	1.00000000	1.00000000
5.45259523	0.00000000	0.00000000	0.00000000	0.00000000	0.00000000	0.00000000	0.00000000	0.00000000
5.87202549	0.00000000	0.00000000	0.00000000	0.00000000	0.00000000	0.00000000	0.00000000	0.00000000
6.29145622	0.00000000	0.00000000	0.00000000	0.00000000	0.00000000	0.00000000	0.00000000	0.00000000
6.71088648	0.00000000	0.00000000	0.00000000	0.00000000	0.00000000	0.00000000	0.00000000	0.00000000
7.54974699	0.00000000	0.00000000	0.00000000	0.00000000	0.00000000	0.00000000	0.00000000	0.00000000
8.38860798	0.00000000	0.00000000	0.00000000	0.00000000	0.00000000	0.00000000	0.00000000	0.00000000
9.22746849	0.00000000	0.00000000	0.00000000	0.00000000	0.00000000	0.00000000	0.00000000	0.00000000
10.06632996	0.00000000	0.00000000	0.00000000	0.00000000	0.00000000	0.00000000	0.00000000	0.00000000
10.90519047	0.00000000	0.00000000	0.00000000	0.00000000	0.00000000	0.00000000	0.00000000	0.00000000
11.74405098	0.00000000	0.00000000	0.00000000	0.00000000	0.00000000	0.00000000	0.00000000	0.00000000
12.58291245	0.00000000	0.00000000	0.00000000	0.00000000	0.00000000	0.00000000	0.00000000	0.00000000
13.42177296	0.00000000	0.00000000	0.00000000	0.00000000	0.00000000	0.00000000	0.00000000	0.00000000
15.09949398	0.00000000	0.00000000	0.00000000	0.00000000	0.00000000	0.00000000	0.00000000	0.00000000
16.77721596	0.00000000	0.00000000	0.00000000	0.00000000	0.00000000	0.00000000	0.00000000	0.00000000
18.45493698	0.00000000	0.00000000	0.00000000	0.00000000	0.00000000	0.00000000	0.00000000	0.00000000
20.13265991	0.00000000	0.00000000	0.00000000	0.00000000	0.00000000	0.00000000	0.00000000	0.00000000
21.81038094	0.00000000	0.00000000	0.00000000	0.00000000	0.00000000	0.00000000	0.00000000	0.00000000
23.48810196	0.00000000	0.00000000	0.00000000	0.00000000	0.00000000	0.00000000	0.00000000	0.00000000
25.16582489	0.00000000	0.00000000	0.00000000	0.00000000	0.00000000	0.00000000	0.00000000	0.00000000
26.84354591	0.00000000	0.00000000	0.00000000	0.00000000	0.00000000	0.00000000	0.00000000	0.00000000
30.19898796	0.00000000	0.00000000	0.00000000	0.00000000	0.00000000	0.00000000	0.00000000	0.00000000
33.55443192	0.00000000	0.00000000	0.00000000	0.00000000	0.00000000	0.00000000	0.00000000	0.00000000
36.90987396	0.00000000	0.00000000	0.00000000	0.00000000	0.00000000	0.00000000	0.00000000	0.00000000
40.26531982	0.00000000	0.00000000	0.00000000	0.00000000	0.00000000	0.00000000	0.00000000	0.00000000
43.62076187	0.00000000	0.00000000	0.00000000	0.00000000	0.00000000	0.00000000	0.00000000	0.00000000
46.97620392	0.00000000	0.00000000	0.00000000	0.00000000	0.00000000	0.00000000	0.00000000	0.00000000
50.33164978	0.00000000	0.00000000	0.00000000	0.00000000	0.00000000	0.00000000	0.00000000	0.00000000
53.68709183	0.00000000	0.00000000	0.00000000	0.00000000	0.00000000	0.00000000	0.00000000	0.00000000
60.39797592	0.00000000	0.00000000	0.00000000	0.00000000	0.00000000	0.00000000	0.00000000	0.00000000
67.10886383	0.00000000	0.00000000	0.00000000	0.00000000	0.00000000	0.00000000	0.00000000	0.00000000
73.81974792	0.00000000	0.00000000	0.00000000	0.00000000	0.00000000	0.00000000	0.00000000	0.00000000
80.53063965	0.00000000	0.00000000	0.00000000	0.00000000	0.00000000	0.00000000	0.00000000	0.00000000
87.24152374	0.00000000	0.00000000	0.00000000	0.00000000	0.00000000	0.00000000	0.00000000	0.00000000
93.95240784	0.00000000	0.00000000	0.00000000	0.00000000	0.00000000	0.00000000	0.00000000	0.00000000
100.66329956	0.00000000	0.00000000	0.00000000	0.00000000	0.00000000	0.00000000	0.00000000	0.00000000
107.37418365	0.00000000	0.00000000	0.00000000	0.00000000	0.00000000	0.00000000	0.00000000	0.00000000
120.79595184	0.00000000	0.00000000	0.00000000	0.00000000	0.00000000	0.00000000	0.00000000	0.00000000
134.21772766	0.00000000	0.00000000	0.00000000	0.00000000	0.00000000	0.00000000	0.00000000	0.00000000
147.63949585	0.00000000	0.00000000	0.00000000	0.00000000	0.00000000	0.00000000	0.00000000	0.00000000
161.06127930	0.00000000	0.00000000	0.00000000	0.00000000	0.00000000	0.00000000	0.00000000	0.00000000
174.48304749	0.00000000	0.00000000	0.00000000	0.00000000	0.00000000	0.00000000	0.00000000	0.00000000
187.90481567	0.00000000	0.00000000	0.00000000	0.00000000	0.00000000	0.00000000	0.00000000	0.00000000
201.32659912	0.00000000	0.00000000	0.00000000	0.00000000	0.00000000	0.00000000	0.00000000	0.00000000
214.74836731	0.00000000	0.00000000	0.00000000	0.00000000	0.00000000	0.00000000	0.00000000	0.00000000
241.59190369	0.00000000	0.00000000	0.00000000	0.00000000	0.00000000	0.00000000	0.00000000	0.00000000
268.43545532	0.00000000	0.00000000	0.00000000	0.00000000	0.00000000	0.00000000	0.00000000	0.00000000
295.27899170	0.00000000	0.00000000	0.00000000	0.00000000	0.00000000	0.00000000	0.00000000	0.00000000
322.12255859	0.00000000	0.00000000	0.00000000	0.00000000	0.00000000	0.00000000	0.00000000	0.00000000
348.96609497	0.00000000	0.00000000	0.00000000	0.00000000	0.00000000	0.00000000	0.00000000	0.00000000
375.80963135	0.00000000	0.00000000	0.00000000	0.00000000	0.00000000	0.00000000	0.00000000	0.00000000
402.65319824	0.00000000	0.00000000	0.00000000	0.00000000	0.00000000	0.00000000	0.00000000	0.00000000
429.49673462	0.00000000	0.00000000	0.00000000	0.00000000	0.00000000	0.00000000	0.00000000	0.00000000
483.18380737	0.00000000	0.00000000	0.00000000	0.00000000	0.00000000	0.00000000	0.00000000	0.00000000
536.87091064	0.00000000	0.00000000	0.00000000	0.00000000	0.00000000	0.00000000	0.00000000	0.00000000
590.55798340	0.00000000	0.00000000	0.00000000	0.00000000	0.00000000	0.00000000	0.00000000	0.00000000
644.24511719	0.00000000	0.00000000	0.00000000	0.00000000	0.00000000	0.00000000	0.00000000	0.00000000
697.93218994	0.00000000	0.00000000	0.00000000	0.00000000	0.00000000	0.00000000	0.00000000	0.00000000
751.61926270	0.00000000	0.00000000	0.00000000	0.00000000	0.00000000	0.00000000	0.00000000	0.00000000
805.30639648	0.00000000	0.00000000	0.00000000	0.00000000	0.00000000	0.00000000	0.00000000	0.00000000
858.99346924	0.00000000	0.00000000	0.00000000	0.00000000	0.00000000	0.00000000	0.00000000	0.00000000
966.36761475	0.00000000	0.00000000	0.00000000	0.00000000	0.00000000	0.00000000	0.00000000	0.00000000
1073.74182129	0.00000000	0.00000000	0.00000000	0.00000000	0.00000000	0.00000000	0.00000000	0.00000000
1181.11596680	0.00000000	0.00000000	0.00000000	0.00000000	0.00000000	0.00000000	0.00000000	0.00000000
1288.49023437	0.00000000	0.00000000	0.00000000	0.00000000	0.00000000	0.00000000	0.00000000	0.00000000
1395.86437988	0.00000000	0.00000000	0.00000000	0.00000000	0.00000000	0.00000000	0.00000000	0.00000000
1503.23852539	0.00000000	0.00000000	0.00000000	0.00000000	0.00000000	0.00000000	0.00000000	0.00000000
1610.61279297	0.00000000	0.00000000	0.00000000	0.00000000	0.00000000	0.00000000	0.00000000	0.00000000
1717.98693848	0.00000000	0.00000000	0.00000000	0.00000000	0.00000000	0.00000000	0.00000000	0.00000000
1932.73522949	0.00000000	0.00000000	0.00000000	0.00000000	0.00000000	0.00000000	0.00000000	0.00000000
2147.48364258	0.00000000	0.00000000	0.00000000	0.00000000	0.00000000	0.00000000	0.00000000	0.00000000
2362.23193359	0.00000000	0.00000000	0.00000000	0.00000000	0.00000000	0.00000000	0.00000000	0.00000000
2576.98046875	0.00000000	0.00000000	0.00000000	0.00000000	0.00000000	0.00000000	0.00000000	0.00000000
2791.72875977	0.00000000	0.00000000	0.00000000	0.00000000	0.00000000	0.00000000	0.00000000	0.00000000
3006.47705078	0.00000000	0.00000000	0.00000000	0.00000000	0.00000000	0.00000000	0.00000000	0.00000000
3221.22558594	0.00000000	0.00000000	0.00000000	0.00000000	0.00000000	0.00000000	0.00000000	0.00000000
3435.97387695	0.00000000	0.00000000	0.00000000	0.00000000	0.00000000	0.00000000	0.00000000	0.00000000
0	0	0	0	0	0	0	0	0
