%2/14/2019 2:25:33 PM
%Duration	ID1		ID2		ID3		ID4		ID5		ID6		ID7		ID8
3000.000000	0.000000	0.000000	0.000000	0.000000	42.781830	188.751221	124.959946	97.780228
%Tau		Tau1		Tau2		Tau3		Tau4		Tau5		Tau6		Tau7		Tau8
%		0.000000	0.000000	0.000000	0.000000	0.000115	0.000077	0.000051	0.000048
%Delaytime	D1		D2		D3		D4		D5		D6		D7		D8
0.00000020	0.00000000	0.00000000	0.00000000	0.00000000	1.90449667	1.82365930	2.22092152	1.67380261
0.00000040	0.00000000	0.00000000	0.00000000	0.00000000	1.59218991	1.52916598	1.58684158	1.51953673
0.00000060	0.00000000	0.00000000	0.00000000	0.00000000	1.38334668	1.50027096	1.45048261	1.53782773
0.00000080	0.00000000	0.00000000	0.00000000	0.00000000	1.55770206	1.47773647	1.50148046	1.49606895
0.00000100	0.00000000	0.00000000	0.00000000	0.00000000	1.49064231	1.46710527	1.49666524	1.50435174
0.00000120	0.00000000	0.00000000	0.00000000	0.00000000	1.45423841	1.45965433	1.48725355	1.50297129
0.00000140	0.00000000	0.00000000	0.00000000	0.00000000	1.49255824	1.46183503	1.47981179	1.44154096
0.00000160	0.00000000	0.00000000	0.00000000	0.00000000	1.49064231	1.48627770	1.46777380	1.48260951
0.00000180	0.00000000	0.00000000	0.00000000	0.00000000	1.44082642	1.47700953	1.49797845	1.48640573
0.00000200	0.00000000	0.00000000	0.00000000	0.00000000	1.45615435	1.48364270	1.47784197	1.49365318
0.00000220	0.00000000	0.00000000	0.00000000	0.00000000	1.42549849	1.48873115	1.44238424	1.48468018
0.00000240	0.00000000	0.00000000	0.00000000	0.00000000	1.45807040	1.45774615	1.44916940	1.50538707
0.00000260	0.00000000	0.00000000	0.00000000	0.00000000	1.35460675	1.47219372	1.47849858	1.50435174
0.00000280	0.00000000	0.00000000	0.00000000	0.00000000	1.50213826	1.45347548	1.46580386	1.49192762
0.00000300	0.00000000	0.00000000	0.00000000	0.00000000	1.46956635	1.48655033	1.46602273	1.46293807
0.00000320	0.00000000	0.00000000	0.00000000	0.00000000	1.48106229	1.47101247	1.46667933	1.50849307
0.00000360	0.00000000	0.00000000	0.00000000	0.00000000	1.45232236	1.44366205	1.48812914	1.47984862
0.00000400	0.00000000	0.00000000	0.00000000	0.00000000	1.46094441	1.46292543	1.46339619	1.44085073
0.00000440	0.00000000	0.00000000	0.00000000	0.00000000	1.42549849	1.43466651	1.45628285	1.43895257
0.00000480	0.00000000	0.00000000	0.00000000	0.00000000	1.46669233	1.47101247	1.45376575	1.45569062
0.00000520	0.00000000	0.00000000	0.00000000	0.00000000	1.49447429	1.45951807	1.43986726	1.49917495
0.00000560	0.00000000	0.00000000	0.00000000	0.00000000	1.40729654	1.44270802	1.44851279	1.42928946
0.00000600	0.00000000	0.00000000	0.00000000	0.00000000	1.44082642	1.44865966	1.43341041	1.43481123
0.00000640	0.00000000	0.00000000	0.00000000	0.00000000	1.46669233	1.44593370	1.45496953	1.42894435
0.00000720	0.00000000	0.00000000	0.00000000	0.00000000	1.46238136	1.43830109	1.44041443	1.44887459
0.00000800	0.00000000	0.00000000	0.00000000	0.00000000	1.43412054	1.43689263	1.42651582	1.43981540
0.00000880	0.00000000	0.00000000	0.00000000	0.00000000	1.48489428	1.43393958	1.41923833	1.42799520
0.00000960	0.00000000	0.00000000	0.00000000	0.00000000	1.49207926	1.44020927	1.41245317	1.39909196
0.00001040	0.00000000	0.00000000	0.00000000	0.00000000	1.45088542	1.41810632	1.42104399	1.40375102
0.00001120	0.00000000	0.00000000	0.00000000	0.00000000	1.43699443	1.41887867	1.40643406	1.39253473
0.00001200	0.00000000	0.00000000	0.00000000	0.00000000	1.41208661	1.41508508	1.40172827	1.38520110
0.00001280	0.00000000	0.00000000	0.00000000	0.00000000	1.45854938	1.41008747	1.39483368	1.39960957
0.00001440	0.00000000	0.00000000	0.00000000	0.00000000	1.41687655	1.40510130	1.39031947	1.38239706
0.00001600	0.00000000	0.00000000	0.00000000	0.00000000	1.41735554	1.39565134	1.37754261	1.35785079
0.00001760	0.00000000	0.00000000	0.00000000	0.00000000	1.46765041	1.38103342	1.37111318	1.34685028
0.00001920	0.00000000	0.00000000	0.00000000	0.00000000	1.42022955	1.39260733	1.35606551	1.35258782
0.00002080	0.00000000	0.00000000	0.00000000	0.00000000	1.37328768	1.38130605	1.35001910	1.33058679
0.00002240	0.00000000	0.00000000	0.00000000	0.00000000	1.39891410	1.36329210	1.33721495	1.31264091
0.00002400	0.00000000	0.00000000	0.00000000	0.00000000	1.40777564	1.36263335	1.33092237	1.30975056
0.00002560	0.00000000	0.00000000	0.00000000	0.00000000	1.39699817	1.34708405	1.31587470	1.29918146
0.00002880	0.00000000	0.00000000	0.00000000	0.00000000	1.36977518	1.34183860	1.29902637	1.27626801
0.00003200	0.00000000	0.00000000	0.00000000	0.00000000	1.37514091	1.32898629	1.29222679	1.26700509
0.00003520	0.00000000	0.00000000	0.00000000	0.00000000	1.37932277	1.31309927	1.27201271	1.24899602
0.00003840	0.00000000	0.00000000	0.00000000	0.00000000	1.35901046	1.30180252	1.25148034	1.24466610
0.00004160	0.00000000	0.00000000	0.00000000	0.00000000	1.34299970	1.29107571	1.23561573	1.22790658
0.00004480	0.00000000	0.00000000	0.00000000	0.00000000	1.34024072	1.28325510	1.23100281	1.21715724
0.00004800	0.00000000	0.00000000	0.00000000	0.00000000	1.34478104	1.27242029	1.21608603	1.18937230
0.00005120	0.00000000	0.00000000	0.00000000	0.00000000	1.31729996	1.25794089	1.20576191	1.18924308
0.00005760	0.00000000	0.00000000	0.00000000	0.00000000	1.31236267	1.23881125	1.18819880	1.16020310
0.00006400	0.00000000	0.00000000	0.00000000	0.00000000	1.29282689	1.22268081	1.16743565	1.14373195
0.00007040	0.00000000	0.00000000	0.00000000	0.00000000	1.28452265	1.20688307	1.15948629	1.12449217
0.00007680	0.00000000	0.00000000	0.00000000	0.00000000	1.27765226	1.19587719	1.14140189	1.11028314
0.00008320	0.00000000	0.00000000	0.00000000	0.00000000	1.25190330	1.18126893	1.12596619	1.09896123
0.00008960	0.00000000	0.00000000	0.00000000	0.00000000	1.23805296	1.16855681	1.11220717	1.08933055
0.00009600	0.00000000	0.00000000	0.00000000	0.00000000	1.23930764	1.16020727	1.10085738	1.08071959
0.00010240	0.00000000	0.00000000	0.00000000	0.00000000	1.23243713	1.14527774	1.09452689	1.07074797
0.00011520	0.00000000	0.00000000	0.00000000	0.00000000	1.20451725	1.12735546	1.07765210	1.05304480
0.00012800	0.00000000	0.00000000	0.00000000	0.00000000	1.18188238	1.11033106	1.06709790	1.04154515
0.00014080	0.00000000	0.00000000	0.00000000	0.00000000	1.17046583	1.09544742	1.05060422	1.03542435
0.00015360	0.00000000	0.00000000	0.00000000	0.00000000	1.16223359	1.08219433	1.04009473	1.03080344
0.00016640	0.00000000	0.00000000	0.00000000	0.00000000	1.13499999	1.07154155	1.03709805	1.02295315
0.00017920	0.00000000	0.00000000	0.00000000	0.00000000	1.13186455	1.06093514	1.02882349	1.01591659
0.00019200	0.00000000	0.00000000	0.00000000	0.00000000	1.12062764	1.05166268	1.02683783	1.01690066
0.00020480	0.00000000	0.00000000	0.00000000	0.00000000	1.11265481	1.04349875	1.01732397	1.01226163
0.00023040	0.00000000	0.00000000	0.00000000	0.00000000	1.09234262	1.03444421	1.01139545	1.01091135
0.00025600	0.00000000	0.00000000	0.00000000	0.00000000	1.07898319	1.02522433	1.00890899	0.99980342
0.00028160	0.00000000	0.00000000	0.00000000	0.00000000	1.06014192	1.02097988	1.00678849	1.00261402
0.00030720	0.00000000	0.00000000	0.00000000	0.00000000	1.04852867	1.01464283	1.00371742	1.00382233
0.00033280	0.00000000	0.00000000	0.00000000	0.00000000	1.04084790	1.01150429	1.00246716	0.99823010
0.00035840	0.00000000	0.00000000	0.00000000	0.00000000	1.03415501	1.00834942	1.00581169	0.99609679
0.00038400	0.00000000	0.00000000	0.00000000	0.00000000	1.03287816	1.00681734	1.00451493	1.00173640
0.00040960	0.00000000	0.00000000	0.00000000	0.00000000	1.02933657	1.00403535	1.00238669	1.00107169
0.00046080	0.00000000	0.00000000	0.00000000	0.00000000	1.01715231	1.00127304	0.99977934	0.99977577
0.00051200	0.00000000	0.00000000	0.00000000	0.00000000	1.01600111	0.99951673	0.99813336	1.00325251
0.00056320	0.00000000	0.00000000	0.00000000	0.00000000	1.01065946	1.00089848	0.99887729	1.00001848
0.00061440	0.00000000	0.00000000	0.00000000	0.00000000	1.00203824	1.00119388	0.99999231	0.99868202
0.00066560	0.00000000	0.00000000	0.00000000	0.00000000	1.00863421	1.00052392	1.00013447	0.99541712
0.00071680	0.00000000	0.00000000	0.00000000	0.00000000	1.00723720	0.99853122	1.00008762	0.99576825
0.00076800	0.00000000	0.00000000	0.00000000	0.00000000	1.00709534	0.99734706	0.99711686	0.99699748
0.00081920	0.00000000	0.00000000	0.00000000	0.00000000	1.00472832	0.99804705	0.99723661	0.99522990
0.00092160	0.00000000	0.00000000	0.00000000	0.00000000	1.00010908	0.99764794	0.99858040	0.99864417
0.00102400	0.00000000	0.00000000	0.00000000	0.00000000	1.00448990	0.99973524	1.00050628	0.99648947
0.00112640	0.00000000	0.00000000	0.00000000	0.00000000	0.99555987	1.00041592	1.00021827	0.99637824
0.00122880	0.00000000	0.00000000	0.00000000	0.00000000	0.99571890	0.99803543	1.00182784	0.99797750
0.00133120	0.00000000	0.00000000	0.00000000	0.00000000	0.99418080	1.00056088	1.00138938	1.00082004
0.00143360	0.00000000	0.00000000	0.00000000	0.00000000	0.99421555	0.99987084	1.00071144	1.00078082
0.00153600	0.00000000	0.00000000	0.00000000	0.00000000	0.98927385	1.00090611	1.00280881	1.00101006
0.00163840	0.00000000	0.00000000	0.00000000	0.00000000	0.98545742	1.00063777	1.00220799	1.00063360
0.00184320	0.00000000	0.00000000	0.00000000	0.00000000	0.99489325	0.99504995	1.00094998	0.99730778
0.00204800	0.00000000	0.00000000	0.00000000	0.00000000	0.99761492	0.99965125	1.00215876	1.00005758
0.00225280	0.00000000	0.00000000	0.00000000	0.00000000	1.00218713	0.99705553	0.99975049	1.00116611
0.00245760	0.00000000	0.00000000	0.00000000	0.00000000	1.00366235	0.99907368	0.99909121	1.00061524
0.00266240	0.00000000	0.00000000	0.00000000	0.00000000	0.99695009	1.00039542	1.00009370	0.99909031
0.00286720	0.00000000	0.00000000	0.00000000	0.00000000	0.99672669	0.99815416	1.00214291	1.00261796
0.00307200	0.00000000	0.00000000	0.00000000	0.00000000	0.99511772	0.99844199	1.00401449	1.00106800
0.00327680	0.00000000	0.00000000	0.00000000	0.00000000	1.00189686	1.00015497	0.99956280	1.00167191
0.00368640	0.00000000	0.00000000	0.00000000	0.00000000	1.00210392	1.00049090	0.99888533	0.99931633
0.00409600	0.00000000	0.00000000	0.00000000	0.00000000	0.99844897	1.00044668	1.00134683	1.00201380
0.00450560	0.00000000	0.00000000	0.00000000	0.00000000	0.99876434	1.00349736	0.99857670	0.99852490
0.00491520	0.00000000	0.00000000	0.00000000	0.00000000	0.99746102	1.00135827	1.00105178	1.00008202
0.00532480	0.00000000	0.00000000	0.00000000	0.00000000	1.00084174	0.99686909	1.00015020	1.00030971
0.00573440	0.00000000	0.00000000	0.00000000	0.00000000	1.00000525	0.99700612	1.00076449	0.99821621
0.00614400	0.00000000	0.00000000	0.00000000	0.00000000	1.00213194	0.99820369	0.99969155	0.99895191
0.00655360	0.00000000	0.00000000	0.00000000	0.00000000	0.99707508	0.99766093	1.00040793	1.00187039
0.00737280	0.00000000	0.00000000	0.00000000	0.00000000	1.00180173	0.99974370	0.99867672	0.99729764
0.00819200	0.00000000	0.00000000	0.00000000	0.00000000	1.00707388	0.99996191	1.00025952	1.00189590
0.00901120	0.00000000	0.00000000	0.00000000	0.00000000	1.00000131	0.99878699	1.00083578	1.00049937
0.00983040	0.00000000	0.00000000	0.00000000	0.00000000	1.00244343	1.00022972	1.00081182	0.99813378
0.01064960	0.00000000	0.00000000	0.00000000	0.00000000	0.99955177	0.99808156	1.00069070	1.00127912
0.01146880	0.00000000	0.00000000	0.00000000	0.00000000	1.00032771	0.99941093	1.00106263	1.00191271
0.01228800	0.00000000	0.00000000	0.00000000	0.00000000	0.99699289	1.00067937	0.99847955	1.00019097
0.01310720	0.00000000	0.00000000	0.00000000	0.00000000	0.99857408	1.00034356	0.99937212	1.00023925
0.01474560	0.00000000	0.00000000	0.00000000	0.00000000	1.00285363	1.00074911	1.00058699	1.00064325
0.01638400	0.00000000	0.00000000	0.00000000	0.00000000	0.99873316	1.00099552	0.99946046	1.00051355
0.01802240	0.00000000	0.00000000	0.00000000	0.00000000	1.00112152	1.00022817	0.99972308	1.00017095
0.01966080	0.00000000	0.00000000	0.00000000	0.00000000	0.99904013	0.99928021	0.99939823	1.00083864
0.02129920	0.00000000	0.00000000	0.00000000	0.00000000	0.99847019	0.99949521	0.99940729	0.99919885
0.02293760	0.00000000	0.00000000	0.00000000	0.00000000	1.00071692	0.99909049	1.00017476	0.99921858
0.02457600	0.00000000	0.00000000	0.00000000	0.00000000	1.00098157	1.00022006	0.99979198	1.00145352
0.02621440	0.00000000	0.00000000	0.00000000	0.00000000	1.00146806	0.99934733	0.99877703	0.99991721
0.02949120	0.00000000	0.00000000	0.00000000	0.00000000	0.99898475	0.99979693	1.00059617	0.99934977
0.03276800	0.00000000	0.00000000	0.00000000	0.00000000	0.99994147	1.00134587	0.99974930	0.99939007
0.03604480	0.00000000	0.00000000	0.00000000	0.00000000	1.00157976	0.99982178	0.99978477	0.99966049
0.03932160	0.00000000	0.00000000	0.00000000	0.00000000	0.99944985	1.00010550	0.99944949	1.00029147
0.04259840	0.00000000	0.00000000	0.00000000	0.00000000	1.00154138	0.99925870	0.99973065	0.99899930
0.04587520	0.00000000	0.00000000	0.00000000	0.00000000	1.00080323	1.00053298	0.99959314	1.00026309
0.04915200	0.00000000	0.00000000	0.00000000	0.00000000	0.99962318	1.00032437	0.99948663	0.99925953
0.05242880	0.00000000	0.00000000	0.00000000	0.00000000	1.00087619	1.00004828	1.00038552	1.00047278
0.05898240	0.00000000	0.00000000	0.00000000	0.00000000	0.99950212	0.99973041	0.99957937	1.00017083
0.06553600	0.00000000	0.00000000	0.00000000	0.00000000	0.99894345	1.00058436	0.99998748	1.00083351
0.07208960	0.00000000	0.00000000	0.00000000	0.00000000	0.99986196	1.00030446	1.00029409	0.99971700
0.07864320	0.00000000	0.00000000	0.00000000	0.00000000	0.99915498	1.00045705	1.00016809	1.00044608
0.08519680	0.00000000	0.00000000	0.00000000	0.00000000	1.00079405	1.00052631	0.99942690	0.99973470
0.09175040	0.00000000	0.00000000	0.00000000	0.00000000	1.00080431	1.00060356	1.00048172	0.99999404
0.09830400	0.00000000	0.00000000	0.00000000	0.00000000	0.99941289	0.99912906	1.00046074	0.99974746
0.10485760	0.00000000	0.00000000	0.00000000	0.00000000	1.00154936	1.00071561	1.00004721	0.99969667
0.11796480	0.00000000	0.00000000	0.00000000	0.00000000	1.00077105	1.00029361	0.99977952	0.99999875
0.13107200	0.00000000	0.00000000	0.00000000	0.00000000	1.00074494	0.99983650	0.99989802	0.99969381
0.14417920	0.00000000	0.00000000	0.00000000	0.00000000	1.00005567	1.00021529	1.00071216	1.00043643
0.15728641	0.00000000	0.00000000	0.00000000	0.00000000	0.99960029	1.00002670	0.99989468	0.99987221
0.17039360	0.00000000	0.00000000	0.00000000	0.00000000	1.00033629	0.99929482	0.99962497	0.99986392
0.18350080	0.00000000	0.00000000	0.00000000	0.00000000	0.99866670	0.99975061	0.99978673	1.00035715
0.19660801	0.00000000	0.00000000	0.00000000	0.00000000	0.99947184	1.00007808	1.00013852	0.99999052
0.20971520	0.00000000	0.00000000	0.00000000	0.00000000	0.99950975	1.00024402	1.00032318	1.00024295
0.23592959	0.00000000	0.00000000	0.00000000	0.00000000	0.99967241	0.99992013	1.00023806	0.99985653
0.26214400	0.00000000	0.00000000	0.00000000	0.00000000	1.00075471	1.00050402	0.99975258	1.00005317
0.28835839	0.00000000	0.00000000	0.00000000	0.00000000	1.00008070	0.99997514	1.00008118	0.99997866
0.31457281	0.00000000	0.00000000	0.00000000	0.00000000	1.00040388	0.99985456	0.99992287	1.00008702
0.34078720	0.00000000	0.00000000	0.00000000	0.00000000	0.99998540	1.00059366	1.00009406	1.00004566
0.36700159	0.00000000	0.00000000	0.00000000	0.00000000	0.99991864	1.00006163	0.99982798	0.99997884
0.39321601	0.00000000	0.00000000	0.00000000	0.00000000	1.00033259	1.00005209	0.99997044	0.99981487
0.41943040	0.00000000	0.00000000	0.00000000	0.00000000	0.99973619	1.00004363	1.00023568	1.00037575
0.47185919	0.00000000	0.00000000	0.00000000	0.00000000	0.99987018	1.00038171	0.99985784	0.99978703
0.52428800	0.00000000	0.00000000	0.00000000	0.00000000	0.99997222	0.99993128	0.99996930	1.00002766
0.57671678	0.00000000	0.00000000	0.00000000	0.00000000	1.00007522	1.00013077	0.99983227	1.00026166
0.62914562	0.00000000	0.00000000	0.00000000	0.00000000	1.00056946	1.00004566	1.00007880	0.99963313
0.68157440	0.00000000	0.00000000	0.00000000	0.00000000	1.00014913	1.00009298	0.99989527	0.99991763
0.73400319	0.00000000	0.00000000	0.00000000	0.00000000	1.00005913	0.99997461	1.00004065	0.99986404
0.78643203	0.00000000	0.00000000	0.00000000	0.00000000	0.99982691	1.00042057	0.99983758	0.99999166
0.83886081	0.00000000	0.00000000	0.00000000	0.00000000	1.00011861	1.00024772	0.99998313	0.99992418
0.94371837	0.00000000	0.00000000	0.00000000	0.00000000	0.99977297	1.00005543	0.99993825	1.00002694
1.04857600	0.00000000	0.00000000	0.00000000	0.00000000	0.99906141	0.99997264	0.99997228	1.00001645
1.15343356	0.00000000	0.00000000	0.00000000	0.00000000	0.99966592	1.00009632	0.99976265	0.99993861
1.25829124	0.00000000	0.00000000	0.00000000	0.00000000	1.00007987	1.00025046	0.99994063	0.99985635
1.36314881	0.00000000	0.00000000	0.00000000	0.00000000	0.99975044	0.99993968	0.99996817	0.99987924
1.46800637	0.00000000	0.00000000	0.00000000	0.00000000	0.99997944	0.99995881	1.00001574	1.00013244
1.57286406	0.00000000	0.00000000	0.00000000	0.00000000	1.00016284	1.00022328	1.00010884	1.00001168
1.67772162	0.00000000	0.00000000	0.00000000	0.00000000	0.99966252	1.00004792	1.00006723	0.99997723
1.88743675	0.00000000	0.00000000	0.00000000	0.00000000	0.99995458	1.00009489	0.99999911	1.00002718
2.09715199	0.00000000	0.00000000	0.00000000	0.00000000	1.00053000	1.00013804	0.99999416	0.99999142
2.30686712	0.00000000	0.00000000	0.00000000	0.00000000	1.00039172	1.00000322	1.00012696	0.99987268
2.51658249	0.00000000	0.00000000	0.00000000	0.00000000	0.99997169	1.00006342	1.00001252	0.99988532
2.72629762	0.00000000	0.00000000	0.00000000	0.00000000	1.00010824	1.00004232	0.99973214	1.00011885
2.93601274	0.00000000	0.00000000	0.00000000	0.00000000	1.00012839	0.99998116	1.00014186	1.00003111
3.14572811	0.00000000	0.00000000	0.00000000	0.00000000	0.99976993	1.00007451	1.00006628	1.00012302
3.35544324	0.00000000	0.00000000	0.00000000	0.00000000	0.99967217	0.99992156	1.00002658	1.00005019
3.77487350	0.00000000	0.00000000	0.00000000	0.00000000	1.00010860	0.99999648	1.00000465	0.99999744
4.19430399	0.00000000	0.00000000	0.00000000	0.00000000	0.99987316	0.99999946	0.99971348	0.99985385
4.61373425	0.00000000	0.00000000	0.00000000	0.00000000	1.00012028	1.00002682	1.00022697	0.99998885
5.03316498	0.00000000	0.00000000	0.00000000	0.00000000	1.00000000	1.00000000	1.00000000	1.00000000
5.45259523	0.00000000	0.00000000	0.00000000	0.00000000	0.00000000	0.00000000	0.00000000	0.00000000
5.87202549	0.00000000	0.00000000	0.00000000	0.00000000	0.00000000	0.00000000	0.00000000	0.00000000
6.29145622	0.00000000	0.00000000	0.00000000	0.00000000	0.00000000	0.00000000	0.00000000	0.00000000
6.71088648	0.00000000	0.00000000	0.00000000	0.00000000	0.00000000	0.00000000	0.00000000	0.00000000
7.54974699	0.00000000	0.00000000	0.00000000	0.00000000	0.00000000	0.00000000	0.00000000	0.00000000
8.38860798	0.00000000	0.00000000	0.00000000	0.00000000	0.00000000	0.00000000	0.00000000	0.00000000
9.22746849	0.00000000	0.00000000	0.00000000	0.00000000	0.00000000	0.00000000	0.00000000	0.00000000
10.06632996	0.00000000	0.00000000	0.00000000	0.00000000	0.00000000	0.00000000	0.00000000	0.00000000
10.90519047	0.00000000	0.00000000	0.00000000	0.00000000	0.00000000	0.00000000	0.00000000	0.00000000
11.74405098	0.00000000	0.00000000	0.00000000	0.00000000	0.00000000	0.00000000	0.00000000	0.00000000
12.58291245	0.00000000	0.00000000	0.00000000	0.00000000	0.00000000	0.00000000	0.00000000	0.00000000
13.42177296	0.00000000	0.00000000	0.00000000	0.00000000	0.00000000	0.00000000	0.00000000	0.00000000
15.09949398	0.00000000	0.00000000	0.00000000	0.00000000	0.00000000	0.00000000	0.00000000	0.00000000
16.77721596	0.00000000	0.00000000	0.00000000	0.00000000	0.00000000	0.00000000	0.00000000	0.00000000
18.45493698	0.00000000	0.00000000	0.00000000	0.00000000	0.00000000	0.00000000	0.00000000	0.00000000
20.13265991	0.00000000	0.00000000	0.00000000	0.00000000	0.00000000	0.00000000	0.00000000	0.00000000
21.81038094	0.00000000	0.00000000	0.00000000	0.00000000	0.00000000	0.00000000	0.00000000	0.00000000
23.48810196	0.00000000	0.00000000	0.00000000	0.00000000	0.00000000	0.00000000	0.00000000	0.00000000
25.16582489	0.00000000	0.00000000	0.00000000	0.00000000	0.00000000	0.00000000	0.00000000	0.00000000
26.84354591	0.00000000	0.00000000	0.00000000	0.00000000	0.00000000	0.00000000	0.00000000	0.00000000
30.19898796	0.00000000	0.00000000	0.00000000	0.00000000	0.00000000	0.00000000	0.00000000	0.00000000
33.55443192	0.00000000	0.00000000	0.00000000	0.00000000	0.00000000	0.00000000	0.00000000	0.00000000
36.90987396	0.00000000	0.00000000	0.00000000	0.00000000	0.00000000	0.00000000	0.00000000	0.00000000
40.26531982	0.00000000	0.00000000	0.00000000	0.00000000	0.00000000	0.00000000	0.00000000	0.00000000
43.62076187	0.00000000	0.00000000	0.00000000	0.00000000	0.00000000	0.00000000	0.00000000	0.00000000
46.97620392	0.00000000	0.00000000	0.00000000	0.00000000	0.00000000	0.00000000	0.00000000	0.00000000
50.33164978	0.00000000	0.00000000	0.00000000	0.00000000	0.00000000	0.00000000	0.00000000	0.00000000
53.68709183	0.00000000	0.00000000	0.00000000	0.00000000	0.00000000	0.00000000	0.00000000	0.00000000
60.39797592	0.00000000	0.00000000	0.00000000	0.00000000	0.00000000	0.00000000	0.00000000	0.00000000
67.10886383	0.00000000	0.00000000	0.00000000	0.00000000	0.00000000	0.00000000	0.00000000	0.00000000
73.81974792	0.00000000	0.00000000	0.00000000	0.00000000	0.00000000	0.00000000	0.00000000	0.00000000
80.53063965	0.00000000	0.00000000	0.00000000	0.00000000	0.00000000	0.00000000	0.00000000	0.00000000
87.24152374	0.00000000	0.00000000	0.00000000	0.00000000	0.00000000	0.00000000	0.00000000	0.00000000
93.95240784	0.00000000	0.00000000	0.00000000	0.00000000	0.00000000	0.00000000	0.00000000	0.00000000
100.66329956	0.00000000	0.00000000	0.00000000	0.00000000	0.00000000	0.00000000	0.00000000	0.00000000
107.37418365	0.00000000	0.00000000	0.00000000	0.00000000	0.00000000	0.00000000	0.00000000	0.00000000
120.79595184	0.00000000	0.00000000	0.00000000	0.00000000	0.00000000	0.00000000	0.00000000	0.00000000
134.21772766	0.00000000	0.00000000	0.00000000	0.00000000	0.00000000	0.00000000	0.00000000	0.00000000
147.63949585	0.00000000	0.00000000	0.00000000	0.00000000	0.00000000	0.00000000	0.00000000	0.00000000
161.06127930	0.00000000	0.00000000	0.00000000	0.00000000	0.00000000	0.00000000	0.00000000	0.00000000
174.48304749	0.00000000	0.00000000	0.00000000	0.00000000	0.00000000	0.00000000	0.00000000	0.00000000
187.90481567	0.00000000	0.00000000	0.00000000	0.00000000	0.00000000	0.00000000	0.00000000	0.00000000
201.32659912	0.00000000	0.00000000	0.00000000	0.00000000	0.00000000	0.00000000	0.00000000	0.00000000
214.74836731	0.00000000	0.00000000	0.00000000	0.00000000	0.00000000	0.00000000	0.00000000	0.00000000
241.59190369	0.00000000	0.00000000	0.00000000	0.00000000	0.00000000	0.00000000	0.00000000	0.00000000
268.43545532	0.00000000	0.00000000	0.00000000	0.00000000	0.00000000	0.00000000	0.00000000	0.00000000
295.27899170	0.00000000	0.00000000	0.00000000	0.00000000	0.00000000	0.00000000	0.00000000	0.00000000
322.12255859	0.00000000	0.00000000	0.00000000	0.00000000	0.00000000	0.00000000	0.00000000	0.00000000
348.96609497	0.00000000	0.00000000	0.00000000	0.00000000	0.00000000	0.00000000	0.00000000	0.00000000
375.80963135	0.00000000	0.00000000	0.00000000	0.00000000	0.00000000	0.00000000	0.00000000	0.00000000
402.65319824	0.00000000	0.00000000	0.00000000	0.00000000	0.00000000	0.00000000	0.00000000	0.00000000
429.49673462	0.00000000	0.00000000	0.00000000	0.00000000	0.00000000	0.00000000	0.00000000	0.00000000
483.18380737	0.00000000	0.00000000	0.00000000	0.00000000	0.00000000	0.00000000	0.00000000	0.00000000
536.87091064	0.00000000	0.00000000	0.00000000	0.00000000	0.00000000	0.00000000	0.00000000	0.00000000
590.55798340	0.00000000	0.00000000	0.00000000	0.00000000	0.00000000	0.00000000	0.00000000	0.00000000
644.24511719	0.00000000	0.00000000	0.00000000	0.00000000	0.00000000	0.00000000	0.00000000	0.00000000
697.93218994	0.00000000	0.00000000	0.00000000	0.00000000	0.00000000	0.00000000	0.00000000	0.00000000
751.61926270	0.00000000	0.00000000	0.00000000	0.00000000	0.00000000	0.00000000	0.00000000	0.00000000
805.30639648	0.00000000	0.00000000	0.00000000	0.00000000	0.00000000	0.00000000	0.00000000	0.00000000
858.99346924	0.00000000	0.00000000	0.00000000	0.00000000	0.00000000	0.00000000	0.00000000	0.00000000
966.36761475	0.00000000	0.00000000	0.00000000	0.00000000	0.00000000	0.00000000	0.00000000	0.00000000
1073.74182129	0.00000000	0.00000000	0.00000000	0.00000000	0.00000000	0.00000000	0.00000000	0.00000000
1181.11596680	0.00000000	0.00000000	0.00000000	0.00000000	0.00000000	0.00000000	0.00000000	0.00000000
1288.49023437	0.00000000	0.00000000	0.00000000	0.00000000	0.00000000	0.00000000	0.00000000	0.00000000
1395.86437988	0.00000000	0.00000000	0.00000000	0.00000000	0.00000000	0.00000000	0.00000000	0.00000000
1503.23852539	0.00000000	0.00000000	0.00000000	0.00000000	0.00000000	0.00000000	0.00000000	0.00000000
1610.61279297	0.00000000	0.00000000	0.00000000	0.00000000	0.00000000	0.00000000	0.00000000	0.00000000
1717.98693848	0.00000000	0.00000000	0.00000000	0.00000000	0.00000000	0.00000000	0.00000000	0.00000000
1932.73522949	0.00000000	0.00000000	0.00000000	0.00000000	0.00000000	0.00000000	0.00000000	0.00000000
2147.48364258	0.00000000	0.00000000	0.00000000	0.00000000	0.00000000	0.00000000	0.00000000	0.00000000
2362.23193359	0.00000000	0.00000000	0.00000000	0.00000000	0.00000000	0.00000000	0.00000000	0.00000000
2576.98046875	0.00000000	0.00000000	0.00000000	0.00000000	0.00000000	0.00000000	0.00000000	0.00000000
2791.72875977	0.00000000	0.00000000	0.00000000	0.00000000	0.00000000	0.00000000	0.00000000	0.00000000
3006.47705078	0.00000000	0.00000000	0.00000000	0.00000000	0.00000000	0.00000000	0.00000000	0.00000000
3221.22558594	0.00000000	0.00000000	0.00000000	0.00000000	0.00000000	0.00000000	0.00000000	0.00000000
3435.97387695	0.00000000	0.00000000	0.00000000	0.00000000	0.00000000	0.00000000	0.00000000	0.00000000
0	0	0	0	0	0	0	0	0
