%2/14/2019 2:19:50 PM
%Duration	ID1		ID2		ID3		ID4		ID5		ID6		ID7		ID8
3000.000000	0.000000	0.000000	0.000000	0.000000	42.142868	179.910660	128.250122	100.212097
%Tau		Tau1		Tau2		Tau3		Tau4		Tau5		Tau6		Tau7		Tau8
%		0.000000	0.000000	0.000000	0.000000	0.000096	0.000083	0.000058	0.000048
%Delaytime	D1		D2		D3		D4		D5		D6		D7		D8
0.00000020	0.00000000	0.00000000	0.00000000	0.00000000	1.97129619	1.82206917	2.15623045	1.65945148
0.00000040	0.00000000	0.00000000	0.00000000	0.00000000	1.50598526	1.52153289	1.53756702	1.53953218
0.00000060	0.00000000	0.00000000	0.00000000	0.00000000	1.52143133	1.49739432	1.47847152	1.46356058
0.00000080	0.00000000	0.00000000	0.00000000	0.00000000	1.56390786	1.46587443	1.50466394	1.48229802
0.00000100	0.00000000	0.00000000	0.00000000	0.00000000	1.50019300	1.48602319	1.47435856	1.49865067
0.00000120	0.00000000	0.00000000	0.00000000	0.00000000	1.55039251	1.50517452	1.47912085	1.49217772
0.00000140	0.00000000	0.00000000	0.00000000	0.00000000	1.43261683	1.45929110	1.47500801	1.48161662
0.00000160	0.00000000	0.00000000	0.00000000	0.00000000	1.39979398	1.45859289	1.46873045	1.53578472
0.00000180	0.00000000	0.00000000	0.00000000	0.00000000	1.58707678	1.48442721	1.48907840	1.48263872
0.00000200	0.00000000	0.00000000	0.00000000	0.00000000	1.44613206	1.47794378	1.48561490	1.50137603
0.00000220	0.00000000	0.00000000	0.00000000	0.00000000	1.48281634	1.46168506	1.48583138	1.45163679
0.00000240	0.00000000	0.00000000	0.00000000	0.00000000	1.44033980	1.48512554	1.46894693	1.46935213
0.00000260	0.00000000	0.00000000	0.00000000	0.00000000	1.47509325	1.48173416	1.47977030	1.49115562
0.00000280	0.00000000	0.00000000	0.00000000	0.00000000	1.59479988	1.48323035	1.49817002	1.42744851
0.00000300	0.00000000	0.00000000	0.00000000	0.00000000	1.46350884	1.48771894	1.46505046	1.46526396
0.00000320	0.00000000	0.00000000	0.00000000	0.00000000	1.59093833	1.46487689	1.45985532	1.49899125
0.00000360	0.00000000	0.00000000	0.00000000	0.00000000	1.51756978	1.46482706	1.47955382	1.46764874
0.00000400	0.00000000	0.00000000	0.00000000	0.00000000	1.47316253	1.47220826	1.46007168	1.46049452
0.00000440	0.00000000	0.00000000	0.00000000	0.00000000	1.48860860	1.44956589	1.47652328	1.46236825
0.00000480	0.00000000	0.00000000	0.00000000	0.00000000	1.48281634	1.46313143	1.43084872	1.45197749
0.00000520	0.00000000	0.00000000	0.00000000	0.00000000	1.43454754	1.46692181	1.44297087	1.44584525
0.00000560	0.00000000	0.00000000	0.00000000	0.00000000	1.49247003	1.45959044	1.44481075	1.43681717
0.00000600	0.00000000	0.00000000	0.00000000	0.00000000	1.41330934	1.44866812	1.48020315	1.45265889
0.00000640	0.00000000	0.00000000	0.00000000	0.00000000	1.47605872	1.43879318	1.44708371	1.45027411
0.00000720	0.00000000	0.00000000	0.00000000	0.00000000	1.49536622	1.44976532	1.43718028	1.42659688
0.00000800	0.00000000	0.00000000	0.00000000	0.00000000	1.44371855	1.44442892	1.45487654	1.42395651
0.00000880	0.00000000	0.00000000	0.00000000	0.00000000	1.50357187	1.43485320	1.42576170	1.44405663
0.00000960	0.00000000	0.00000000	0.00000000	0.00000000	1.45964730	1.42986596	1.42267704	1.39610600
0.00001040	0.00000000	0.00000000	0.00000000	0.00000000	1.43647826	1.42617536	1.40790308	1.38154197
0.00001120	0.00000000	0.00000000	0.00000000	0.00000000	1.47847211	1.43779576	1.42121589	1.39363611
0.00001200	0.00000000	0.00000000	0.00000000	0.00000000	1.42199767	1.41999102	1.40801132	1.40419710
0.00001280	0.00000000	0.00000000	0.00000000	0.00000000	1.43020332	1.41612589	1.39588916	1.38298976
0.00001440	0.00000000	0.00000000	0.00000000	0.00000000	1.41355062	1.41345763	1.38238704	1.37587810
0.00001600	0.00000000	0.00000000	0.00000000	0.00000000	1.42972064	1.41045272	1.38373995	1.35999393
0.00001760	0.00000000	0.00000000	0.00000000	0.00000000	1.41692948	1.39603937	1.37299776	1.36416721
0.00001920	0.00000000	0.00000000	0.00000000	0.00000000	1.41765344	1.39212430	1.36041558	1.33631670
0.00002080	0.00000000	0.00000000	0.00000000	0.00000000	1.38290000	1.38542891	1.34972751	1.33584821
0.00002240	0.00000000	0.00000000	0.00000000	0.00000000	1.36576450	1.37293565	1.34650755	1.31425762
0.00002400	0.00000000	0.00000000	0.00000000	0.00000000	1.40003538	1.36278641	1.32713377	1.31694055
0.00002560	0.00000000	0.00000000	0.00000000	0.00000000	1.37976253	1.35839760	1.32913613	1.29326320
0.00002880	0.00000000	0.00000000	0.00000000	0.00000000	1.37698066	1.34516406	1.30411315	1.28466487
0.00003200	0.00000000	0.00000000	0.00000000	0.00000000	1.37975049	1.33151722	1.28854477	1.26651657
0.00003520	0.00000000	0.00000000	0.00000000	0.00000000	1.34482622	1.32264078	1.27660453	1.25917232
0.00003840	0.00000000	0.00000000	0.00000000	0.00000000	1.35951853	1.31347680	1.26812994	1.22724891
0.00004160	0.00000000	0.00000000	0.00000000	0.00000000	1.35373795	1.30350769	1.24641550	1.21596456
0.00004480	0.00000000	0.00000000	0.00000000	0.00000000	1.34855950	1.29125237	1.23855007	1.21254313
0.00004800	0.00000000	0.00000000	0.00000000	0.00000000	1.33555317	1.27526176	1.22154677	1.19623947
0.00005120	0.00000000	0.00000000	0.00000000	0.00000000	1.32977271	1.26862812	1.21771562	1.18047535
0.00005760	0.00000000	0.00000000	0.00000000	0.00000000	1.29331911	1.24875689	1.19353855	1.16272712
0.00006400	0.00000000	0.00000000	0.00000000	0.00000000	1.27381814	1.23352599	1.17856145	1.14829993
0.00007040	0.00000000	0.00000000	0.00000000	0.00000000	1.27941573	1.21426272	1.15515065	1.12590957
0.00007680	0.00000000	0.00000000	0.00000000	0.00000000	1.26575303	1.20138979	1.14590764	1.11534536
0.00008320	0.00000000	0.00000000	0.00000000	0.00000000	1.26358628	1.18724906	1.13178670	1.09673977
0.00008960	0.00000000	0.00000000	0.00000000	0.00000000	1.24191856	1.16816866	1.11545920	1.08459830
0.00009600	0.00000000	0.00000000	0.00000000	0.00000000	1.21314871	1.15271914	1.10893667	1.08004105
0.00010240	0.00000000	0.00000000	0.00000000	0.00000000	1.21110237	1.15228176	1.09280908	1.06639314
0.00011520	0.00000000	0.00000000	0.00000000	0.00000000	1.20369053	1.12853742	1.07940781	1.05439281
0.00012800	0.00000000	0.00000000	0.00000000	0.00000000	1.16950595	1.11069036	1.06632435	1.04176331
0.00014080	0.00000000	0.00000000	0.00000000	0.00000000	1.15628386	1.10027707	1.05691278	1.03203046
0.00015360	0.00000000	0.00000000	0.00000000	0.00000000	1.14255905	1.08667207	1.04545021	1.02567303
0.00016640	0.00000000	0.00000000	0.00000000	0.00000000	1.13271010	1.07486653	1.04220331	1.02269280
0.00017920	0.00000000	0.00000000	0.00000000	0.00000000	1.12071371	1.06922054	1.02907264	1.02046072
0.00019200	0.00000000	0.00000000	0.00000000	0.00000000	1.11245227	1.05965257	1.02492678	1.01104689
0.00020480	0.00000000	0.00000000	0.00000000	0.00000000	1.09233320	1.04904664	1.01707745	1.01432121
0.00023040	0.00000000	0.00000000	0.00000000	0.00000000	1.08006334	1.03976536	1.01425183	1.00873387
0.00025600	0.00000000	0.00000000	0.00000000	0.00000000	1.06534922	1.03133941	1.01427889	1.00475466
0.00028160	0.00000000	0.00000000	0.00000000	0.00000000	1.06377554	1.02427292	1.00961494	1.00393856
0.00030720	0.00000000	0.00000000	0.00000000	0.00000000	1.04259622	1.02167904	1.00507283	1.00473726
0.00033280	0.00000000	0.00000000	0.00000000	0.00000000	1.03550506	1.01589274	1.00428092	1.00170684
0.00035840	0.00000000	0.00000000	0.00000000	0.00000000	1.02492630	1.01343977	1.00315750	1.00083864
0.00038400	0.00000000	0.00000000	0.00000000	0.00000000	1.02600288	1.01011252	1.00182354	1.00069427
0.00040960	0.00000000	0.00000000	0.00000000	0.00000000	1.02898002	1.00589359	1.00166559	1.00167906
0.00046080	0.00000000	0.00000000	0.00000000	0.00000000	1.01382649	1.00455213	0.99988830	1.00283992
0.00051200	0.00000000	0.00000000	0.00000000	0.00000000	1.01435292	1.00325060	1.00018501	1.00149608
0.00056320	0.00000000	0.00000000	0.00000000	0.00000000	1.00969779	1.00188744	0.99958467	0.99912059
0.00061440	0.00000000	0.00000000	0.00000000	0.00000000	1.00376165	1.00153542	0.99613762	1.00201249
0.00066560	0.00000000	0.00000000	0.00000000	0.00000000	1.00100839	1.00104332	0.99725592	1.00326586
0.00071680	0.00000000	0.00000000	0.00000000	0.00000000	1.00450635	1.00022686	0.99856454	0.99878132
0.00076800	0.00000000	0.00000000	0.00000000	0.00000000	1.00196540	1.00069427	0.99994034	1.00019181
0.00081920	0.00000000	0.00000000	0.00000000	0.00000000	1.00292993	1.00180149	1.00140393	0.99759692
0.00092160	0.00000000	0.00000000	0.00000000	0.00000000	1.00170040	1.00082624	1.00077736	1.00091302
0.00102400	0.00000000	0.00000000	0.00000000	0.00000000	1.00248230	0.99868065	0.99932963	0.99944621
0.00112640	0.00000000	0.00000000	0.00000000	0.00000000	1.00425577	0.99655044	1.00174212	1.00127244
0.00122880	0.00000000	0.00000000	0.00000000	0.00000000	1.00217390	0.99785835	0.99963015	0.99819273
0.00133120	0.00000000	0.00000000	0.00000000	0.00000000	1.00304949	0.99963164	0.99746603	0.99784416
0.00143360	0.00000000	0.00000000	0.00000000	0.00000000	0.99961597	1.00172257	0.99920464	0.99577409
0.00153600	0.00000000	0.00000000	0.00000000	0.00000000	1.00224376	0.99986804	0.99881792	0.99783063
0.00163840	0.00000000	0.00000000	0.00000000	0.00000000	1.00159132	0.99992788	1.00005007	1.00066614
0.00184320	0.00000000	0.00000000	0.00000000	0.00000000	0.99696708	1.00096512	1.00045788	1.00091529
0.00204800	0.00000000	0.00000000	0.00000000	0.00000000	0.99699724	0.99987590	1.00160301	0.99789453
0.00225280	0.00000000	0.00000000	0.00000000	0.00000000	1.00757265	1.00102878	0.99694252	0.99956822
0.00245760	0.00000000	0.00000000	0.00000000	0.00000000	1.00733435	0.99902660	0.99849677	0.99833620
0.00266240	0.00000000	0.00000000	0.00000000	0.00000000	1.00365138	1.00152814	0.99785072	0.99837893
0.00286720	0.00000000	0.00000000	0.00000000	0.00000000	1.00377965	1.00200343	0.99651289	1.00065553
0.00307200	0.00000000	0.00000000	0.00000000	0.00000000	1.00022328	1.00062108	1.00174856	0.99556923
0.00327680	0.00000000	0.00000000	0.00000000	0.00000000	1.00003660	0.99913859	1.00153577	0.99740821
0.00368640	0.00000000	0.00000000	0.00000000	0.00000000	0.99802941	1.00079429	1.00281370	0.99807304
0.00409600	0.00000000	0.00000000	0.00000000	0.00000000	1.00016499	0.99827731	0.99929452	0.99913943
0.00450560	0.00000000	0.00000000	0.00000000	0.00000000	0.99770194	0.99744529	1.00165510	1.00218618
0.00491520	0.00000000	0.00000000	0.00000000	0.00000000	1.00145435	1.00041211	1.00069988	1.00072992
0.00532480	0.00000000	0.00000000	0.00000000	0.00000000	0.99963671	1.00091970	1.00038314	1.00065255
0.00573440	0.00000000	0.00000000	0.00000000	0.00000000	1.00387990	0.99789268	1.00262773	1.00054395
0.00614400	0.00000000	0.00000000	0.00000000	0.00000000	0.99857670	0.99821270	0.99898702	0.99877053
0.00655360	0.00000000	0.00000000	0.00000000	0.00000000	1.00320458	0.99676466	0.99760896	0.99957573
0.00737280	0.00000000	0.00000000	0.00000000	0.00000000	1.00198615	0.99939299	0.99723309	0.99866766
0.00819200	0.00000000	0.00000000	0.00000000	0.00000000	1.00314283	0.99893320	0.99901593	1.00015163
0.00901120	0.00000000	0.00000000	0.00000000	0.00000000	1.00268757	1.00223613	0.99971735	0.99878365
0.00983040	0.00000000	0.00000000	0.00000000	0.00000000	0.99929386	0.99972230	1.00156951	1.00040662
0.01064960	0.00000000	0.00000000	0.00000000	0.00000000	0.99648577	0.99957299	1.00009286	1.00133252
0.01146880	0.00000000	0.00000000	0.00000000	0.00000000	0.99742013	0.99931508	0.99960059	1.00069857
0.01228800	0.00000000	0.00000000	0.00000000	0.00000000	1.00135350	0.99932826	1.00024462	1.00171649
0.01310720	0.00000000	0.00000000	0.00000000	0.00000000	1.00187492	1.00095975	1.00050735	0.99905831
0.01474560	0.00000000	0.00000000	0.00000000	0.00000000	0.99700391	0.99724668	0.99986565	0.99992502
0.01638400	0.00000000	0.00000000	0.00000000	0.00000000	1.00145257	0.99960023	0.99928796	1.00050569
0.01802240	0.00000000	0.00000000	0.00000000	0.00000000	0.99778759	0.99985927	1.00107014	1.00024343
0.01966080	0.00000000	0.00000000	0.00000000	0.00000000	0.99918270	0.99990767	0.99934673	0.99946851
0.02129920	0.00000000	0.00000000	0.00000000	0.00000000	0.99853027	1.00002754	0.99915355	1.00029540
0.02293760	0.00000000	0.00000000	0.00000000	0.00000000	1.00287998	0.99994355	1.00075948	0.99976051
0.02457600	0.00000000	0.00000000	0.00000000	0.00000000	1.00229490	0.99985951	0.99996287	1.00077331
0.02621440	0.00000000	0.00000000	0.00000000	0.00000000	0.99862647	1.00012839	1.00050104	0.99923784
0.02949120	0.00000000	0.00000000	0.00000000	0.00000000	1.00032377	0.99976665	1.00050473	1.00028515
0.03276800	0.00000000	0.00000000	0.00000000	0.00000000	1.00301242	1.00129390	1.00062990	1.00048423
0.03604480	0.00000000	0.00000000	0.00000000	0.00000000	0.99824077	0.99978024	1.00071335	1.00082076
0.03932160	0.00000000	0.00000000	0.00000000	0.00000000	1.00138140	1.00019562	1.00008237	0.99982554
0.04259840	0.00000000	0.00000000	0.00000000	0.00000000	0.99841434	0.99962604	0.99981749	1.00012255
0.04587520	0.00000000	0.00000000	0.00000000	0.00000000	0.99983543	1.00019884	0.99987233	1.00054431
0.04915200	0.00000000	0.00000000	0.00000000	0.00000000	0.99731046	1.00056517	0.99960452	1.00008166
0.05242880	0.00000000	0.00000000	0.00000000	0.00000000	1.00065792	0.99922806	0.99958968	1.00016296
0.05898240	0.00000000	0.00000000	0.00000000	0.00000000	1.00001216	1.00127459	1.00056958	1.00000012
0.06553600	0.00000000	0.00000000	0.00000000	0.00000000	0.99885178	0.99946421	1.00047874	0.99972600
0.07208960	0.00000000	0.00000000	0.00000000	0.00000000	1.00004840	0.99955493	0.99987692	1.00048709
0.07864320	0.00000000	0.00000000	0.00000000	0.00000000	1.00070059	1.00006604	1.00001836	0.99991757
0.08519680	0.00000000	0.00000000	0.00000000	0.00000000	1.00129616	0.99946356	1.00001585	0.99964154
0.09175040	0.00000000	0.00000000	0.00000000	0.00000000	1.00085533	0.99994671	0.99966967	1.00043321
0.09830400	0.00000000	0.00000000	0.00000000	0.00000000	0.99913269	0.99935132	0.99971098	1.00020552
0.10485760	0.00000000	0.00000000	0.00000000	0.00000000	0.99881923	1.00045013	0.99933928	0.99947345
0.11796480	0.00000000	0.00000000	0.00000000	0.00000000	0.99991471	1.00002015	1.00051701	1.00010383
0.13107200	0.00000000	0.00000000	0.00000000	0.00000000	0.99989307	1.00034106	0.99931031	0.99996299
0.14417920	0.00000000	0.00000000	0.00000000	0.00000000	0.99972200	0.99937499	1.00092101	1.00025892
0.15728641	0.00000000	0.00000000	0.00000000	0.00000000	1.00011230	1.00037205	0.99975318	0.99989623
0.17039360	0.00000000	0.00000000	0.00000000	0.00000000	0.99966770	0.99991173	1.00042045	1.00009096
0.18350080	0.00000000	0.00000000	0.00000000	0.00000000	0.99992996	1.00002098	0.99998742	1.00007284
0.19660801	0.00000000	0.00000000	0.00000000	0.00000000	0.99986523	1.00057447	0.99966240	1.00036621
0.20971520	0.00000000	0.00000000	0.00000000	0.00000000	0.99978888	1.00016534	1.00022650	1.00034523
0.23592959	0.00000000	0.00000000	0.00000000	0.00000000	0.99992394	1.00010705	0.99996817	1.00025666
0.26214400	0.00000000	0.00000000	0.00000000	0.00000000	1.00005579	1.00012100	0.99972951	1.00020814
0.28835839	0.00000000	0.00000000	0.00000000	0.00000000	1.00036263	0.99966991	0.99994022	1.00028253
0.31457281	0.00000000	0.00000000	0.00000000	0.00000000	1.00013125	1.00040185	0.99986708	0.99962217
0.34078720	0.00000000	0.00000000	0.00000000	0.00000000	0.99959326	0.99984604	0.99956799	1.00032544
0.36700159	0.00000000	0.00000000	0.00000000	0.00000000	1.00115407	0.99975163	1.00007224	1.00007141
0.39321601	0.00000000	0.00000000	0.00000000	0.00000000	1.00064635	0.99977380	0.99997061	0.99985719
0.41943040	0.00000000	0.00000000	0.00000000	0.00000000	1.00087345	0.99967653	0.99995416	1.00038624
0.47185919	0.00000000	0.00000000	0.00000000	0.00000000	1.00055838	0.99999291	0.99983329	0.99988526
0.52428800	0.00000000	0.00000000	0.00000000	0.00000000	0.99974757	0.99992150	0.99986756	1.00011230
0.57671678	0.00000000	0.00000000	0.00000000	0.00000000	0.99991339	0.99977362	1.00021315	1.00021505
0.62914562	0.00000000	0.00000000	0.00000000	0.00000000	1.00026464	0.99992979	0.99992681	1.00003588
0.68157440	0.00000000	0.00000000	0.00000000	0.00000000	1.00037217	1.00007069	0.99962991	1.00009739
0.73400319	0.00000000	0.00000000	0.00000000	0.00000000	0.99964571	0.99982369	1.00021231	0.99996066
0.78643203	0.00000000	0.00000000	0.00000000	0.00000000	1.00033426	1.00012243	0.99987066	1.00022864
0.83886081	0.00000000	0.00000000	0.00000000	0.00000000	0.99984854	0.99980468	0.99997044	0.99999672
0.94371837	0.00000000	0.00000000	0.00000000	0.00000000	1.00024068	0.99999857	1.00013459	1.00007820
1.04857600	0.00000000	0.00000000	0.00000000	0.00000000	1.00000560	1.00009847	0.99991578	0.99999076
1.15343356	0.00000000	0.00000000	0.00000000	0.00000000	0.99987161	0.99988931	0.99995881	0.99990135
1.25829124	0.00000000	0.00000000	0.00000000	0.00000000	0.99975580	0.99994528	0.99997848	0.99991941
1.36314881	0.00000000	0.00000000	0.00000000	0.00000000	1.00021410	0.99995196	1.00021589	0.99996507
1.46800637	0.00000000	0.00000000	0.00000000	0.00000000	0.99975193	0.99981195	1.00005662	0.99980593
1.57286406	0.00000000	0.00000000	0.00000000	0.00000000	0.99967414	1.00020182	0.99999124	0.99991012
1.67772162	0.00000000	0.00000000	0.00000000	0.00000000	0.99969178	0.99994045	0.99973327	0.99992782
1.88743675	0.00000000	0.00000000	0.00000000	0.00000000	0.99953300	1.00002301	1.00000346	0.99999022
2.09715199	0.00000000	0.00000000	0.00000000	0.00000000	0.99972504	0.99991786	0.99996418	0.99982035
2.30686712	0.00000000	0.00000000	0.00000000	0.00000000	0.99967563	1.00003195	1.00009525	0.99980646
2.51658249	0.00000000	0.00000000	0.00000000	0.00000000	1.00008547	1.00005054	0.99996531	0.99977344
2.72629762	0.00000000	0.00000000	0.00000000	0.00000000	0.99964988	1.00002611	1.00007558	0.99978697
2.93601274	0.00000000	0.00000000	0.00000000	0.00000000	1.00019395	1.00000441	1.00006354	0.99993289
3.14572811	0.00000000	0.00000000	0.00000000	0.00000000	0.99970657	1.00001478	0.99985969	0.99986166
3.35544324	0.00000000	0.00000000	0.00000000	0.00000000	1.00026464	0.99995440	1.00004649	0.99978369
3.77487350	0.00000000	0.00000000	0.00000000	0.00000000	1.00009894	0.99982250	1.00002742	0.99986631
4.19430399	0.00000000	0.00000000	0.00000000	0.00000000	1.00000811	1.00020182	1.00004148	0.99995631
4.61373425	0.00000000	0.00000000	0.00000000	0.00000000	0.99999249	0.99996531	0.99993241	0.99993193
5.03316498	0.00000000	0.00000000	0.00000000	0.00000000	1.00000000	1.00000000	1.00000000	1.00000000
5.45259523	0.00000000	0.00000000	0.00000000	0.00000000	0.00000000	0.00000000	0.00000000	0.00000000
5.87202549	0.00000000	0.00000000	0.00000000	0.00000000	0.00000000	0.00000000	0.00000000	0.00000000
6.29145622	0.00000000	0.00000000	0.00000000	0.00000000	0.00000000	0.00000000	0.00000000	0.00000000
6.71088648	0.00000000	0.00000000	0.00000000	0.00000000	0.00000000	0.00000000	0.00000000	0.00000000
7.54974699	0.00000000	0.00000000	0.00000000	0.00000000	0.00000000	0.00000000	0.00000000	0.00000000
8.38860798	0.00000000	0.00000000	0.00000000	0.00000000	0.00000000	0.00000000	0.00000000	0.00000000
9.22746849	0.00000000	0.00000000	0.00000000	0.00000000	0.00000000	0.00000000	0.00000000	0.00000000
10.06632996	0.00000000	0.00000000	0.00000000	0.00000000	0.00000000	0.00000000	0.00000000	0.00000000
10.90519047	0.00000000	0.00000000	0.00000000	0.00000000	0.00000000	0.00000000	0.00000000	0.00000000
11.74405098	0.00000000	0.00000000	0.00000000	0.00000000	0.00000000	0.00000000	0.00000000	0.00000000
12.58291245	0.00000000	0.00000000	0.00000000	0.00000000	0.00000000	0.00000000	0.00000000	0.00000000
13.42177296	0.00000000	0.00000000	0.00000000	0.00000000	0.00000000	0.00000000	0.00000000	0.00000000
15.09949398	0.00000000	0.00000000	0.00000000	0.00000000	0.00000000	0.00000000	0.00000000	0.00000000
16.77721596	0.00000000	0.00000000	0.00000000	0.00000000	0.00000000	0.00000000	0.00000000	0.00000000
18.45493698	0.00000000	0.00000000	0.00000000	0.00000000	0.00000000	0.00000000	0.00000000	0.00000000
20.13265991	0.00000000	0.00000000	0.00000000	0.00000000	0.00000000	0.00000000	0.00000000	0.00000000
21.81038094	0.00000000	0.00000000	0.00000000	0.00000000	0.00000000	0.00000000	0.00000000	0.00000000
23.48810196	0.00000000	0.00000000	0.00000000	0.00000000	0.00000000	0.00000000	0.00000000	0.00000000
25.16582489	0.00000000	0.00000000	0.00000000	0.00000000	0.00000000	0.00000000	0.00000000	0.00000000
26.84354591	0.00000000	0.00000000	0.00000000	0.00000000	0.00000000	0.00000000	0.00000000	0.00000000
30.19898796	0.00000000	0.00000000	0.00000000	0.00000000	0.00000000	0.00000000	0.00000000	0.00000000
33.55443192	0.00000000	0.00000000	0.00000000	0.00000000	0.00000000	0.00000000	0.00000000	0.00000000
36.90987396	0.00000000	0.00000000	0.00000000	0.00000000	0.00000000	0.00000000	0.00000000	0.00000000
40.26531982	0.00000000	0.00000000	0.00000000	0.00000000	0.00000000	0.00000000	0.00000000	0.00000000
43.62076187	0.00000000	0.00000000	0.00000000	0.00000000	0.00000000	0.00000000	0.00000000	0.00000000
46.97620392	0.00000000	0.00000000	0.00000000	0.00000000	0.00000000	0.00000000	0.00000000	0.00000000
50.33164978	0.00000000	0.00000000	0.00000000	0.00000000	0.00000000	0.00000000	0.00000000	0.00000000
53.68709183	0.00000000	0.00000000	0.00000000	0.00000000	0.00000000	0.00000000	0.00000000	0.00000000
60.39797592	0.00000000	0.00000000	0.00000000	0.00000000	0.00000000	0.00000000	0.00000000	0.00000000
67.10886383	0.00000000	0.00000000	0.00000000	0.00000000	0.00000000	0.00000000	0.00000000	0.00000000
73.81974792	0.00000000	0.00000000	0.00000000	0.00000000	0.00000000	0.00000000	0.00000000	0.00000000
80.53063965	0.00000000	0.00000000	0.00000000	0.00000000	0.00000000	0.00000000	0.00000000	0.00000000
87.24152374	0.00000000	0.00000000	0.00000000	0.00000000	0.00000000	0.00000000	0.00000000	0.00000000
93.95240784	0.00000000	0.00000000	0.00000000	0.00000000	0.00000000	0.00000000	0.00000000	0.00000000
100.66329956	0.00000000	0.00000000	0.00000000	0.00000000	0.00000000	0.00000000	0.00000000	0.00000000
107.37418365	0.00000000	0.00000000	0.00000000	0.00000000	0.00000000	0.00000000	0.00000000	0.00000000
120.79595184	0.00000000	0.00000000	0.00000000	0.00000000	0.00000000	0.00000000	0.00000000	0.00000000
134.21772766	0.00000000	0.00000000	0.00000000	0.00000000	0.00000000	0.00000000	0.00000000	0.00000000
147.63949585	0.00000000	0.00000000	0.00000000	0.00000000	0.00000000	0.00000000	0.00000000	0.00000000
161.06127930	0.00000000	0.00000000	0.00000000	0.00000000	0.00000000	0.00000000	0.00000000	0.00000000
174.48304749	0.00000000	0.00000000	0.00000000	0.00000000	0.00000000	0.00000000	0.00000000	0.00000000
187.90481567	0.00000000	0.00000000	0.00000000	0.00000000	0.00000000	0.00000000	0.00000000	0.00000000
201.32659912	0.00000000	0.00000000	0.00000000	0.00000000	0.00000000	0.00000000	0.00000000	0.00000000
214.74836731	0.00000000	0.00000000	0.00000000	0.00000000	0.00000000	0.00000000	0.00000000	0.00000000
241.59190369	0.00000000	0.00000000	0.00000000	0.00000000	0.00000000	0.00000000	0.00000000	0.00000000
268.43545532	0.00000000	0.00000000	0.00000000	0.00000000	0.00000000	0.00000000	0.00000000	0.00000000
295.27899170	0.00000000	0.00000000	0.00000000	0.00000000	0.00000000	0.00000000	0.00000000	0.00000000
322.12255859	0.00000000	0.00000000	0.00000000	0.00000000	0.00000000	0.00000000	0.00000000	0.00000000
348.96609497	0.00000000	0.00000000	0.00000000	0.00000000	0.00000000	0.00000000	0.00000000	0.00000000
375.80963135	0.00000000	0.00000000	0.00000000	0.00000000	0.00000000	0.00000000	0.00000000	0.00000000
402.65319824	0.00000000	0.00000000	0.00000000	0.00000000	0.00000000	0.00000000	0.00000000	0.00000000
429.49673462	0.00000000	0.00000000	0.00000000	0.00000000	0.00000000	0.00000000	0.00000000	0.00000000
483.18380737	0.00000000	0.00000000	0.00000000	0.00000000	0.00000000	0.00000000	0.00000000	0.00000000
536.87091064	0.00000000	0.00000000	0.00000000	0.00000000	0.00000000	0.00000000	0.00000000	0.00000000
590.55798340	0.00000000	0.00000000	0.00000000	0.00000000	0.00000000	0.00000000	0.00000000	0.00000000
644.24511719	0.00000000	0.00000000	0.00000000	0.00000000	0.00000000	0.00000000	0.00000000	0.00000000
697.93218994	0.00000000	0.00000000	0.00000000	0.00000000	0.00000000	0.00000000	0.00000000	0.00000000
751.61926270	0.00000000	0.00000000	0.00000000	0.00000000	0.00000000	0.00000000	0.00000000	0.00000000
805.30639648	0.00000000	0.00000000	0.00000000	0.00000000	0.00000000	0.00000000	0.00000000	0.00000000
858.99346924	0.00000000	0.00000000	0.00000000	0.00000000	0.00000000	0.00000000	0.00000000	0.00000000
966.36761475	0.00000000	0.00000000	0.00000000	0.00000000	0.00000000	0.00000000	0.00000000	0.00000000
1073.74182129	0.00000000	0.00000000	0.00000000	0.00000000	0.00000000	0.00000000	0.00000000	0.00000000
1181.11596680	0.00000000	0.00000000	0.00000000	0.00000000	0.00000000	0.00000000	0.00000000	0.00000000
1288.49023437	0.00000000	0.00000000	0.00000000	0.00000000	0.00000000	0.00000000	0.00000000	0.00000000
1395.86437988	0.00000000	0.00000000	0.00000000	0.00000000	0.00000000	0.00000000	0.00000000	0.00000000
1503.23852539	0.00000000	0.00000000	0.00000000	0.00000000	0.00000000	0.00000000	0.00000000	0.00000000
1610.61279297	0.00000000	0.00000000	0.00000000	0.00000000	0.00000000	0.00000000	0.00000000	0.00000000
1717.98693848	0.00000000	0.00000000	0.00000000	0.00000000	0.00000000	0.00000000	0.00000000	0.00000000
1932.73522949	0.00000000	0.00000000	0.00000000	0.00000000	0.00000000	0.00000000	0.00000000	0.00000000
2147.48364258	0.00000000	0.00000000	0.00000000	0.00000000	0.00000000	0.00000000	0.00000000	0.00000000
2362.23193359	0.00000000	0.00000000	0.00000000	0.00000000	0.00000000	0.00000000	0.00000000	0.00000000
2576.98046875	0.00000000	0.00000000	0.00000000	0.00000000	0.00000000	0.00000000	0.00000000	0.00000000
2791.72875977	0.00000000	0.00000000	0.00000000	0.00000000	0.00000000	0.00000000	0.00000000	0.00000000
3006.47705078	0.00000000	0.00000000	0.00000000	0.00000000	0.00000000	0.00000000	0.00000000	0.00000000
3221.22558594	0.00000000	0.00000000	0.00000000	0.00000000	0.00000000	0.00000000	0.00000000	0.00000000
3435.97387695	0.00000000	0.00000000	0.00000000	0.00000000	0.00000000	0.00000000	0.00000000	0.00000000
0	0	0	0	0	0	0	0	0
