%2/14/2019 2:17:07 PM
%Duration	ID1		ID2		ID3		ID4		ID5		ID6		ID7		ID8
3000.000000	0.000000	0.000000	0.000000	0.000000	42.438507	174.818039	127.038956	95.767975
%Tau		Tau1		Tau2		Tau3		Tau4		Tau5		Tau6		Tau7		Tau8
%		0.000000	0.000000	0.000000	0.000000	0.000102	0.000083	0.000058	0.000048
%Delaytime	D1		D2		D3		D4		D5		D6		D7		D8
0.00000020	0.00000000	0.00000000	0.00000000	0.00000000	1.94112265	1.87013686	2.18009949	1.64646780
0.00000040	0.00000000	0.00000000	0.00000000	0.00000000	1.59271598	1.55539894	1.56437552	1.47394812
0.00000060	0.00000000	0.00000000	0.00000000	0.00000000	1.49317122	1.50351775	1.50738788	1.49996305
0.00000080	0.00000000	0.00000000	0.00000000	0.00000000	1.42234135	1.48603237	1.50010371	1.48216331
0.00000100	0.00000000	0.00000000	0.00000000	0.00000000	1.52762902	1.48269629	1.46582544	1.50680900
0.00000120	0.00000000	0.00000000	0.00000000	0.00000000	1.49125695	1.46843183	1.49174845	1.47292125
0.00000140	0.00000000	0.00000000	0.00000000	0.00000000	1.52380037	1.52353406	1.49367654	1.45717537
0.00000160	0.00000000	0.00000000	0.00000000	0.00000000	1.49317122	1.47383857	1.48146498	1.46470594
0.00000180	0.00000000	0.00000000	0.00000000	0.00000000	1.57931578	1.47521901	1.49067724	1.46573293
0.00000200	0.00000000	0.00000000	0.00000000	0.00000000	1.58888733	1.47130775	1.47632325	1.49037862
0.00000220	0.00000000	0.00000000	0.00000000	0.00000000	1.54102933	1.46291018	1.48746359	1.47737110
0.00000240	0.00000000	0.00000000	0.00000000	0.00000000	1.43191290	1.46175981	1.47203839	1.45614851
0.00000260	0.00000000	0.00000000	0.00000000	0.00000000	1.56400120	1.46670628	1.46882486	1.48455942
0.00000280	0.00000000	0.00000000	0.00000000	0.00000000	1.54677224	1.48235118	1.49003446	1.47052515
0.00000300	0.00000000	0.00000000	0.00000000	0.00000000	1.53337204	1.45485759	1.46325457	1.46230984
0.00000320	0.00000000	0.00000000	0.00000000	0.00000000	1.40702677	1.45313215	1.44183064	1.48113644
0.00000360	0.00000000	0.00000000	0.00000000	0.00000000	1.46828508	1.46986985	1.44300902	1.46094072
0.00000400	0.00000000	0.00000000	0.00000000	0.00000000	1.46828508	1.46095455	1.45618474	1.48541522
0.00000440	0.00000000	0.00000000	0.00000000	0.00000000	1.46732795	1.46124208	1.46218336	1.44622171
0.00000480	0.00000000	0.00000000	0.00000000	0.00000000	1.44531322	1.45848131	1.45329249	1.47001171
0.00000520	0.00000000	0.00000000	0.00000000	0.00000000	1.41468406	1.47677195	1.44611549	1.44160068
0.00000560	0.00000000	0.00000000	0.00000000	0.00000000	1.38405490	1.45848131	1.46775365	1.42534137
0.00000600	0.00000000	0.00000000	0.00000000	0.00000000	1.52762902	1.45520270	1.46464717	1.44057381
0.00000640	0.00000000	0.00000000	0.00000000	0.00000000	1.48359966	1.45589292	1.44268763	1.46282327
0.00000720	0.00000000	0.00000000	0.00000000	0.00000000	1.42090559	1.44723654	1.43213630	1.41336083
0.00000800	0.00000000	0.00000000	0.00000000	0.00000000	1.45488477	1.43763101	1.43020821	1.44442463
0.00000880	0.00000000	0.00000000	0.00000000	0.00000000	1.46302068	1.44070828	1.42308474	1.40831184
0.00000960	0.00000000	0.00000000	0.00000000	0.00000000	1.44100595	1.42770922	1.43551064	1.39248049
0.00001040	0.00000000	0.00000000	0.00000000	0.00000000	1.47642088	1.43458259	1.41521144	1.40129471
0.00001120	0.00000000	0.00000000	0.00000000	0.00000000	1.42664850	1.42158353	1.40535641	1.39290833
0.00001200	0.00000000	0.00000000	0.00000000	0.00000000	1.41659832	1.43190801	1.40546358	1.37682021
0.00001280	0.00000000	0.00000000	0.00000000	0.00000000	1.43191290	1.42420065	1.39110947	1.38803053
0.00001440	0.00000000	0.00000000	0.00000000	0.00000000	1.43789518	1.40999365	1.38055825	1.37844610
0.00001600	0.00000000	0.00000000	0.00000000	0.00000000	1.42688787	1.40182614	1.39702785	1.34408772
0.00001760	0.00000000	0.00000000	0.00000000	0.00000000	1.42234135	1.39419067	1.36995339	1.33805466
0.00001920	0.00000000	0.00000000	0.00000000	0.00000000	1.42712712	1.38500214	1.35316241	1.33728445
0.00002080	0.00000000	0.00000000	0.00000000	0.00000000	1.42640924	1.37994063	1.33693373	1.32958269
0.00002240	0.00000000	0.00000000	0.00000000	0.00000000	1.41755557	1.36891150	1.34199512	1.31931365
0.00002400	0.00000000	0.00000000	0.00000000	0.00000000	1.43310940	1.37771177	1.34411073	1.29642224
0.00002560	0.00000000	0.00000000	0.00000000	0.00000000	1.38572991	1.37080967	1.32129431	1.28957629
0.00002880	0.00000000	0.00000000	0.00000000	0.00000000	1.39428174	1.35020685	1.30276430	1.27483594
0.00003200	0.00000000	0.00000000	0.00000000	0.00000000	1.36539972	1.33310831	1.29078591	1.24688935
0.00003520	0.00000000	0.00000000	0.00000000	0.00000000	1.34559572	1.32269430	1.26667500	1.23496401
0.00003840	0.00000000	0.00000000	0.00000000	0.00000000	1.36050832	1.31366658	1.26397407	1.22126806
0.00004160	0.00000000	0.00000000	0.00000000	0.00000000	1.34153950	1.29839337	1.24250042	1.21427071
0.00004480	0.00000000	0.00000000	0.00000000	0.00000000	1.33139896	1.28491962	1.22736919	1.19662809
0.00004800	0.00000000	0.00000000	0.00000000	0.00000000	1.34632242	1.28016198	1.21524334	1.19991338
0.00005120	0.00000000	0.00000000	0.00000000	0.00000000	1.33594310	1.26995814	1.21679962	1.16757214
0.00005760	0.00000000	0.00000000	0.00000000	0.00000000	1.31666720	1.25498378	1.19268346	1.15049982
0.00006400	0.00000000	0.00000000	0.00000000	0.00000000	1.30295122	1.23614216	1.17376125	1.14315939
0.00007040	0.00000000	0.00000000	0.00000000	0.00000000	1.28743422	1.21785057	1.15931082	1.12570059
0.00007680	0.00000000	0.00000000	0.00000000	0.00000000	1.25872779	1.20573997	1.14056242	1.11092377
0.00008320	0.00000000	0.00000000	0.00000000	0.00000000	1.26762021	1.19067597	1.12840211	1.10828471
0.00008960	0.00000000	0.00000000	0.00000000	0.00000000	1.25096929	1.17777097	1.11122012	1.08943224
0.00009600	0.00000000	0.00000000	0.00000000	0.00000000	1.23407960	1.16668594	1.10281169	1.07638371
0.00010240	0.00000000	0.00000000	0.00000000	0.00000000	1.22290945	1.15136051	1.08850920	1.06941676
0.00011520	0.00000000	0.00000000	0.00000000	0.00000000	1.20327663	1.13349211	1.07552838	1.05815399
0.00012800	0.00000000	0.00000000	0.00000000	0.00000000	1.18194115	1.11655474	1.05907369	1.04568565
0.00014080	0.00000000	0.00000000	0.00000000	0.00000000	1.16781688	1.09878635	1.05098379	1.03406549
0.00015360	0.00000000	0.00000000	0.00000000	0.00000000	1.15708959	1.08626568	1.03988099	1.03086746
0.00016640	0.00000000	0.00000000	0.00000000	0.00000000	1.13804853	1.07767117	1.03194797	1.02469015
0.00017920	0.00000000	0.00000000	0.00000000	0.00000000	1.11865902	1.06834841	1.02574205	1.01852167
0.00019200	0.00000000	0.00000000	0.00000000	0.00000000	1.10745490	1.06044626	1.02104533	1.01446629
0.00020480	0.00000000	0.00000000	0.00000000	0.00000000	1.09952855	1.05271256	1.01743639	1.00707579
0.00023040	0.00000000	0.00000000	0.00000000	0.00000000	1.08548272	1.04281354	1.01112854	1.00773764
0.00025600	0.00000000	0.00000000	0.00000000	0.00000000	1.07403493	1.03516436	1.00716364	1.01157272
0.00028160	0.00000000	0.00000000	0.00000000	0.00000000	1.05779123	1.02715373	1.00483561	1.00864398
0.00030720	0.00000000	0.00000000	0.00000000	0.00000000	1.04313505	1.02387655	1.00599718	1.00156617
0.00033280	0.00000000	0.00000000	0.00000000	0.00000000	1.03915823	1.01739228	1.00336945	1.00482213
0.00035840	0.00000000	0.00000000	0.00000000	0.00000000	1.03003788	1.01218641	0.99988317	1.00273705
0.00038400	0.00000000	0.00000000	0.00000000	0.00000000	1.02555621	1.00800014	1.00122368	0.99756414
0.00040960	0.00000000	0.00000000	0.00000000	0.00000000	1.01889145	1.00714374	1.00250828	0.99864280
0.00046080	0.00000000	0.00000000	0.00000000	0.00000000	1.01477087	1.00598109	1.00053453	0.99683505
0.00051200	0.00000000	0.00000000	0.00000000	0.00000000	1.00985718	1.00492728	1.00144792	0.99517632
0.00056320	0.00000000	0.00000000	0.00000000	0.00000000	1.00605392	1.00211847	1.00349224	0.99391431
0.00061440	0.00000000	0.00000000	0.00000000	0.00000000	1.00842535	0.99942958	1.00110805	0.99556780
0.00066560	0.00000000	0.00000000	0.00000000	0.00000000	1.00652981	0.99881065	0.99994272	0.99507809
0.00071680	0.00000000	0.00000000	0.00000000	0.00000000	1.00517333	0.99981487	0.99632609	0.99898505
0.00076800	0.00000000	0.00000000	0.00000000	0.00000000	1.00483096	0.99916512	0.99914569	0.99709582
0.00081920	0.00000000	0.00000000	0.00000000	0.00000000	1.00417471	1.00355518	1.00048316	1.00148654
0.00092160	0.00000000	0.00000000	0.00000000	0.00000000	1.00046551	1.00352275	0.99961168	1.00475955
0.00102400	0.00000000	0.00000000	0.00000000	0.00000000	0.99216908	1.00045538	0.99835837	1.00389755
0.00112640	0.00000000	0.00000000	0.00000000	0.00000000	0.99315518	1.00000012	1.00040507	1.00214243
0.00122880	0.00000000	0.00000000	0.00000000	0.00000000	0.99442744	0.99891323	0.99918497	1.00442505
0.00133120	0.00000000	0.00000000	0.00000000	0.00000000	0.99422276	0.99973303	0.99698550	1.00028718
0.00143360	0.00000000	0.00000000	0.00000000	0.00000000	0.99180931	0.99791688	0.99723536	0.99838233
0.00153600	0.00000000	0.00000000	0.00000000	0.00000000	0.99322867	0.99722373	1.00031757	1.00401640
0.00163840	0.00000000	0.00000000	0.00000000	0.00000000	0.99618363	0.99955136	1.00035501	1.00224900
0.00184320	0.00000000	0.00000000	0.00000000	0.00000000	0.99613553	1.00272846	0.99860185	1.00001848
0.00204800	0.00000000	0.00000000	0.00000000	0.00000000	1.00109029	0.99865788	1.00101972	1.00009501
0.00225280	0.00000000	0.00000000	0.00000000	0.00000000	1.00167990	0.99965882	1.00195289	0.99926007
0.00245760	0.00000000	0.00000000	0.00000000	0.00000000	0.99809134	1.00209892	1.00041687	1.00172496
0.00266240	0.00000000	0.00000000	0.00000000	0.00000000	1.00245547	0.99879920	0.99871516	0.99940348
0.00286720	0.00000000	0.00000000	0.00000000	0.00000000	1.00554872	0.99933344	0.99927503	1.00141072
0.00307200	0.00000000	0.00000000	0.00000000	0.00000000	1.00140691	1.00072265	1.00006688	0.99996167
0.00327680	0.00000000	0.00000000	0.00000000	0.00000000	1.00027394	0.99908990	0.99990827	1.00045407
0.00368640	0.00000000	0.00000000	0.00000000	0.00000000	1.00140882	1.00031304	1.00225151	0.99579978
0.00409600	0.00000000	0.00000000	0.00000000	0.00000000	1.00194538	1.00227463	0.99788272	0.99696350
0.00450560	0.00000000	0.00000000	0.00000000	0.00000000	0.99823493	1.00104332	0.99875951	1.00011110
0.00491520	0.00000000	0.00000000	0.00000000	0.00000000	1.00035596	0.99887329	0.99981147	0.99959892
0.00532480	0.00000000	0.00000000	0.00000000	0.00000000	1.00164902	1.00222635	1.00024521	0.99968636
0.00573440	0.00000000	0.00000000	0.00000000	0.00000000	1.00209069	0.99942672	0.99922055	1.00116241
0.00614400	0.00000000	0.00000000	0.00000000	0.00000000	1.00057149	1.00029659	1.00107741	1.00037754
0.00655360	0.00000000	0.00000000	0.00000000	0.00000000	0.99669152	0.99761963	0.99953711	0.99869961
0.00737280	0.00000000	0.00000000	0.00000000	0.00000000	1.00029504	0.99879259	0.99917340	1.00082791
0.00819200	0.00000000	0.00000000	0.00000000	0.00000000	1.00586963	0.99838990	0.99859196	0.99810123
0.00901120	0.00000000	0.00000000	0.00000000	0.00000000	0.99937111	1.00092816	0.99987102	0.99909186
0.00983040	0.00000000	0.00000000	0.00000000	0.00000000	0.99739796	1.00060272	1.00010347	1.00078964
0.01064960	0.00000000	0.00000000	0.00000000	0.00000000	1.00232220	1.00196493	1.00049448	1.00111079
0.01146880	0.00000000	0.00000000	0.00000000	0.00000000	1.00359166	0.99999821	0.99889612	1.00078297
0.01228800	0.00000000	0.00000000	0.00000000	0.00000000	0.99940324	1.00002217	1.00035644	1.00117016
0.01310720	0.00000000	0.00000000	0.00000000	0.00000000	0.99718511	1.00154448	1.00060010	1.00021780
0.01474560	0.00000000	0.00000000	0.00000000	0.00000000	0.99970341	0.99996758	1.00044692	1.00107801
0.01638400	0.00000000	0.00000000	0.00000000	0.00000000	1.00098717	1.00117791	0.99889106	1.00021410
0.01802240	0.00000000	0.00000000	0.00000000	0.00000000	1.00192094	0.99953890	0.99917591	0.99985814
0.01966080	0.00000000	0.00000000	0.00000000	0.00000000	1.00060272	1.00045669	0.99915183	0.99978304
0.02129920	0.00000000	0.00000000	0.00000000	0.00000000	0.99888539	1.00001454	1.00037539	1.00055766
0.02293760	0.00000000	0.00000000	0.00000000	0.00000000	1.00157011	1.00106585	1.00159252	1.00035906
0.02457600	0.00000000	0.00000000	0.00000000	0.00000000	0.99945390	0.99739146	1.00001550	0.99989527
0.02621440	0.00000000	0.00000000	0.00000000	0.00000000	0.99975908	0.99931538	0.99976337	1.00030529
0.02949120	0.00000000	0.00000000	0.00000000	0.00000000	0.99942738	1.00020862	0.99918085	1.00025296
0.03276800	0.00000000	0.00000000	0.00000000	0.00000000	1.00067210	0.99926144	1.00055611	1.00034845
0.03604480	0.00000000	0.00000000	0.00000000	0.00000000	1.00074232	0.99914092	0.99944574	1.00068653
0.03932160	0.00000000	0.00000000	0.00000000	0.00000000	1.00058234	0.99929452	1.00005949	1.00023305
0.04259840	0.00000000	0.00000000	0.00000000	0.00000000	1.00038743	0.99914175	1.00044346	0.99949664
0.04587520	0.00000000	0.00000000	0.00000000	0.00000000	1.00040030	1.00007820	1.00024331	0.99972677
0.04915200	0.00000000	0.00000000	0.00000000	0.00000000	1.00079179	0.99967200	0.99981731	0.99960834
0.05242880	0.00000000	0.00000000	0.00000000	0.00000000	1.00003266	0.99947590	0.99996322	1.00007749
0.05898240	0.00000000	0.00000000	0.00000000	0.00000000	0.99942535	0.99978548	0.99964875	0.99957317
0.06553600	0.00000000	0.00000000	0.00000000	0.00000000	0.99902928	1.00003934	1.00062835	1.00016212
0.07208960	0.00000000	0.00000000	0.00000000	0.00000000	0.99951577	1.00044799	0.99985421	1.00057495
0.07864320	0.00000000	0.00000000	0.00000000	0.00000000	0.99868190	1.00065601	1.00021827	1.00000429
0.08519680	0.00000000	0.00000000	0.00000000	0.00000000	0.99902070	1.00000989	1.00009823	0.99996674
0.09175040	0.00000000	0.00000000	0.00000000	0.00000000	1.00006020	0.99995506	1.00013506	0.99915755
0.09830400	0.00000000	0.00000000	0.00000000	0.00000000	1.00165164	0.99978775	0.99994272	1.00020862
0.10485760	0.00000000	0.00000000	0.00000000	0.00000000	1.00124037	0.99985057	1.00033498	1.00044656
0.11796480	0.00000000	0.00000000	0.00000000	0.00000000	1.00015593	0.99961603	0.99999088	1.00010002
0.13107200	0.00000000	0.00000000	0.00000000	0.00000000	1.00052679	1.00016284	1.00022519	1.00031221
0.14417920	0.00000000	0.00000000	0.00000000	0.00000000	1.00043869	1.00013971	0.99993891	1.00013590
0.15728641	0.00000000	0.00000000	0.00000000	0.00000000	0.99976927	1.00024235	1.00020933	0.99996477
0.17039360	0.00000000	0.00000000	0.00000000	0.00000000	1.00020194	1.00050652	0.99960995	1.00028038
0.18350080	0.00000000	0.00000000	0.00000000	0.00000000	0.99929512	1.00009036	0.99989575	1.00002360
0.19660801	0.00000000	0.00000000	0.00000000	0.00000000	0.99943388	0.99991924	1.00037348	0.99996889
0.20971520	0.00000000	0.00000000	0.00000000	0.00000000	0.99970776	0.99947023	1.00021625	1.00009108
0.23592959	0.00000000	0.00000000	0.00000000	0.00000000	1.00014853	0.99990594	0.99992597	0.99978685
0.26214400	0.00000000	0.00000000	0.00000000	0.00000000	1.00066221	0.99930149	1.00001895	0.99960768
0.28835839	0.00000000	0.00000000	0.00000000	0.00000000	1.00028312	0.99971765	0.99998087	0.99992377
0.31457281	0.00000000	0.00000000	0.00000000	0.00000000	0.99960840	0.99984372	1.00018609	1.00012779
0.34078720	0.00000000	0.00000000	0.00000000	0.00000000	0.99949074	1.00077236	0.99974376	0.99990171
0.36700159	0.00000000	0.00000000	0.00000000	0.00000000	0.99981159	1.00031710	0.99996758	1.00017452
0.39321601	0.00000000	0.00000000	0.00000000	0.00000000	1.00063312	0.99994111	0.99977857	0.99970067
0.41943040	0.00000000	0.00000000	0.00000000	0.00000000	0.99977487	1.00009108	1.00013065	0.99978495
0.47185919	0.00000000	0.00000000	0.00000000	0.00000000	0.99969035	1.00013030	1.00002527	0.99978930
0.52428800	0.00000000	0.00000000	0.00000000	0.00000000	0.99989754	0.99999911	0.99982798	1.00004923
0.57671678	0.00000000	0.00000000	0.00000000	0.00000000	0.99996406	1.00032949	0.99985629	0.99978161
0.62914562	0.00000000	0.00000000	0.00000000	0.00000000	0.99964958	0.99977392	0.99983001	0.99976784
0.68157440	0.00000000	0.00000000	0.00000000	0.00000000	1.00056911	1.00017035	0.99967968	1.00002706
0.73400319	0.00000000	0.00000000	0.00000000	0.00000000	1.00009906	0.99998319	1.00001419	1.00011361
0.78643203	0.00000000	0.00000000	0.00000000	0.00000000	0.99982333	0.99970955	0.99993843	1.00019002
0.83886081	0.00000000	0.00000000	0.00000000	0.00000000	1.00060129	0.99980098	0.99988014	0.99999177
0.94371837	0.00000000	0.00000000	0.00000000	0.00000000	1.00000513	0.99997383	1.00006223	0.99997342
1.04857600	0.00000000	0.00000000	0.00000000	0.00000000	0.99994737	1.00020289	1.00002551	0.99982619
1.15343356	0.00000000	0.00000000	0.00000000	0.00000000	0.99985772	0.99990463	1.00007784	0.99996424
1.25829124	0.00000000	0.00000000	0.00000000	0.00000000	0.99937403	0.99991983	1.00022578	1.00018346
1.36314881	0.00000000	0.00000000	0.00000000	0.00000000	0.99995685	0.99999309	0.99998021	0.99991959
1.46800637	0.00000000	0.00000000	0.00000000	0.00000000	0.99926549	1.00017083	0.99995029	0.99985880
1.57286406	0.00000000	0.00000000	0.00000000	0.00000000	0.99986291	0.99999851	0.99996209	1.00001335
1.67772162	0.00000000	0.00000000	0.00000000	0.00000000	1.00000834	0.99977589	0.99992919	1.00011599
1.88743675	0.00000000	0.00000000	0.00000000	0.00000000	1.00007701	0.99992883	0.99985808	0.99998873
2.09715199	0.00000000	0.00000000	0.00000000	0.00000000	1.00000191	1.00004125	0.99994075	1.00011432
2.30686712	0.00000000	0.00000000	0.00000000	0.00000000	0.99979800	1.00008261	1.00006044	0.99982846
2.51658249	0.00000000	0.00000000	0.00000000	0.00000000	0.99992186	1.00000179	1.00013971	1.00016391
2.72629762	0.00000000	0.00000000	0.00000000	0.00000000	1.00023007	0.99990058	1.00008094	0.99996299
2.93601274	0.00000000	0.00000000	0.00000000	0.00000000	1.00004625	0.99994546	0.99999273	0.99980509
3.14572811	0.00000000	0.00000000	0.00000000	0.00000000	1.00010026	0.99986172	0.99999493	0.99995840
3.35544324	0.00000000	0.00000000	0.00000000	0.00000000	0.99968356	1.00000989	1.00000787	1.00009477
3.77487350	0.00000000	0.00000000	0.00000000	0.00000000	1.00004804	0.99994636	1.00009513	0.99998963
4.19430399	0.00000000	0.00000000	0.00000000	0.00000000	0.99992955	0.99997681	0.99996513	1.00005519
4.61373425	0.00000000	0.00000000	0.00000000	0.00000000	0.99987400	1.00002074	1.00000918	1.00001931
5.03316498	0.00000000	0.00000000	0.00000000	0.00000000	1.00000000	1.00000000	1.00000000	1.00000000
5.45259523	0.00000000	0.00000000	0.00000000	0.00000000	0.00000000	0.00000000	0.00000000	0.00000000
5.87202549	0.00000000	0.00000000	0.00000000	0.00000000	0.00000000	0.00000000	0.00000000	0.00000000
6.29145622	0.00000000	0.00000000	0.00000000	0.00000000	0.00000000	0.00000000	0.00000000	0.00000000
6.71088648	0.00000000	0.00000000	0.00000000	0.00000000	0.00000000	0.00000000	0.00000000	0.00000000
7.54974699	0.00000000	0.00000000	0.00000000	0.00000000	0.00000000	0.00000000	0.00000000	0.00000000
8.38860798	0.00000000	0.00000000	0.00000000	0.00000000	0.00000000	0.00000000	0.00000000	0.00000000
9.22746849	0.00000000	0.00000000	0.00000000	0.00000000	0.00000000	0.00000000	0.00000000	0.00000000
10.06632996	0.00000000	0.00000000	0.00000000	0.00000000	0.00000000	0.00000000	0.00000000	0.00000000
10.90519047	0.00000000	0.00000000	0.00000000	0.00000000	0.00000000	0.00000000	0.00000000	0.00000000
11.74405098	0.00000000	0.00000000	0.00000000	0.00000000	0.00000000	0.00000000	0.00000000	0.00000000
12.58291245	0.00000000	0.00000000	0.00000000	0.00000000	0.00000000	0.00000000	0.00000000	0.00000000
13.42177296	0.00000000	0.00000000	0.00000000	0.00000000	0.00000000	0.00000000	0.00000000	0.00000000
15.09949398	0.00000000	0.00000000	0.00000000	0.00000000	0.00000000	0.00000000	0.00000000	0.00000000
16.77721596	0.00000000	0.00000000	0.00000000	0.00000000	0.00000000	0.00000000	0.00000000	0.00000000
18.45493698	0.00000000	0.00000000	0.00000000	0.00000000	0.00000000	0.00000000	0.00000000	0.00000000
20.13265991	0.00000000	0.00000000	0.00000000	0.00000000	0.00000000	0.00000000	0.00000000	0.00000000
21.81038094	0.00000000	0.00000000	0.00000000	0.00000000	0.00000000	0.00000000	0.00000000	0.00000000
23.48810196	0.00000000	0.00000000	0.00000000	0.00000000	0.00000000	0.00000000	0.00000000	0.00000000
25.16582489	0.00000000	0.00000000	0.00000000	0.00000000	0.00000000	0.00000000	0.00000000	0.00000000
26.84354591	0.00000000	0.00000000	0.00000000	0.00000000	0.00000000	0.00000000	0.00000000	0.00000000
30.19898796	0.00000000	0.00000000	0.00000000	0.00000000	0.00000000	0.00000000	0.00000000	0.00000000
33.55443192	0.00000000	0.00000000	0.00000000	0.00000000	0.00000000	0.00000000	0.00000000	0.00000000
36.90987396	0.00000000	0.00000000	0.00000000	0.00000000	0.00000000	0.00000000	0.00000000	0.00000000
40.26531982	0.00000000	0.00000000	0.00000000	0.00000000	0.00000000	0.00000000	0.00000000	0.00000000
43.62076187	0.00000000	0.00000000	0.00000000	0.00000000	0.00000000	0.00000000	0.00000000	0.00000000
46.97620392	0.00000000	0.00000000	0.00000000	0.00000000	0.00000000	0.00000000	0.00000000	0.00000000
50.33164978	0.00000000	0.00000000	0.00000000	0.00000000	0.00000000	0.00000000	0.00000000	0.00000000
53.68709183	0.00000000	0.00000000	0.00000000	0.00000000	0.00000000	0.00000000	0.00000000	0.00000000
60.39797592	0.00000000	0.00000000	0.00000000	0.00000000	0.00000000	0.00000000	0.00000000	0.00000000
67.10886383	0.00000000	0.00000000	0.00000000	0.00000000	0.00000000	0.00000000	0.00000000	0.00000000
73.81974792	0.00000000	0.00000000	0.00000000	0.00000000	0.00000000	0.00000000	0.00000000	0.00000000
80.53063965	0.00000000	0.00000000	0.00000000	0.00000000	0.00000000	0.00000000	0.00000000	0.00000000
87.24152374	0.00000000	0.00000000	0.00000000	0.00000000	0.00000000	0.00000000	0.00000000	0.00000000
93.95240784	0.00000000	0.00000000	0.00000000	0.00000000	0.00000000	0.00000000	0.00000000	0.00000000
100.66329956	0.00000000	0.00000000	0.00000000	0.00000000	0.00000000	0.00000000	0.00000000	0.00000000
107.37418365	0.00000000	0.00000000	0.00000000	0.00000000	0.00000000	0.00000000	0.00000000	0.00000000
120.79595184	0.00000000	0.00000000	0.00000000	0.00000000	0.00000000	0.00000000	0.00000000	0.00000000
134.21772766	0.00000000	0.00000000	0.00000000	0.00000000	0.00000000	0.00000000	0.00000000	0.00000000
147.63949585	0.00000000	0.00000000	0.00000000	0.00000000	0.00000000	0.00000000	0.00000000	0.00000000
161.06127930	0.00000000	0.00000000	0.00000000	0.00000000	0.00000000	0.00000000	0.00000000	0.00000000
174.48304749	0.00000000	0.00000000	0.00000000	0.00000000	0.00000000	0.00000000	0.00000000	0.00000000
187.90481567	0.00000000	0.00000000	0.00000000	0.00000000	0.00000000	0.00000000	0.00000000	0.00000000
201.32659912	0.00000000	0.00000000	0.00000000	0.00000000	0.00000000	0.00000000	0.00000000	0.00000000
214.74836731	0.00000000	0.00000000	0.00000000	0.00000000	0.00000000	0.00000000	0.00000000	0.00000000
241.59190369	0.00000000	0.00000000	0.00000000	0.00000000	0.00000000	0.00000000	0.00000000	0.00000000
268.43545532	0.00000000	0.00000000	0.00000000	0.00000000	0.00000000	0.00000000	0.00000000	0.00000000
295.27899170	0.00000000	0.00000000	0.00000000	0.00000000	0.00000000	0.00000000	0.00000000	0.00000000
322.12255859	0.00000000	0.00000000	0.00000000	0.00000000	0.00000000	0.00000000	0.00000000	0.00000000
348.96609497	0.00000000	0.00000000	0.00000000	0.00000000	0.00000000	0.00000000	0.00000000	0.00000000
375.80963135	0.00000000	0.00000000	0.00000000	0.00000000	0.00000000	0.00000000	0.00000000	0.00000000
402.65319824	0.00000000	0.00000000	0.00000000	0.00000000	0.00000000	0.00000000	0.00000000	0.00000000
429.49673462	0.00000000	0.00000000	0.00000000	0.00000000	0.00000000	0.00000000	0.00000000	0.00000000
483.18380737	0.00000000	0.00000000	0.00000000	0.00000000	0.00000000	0.00000000	0.00000000	0.00000000
536.87091064	0.00000000	0.00000000	0.00000000	0.00000000	0.00000000	0.00000000	0.00000000	0.00000000
590.55798340	0.00000000	0.00000000	0.00000000	0.00000000	0.00000000	0.00000000	0.00000000	0.00000000
644.24511719	0.00000000	0.00000000	0.00000000	0.00000000	0.00000000	0.00000000	0.00000000	0.00000000
697.93218994	0.00000000	0.00000000	0.00000000	0.00000000	0.00000000	0.00000000	0.00000000	0.00000000
751.61926270	0.00000000	0.00000000	0.00000000	0.00000000	0.00000000	0.00000000	0.00000000	0.00000000
805.30639648	0.00000000	0.00000000	0.00000000	0.00000000	0.00000000	0.00000000	0.00000000	0.00000000
858.99346924	0.00000000	0.00000000	0.00000000	0.00000000	0.00000000	0.00000000	0.00000000	0.00000000
966.36761475	0.00000000	0.00000000	0.00000000	0.00000000	0.00000000	0.00000000	0.00000000	0.00000000
1073.74182129	0.00000000	0.00000000	0.00000000	0.00000000	0.00000000	0.00000000	0.00000000	0.00000000
1181.11596680	0.00000000	0.00000000	0.00000000	0.00000000	0.00000000	0.00000000	0.00000000	0.00000000
1288.49023437	0.00000000	0.00000000	0.00000000	0.00000000	0.00000000	0.00000000	0.00000000	0.00000000
1395.86437988	0.00000000	0.00000000	0.00000000	0.00000000	0.00000000	0.00000000	0.00000000	0.00000000
1503.23852539	0.00000000	0.00000000	0.00000000	0.00000000	0.00000000	0.00000000	0.00000000	0.00000000
1610.61279297	0.00000000	0.00000000	0.00000000	0.00000000	0.00000000	0.00000000	0.00000000	0.00000000
1717.98693848	0.00000000	0.00000000	0.00000000	0.00000000	0.00000000	0.00000000	0.00000000	0.00000000
1932.73522949	0.00000000	0.00000000	0.00000000	0.00000000	0.00000000	0.00000000	0.00000000	0.00000000
2147.48364258	0.00000000	0.00000000	0.00000000	0.00000000	0.00000000	0.00000000	0.00000000	0.00000000
2362.23193359	0.00000000	0.00000000	0.00000000	0.00000000	0.00000000	0.00000000	0.00000000	0.00000000
2576.98046875	0.00000000	0.00000000	0.00000000	0.00000000	0.00000000	0.00000000	0.00000000	0.00000000
2791.72875977	0.00000000	0.00000000	0.00000000	0.00000000	0.00000000	0.00000000	0.00000000	0.00000000
3006.47705078	0.00000000	0.00000000	0.00000000	0.00000000	0.00000000	0.00000000	0.00000000	0.00000000
3221.22558594	0.00000000	0.00000000	0.00000000	0.00000000	0.00000000	0.00000000	0.00000000	0.00000000
3435.97387695	0.00000000	0.00000000	0.00000000	0.00000000	0.00000000	0.00000000	0.00000000	0.00000000
0	0	0	0	0	0	0	0	0
