%2/14/2019 3:14:58 PM
%Duration	ID1		ID2		ID3		ID4		ID5		ID6		ID7		ID8
3000.000000	0.000000	0.000000	0.000000	0.000000	39.634705	80.270767	121.221542	76.541901
%Tau		Tau1		Tau2		Tau3		Tau4		Tau5		Tau6		Tau7		Tau8
%		0.000000	0.000000	0.000000	0.000000	0.000256	0.000166	0.000128	0.000102
%Delaytime	D1		D2		D3		D4		D5		D6		D7		D8
0.00000020	0.00000000	0.00000000	0.00000000	0.00000000	2.04448318	2.43825293	2.17747140	1.75668108
0.00000040	0.00000000	0.00000000	0.00000000	0.00000000	1.57235932	1.57493162	1.57457471	1.58009493
0.00000060	0.00000000	0.00000000	0.00000000	0.00000000	1.41013181	1.45241785	1.51078546	1.55309403
0.00000080	0.00000000	0.00000000	0.00000000	0.00000000	1.44548917	1.47188258	1.50214732	1.49585211
0.00000100	0.00000000	0.00000000	0.00000000	0.00000000	1.46004796	1.47932506	1.49018693	1.50719249
0.00000120	0.00000000	0.00000000	0.00000000	0.00000000	1.52868271	1.48791242	1.50037539	1.55633414
0.00000140	0.00000000	0.00000000	0.00000000	0.00000000	1.42053103	1.50336981	1.51100695	1.54769385
0.00000160	0.00000000	0.00000000	0.00000000	0.00000000	1.40181243	1.46501267	1.47291064	1.51529276
0.00000180	0.00000000	0.00000000	0.00000000	0.00000000	1.38933337	1.54000950	1.50679862	1.46615100
0.00000200	0.00000000	0.00000000	0.00000000	0.00000000	1.43093026	1.50336981	1.49417377	1.51475275
0.00000220	0.00000000	0.00000000	0.00000000	0.00000000	1.39973259	1.50165236	1.50081837	1.48937178
0.00000240	0.00000000	0.00000000	0.00000000	0.00000000	1.58067870	1.48104250	1.48819351	1.45589066
0.00000260	0.00000000	0.00000000	0.00000000	0.00000000	1.55364084	1.47188258	1.48044133	1.51367271
0.00000280	0.00000000	0.00000000	0.00000000	0.00000000	1.47252703	1.44497538	1.46250057	1.52933323
0.00000300	0.00000000	0.00000000	0.00000000	0.00000000	1.55780053	1.43352556	1.51521528	1.55795419
0.00000320	0.00000000	0.00000000	0.00000000	0.00000000	1.42677057	1.47073770	1.47246766	1.50287235
0.00000360	0.00000000	0.00000000	0.00000000	0.00000000	1.46004796	1.45041406	1.50270104	1.49477208
0.00000400	0.00000000	0.00000000	0.00000000	0.00000000	1.45588827	1.48934364	1.45873523	1.50692248
0.00000440	0.00000000	0.00000000	0.00000000	0.00000000	1.49644518	1.48962998	1.46726263	1.51367271
0.00000480	0.00000000	0.00000000	0.00000000	0.00000000	1.43301010	1.49134743	1.48332071	1.47074115
0.00000520	0.00000000	0.00000000	0.00000000	0.00000000	1.48084641	1.44526160	1.46095014	1.48019147
0.00000560	0.00000000	0.00000000	0.00000000	0.00000000	1.47460687	1.46071899	1.46848083	1.47560132
0.00000600	0.00000000	0.00000000	0.00000000	0.00000000	1.52660286	1.46730268	1.48697531	1.46750104
0.00000640	0.00000000	0.00000000	0.00000000	0.00000000	1.50372469	1.43209434	1.49993253	1.46372092
0.00000720	0.00000000	0.00000000	0.00000000	0.00000000	1.45796812	1.45842898	1.47219086	1.46223593
0.00000800	0.00000000	0.00000000	0.00000000	0.00000000	1.49696517	1.44297171	1.47174788	1.48032653
0.00000880	0.00000000	0.00000000	0.00000000	0.00000000	1.45120871	1.43781924	1.46499240	1.46237087
0.00000960	0.00000000	0.00000000	0.00000000	0.00000000	1.47148716	1.44826722	1.47136021	1.44914043
0.00001040	0.00000000	0.00000000	0.00000000	0.00000000	1.52296317	1.46816146	1.46161461	1.45157051
0.00001120	0.00000000	0.00000000	0.00000000	0.00000000	1.47356701	1.45885837	1.43990862	1.42875469
0.00001200	0.00000000	0.00000000	0.00000000	0.00000000	1.42053103	1.43495679	1.45912290	1.46169591
0.00001280	0.00000000	0.00000000	0.00000000	0.00000000	1.46368778	1.44311476	1.45253348	1.44468522
0.00001440	0.00000000	0.00000000	0.00000000	0.00000000	1.47486687	1.45384908	1.45045710	1.42760718
0.00001600	0.00000000	0.00000000	0.00000000	0.00000000	1.48734593	1.44089639	1.43511891	1.43422246
0.00001760	0.00000000	0.00000000	0.00000000	0.00000000	1.44652903	1.45585275	1.43276548	1.40458894
0.00001920	0.00000000	0.00000000	0.00000000	0.00000000	1.45354855	1.40969539	1.43378997	1.42652714
0.00002080	0.00000000	0.00000000	0.00000000	0.00000000	1.48864579	1.42257655	1.42816961	1.41943944
0.00002240	0.00000000	0.00000000	0.00000000	0.00000000	1.46472764	1.44053853	1.42407203	1.41417420
0.00002400	0.00000000	0.00000000	0.00000000	0.00000000	1.45562840	1.42894554	1.42241085	1.41700935
0.00002560	0.00000000	0.00000000	0.00000000	0.00000000	1.46680748	1.42021501	1.40876150	1.40398133
0.00002880	0.00000000	0.00000000	0.00000000	0.00000000	1.43783331	1.39489412	1.39652205	1.38082743
0.00003200	0.00000000	0.00000000	0.00000000	0.00000000	1.41225052	1.41358435	1.39122081	1.38585544
0.00003520	0.00000000	0.00000000	0.00000000	0.00000000	1.42744434	1.40610111	1.39224172	1.37492204
0.00003840	0.00000000	0.00000000	0.00000000	0.00000000	1.43263888	1.40431082	1.37694263	1.36081636
0.00004160	0.00000000	0.00000000	0.00000000	0.00000000	1.44172919	1.39450026	1.37161386	1.34586716
0.00004480	0.00000000	0.00000000	0.00000000	0.00000000	1.41095185	1.38340068	1.36141539	1.33496749
0.00004800	0.00000000	0.00000000	0.00000000	0.00000000	1.42861319	1.37677670	1.35116553	1.33169413
0.00005120	0.00000000	0.00000000	0.00000000	0.00000000	1.40926373	1.35926807	1.33885646	1.33152544
0.00005760	0.00000000	0.00000000	0.00000000	0.00000000	1.41308200	1.35802722	1.32699323	1.30778992
0.00006400	0.00000000	0.00000000	0.00000000	0.00000000	1.40424097	1.35267401	1.31565130	1.29376411
0.00007040	0.00000000	0.00000000	0.00000000	0.00000000	1.39117432	1.34205723	1.30421615	1.27340901
0.00007680	0.00000000	0.00000000	0.00000000	0.00000000	1.37050176	1.31747544	1.29456830	1.25781357
0.00008320	0.00000000	0.00000000	0.00000000	0.00000000	1.36920154	1.31991041	1.27507246	1.24508739
0.00008960	0.00000000	0.00000000	0.00000000	0.00000000	1.35634136	1.30759263	1.25852358	1.23621476
0.00009600	0.00000000	0.00000000	0.00000000	0.00000000	1.35354602	1.29264319	1.24935877	1.22706676
0.00010240	0.00000000	0.00000000	0.00000000	0.00000000	1.33541977	1.29562736	1.23971450	1.21050406
0.00011520	0.00000000	0.00000000	0.00000000	0.00000000	1.33197653	1.27135742	1.21962249	1.18704319
0.00012800	0.00000000	0.00000000	0.00000000	0.00000000	1.31539834	1.25598168	1.19983876	1.17104363
0.00014080	0.00000000	0.00000000	0.00000000	0.00000000	1.31468320	1.23591352	1.18317473	1.15752780
0.00015360	0.00000000	0.00000000	0.00000000	0.00000000	1.28594768	1.22409296	1.16921353	1.13984418
0.00016640	0.00000000	0.00000000	0.00000000	0.00000000	1.27245760	1.21027541	1.15287030	1.11979449
0.00017920	0.00000000	0.00000000	0.00000000	0.00000000	1.26530623	1.19448781	1.14026213	1.11304498
0.00019200	0.00000000	0.00000000	0.00000000	0.00000000	1.25152361	1.18180752	1.12523782	1.10499620
0.00020480	0.00000000	0.00000000	0.00000000	0.00000000	1.23917115	1.17146444	1.11743402	1.09313393
0.00023040	0.00000000	0.00000000	0.00000000	0.00000000	1.21795166	1.15035832	1.09655726	1.07226956
0.00025600	0.00000000	0.00000000	0.00000000	0.00000000	1.20542669	1.13192916	1.08322871	1.06323493
0.00028160	0.00000000	0.00000000	0.00000000	0.00000000	1.17544007	1.12155831	1.06491315	1.05309415
0.00030720	0.00000000	0.00000000	0.00000000	0.00000000	1.16139090	1.10079908	1.05653131	1.04729426
0.00033280	0.00000000	0.00000000	0.00000000	0.00000000	1.15249920	1.08810675	1.04643095	1.03369594
0.00035840	0.00000000	0.00000000	0.00000000	0.00000000	1.13512266	1.07966340	1.03924453	1.03026414
0.00038400	0.00000000	0.00000000	0.00000000	0.00000000	1.12354124	1.06313002	1.02918267	1.02642679
0.00040960	0.00000000	0.00000000	0.00000000	0.00000000	1.10425007	1.06236112	1.02595580	1.02590740
0.00046080	0.00000000	0.00000000	0.00000000	0.00000000	1.08784580	1.04594123	1.01643407	1.01989043
0.00051200	0.00000000	0.00000000	0.00000000	0.00000000	1.07179892	1.03326690	1.00981009	1.00848913
0.00056320	0.00000000	0.00000000	0.00000000	0.00000000	1.05735362	1.02471590	1.00696075	1.00740314
0.00061440	0.00000000	0.00000000	0.00000000	0.00000000	1.04483759	1.01859474	1.00307477	1.00273979
0.00066560	0.00000000	0.00000000	0.00000000	0.00000000	1.04045498	1.01502860	1.00137687	1.00504923
0.00071680	0.00000000	0.00000000	0.00000000	0.00000000	1.03337038	1.01054966	1.00306356	0.99900633
0.00076800	0.00000000	0.00000000	0.00000000	0.00000000	1.02246010	1.00708628	0.99984318	0.99812925
0.00081920	0.00000000	0.00000000	0.00000000	0.00000000	1.02276945	1.00561404	0.99905199	0.99915582
0.00092160	0.00000000	0.00000000	0.00000000	0.00000000	1.01716495	1.00666618	0.99672222	1.00192702
0.00102400	0.00000000	0.00000000	0.00000000	0.00000000	1.01445746	1.00383687	0.99539858	1.00390399
0.00112640	0.00000000	0.00000000	0.00000000	0.00000000	1.00161552	1.00316286	0.99784058	0.99948335
0.00122880	0.00000000	0.00000000	0.00000000	0.00000000	0.99370229	1.00313807	0.99708176	1.00107896
0.00133120	0.00000000	0.00000000	0.00000000	0.00000000	0.99605757	1.00324047	1.00152135	0.99726236
0.00143360	0.00000000	0.00000000	0.00000000	0.00000000	0.99761486	1.00115025	1.00056434	0.99768490
0.00153600	0.00000000	0.00000000	0.00000000	0.00000000	0.99254811	1.00142086	0.99800938	1.00109243
0.00163840	0.00000000	0.00000000	0.00000000	0.00000000	0.99658626	1.00315583	0.99715376	0.99940914
0.00184320	0.00000000	0.00000000	0.00000000	0.00000000	1.00110912	1.00073326	0.99379510	1.00031590
0.00204800	0.00000000	0.00000000	0.00000000	0.00000000	0.99955815	0.99863869	0.99813122	1.00136054
0.00225280	0.00000000	0.00000000	0.00000000	0.00000000	0.99506086	0.99782240	0.99743539	1.00489318
0.00245760	0.00000000	0.00000000	0.00000000	0.00000000	0.98886847	0.99744755	0.99651426	1.00257969
0.00266240	0.00000000	0.00000000	0.00000000	0.00000000	0.99183851	0.99713475	1.00004792	0.99742413
0.00286720	0.00000000	0.00000000	0.00000000	0.00000000	0.99982917	1.00032485	0.99969709	0.99872589
0.00307200	0.00000000	0.00000000	0.00000000	0.00000000	1.00124812	1.00659752	1.00069666	1.00103998
0.00327680	0.00000000	0.00000000	0.00000000	0.00000000	1.00437808	1.00986862	1.00067568	1.00311756
0.00368640	0.00000000	0.00000000	0.00000000	0.00000000	1.00075471	1.00363934	1.00116289	1.00070620
0.00409600	0.00000000	0.00000000	0.00000000	0.00000000	0.99914181	1.00182760	1.00145733	1.00092471
0.00450560	0.00000000	0.00000000	0.00000000	0.00000000	0.99784333	1.00081992	0.99979627	1.00034034
0.00491520	0.00000000	0.00000000	0.00000000	0.00000000	0.99414819	0.99988514	0.99734026	1.00076890
0.00532480	0.00000000	0.00000000	0.00000000	0.00000000	0.99762428	0.99394906	1.00370049	1.00274146
0.00573440	0.00000000	0.00000000	0.00000000	0.00000000	0.99764293	0.99642372	1.00364578	1.00413060
0.00614400	0.00000000	0.00000000	0.00000000	0.00000000	0.99467891	0.99788707	0.99889404	1.00093484
0.00655360	0.00000000	0.00000000	0.00000000	0.00000000	0.99897087	0.99658185	1.00105751	0.99698526
0.00737280	0.00000000	0.00000000	0.00000000	0.00000000	1.00155258	1.00026083	1.00169611	0.99732852
0.00819200	0.00000000	0.00000000	0.00000000	0.00000000	1.00423145	1.00194967	1.00156546	1.00181222
0.00901120	0.00000000	0.00000000	0.00000000	0.00000000	0.99907833	1.00138330	0.99991322	1.00076795
0.00983040	0.00000000	0.00000000	0.00000000	0.00000000	1.00251997	1.00311708	0.99634081	0.99675524
0.01064960	0.00000000	0.00000000	0.00000000	0.00000000	1.00367272	1.00353158	0.99856472	1.00347376
0.01146880	0.00000000	0.00000000	0.00000000	0.00000000	1.00040889	1.00421250	1.00212812	1.00213456
0.01228800	0.00000000	0.00000000	0.00000000	0.00000000	0.99436384	1.00101817	0.99711508	1.00090659
0.01310720	0.00000000	0.00000000	0.00000000	0.00000000	1.00093341	0.99910444	0.99812865	1.00041091
0.01474560	0.00000000	0.00000000	0.00000000	0.00000000	0.99964261	1.00180697	0.99772441	1.00193882
0.01638400	0.00000000	0.00000000	0.00000000	0.00000000	1.00293303	1.00208795	1.00133705	0.99971282
0.01802240	0.00000000	0.00000000	0.00000000	0.00000000	1.00257456	0.99788684	0.99825501	1.00170183
0.01966080	0.00000000	0.00000000	0.00000000	0.00000000	0.99841517	0.99512291	1.00227511	0.99947572
0.02129920	0.00000000	0.00000000	0.00000000	0.00000000	0.99696428	1.00287294	1.00026083	0.99706739
0.02293760	0.00000000	0.00000000	0.00000000	0.00000000	0.99703526	1.00178158	0.99901414	0.99802941
0.02457600	0.00000000	0.00000000	0.00000000	0.00000000	0.99777073	1.00315142	1.00094318	0.99722463
0.02621440	0.00000000	0.00000000	0.00000000	0.00000000	0.99861789	0.99829370	1.00027132	0.99965662
0.02949120	0.00000000	0.00000000	0.00000000	0.00000000	1.00101423	0.99925655	0.99799955	1.00212312
0.03276800	0.00000000	0.00000000	0.00000000	0.00000000	1.00097704	1.00164127	0.99829960	1.00216162
0.03604480	0.00000000	0.00000000	0.00000000	0.00000000	1.00151968	1.00131416	1.00085163	0.99972242
0.03932160	0.00000000	0.00000000	0.00000000	0.00000000	1.00194132	0.99983346	0.99791807	1.00037909
0.04259840	0.00000000	0.00000000	0.00000000	0.00000000	1.00155735	1.00079119	1.00197792	0.99891073
0.04587520	0.00000000	0.00000000	0.00000000	0.00000000	1.00103951	0.99849969	0.99898267	1.00142753
0.04915200	0.00000000	0.00000000	0.00000000	0.00000000	0.99883974	0.99723899	0.99985743	1.00058711
0.05242880	0.00000000	0.00000000	0.00000000	0.00000000	1.00147092	1.00290430	1.00025892	0.99879545
0.05898240	0.00000000	0.00000000	0.00000000	0.00000000	0.99943888	0.99909759	1.00106823	0.99996293
0.06553600	0.00000000	0.00000000	0.00000000	0.00000000	0.99694079	1.00117862	0.99958432	1.00171363
0.07208960	0.00000000	0.00000000	0.00000000	0.00000000	1.00246298	0.99913538	0.99937767	1.00052845
0.07864320	0.00000000	0.00000000	0.00000000	0.00000000	0.99887758	0.99835795	0.99898642	1.00062585
0.08519680	0.00000000	0.00000000	0.00000000	0.00000000	0.99856532	1.00105584	0.99986368	0.99942702
0.09175040	0.00000000	0.00000000	0.00000000	0.00000000	1.00124741	1.00100911	1.00137699	1.00107193
0.09830400	0.00000000	0.00000000	0.00000000	0.00000000	1.00110841	1.00063837	0.99967664	1.00133550
0.10485760	0.00000000	0.00000000	0.00000000	0.00000000	1.00155950	1.00103033	1.00018561	1.00110030
0.11796480	0.00000000	0.00000000	0.00000000	0.00000000	0.99939650	0.99997556	0.99957973	0.99979311
0.13107200	0.00000000	0.00000000	0.00000000	0.00000000	0.99868184	1.00049758	1.00002325	0.99976450
0.14417920	0.00000000	0.00000000	0.00000000	0.00000000	1.00036490	0.99988484	1.00072336	1.00036883
0.15728641	0.00000000	0.00000000	0.00000000	0.00000000	1.00037849	1.00070798	1.00081348	1.00049996
0.17039360	0.00000000	0.00000000	0.00000000	0.00000000	0.99977130	0.99913096	0.99979138	1.00114334
0.18350080	0.00000000	0.00000000	0.00000000	0.00000000	0.99882877	0.99960893	0.99888986	1.00071120
0.19660801	0.00000000	0.00000000	0.00000000	0.00000000	1.00097764	0.99964154	1.00022495	0.99984092
0.20971520	0.00000000	0.00000000	0.00000000	0.00000000	1.00052238	0.99938327	0.99991548	1.00089502
0.23592959	0.00000000	0.00000000	0.00000000	0.00000000	0.99866074	0.99983859	0.99974591	0.99985933
0.26214400	0.00000000	0.00000000	0.00000000	0.00000000	1.00004137	1.00024021	1.00038338	1.00010300
0.28835839	0.00000000	0.00000000	0.00000000	0.00000000	1.00061417	1.00052166	0.99994946	0.99944746
0.31457281	0.00000000	0.00000000	0.00000000	0.00000000	1.00044537	0.99935269	1.00050318	0.99953830
0.34078720	0.00000000	0.00000000	0.00000000	0.00000000	1.00237918	1.00004423	1.00000048	1.00022244
0.36700159	0.00000000	0.00000000	0.00000000	0.00000000	1.00034380	0.99929208	1.00025320	0.99981391
0.39321601	0.00000000	0.00000000	0.00000000	0.00000000	1.00119686	1.00017953	0.99990231	0.99963564
0.41943040	0.00000000	0.00000000	0.00000000	0.00000000	0.99969566	0.99949342	1.00079918	0.99995917
0.47185919	0.00000000	0.00000000	0.00000000	0.00000000	0.99987876	0.99972039	0.99953550	0.99942100
0.52428800	0.00000000	0.00000000	0.00000000	0.00000000	0.99937296	0.99987411	0.99987984	0.99963307
0.57671678	0.00000000	0.00000000	0.00000000	0.00000000	0.99949408	1.00030124	0.99980938	1.00002348
0.62914562	0.00000000	0.00000000	0.00000000	0.00000000	0.99971759	0.99991935	1.00011551	1.00009060
0.68157440	0.00000000	0.00000000	0.00000000	0.00000000	1.00058722	0.99968255	1.00023055	0.99969548
0.73400319	0.00000000	0.00000000	0.00000000	0.00000000	1.00017345	0.99970907	0.99996144	1.00017929
0.78643203	0.00000000	0.00000000	0.00000000	0.00000000	1.00000787	0.99991935	0.99998641	1.00031245
0.83886081	0.00000000	0.00000000	0.00000000	0.00000000	0.99965674	0.99966460	0.99979264	0.99992877
0.94371837	0.00000000	0.00000000	0.00000000	0.00000000	0.99943197	0.99961728	0.99987084	1.00006056
1.04857600	0.00000000	0.00000000	0.00000000	0.00000000	1.00006306	1.00027943	1.00005293	0.99974412
1.15343356	0.00000000	0.00000000	0.00000000	0.00000000	1.00014591	1.00002897	1.00004244	0.99979192
1.25829124	0.00000000	0.00000000	0.00000000	0.00000000	0.99934775	0.99926454	1.00016046	0.99975014
1.36314881	0.00000000	0.00000000	0.00000000	0.00000000	0.99934262	0.99966872	0.99992889	1.00005698
1.46800637	0.00000000	0.00000000	0.00000000	0.00000000	1.00045848	0.99989730	1.00002563	1.00014055
1.57286406	0.00000000	0.00000000	0.00000000	0.00000000	1.00026011	1.00038779	0.99980849	1.00005019
1.67772162	0.00000000	0.00000000	0.00000000	0.00000000	0.99950492	1.00027108	1.00003839	1.00013149
1.88743675	0.00000000	0.00000000	0.00000000	0.00000000	1.00024354	0.99994528	0.99983680	1.00013423
2.09715199	0.00000000	0.00000000	0.00000000	0.00000000	0.99975961	1.00002635	0.99990529	1.00007248
2.30686712	0.00000000	0.00000000	0.00000000	0.00000000	1.00018382	0.99977785	0.99997967	0.99990028
2.51658249	0.00000000	0.00000000	0.00000000	0.00000000	1.00021541	1.00067258	0.99981129	0.99982911
2.72629762	0.00000000	0.00000000	0.00000000	0.00000000	0.99971837	1.00023746	1.00005794	1.00007701
2.93601274	0.00000000	0.00000000	0.00000000	0.00000000	1.00034213	0.99981284	0.99995029	0.99982744
3.14572811	0.00000000	0.00000000	0.00000000	0.00000000	0.99914306	1.00009787	1.00001562	1.00015390
3.35544324	0.00000000	0.00000000	0.00000000	0.00000000	1.00027716	0.99960834	1.00018299	1.00016642
3.77487350	0.00000000	0.00000000	0.00000000	0.00000000	1.00036466	0.99965000	1.00001168	0.99971938
4.19430399	0.00000000	0.00000000	0.00000000	0.00000000	0.99993271	1.00001872	0.99993730	1.00004113
4.61373425	0.00000000	0.00000000	0.00000000	0.00000000	0.99987465	1.00014174	1.00006318	1.00008297
5.03316498	0.00000000	0.00000000	0.00000000	0.00000000	1.00000000	1.00000000	1.00000000	1.00000000
5.45259523	0.00000000	0.00000000	0.00000000	0.00000000	0.00000000	0.00000000	0.00000000	0.00000000
5.87202549	0.00000000	0.00000000	0.00000000	0.00000000	0.00000000	0.00000000	0.00000000	0.00000000
6.29145622	0.00000000	0.00000000	0.00000000	0.00000000	0.00000000	0.00000000	0.00000000	0.00000000
6.71088648	0.00000000	0.00000000	0.00000000	0.00000000	0.00000000	0.00000000	0.00000000	0.00000000
7.54974699	0.00000000	0.00000000	0.00000000	0.00000000	0.00000000	0.00000000	0.00000000	0.00000000
8.38860798	0.00000000	0.00000000	0.00000000	0.00000000	0.00000000	0.00000000	0.00000000	0.00000000
9.22746849	0.00000000	0.00000000	0.00000000	0.00000000	0.00000000	0.00000000	0.00000000	0.00000000
10.06632996	0.00000000	0.00000000	0.00000000	0.00000000	0.00000000	0.00000000	0.00000000	0.00000000
10.90519047	0.00000000	0.00000000	0.00000000	0.00000000	0.00000000	0.00000000	0.00000000	0.00000000
11.74405098	0.00000000	0.00000000	0.00000000	0.00000000	0.00000000	0.00000000	0.00000000	0.00000000
12.58291245	0.00000000	0.00000000	0.00000000	0.00000000	0.00000000	0.00000000	0.00000000	0.00000000
13.42177296	0.00000000	0.00000000	0.00000000	0.00000000	0.00000000	0.00000000	0.00000000	0.00000000
15.09949398	0.00000000	0.00000000	0.00000000	0.00000000	0.00000000	0.00000000	0.00000000	0.00000000
16.77721596	0.00000000	0.00000000	0.00000000	0.00000000	0.00000000	0.00000000	0.00000000	0.00000000
18.45493698	0.00000000	0.00000000	0.00000000	0.00000000	0.00000000	0.00000000	0.00000000	0.00000000
20.13265991	0.00000000	0.00000000	0.00000000	0.00000000	0.00000000	0.00000000	0.00000000	0.00000000
21.81038094	0.00000000	0.00000000	0.00000000	0.00000000	0.00000000	0.00000000	0.00000000	0.00000000
23.48810196	0.00000000	0.00000000	0.00000000	0.00000000	0.00000000	0.00000000	0.00000000	0.00000000
25.16582489	0.00000000	0.00000000	0.00000000	0.00000000	0.00000000	0.00000000	0.00000000	0.00000000
26.84354591	0.00000000	0.00000000	0.00000000	0.00000000	0.00000000	0.00000000	0.00000000	0.00000000
30.19898796	0.00000000	0.00000000	0.00000000	0.00000000	0.00000000	0.00000000	0.00000000	0.00000000
33.55443192	0.00000000	0.00000000	0.00000000	0.00000000	0.00000000	0.00000000	0.00000000	0.00000000
36.90987396	0.00000000	0.00000000	0.00000000	0.00000000	0.00000000	0.00000000	0.00000000	0.00000000
40.26531982	0.00000000	0.00000000	0.00000000	0.00000000	0.00000000	0.00000000	0.00000000	0.00000000
43.62076187	0.00000000	0.00000000	0.00000000	0.00000000	0.00000000	0.00000000	0.00000000	0.00000000
46.97620392	0.00000000	0.00000000	0.00000000	0.00000000	0.00000000	0.00000000	0.00000000	0.00000000
50.33164978	0.00000000	0.00000000	0.00000000	0.00000000	0.00000000	0.00000000	0.00000000	0.00000000
53.68709183	0.00000000	0.00000000	0.00000000	0.00000000	0.00000000	0.00000000	0.00000000	0.00000000
60.39797592	0.00000000	0.00000000	0.00000000	0.00000000	0.00000000	0.00000000	0.00000000	0.00000000
67.10886383	0.00000000	0.00000000	0.00000000	0.00000000	0.00000000	0.00000000	0.00000000	0.00000000
73.81974792	0.00000000	0.00000000	0.00000000	0.00000000	0.00000000	0.00000000	0.00000000	0.00000000
80.53063965	0.00000000	0.00000000	0.00000000	0.00000000	0.00000000	0.00000000	0.00000000	0.00000000
87.24152374	0.00000000	0.00000000	0.00000000	0.00000000	0.00000000	0.00000000	0.00000000	0.00000000
93.95240784	0.00000000	0.00000000	0.00000000	0.00000000	0.00000000	0.00000000	0.00000000	0.00000000
100.66329956	0.00000000	0.00000000	0.00000000	0.00000000	0.00000000	0.00000000	0.00000000	0.00000000
107.37418365	0.00000000	0.00000000	0.00000000	0.00000000	0.00000000	0.00000000	0.00000000	0.00000000
120.79595184	0.00000000	0.00000000	0.00000000	0.00000000	0.00000000	0.00000000	0.00000000	0.00000000
134.21772766	0.00000000	0.00000000	0.00000000	0.00000000	0.00000000	0.00000000	0.00000000	0.00000000
147.63949585	0.00000000	0.00000000	0.00000000	0.00000000	0.00000000	0.00000000	0.00000000	0.00000000
161.06127930	0.00000000	0.00000000	0.00000000	0.00000000	0.00000000	0.00000000	0.00000000	0.00000000
174.48304749	0.00000000	0.00000000	0.00000000	0.00000000	0.00000000	0.00000000	0.00000000	0.00000000
187.90481567	0.00000000	0.00000000	0.00000000	0.00000000	0.00000000	0.00000000	0.00000000	0.00000000
201.32659912	0.00000000	0.00000000	0.00000000	0.00000000	0.00000000	0.00000000	0.00000000	0.00000000
214.74836731	0.00000000	0.00000000	0.00000000	0.00000000	0.00000000	0.00000000	0.00000000	0.00000000
241.59190369	0.00000000	0.00000000	0.00000000	0.00000000	0.00000000	0.00000000	0.00000000	0.00000000
268.43545532	0.00000000	0.00000000	0.00000000	0.00000000	0.00000000	0.00000000	0.00000000	0.00000000
295.27899170	0.00000000	0.00000000	0.00000000	0.00000000	0.00000000	0.00000000	0.00000000	0.00000000
322.12255859	0.00000000	0.00000000	0.00000000	0.00000000	0.00000000	0.00000000	0.00000000	0.00000000
348.96609497	0.00000000	0.00000000	0.00000000	0.00000000	0.00000000	0.00000000	0.00000000	0.00000000
375.80963135	0.00000000	0.00000000	0.00000000	0.00000000	0.00000000	0.00000000	0.00000000	0.00000000
402.65319824	0.00000000	0.00000000	0.00000000	0.00000000	0.00000000	0.00000000	0.00000000	0.00000000
429.49673462	0.00000000	0.00000000	0.00000000	0.00000000	0.00000000	0.00000000	0.00000000	0.00000000
483.18380737	0.00000000	0.00000000	0.00000000	0.00000000	0.00000000	0.00000000	0.00000000	0.00000000
536.87091064	0.00000000	0.00000000	0.00000000	0.00000000	0.00000000	0.00000000	0.00000000	0.00000000
590.55798340	0.00000000	0.00000000	0.00000000	0.00000000	0.00000000	0.00000000	0.00000000	0.00000000
644.24511719	0.00000000	0.00000000	0.00000000	0.00000000	0.00000000	0.00000000	0.00000000	0.00000000
697.93218994	0.00000000	0.00000000	0.00000000	0.00000000	0.00000000	0.00000000	0.00000000	0.00000000
751.61926270	0.00000000	0.00000000	0.00000000	0.00000000	0.00000000	0.00000000	0.00000000	0.00000000
805.30639648	0.00000000	0.00000000	0.00000000	0.00000000	0.00000000	0.00000000	0.00000000	0.00000000
858.99346924	0.00000000	0.00000000	0.00000000	0.00000000	0.00000000	0.00000000	0.00000000	0.00000000
966.36761475	0.00000000	0.00000000	0.00000000	0.00000000	0.00000000	0.00000000	0.00000000	0.00000000
1073.74182129	0.00000000	0.00000000	0.00000000	0.00000000	0.00000000	0.00000000	0.00000000	0.00000000
1181.11596680	0.00000000	0.00000000	0.00000000	0.00000000	0.00000000	0.00000000	0.00000000	0.00000000
1288.49023437	0.00000000	0.00000000	0.00000000	0.00000000	0.00000000	0.00000000	0.00000000	0.00000000
1395.86437988	0.00000000	0.00000000	0.00000000	0.00000000	0.00000000	0.00000000	0.00000000	0.00000000
1503.23852539	0.00000000	0.00000000	0.00000000	0.00000000	0.00000000	0.00000000	0.00000000	0.00000000
1610.61279297	0.00000000	0.00000000	0.00000000	0.00000000	0.00000000	0.00000000	0.00000000	0.00000000
1717.98693848	0.00000000	0.00000000	0.00000000	0.00000000	0.00000000	0.00000000	0.00000000	0.00000000
1932.73522949	0.00000000	0.00000000	0.00000000	0.00000000	0.00000000	0.00000000	0.00000000	0.00000000
2147.48364258	0.00000000	0.00000000	0.00000000	0.00000000	0.00000000	0.00000000	0.00000000	0.00000000
2362.23193359	0.00000000	0.00000000	0.00000000	0.00000000	0.00000000	0.00000000	0.00000000	0.00000000
2576.98046875	0.00000000	0.00000000	0.00000000	0.00000000	0.00000000	0.00000000	0.00000000	0.00000000
2791.72875977	0.00000000	0.00000000	0.00000000	0.00000000	0.00000000	0.00000000	0.00000000	0.00000000
3006.47705078	0.00000000	0.00000000	0.00000000	0.00000000	0.00000000	0.00000000	0.00000000	0.00000000
3221.22558594	0.00000000	0.00000000	0.00000000	0.00000000	0.00000000	0.00000000	0.00000000	0.00000000
3435.97387695	0.00000000	0.00000000	0.00000000	0.00000000	0.00000000	0.00000000	0.00000000	0.00000000
0	0	0	0	0	0	0	0	0
