%3/28/2019 6:11:01 PM
%Duration	ID1		ID2		ID3		ID4		ID5		ID6		ID7		ID8
1000.000000	0.000000	0.476837	158.977509	0.429153	0.000000	0.000000	0.000000	0.000000
%Tau		Tau1		Tau2		Tau3		Tau4		Tau5		Tau6		Tau7		Tau8
%		0.000000	0.000001	0.000205	0.000001	0.000000	0.000000	0.000000	0.000000
%Delaytime	D1		D2		D3		D4		D5		D6		D7		D8
0.00000020	0.00000000	273.97833252	1.88342750	67.10886383	0.00000000	0.00000000	0.00000000	0.00000000
0.00000040	0.00000000	0.00000000	1.54409170	67.10886383	0.00000000	0.00000000	0.00000000	0.00000000
0.00000060	0.00000000	0.00000000	1.54545820	0.00000000	0.00000000	0.00000000	0.00000000	0.00000000
0.00000080	0.00000000	0.00000000	1.50309813	0.00000000	0.00000000	0.00000000	0.00000000	0.00000000
0.00000100	0.00000000	0.00000000	1.52405035	0.00000000	0.00000000	0.00000000	0.00000000	0.00000000
0.00000120	0.00000000	0.00000000	1.46757030	0.00000000	0.00000000	0.00000000	0.00000000	0.00000000
0.00000140	0.00000000	0.00000000	1.48442328	0.00000000	0.00000000	0.00000000	0.00000000	0.00000000
0.00000160	0.00000000	0.00000000	1.46301556	0.00000000	0.00000000	0.00000000	0.00000000	0.00000000
0.00000180	0.00000000	0.00000000	1.47212517	67.10886383	0.00000000	0.00000000	0.00000000	0.00000000
0.00000200	0.00000000	0.00000000	1.51357424	0.00000000	0.00000000	0.00000000	0.00000000	0.00000000
0.00000220	0.00000000	54.79566956	1.46848130	0.00000000	0.00000000	0.00000000	0.00000000	0.00000000
0.00000240	0.00000000	0.00000000	1.49171102	0.00000000	0.00000000	0.00000000	0.00000000	0.00000000
0.00000260	0.00000000	0.00000000	1.49080002	0.00000000	0.00000000	0.00000000	0.00000000	0.00000000
0.00000280	0.00000000	0.00000000	1.47895741	0.00000000	0.00000000	0.00000000	0.00000000	0.00000000
0.00000300	0.00000000	0.00000000	1.42930973	0.00000000	0.00000000	0.00000000	0.00000000	0.00000000
0.00000320	0.00000000	0.00000000	1.52496135	0.00000000	0.00000000	0.00000000	0.00000000	0.00000000
0.00000360	0.00000000	0.00000000	1.45754969	0.00000000	0.00000000	0.00000000	0.00000000	0.00000000
0.00000400	0.00000000	0.00000000	1.44798458	0.00000000	0.00000000	0.00000000	0.00000000	0.00000000
0.00000440	0.00000000	0.00000000	1.47872972	0.00000000	0.00000000	0.00000000	0.00000000	0.00000000
0.00000480	0.00000000	0.00000000	1.46848130	0.00000000	0.00000000	0.00000000	0.00000000	0.00000000
0.00000520	0.00000000	0.00000000	1.44434071	0.00000000	0.00000000	0.00000000	0.00000000	0.00000000
0.00000560	0.00000000	0.00000000	1.48100710	0.00000000	0.00000000	0.00000000	0.00000000	0.00000000
0.00000600	0.00000000	0.00000000	1.45572770	0.00000000	0.00000000	0.00000000	0.00000000	0.00000000
0.00000640	0.00000000	0.00000000	1.48533428	0.00000000	0.00000000	0.00000000	0.00000000	0.00000000
0.00000720	0.00000000	0.00000000	1.46392643	0.00000000	0.00000000	0.00000000	0.00000000	0.00000000
0.00000800	0.00000000	0.00000000	1.47383320	0.00000000	0.00000000	0.00000000	0.00000000	0.00000000
0.00000880	0.00000000	0.00000000	1.45846069	0.00000000	0.00000000	0.00000000	0.00000000	0.00000000
0.00000960	0.00000000	0.00000000	1.45811903	0.00000000	0.00000000	0.00000000	0.00000000	0.00000000
0.00001040	0.00000000	0.00000000	1.45948553	0.00000000	0.00000000	0.00000000	0.00000000	0.00000000
0.00001120	0.00000000	0.00000000	1.44445455	0.00000000	0.00000000	0.00000000	0.00000000	0.00000000
0.00001200	0.00000000	0.00000000	1.44274640	0.00000000	0.00000000	0.00000000	0.00000000	0.00000000
0.00001280	0.00000000	0.00000000	1.43705285	0.00000000	0.00000000	0.00000000	0.00000000	0.00000000
0.00001440	0.00000000	0.00000000	1.45373499	0.00000000	0.00000000	0.00000000	0.00000000	0.00000000
0.00001600	0.00000000	0.00000000	1.45094514	0.00000000	0.00000000	0.00000000	0.00000000	0.00000000
0.00001760	0.00000000	0.00000000	1.45726502	0.00000000	0.00000000	0.00000000	0.00000000	0.00000000
0.00001920	0.00000000	0.00000000	1.44035518	0.00000000	0.00000000	0.00000000	0.00000000	0.00000000
0.00002080	0.00000000	0.00000000	1.44138002	0.00000000	0.00000000	0.00000000	0.00000000	0.00000000
0.00002240	0.00000000	0.00000000	1.42930973	0.00000000	0.00000000	0.00000000	0.00000000	0.00000000
0.00002400	0.00000000	0.00000000	1.42999291	8.38860798	0.00000000	0.00000000	0.00000000	0.00000000
0.00002560	0.00000000	0.00000000	1.44206321	0.00000000	0.00000000	0.00000000	0.00000000	0.00000000
0.00002880	0.00000000	0.00000000	1.43742371	0.00000000	0.00000000	0.00000000	0.00000000	0.00000000
0.00003200	0.00000000	3.40828395	1.43625736	0.00000000	0.00000000	0.00000000	0.00000000	0.00000000
0.00003520	0.00000000	0.00000000	1.42685723	0.00000000	0.00000000	0.00000000	0.00000000	0.00000000
0.00003840	0.00000000	3.40828395	1.39765096	0.00000000	0.00000000	0.00000000	0.00000000	0.00000000
0.00004160	0.00000000	3.40828395	1.41868055	0.00000000	0.00000000	0.00000000	0.00000000	0.00000000
0.00004480	0.00000000	0.00000000	1.40133309	0.00000000	0.00000000	0.00000000	0.00000000	0.00000000
0.00004800	0.00000000	6.81656790	1.39643681	0.00000000	0.00000000	0.00000000	0.00000000	0.00000000
0.00005120	0.00000000	3.40828395	1.40586674	0.00000000	0.00000000	0.00000000	0.00000000	0.00000000
0.00005760	0.00000000	1.69597852	1.38650131	0.00000000	0.00000000	0.00000000	0.00000000	0.00000000
0.00006400	0.00000000	1.69597852	1.37540329	0.00000000	0.00000000	0.00000000	0.00000000	0.00000000
0.00007040	0.00000000	1.69597852	1.36680830	0.00000000	0.00000000	0.00000000	0.00000000	0.00000000
0.00007680	0.00000000	0.00000000	1.36061192	0.00000000	0.00000000	0.00000000	0.00000000	0.00000000
0.00008320	0.00000000	1.69597852	1.35201705	0.00000000	0.00000000	0.00000000	0.00000000	0.00000000
0.00008960	0.00000000	0.00000000	1.34585857	0.00000000	0.00000000	0.00000000	0.00000000	0.00000000
0.00009600	0.00000000	1.69597852	1.33563101	0.00000000	0.00000000	0.00000000	0.00000000	0.00000000
0.00010240	0.00000000	0.00000000	1.32653618	2.09715199	0.00000000	0.00000000	0.00000000	0.00000000
0.00011520	0.00000000	0.86659300	1.30985570	1.05419087	0.00000000	0.00000000	0.00000000	0.00000000
0.00012800	0.00000000	1.73318601	1.29007006	1.05419087	0.00000000	0.00000000	0.00000000	0.00000000
0.00014080	0.00000000	0.00000000	1.27794528	1.05419087	0.00000000	0.00000000	0.00000000	0.00000000
0.00015360	0.00000000	3.46637201	1.26714480	1.05419087	0.00000000	0.00000000	0.00000000	0.00000000
0.00016640	0.00000000	0.00000000	1.24723220	1.05419087	0.00000000	0.00000000	0.00000000	0.00000000
0.00017920	0.00000000	0.86659300	1.23518634	1.05419087	0.00000000	0.00000000	0.00000000	0.00000000
0.00019200	0.00000000	0.86659300	1.22371960	2.10838175	0.00000000	0.00000000	0.00000000	0.00000000
0.00020480	0.00000000	0.86659300	1.20674336	1.05419087	0.00000000	0.00000000	0.00000000	0.00000000
0.00023040	0.00000000	1.75011575	1.18910348	0.52150297	0.00000000	0.00000000	0.00000000	0.00000000
0.00025600	0.00000000	0.87505788	1.17143703	0.00000000	0.00000000	0.00000000	0.00000000	0.00000000
0.00028160	0.00000000	0.87505788	1.15722644	0.52150297	0.00000000	0.00000000	0.00000000	0.00000000
0.00030720	0.00000000	1.75011575	1.14595783	0.52150297	0.00000000	0.00000000	0.00000000	0.00000000
0.00033280	0.00000000	0.87505788	1.13051450	1.04300594	0.00000000	0.00000000	0.00000000	0.00000000
0.00035840	0.00000000	2.18764472	1.11460531	0.00000000	0.00000000	0.00000000	0.00000000	0.00000000
0.00038400	0.00000000	2.18764472	1.10626912	0.00000000	0.00000000	0.00000000	0.00000000	0.00000000
0.00040960	0.00000000	0.87505788	1.09110951	1.04300594	0.00000000	0.00000000	0.00000000	0.00000000
0.00046080	0.00000000	1.72064698	1.07580328	0.51874000	0.00000000	0.00000000	0.00000000	0.00000000
0.00051200	0.00000000	0.43016174	1.06164825	1.55622005	0.00000000	0.00000000	0.00000000	0.00000000
0.00056320	0.00000000	1.07540429	1.04681623	1.55622005	0.00000000	0.00000000	0.00000000	0.00000000
0.00061440	0.00000000	1.72064698	1.04028904	0.51874000	0.00000000	0.00000000	0.00000000	0.00000000
0.00066560	0.00000000	0.43016174	1.02986550	0.51874000	0.00000000	0.00000000	0.00000000	0.00000000
0.00071680	0.00000000	1.72064698	1.02706516	1.29685009	0.00000000	0.00000000	0.00000000	0.00000000
0.00076800	0.00000000	1.93572783	1.02100420	0.51874000	0.00000000	0.00000000	0.00000000	0.00000000
0.00081920	0.00000000	0.86032349	1.01325071	1.03748000	0.00000000	0.00000000	0.00000000	0.00000000
0.00092160	0.00000000	1.18294477	1.00969458	0.76587260	0.00000000	0.00000000	0.00000000	0.00000000
0.00102400	0.00000000	0.53770214	1.00592041	0.89351803	0.00000000	0.00000000	0.00000000	0.00000000
0.00112640	0.00000000	1.18294477	1.00147760	0.89351803	0.00000000	0.00000000	0.00000000	0.00000000
0.00122880	0.00000000	0.75278300	1.00413644	0.89351803	0.00000000	0.00000000	0.00000000	0.00000000
0.00133120	0.00000000	0.64524257	0.99915236	0.51058173	0.00000000	0.00000000	0.00000000	0.00000000
0.00143360	0.00000000	1.07540429	0.99332297	0.89351803	0.00000000	0.00000000	0.00000000	0.00000000
0.00153600	0.00000000	0.96786392	0.99263400	1.14880884	0.00000000	0.00000000	0.00000000	0.00000000
0.00163840	0.00000000	0.86032349	0.99472034	0.76587260	0.00000000	0.00000000	0.00000000	0.00000000
0.00184320	0.00000000	1.24271846	0.99734902	0.89351803	0.00000000	0.00000000	0.00000000	0.00000000
0.00204800	0.00000000	0.91853100	1.00503802	1.08498609	0.00000000	0.00000000	0.00000000	0.00000000
0.00225280	0.00000000	0.75643730	1.00130951	1.08498609	0.00000000	0.00000000	0.00000000	0.00000000
0.00245760	0.00000000	0.86449981	0.99305594	0.89351803	0.00000000	0.00000000	0.00000000	0.00000000
0.00266240	0.00000000	1.18868721	0.99367213	1.08498609	0.00000000	0.00000000	0.00000000	0.00000000
0.00286720	0.00000000	0.86449981	0.99436843	1.01848316	0.00000000	0.00000000	0.00000000	0.00000000
0.00307200	0.00000000	1.02659345	0.98993754	1.46406960	0.00000000	0.00000000	0.00000000	0.00000000
0.00327680	0.00000000	0.81046855	0.99556983	0.70020723	0.00000000	0.00000000	0.00000000	0.00000000
0.00368640	0.00000000	0.88935679	1.00052273	0.80412114	0.00000000	0.00000000	0.00000000	0.00000000
0.00409600	0.00000000	1.04851925	0.99831939	0.83628595	0.00000000	0.00000000	0.00000000	0.00000000
0.00450560	0.00000000	1.04851925	0.99650484	0.99711019	0.00000000	0.00000000	0.00000000	0.00000000
0.00491520	0.00000000	1.10228944	1.00595689	1.15793443	0.00000000	0.00000000	0.00000000	0.00000000
0.00532480	0.00000000	1.26665962	1.00849187	1.18696737	0.00000000	0.00000000	0.00000000	0.00000000
0.00573440	0.00000000	1.07800817	1.00764358	0.96240604	0.00000000	0.00000000	0.00000000	0.00000000
0.00614400	0.00000000	0.88935679	0.99545056	0.89824563	0.00000000	0.00000000	0.00000000	0.00000000
0.00655360	0.00000000	1.13190866	0.98860300	0.86616540	0.00000000	0.00000000	0.00000000	0.00000000
0.00737280	0.00000000	0.95442688	0.98877949	0.94022292	0.00000000	0.00000000	0.00000000	0.00000000
0.00819200	0.00000000	1.00819743	1.00094402	1.13475180	0.00000000	0.00000000	0.00000000	0.00000000
0.00901120	0.00000000	1.02164006	1.00787950	0.85916919	0.00000000	0.00000000	0.00000000	0.00000000
0.00983040	0.00000000	0.97021872	0.99669194	1.05649304	0.00000000	0.00000000	0.00000000	0.00000000
0.01064960	0.00000000	0.98131216	0.99788719	0.79432625	0.00000000	0.00000000	0.00000000	0.00000000
0.01146880	0.00000000	1.08885324	0.99812102	0.95643365	0.00000000	0.00000000	0.00000000	0.00000000
0.01228800	0.00000000	1.04599261	0.99669725	1.18338394	0.00000000	0.00000000	0.00000000	0.00000000
0.01310720	0.00000000	1.01917231	0.99910700	1.06990886	0.00000000	0.00000000	0.00000000	0.00000000
0.01474560	0.00000000	1.07541060	1.00418556	1.00493622	0.00000000	0.00000000	0.00000000	0.00000000
0.01638400	0.00000000	0.96786952	1.00264406	0.81269842	0.00000000	0.00000000	0.00000000	0.00000000
0.01802240	0.00000000	0.78639400	1.00058126	1.04025400	0.00000000	0.00000000	0.00000000	0.00000000
0.01966080	0.00000000	0.96114820	1.00111413	0.92647618	0.00000000	0.00000000	0.00000000	0.00000000
0.02129920	0.00000000	0.93426293	0.99855345	1.01587307	0.00000000	0.00000000	0.00000000	0.00000000
0.02293760	0.00000000	0.99475479	0.99370414	0.95898414	0.00000000	0.00000000	0.00000000	0.00000000
0.02457600	0.00000000	1.02587748	0.99889368	1.02400005	0.00000000	0.00000000	0.00000000	0.00000000
0.02621440	0.00000000	1.10901713	0.99232525	1.04561472	0.00000000	0.00000000	0.00000000	0.00000000
0.02949120	0.00000000	1.03844333	1.00088322	0.94022292	0.00000000	0.00000000	0.00000000	0.00000000
0.03276800	0.00000000	0.92082036	1.00025773	0.95643365	0.00000000	0.00000000	0.00000000	0.00000000
0.03604480	0.00000000	1.05605030	1.00232816	1.05369806	0.00000000	0.00000000	0.00000000	0.00000000
0.03932160	0.00000000	1.03172207	1.00101578	1.01590145	0.00000000	0.00000000	0.00000000	0.00000000
0.04259840	0.00000000	0.92082036	0.99745226	0.98365062	0.00000000	0.00000000	0.00000000	0.00000000
0.04587520	0.00000000	0.95778757	0.99942607	0.98365062	0.00000000	0.00000000	0.00000000	0.00000000
0.04915200	0.00000000	1.02748859	0.99873877	1.04412091	0.00000000	0.00000000	0.00000000	0.00000000
0.05242880	0.00000000	0.92530119	1.00150847	0.96900654	0.00000000	0.00000000	0.00000000	0.00000000
0.05898240	0.00000000	1.00244462	0.99932051	1.05251873	0.00000000	0.00000000	0.00000000	0.00000000
0.06553600	0.00000000	1.03096652	0.99772525	0.97626436	0.00000000	0.00000000	0.00000000	0.00000000
0.07208960	0.00000000	1.11437809	0.99749470	1.01594472	0.00000000	0.00000000	0.00000000	0.00000000
0.07864320	0.00000000	0.99426544	1.00308776	1.01519215	0.00000000	0.00000000	0.00000000	0.00000000
0.08519680	0.00000000	1.00594306	1.00347126	0.94778502	0.00000000	0.00000000	0.00000000	0.00000000
0.09175040	0.00000000	0.92365718	0.99705714	1.00150049	0.00000000	0.00000000	0.00000000	0.00000000
0.09830400	0.00000000	0.99217409	1.00429022	1.00827110	0.00000000	0.00000000	0.00000000	0.00000000
0.10485760	0.00000000	1.07526958	0.99808085	1.00272381	0.00000000	0.00000000	0.00000000	0.00000000
0.11796480	0.00000000	0.97356331	1.00034106	0.99942398	0.00000000	0.00000000	0.00000000	0.00000000
0.13107200	0.00000000	0.98712534	0.99965531	0.94439840	0.00000000	0.00000000	0.00000000	0.00000000
0.14417920	0.00000000	0.96138793	0.99818802	1.00137341	0.00000000	0.00000000	0.00000000	0.00000000
0.15728641	0.00000000	1.01000476	0.99880880	0.98778307	0.00000000	0.00000000	0.00000000	0.00000000
0.17039360	0.00000000	1.02605796	1.00218523	1.00084233	0.00000000	0.00000000	0.00000000	0.00000000
0.18350080	0.00000000	1.00506699	0.99853492	0.94927871	0.00000000	0.00000000	0.00000000	0.00000000
0.19660801	0.00000000	0.91522419	0.99870086	1.02650130	0.00000000	0.00000000	0.00000000	0.00000000
0.20971520	0.00000000	0.99249297	1.00042951	1.02087557	0.00000000	0.00000000	0.00000000	0.00000000
0.23592959	0.00000000	0.99256021	0.99874270	0.98424143	0.00000000	0.00000000	0.00000000	0.00000000
0.26214400	0.00000000	0.94551980	1.00162649	1.00785053	0.00000000	0.00000000	0.00000000	0.00000000
0.28835839	0.00000000	1.00846708	0.99878472	0.98635978	0.00000000	0.00000000	0.00000000	0.00000000
0.31457281	0.00000000	0.98273939	0.99912453	1.01344538	0.00000000	0.00000000	0.00000000	0.00000000
0.34078720	0.00000000	0.98983872	1.00158322	0.96489596	0.00000000	0.00000000	0.00000000	0.00000000
0.36700159	0.00000000	0.96694213	0.99795943	1.01125050	0.00000000	0.00000000	0.00000000	0.00000000
0.39321601	0.00000000	1.01584744	0.99978763	0.99016231	0.00000000	0.00000000	0.00000000	0.00000000
0.41943040	0.00000000	1.02946842	1.00126719	1.03220999	0.00000000	0.00000000	0.00000000	0.00000000
0.47185919	0.00000000	0.98742259	0.99978524	1.01960242	0.00000000	0.00000000	0.00000000	0.00000000
0.52428800	0.00000000	0.99929374	1.00108778	0.98632330	0.00000000	0.00000000	0.00000000	0.00000000
0.57671678	0.00000000	1.00618458	0.99802929	0.98998505	0.00000000	0.00000000	0.00000000	0.00000000
0.62914562	0.00000000	0.99476272	0.99985099	0.99334031	0.00000000	0.00000000	0.00000000	0.00000000
0.68157440	0.00000000	1.01654768	0.99899834	1.01090741	0.00000000	0.00000000	0.00000000	0.00000000
0.73400319	0.00000000	1.01036394	1.00104833	1.00703549	0.00000000	0.00000000	0.00000000	0.00000000
0.78643203	0.00000000	0.99745017	0.99903786	0.99042147	0.00000000	0.00000000	0.00000000	0.00000000
0.83886081	0.00000000	1.00743091	1.00085831	0.98390305	0.00000000	0.00000000	0.00000000	0.00000000
0.94371837	0.00000000	1.01999569	1.00038648	1.00875473	0.00000000	0.00000000	0.00000000	0.00000000
1.04857600	0.00000000	1.00437200	0.99966532	1.00941622	0.00000000	0.00000000	0.00000000	0.00000000
1.15343356	0.00000000	0.97531849	1.00053298	1.00484717	0.00000000	0.00000000	0.00000000	0.00000000
1.25829124	0.00000000	0.97482771	0.99984163	0.96468818	0.00000000	0.00000000	0.00000000	0.00000000
1.36314881	0.00000000	1.01090479	0.99968553	1.01142812	0.00000000	0.00000000	0.00000000	0.00000000
1.46800637	0.00000000	1.03752947	1.00172424	1.01748037	0.00000000	0.00000000	0.00000000	0.00000000
1.57286406	0.00000000	1.00000000	0.99872023	0.99482310	0.00000000	0.00000000	0.00000000	0.00000000
1.67772162	0.00000000	1.00000000	0.99946648	0.97804880	0.00000000	0.00000000	0.00000000	0.00000000
1.88743675	0.00000000	0.00000000	0.00000000	0.00000000	0.00000000	0.00000000	0.00000000	0.00000000
2.09715199	0.00000000	0.00000000	0.00000000	0.00000000	0.00000000	0.00000000	0.00000000	0.00000000
2.30686712	0.00000000	0.00000000	0.00000000	0.00000000	0.00000000	0.00000000	0.00000000	0.00000000
2.51658249	0.00000000	0.00000000	0.00000000	0.00000000	0.00000000	0.00000000	0.00000000	0.00000000
2.72629762	0.00000000	0.00000000	0.00000000	0.00000000	0.00000000	0.00000000	0.00000000	0.00000000
2.93601274	0.00000000	0.00000000	0.00000000	0.00000000	0.00000000	0.00000000	0.00000000	0.00000000
3.14572811	0.00000000	0.00000000	0.00000000	0.00000000	0.00000000	0.00000000	0.00000000	0.00000000
3.35544324	0.00000000	0.00000000	0.00000000	0.00000000	0.00000000	0.00000000	0.00000000	0.00000000
3.77487350	0.00000000	0.00000000	0.00000000	0.00000000	0.00000000	0.00000000	0.00000000	0.00000000
4.19430399	0.00000000	0.00000000	0.00000000	0.00000000	0.00000000	0.00000000	0.00000000	0.00000000
4.61373425	0.00000000	0.00000000	0.00000000	0.00000000	0.00000000	0.00000000	0.00000000	0.00000000
5.03316498	0.00000000	0.00000000	0.00000000	0.00000000	0.00000000	0.00000000	0.00000000	0.00000000
5.45259523	0.00000000	0.00000000	0.00000000	0.00000000	0.00000000	0.00000000	0.00000000	0.00000000
5.87202549	0.00000000	0.00000000	0.00000000	0.00000000	0.00000000	0.00000000	0.00000000	0.00000000
6.29145622	0.00000000	0.00000000	0.00000000	0.00000000	0.00000000	0.00000000	0.00000000	0.00000000
6.71088648	0.00000000	0.00000000	0.00000000	0.00000000	0.00000000	0.00000000	0.00000000	0.00000000
7.54974699	0.00000000	0.00000000	0.00000000	0.00000000	0.00000000	0.00000000	0.00000000	0.00000000
8.38860798	0.00000000	0.00000000	0.00000000	0.00000000	0.00000000	0.00000000	0.00000000	0.00000000
9.22746849	0.00000000	0.00000000	0.00000000	0.00000000	0.00000000	0.00000000	0.00000000	0.00000000
10.06632996	0.00000000	0.00000000	0.00000000	0.00000000	0.00000000	0.00000000	0.00000000	0.00000000
10.90519047	0.00000000	0.00000000	0.00000000	0.00000000	0.00000000	0.00000000	0.00000000	0.00000000
11.74405098	0.00000000	0.00000000	0.00000000	0.00000000	0.00000000	0.00000000	0.00000000	0.00000000
12.58291245	0.00000000	0.00000000	0.00000000	0.00000000	0.00000000	0.00000000	0.00000000	0.00000000
13.42177296	0.00000000	0.00000000	0.00000000	0.00000000	0.00000000	0.00000000	0.00000000	0.00000000
15.09949398	0.00000000	0.00000000	0.00000000	0.00000000	0.00000000	0.00000000	0.00000000	0.00000000
16.77721596	0.00000000	0.00000000	0.00000000	0.00000000	0.00000000	0.00000000	0.00000000	0.00000000
18.45493698	0.00000000	0.00000000	0.00000000	0.00000000	0.00000000	0.00000000	0.00000000	0.00000000
20.13265991	0.00000000	0.00000000	0.00000000	0.00000000	0.00000000	0.00000000	0.00000000	0.00000000
21.81038094	0.00000000	0.00000000	0.00000000	0.00000000	0.00000000	0.00000000	0.00000000	0.00000000
23.48810196	0.00000000	0.00000000	0.00000000	0.00000000	0.00000000	0.00000000	0.00000000	0.00000000
25.16582489	0.00000000	0.00000000	0.00000000	0.00000000	0.00000000	0.00000000	0.00000000	0.00000000
26.84354591	0.00000000	0.00000000	0.00000000	0.00000000	0.00000000	0.00000000	0.00000000	0.00000000
30.19898796	0.00000000	0.00000000	0.00000000	0.00000000	0.00000000	0.00000000	0.00000000	0.00000000
33.55443192	0.00000000	0.00000000	0.00000000	0.00000000	0.00000000	0.00000000	0.00000000	0.00000000
36.90987396	0.00000000	0.00000000	0.00000000	0.00000000	0.00000000	0.00000000	0.00000000	0.00000000
40.26531982	0.00000000	0.00000000	0.00000000	0.00000000	0.00000000	0.00000000	0.00000000	0.00000000
43.62076187	0.00000000	0.00000000	0.00000000	0.00000000	0.00000000	0.00000000	0.00000000	0.00000000
46.97620392	0.00000000	0.00000000	0.00000000	0.00000000	0.00000000	0.00000000	0.00000000	0.00000000
50.33164978	0.00000000	0.00000000	0.00000000	0.00000000	0.00000000	0.00000000	0.00000000	0.00000000
53.68709183	0.00000000	0.00000000	0.00000000	0.00000000	0.00000000	0.00000000	0.00000000	0.00000000
60.39797592	0.00000000	0.00000000	0.00000000	0.00000000	0.00000000	0.00000000	0.00000000	0.00000000
67.10886383	0.00000000	0.00000000	0.00000000	0.00000000	0.00000000	0.00000000	0.00000000	0.00000000
73.81974792	0.00000000	0.00000000	0.00000000	0.00000000	0.00000000	0.00000000	0.00000000	0.00000000
80.53063965	0.00000000	0.00000000	0.00000000	0.00000000	0.00000000	0.00000000	0.00000000	0.00000000
87.24152374	0.00000000	0.00000000	0.00000000	0.00000000	0.00000000	0.00000000	0.00000000	0.00000000
93.95240784	0.00000000	0.00000000	0.00000000	0.00000000	0.00000000	0.00000000	0.00000000	0.00000000
100.66329956	0.00000000	0.00000000	0.00000000	0.00000000	0.00000000	0.00000000	0.00000000	0.00000000
107.37418365	0.00000000	0.00000000	0.00000000	0.00000000	0.00000000	0.00000000	0.00000000	0.00000000
120.79595184	0.00000000	0.00000000	0.00000000	0.00000000	0.00000000	0.00000000	0.00000000	0.00000000
134.21772766	0.00000000	0.00000000	0.00000000	0.00000000	0.00000000	0.00000000	0.00000000	0.00000000
147.63949585	0.00000000	0.00000000	0.00000000	0.00000000	0.00000000	0.00000000	0.00000000	0.00000000
161.06127930	0.00000000	0.00000000	0.00000000	0.00000000	0.00000000	0.00000000	0.00000000	0.00000000
174.48304749	0.00000000	0.00000000	0.00000000	0.00000000	0.00000000	0.00000000	0.00000000	0.00000000
187.90481567	0.00000000	0.00000000	0.00000000	0.00000000	0.00000000	0.00000000	0.00000000	0.00000000
201.32659912	0.00000000	0.00000000	0.00000000	0.00000000	0.00000000	0.00000000	0.00000000	0.00000000
214.74836731	0.00000000	0.00000000	0.00000000	0.00000000	0.00000000	0.00000000	0.00000000	0.00000000
241.59190369	0.00000000	0.00000000	0.00000000	0.00000000	0.00000000	0.00000000	0.00000000	0.00000000
268.43545532	0.00000000	0.00000000	0.00000000	0.00000000	0.00000000	0.00000000	0.00000000	0.00000000
295.27899170	0.00000000	0.00000000	0.00000000	0.00000000	0.00000000	0.00000000	0.00000000	0.00000000
322.12255859	0.00000000	0.00000000	0.00000000	0.00000000	0.00000000	0.00000000	0.00000000	0.00000000
348.96609497	0.00000000	0.00000000	0.00000000	0.00000000	0.00000000	0.00000000	0.00000000	0.00000000
375.80963135	0.00000000	0.00000000	0.00000000	0.00000000	0.00000000	0.00000000	0.00000000	0.00000000
402.65319824	0.00000000	0.00000000	0.00000000	0.00000000	0.00000000	0.00000000	0.00000000	0.00000000
429.49673462	0.00000000	0.00000000	0.00000000	0.00000000	0.00000000	0.00000000	0.00000000	0.00000000
483.18380737	0.00000000	0.00000000	0.00000000	0.00000000	0.00000000	0.00000000	0.00000000	0.00000000
536.87091064	0.00000000	0.00000000	0.00000000	0.00000000	0.00000000	0.00000000	0.00000000	0.00000000
590.55798340	0.00000000	0.00000000	0.00000000	0.00000000	0.00000000	0.00000000	0.00000000	0.00000000
644.24511719	0.00000000	0.00000000	0.00000000	0.00000000	0.00000000	0.00000000	0.00000000	0.00000000
697.93218994	0.00000000	0.00000000	0.00000000	0.00000000	0.00000000	0.00000000	0.00000000	0.00000000
751.61926270	0.00000000	0.00000000	0.00000000	0.00000000	0.00000000	0.00000000	0.00000000	0.00000000
805.30639648	0.00000000	0.00000000	0.00000000	0.00000000	0.00000000	0.00000000	0.00000000	0.00000000
858.99346924	0.00000000	0.00000000	0.00000000	0.00000000	0.00000000	0.00000000	0.00000000	0.00000000
966.36761475	0.00000000	0.00000000	0.00000000	0.00000000	0.00000000	0.00000000	0.00000000	0.00000000
1073.74182129	0.00000000	0.00000000	0.00000000	0.00000000	0.00000000	0.00000000	0.00000000	0.00000000
1181.11596680	0.00000000	0.00000000	0.00000000	0.00000000	0.00000000	0.00000000	0.00000000	0.00000000
1288.49023437	0.00000000	0.00000000	0.00000000	0.00000000	0.00000000	0.00000000	0.00000000	0.00000000
1395.86437988	0.00000000	0.00000000	0.00000000	0.00000000	0.00000000	0.00000000	0.00000000	0.00000000
1503.23852539	0.00000000	0.00000000	0.00000000	0.00000000	0.00000000	0.00000000	0.00000000	0.00000000
1610.61279297	0.00000000	0.00000000	0.00000000	0.00000000	0.00000000	0.00000000	0.00000000	0.00000000
1717.98693848	0.00000000	0.00000000	0.00000000	0.00000000	0.00000000	0.00000000	0.00000000	0.00000000
1932.73522949	0.00000000	0.00000000	0.00000000	0.00000000	0.00000000	0.00000000	0.00000000	0.00000000
2147.48364258	0.00000000	0.00000000	0.00000000	0.00000000	0.00000000	0.00000000	0.00000000	0.00000000
2362.23193359	0.00000000	0.00000000	0.00000000	0.00000000	0.00000000	0.00000000	0.00000000	0.00000000
2576.98046875	0.00000000	0.00000000	0.00000000	0.00000000	0.00000000	0.00000000	0.00000000	0.00000000
2791.72875977	0.00000000	0.00000000	0.00000000	0.00000000	0.00000000	0.00000000	0.00000000	0.00000000
3006.47705078	0.00000000	0.00000000	0.00000000	0.00000000	0.00000000	0.00000000	0.00000000	0.00000000
3221.22558594	0.00000000	0.00000000	0.00000000	0.00000000	0.00000000	0.00000000	0.00000000	0.00000000
3435.97387695	0.00000000	0.00000000	0.00000000	0.00000000	0.00000000	0.00000000	0.00000000	0.00000000
0	0	0	0	0	0	0	0	0
