%3/28/2019 6:10:42 PM
%Duration	ID1		ID2		ID3		ID4		ID5		ID6		ID7		ID8
1000.000000	0.000000	0.371933	155.181885	0.391006	0.000000	0.000000	0.000000	0.000000
%Tau		Tau1		Tau2		Tau3		Tau4		Tau5		Tau6		Tau7		Tau8
%		0.000000	0.000001	0.000256	0.000001	0.000000	0.000000	0.000000	0.000000
%Delaytime	D1		D2		D3		D4		D5		D6		D7		D8
0.00000020	0.00000000	199.19616699	1.86416399	62.04591751	0.00000000	0.00000000	0.00000000	0.00000000
0.00000040	0.00000000	0.00000000	1.55612075	0.00000000	0.00000000	0.00000000	0.00000000	0.00000000
0.00000060	0.00000000	0.00000000	1.51635969	0.00000000	0.00000000	0.00000000	0.00000000	0.00000000
0.00000080	0.00000000	0.00000000	1.52138221	0.00000000	0.00000000	0.00000000	0.00000000	0.00000000
0.00000100	0.00000000	0.00000000	1.51468551	0.00000000	0.00000000	0.00000000	0.00000000	0.00000000
0.00000120	0.00000000	0.00000000	1.52347481	0.00000000	0.00000000	0.00000000	0.00000000	0.00000000
0.00000140	0.00000000	0.00000000	1.52891588	0.00000000	0.00000000	0.00000000	0.00000000	0.00000000
0.00000160	0.00000000	0.00000000	1.51384854	0.00000000	0.00000000	0.00000000	0.00000000	0.00000000
0.00000180	0.00000000	0.00000000	1.49417722	0.00000000	0.00000000	0.00000000	0.00000000	0.00000000
0.00000200	0.00000000	0.00000000	1.51091874	0.00000000	0.00000000	0.00000000	0.00000000	0.00000000
0.00000220	0.00000000	0.00000000	1.53561246	0.00000000	0.00000000	0.00000000	0.00000000	0.00000000
0.00000240	0.00000000	0.00000000	1.53184557	0.00000000	0.00000000	0.00000000	0.00000000	0.00000000
0.00000260	0.00000000	0.00000000	1.51384854	0.00000000	0.00000000	0.00000000	0.00000000	0.00000000
0.00000280	0.00000000	0.00000000	1.51761532	0.00000000	0.00000000	0.00000000	0.00000000	0.00000000
0.00000300	0.00000000	0.00000000	1.51677823	0.00000000	0.00000000	0.00000000	0.00000000	0.00000000
0.00000320	0.00000000	0.00000000	1.49334013	0.00000000	0.00000000	0.00000000	0.00000000	0.00000000
0.00000360	0.00000000	0.00000000	1.48852694	0.00000000	0.00000000	0.00000000	0.00000000	0.00000000
0.00000400	0.00000000	0.00000000	1.51845241	0.00000000	0.00000000	0.00000000	0.00000000	0.00000000
0.00000440	0.00000000	0.00000000	1.52724171	31.02295876	0.00000000	0.00000000	0.00000000	0.00000000
0.00000480	0.00000000	0.00000000	1.51426709	0.00000000	0.00000000	0.00000000	0.00000000	0.00000000
0.00000520	0.00000000	0.00000000	1.46487963	0.00000000	0.00000000	0.00000000	0.00000000	0.00000000
0.00000560	0.00000000	0.00000000	1.48999190	0.00000000	0.00000000	0.00000000	0.00000000	0.00000000
0.00000600	0.00000000	33.19935989	1.49271238	0.00000000	0.00000000	0.00000000	0.00000000	0.00000000
0.00000640	0.00000000	0.00000000	1.51866162	0.00000000	0.00000000	0.00000000	0.00000000	0.00000000
0.00000720	0.00000000	0.00000000	1.50893068	0.00000000	0.00000000	0.00000000	0.00000000	0.00000000
0.00000800	0.00000000	0.00000000	1.49940896	0.00000000	0.00000000	0.00000000	0.00000000	0.00000000
0.00000880	0.00000000	0.00000000	1.47848213	0.00000000	0.00000000	0.00000000	0.00000000	0.00000000
0.00000960	0.00000000	0.00000000	1.48476017	0.00000000	0.00000000	0.00000000	0.00000000	0.00000000
0.00001040	0.00000000	0.00000000	1.50150168	0.00000000	0.00000000	0.00000000	0.00000000	0.00000000
0.00001120	0.00000000	0.00000000	1.51248825	0.00000000	0.00000000	0.00000000	0.00000000	0.00000000
0.00001200	0.00000000	0.00000000	1.45839238	0.00000000	0.00000000	0.00000000	0.00000000	0.00000000
0.00001280	0.00000000	0.00000000	1.48067939	0.00000000	0.00000000	0.00000000	0.00000000	0.00000000
0.00001440	0.00000000	0.00000000	1.47298884	0.00000000	0.00000000	0.00000000	0.00000000	0.00000000
0.00001600	0.00000000	0.00000000	1.48784685	0.00000000	0.00000000	0.00000000	0.00000000	0.00000000
0.00001760	0.00000000	0.00000000	1.47612786	0.00000000	0.00000000	0.00000000	0.00000000	0.00000000
0.00001920	0.00000000	0.00000000	1.47115767	0.00000000	0.00000000	0.00000000	0.00000000	0.00000000
0.00002080	0.00000000	0.00000000	1.48109794	0.00000000	0.00000000	0.00000000	0.00000000	0.00000000
0.00002240	0.00000000	0.00000000	1.47398281	0.00000000	0.00000000	0.00000000	0.00000000	0.00000000
0.00002400	0.00000000	0.00000000	1.47204709	0.00000000	0.00000000	0.00000000	0.00000000	0.00000000
0.00002560	0.00000000	8.29983997	1.46869886	0.00000000	0.00000000	0.00000000	0.00000000	0.00000000
0.00002880	0.00000000	0.00000000	1.46267998	0.00000000	0.00000000	0.00000000	0.00000000	0.00000000
0.00003200	0.00000000	0.00000000	1.44542706	0.00000000	0.00000000	0.00000000	0.00000000	0.00000000
0.00003520	0.00000000	0.00000000	1.45016563	0.00000000	0.00000000	0.00000000	0.00000000	0.00000000
0.00003840	0.00000000	3.97924781	1.43901277	4.08465385	0.00000000	0.00000000	0.00000000	0.00000000
0.00004160	0.00000000	3.97924781	1.43293893	0.00000000	0.00000000	0.00000000	0.00000000	0.00000000
0.00004480	0.00000000	0.00000000	1.41953444	0.00000000	0.00000000	0.00000000	0.00000000	0.00000000
0.00004800	0.00000000	0.00000000	1.43183935	4.08465385	0.00000000	0.00000000	0.00000000	0.00000000
0.00005120	0.00000000	3.97924781	1.42068636	0.00000000	0.00000000	0.00000000	0.00000000	0.00000000
0.00005760	0.00000000	0.00000000	1.41259193	2.01045752	0.00000000	0.00000000	0.00000000	0.00000000
0.00006400	0.00000000	2.02099729	1.40238464	0.00000000	0.00000000	0.00000000	0.00000000	0.00000000
0.00007040	0.00000000	2.02099729	1.39544511	0.00000000	0.00000000	0.00000000	0.00000000	0.00000000
0.00007680	0.00000000	2.02099729	1.37750363	0.00000000	0.00000000	0.00000000	0.00000000	0.00000000
0.00008320	0.00000000	0.00000000	1.37195492	0.00000000	0.00000000	0.00000000	0.00000000	0.00000000
0.00008960	0.00000000	0.00000000	1.35426211	2.01045752	0.00000000	0.00000000	0.00000000	0.00000000
0.00009600	0.00000000	0.00000000	1.35904264	0.00000000	0.00000000	0.00000000	0.00000000	0.00000000
0.00010240	0.00000000	0.00000000	1.34479165	0.00000000	0.00000000	0.00000000	0.00000000	0.00000000
0.00011520	0.00000000	0.00000000	1.32965326	2.04232693	0.00000000	0.00000000	0.00000000	0.00000000
0.00012800	0.00000000	2.04232693	1.31888795	0.00000000	0.00000000	0.00000000	0.00000000	0.00000000
0.00014080	0.00000000	2.04232693	1.30078900	2.04232693	0.00000000	0.00000000	0.00000000	0.00000000
0.00015360	0.00000000	1.02116346	1.28730822	1.02116346	0.00000000	0.00000000	0.00000000	0.00000000
0.00016640	0.00000000	0.00000000	1.27179873	1.02116346	0.00000000	0.00000000	0.00000000	0.00000000
0.00017920	0.00000000	0.00000000	1.25760031	0.00000000	0.00000000	0.00000000	0.00000000	0.00000000
0.00019200	0.00000000	1.02116346	1.24112952	1.02116346	0.00000000	0.00000000	0.00000000	0.00000000
0.00020480	0.00000000	2.04232693	1.23768091	2.04232693	0.00000000	0.00000000	0.00000000	0.00000000
0.00023040	0.00000000	1.00000000	1.21416390	1.00000000	0.00000000	0.00000000	0.00000000	0.00000000
0.00025600	0.00000000	0.50000000	1.19286358	0.00000000	0.00000000	0.00000000	0.00000000	0.00000000
0.00028160	0.00000000	0.50000000	1.17197871	1.50000000	0.00000000	0.00000000	0.00000000	0.00000000
0.00030720	0.00000000	1.00000000	1.16036320	2.00000000	0.00000000	0.00000000	0.00000000	0.00000000
0.00033280	0.00000000	2.00000000	1.14366090	0.50000000	0.00000000	0.00000000	0.00000000	0.00000000
0.00035840	0.00000000	1.00000000	1.12472928	1.00000000	0.00000000	0.00000000	0.00000000	0.00000000
0.00038400	0.00000000	0.00000000	1.11402059	1.50000000	0.00000000	0.00000000	0.00000000	0.00000000
0.00040960	0.00000000	0.50000000	1.10575581	0.50000000	0.00000000	0.00000000	0.00000000	0.00000000
0.00046080	0.00000000	1.24675322	1.08407676	0.73841715	0.00000000	0.00000000	0.00000000	0.00000000
0.00051200	0.00000000	0.74805194	1.06974280	0.98455620	0.00000000	0.00000000	0.00000000	0.00000000
0.00056320	0.00000000	1.24675322	1.06172991	0.73841715	0.00000000	0.00000000	0.00000000	0.00000000
0.00061440	0.00000000	0.74805194	1.05018711	0.73841715	0.00000000	0.00000000	0.00000000	0.00000000
0.00066560	0.00000000	0.24935065	1.04044425	1.47683430	0.00000000	0.00000000	0.00000000	0.00000000
0.00071680	0.00000000	0.24935065	1.03524959	1.47683430	0.00000000	0.00000000	0.00000000	0.00000000
0.00076800	0.00000000	0.99740261	1.03037941	0.98455620	0.00000000	0.00000000	0.00000000	0.00000000
0.00081920	0.00000000	0.74805194	1.02440977	0.98455620	0.00000000	0.00000000	0.00000000	0.00000000
0.00092160	0.00000000	1.62500000	1.02378154	1.10192370	0.00000000	0.00000000	0.00000000	0.00000000
0.00102400	0.00000000	1.25000000	1.02155399	0.85705173	0.00000000	0.00000000	0.00000000	0.00000000
0.00112640	0.00000000	0.62500000	1.01744902	1.22435963	0.00000000	0.00000000	0.00000000	0.00000000
0.00122880	0.00000000	0.75000000	1.01375937	0.48974386	0.00000000	0.00000000	0.00000000	0.00000000
0.00133120	0.00000000	1.00000000	1.01257348	0.85705173	0.00000000	0.00000000	0.00000000	0.00000000
0.00143360	0.00000000	1.62500000	1.01076269	1.10192370	0.00000000	0.00000000	0.00000000	0.00000000
0.00153600	0.00000000	1.62500000	1.00716007	0.85705173	0.00000000	0.00000000	0.00000000	0.00000000
0.00163840	0.00000000	1.12500000	1.00489819	0.73461580	0.00000000	0.00000000	0.00000000	0.00000000
0.00184320	0.00000000	0.44675902	1.00573528	1.09345460	0.00000000	0.00000000	0.00000000	0.00000000
0.00204800	0.00000000	0.63822716	0.99899644	0.72896975	0.00000000	0.00000000	0.00000000	0.00000000
0.00225280	0.00000000	0.95734072	0.99273086	0.91121221	0.00000000	0.00000000	0.00000000	0.00000000
0.00245760	0.00000000	1.39674842	0.99721432	0.78971720	0.00000000	0.00000000	0.00000000	0.00000000
0.00266240	0.00000000	0.76186275	0.99842155	1.21494961	0.00000000	0.00000000	0.00000000	0.00000000
0.00286720	0.00000000	0.69837421	0.99098456	0.97195965	0.00000000	0.00000000	0.00000000	0.00000000
0.00307200	0.00000000	1.01581705	0.98313248	0.97195965	0.00000000	0.00000000	0.00000000	0.00000000
0.00327680	0.00000000	0.88651919	0.98645467	1.21494961	0.00000000	0.00000000	0.00000000	0.00000000
0.00368640	0.00000000	1.20944881	1.00113571	1.10193098	0.00000000	0.00000000	0.00000000	0.00000000
0.00409600	0.00000000	1.14579368	0.99977434	0.97949421	0.00000000	0.00000000	0.00000000	0.00000000
0.00450560	0.00000000	0.92300040	1.00370896	1.01010346	0.00000000	0.00000000	0.00000000	0.00000000
0.00491520	0.00000000	1.08213842	0.99874467	1.01270676	0.00000000	0.00000000	0.00000000	0.00000000
0.00532480	0.00000000	0.82751763	0.99901450	0.97949421	0.00000000	0.00000000	0.00000000	0.00000000
0.00573440	0.00000000	0.76386243	0.99646682	0.79379845	0.00000000	0.00000000	0.00000000	0.00000000
0.00614400	0.00000000	1.11689746	1.00108969	0.79583907	0.00000000	0.00000000	0.00000000	0.00000000
0.00655360	0.00000000	1.11984444	0.99633211	0.91827583	0.00000000	0.00000000	0.00000000	0.00000000
0.00737280	0.00000000	0.89824563	0.99506307	0.96170461	0.00000000	0.00000000	0.00000000	0.00000000
0.00819200	0.00000000	1.02656639	1.00159800	1.03803039	0.00000000	0.00000000	0.00000000	0.00000000
0.00901120	0.00000000	0.93032581	1.00863254	1.06856072	0.00000000	0.00000000	0.00000000	0.00000000
0.00983040	0.00000000	0.91428572	1.00384688	0.76325762	0.00000000	0.00000000	0.00000000	0.00000000
0.01064960	0.00000000	1.09361994	0.99007756	0.85705745	0.00000000	0.00000000	0.00000000	0.00000000
0.01146880	0.00000000	1.13884711	0.99241579	1.25497699	0.00000000	0.00000000	0.00000000	0.00000000
0.01228800	0.00000000	0.94138503	0.99330682	0.85705745	0.00000000	0.00000000	0.00000000	0.00000000
0.01310720	0.00000000	0.81373960	1.00447798	0.87236208	0.00000000	0.00000000	0.00000000	0.00000000
0.01474560	0.00000000	1.09360468	0.99880910	0.95900261	0.00000000	0.00000000	0.00000000	0.00000000
0.01638400	0.00000000	0.82020354	1.00462556	0.94365859	0.00000000	0.00000000	0.00000000	0.00000000
0.01802240	0.00000000	1.13681829	0.99073291	1.04070568	0.00000000	0.00000000	0.00000000	0.00000000
0.01966080	0.00000000	1.00515139	0.99412781	0.97183549	0.00000000	0.00000000	0.00000000	0.00000000
0.02129920	0.00000000	0.86040962	1.00071263	1.00244451	0.00000000	0.00000000	0.00000000	0.00000000
0.02293760	0.00000000	1.04813027	1.00382876	0.82857829	0.00000000	0.00000000	0.00000000	0.00000000
0.02457600	0.00000000	0.96786559	1.00338233	1.02037883	0.00000000	0.00000000	0.00000000	0.00000000
0.02621440	0.00000000	0.92229933	0.99318838	0.98201871	0.00000000	0.00000000	0.00000000	0.00000000
0.02949120	0.00000000	0.96453220	0.99325341	0.96304518	0.00000000	0.00000000	0.00000000	0.00000000
0.03276800	0.00000000	0.94985473	1.00482678	1.06582081	0.00000000	0.00000000	0.00000000	0.00000000
0.03604480	0.00000000	0.93681419	1.00208509	1.08002388	0.00000000	0.00000000	0.00000000	0.00000000
0.03932160	0.00000000	0.97153616	0.99991620	1.02131701	0.00000000	0.00000000	0.00000000	0.00000000
0.04259840	0.00000000	0.99310344	1.00525272	0.88843185	0.00000000	0.00000000	0.00000000	0.00000000
0.04587520	0.00000000	0.99975502	1.00155854	1.02891040	0.00000000	0.00000000	0.00000000	0.00000000
0.04915200	0.00000000	1.05743408	0.99894315	1.02131701	0.00000000	0.00000000	0.00000000	0.00000000
0.05242880	0.00000000	1.08389461	1.00572157	0.93538463	0.00000000	0.00000000	0.00000000	0.00000000
0.05898240	0.00000000	1.00586033	0.99937952	1.11053979	0.00000000	0.00000000	0.00000000	0.00000000
0.06553600	0.00000000	1.05277050	0.99543589	0.94972247	0.00000000	0.00000000	0.00000000	0.00000000
0.07208960	0.00000000	0.99538261	1.00101268	1.01583588	0.00000000	0.00000000	0.00000000	0.00000000
0.07864320	0.00000000	1.06662273	1.00079000	0.95461792	0.00000000	0.00000000	0.00000000	0.00000000
0.08519680	0.00000000	1.03100264	1.00187171	1.01654279	0.00000000	0.00000000	0.00000000	0.00000000
0.09175040	0.00000000	0.98012495	0.99683416	0.98840874	0.00000000	0.00000000	0.00000000	0.00000000
0.09830400	0.00000000	1.03496039	1.00562465	1.02061856	0.00000000	0.00000000	0.00000000	0.00000000
0.10485760	0.00000000	0.98548812	0.99934727	1.00264478	0.00000000	0.00000000	0.00000000	0.00000000
0.11796480	0.00000000	1.02989984	0.99717081	1.02767622	0.00000000	0.00000000	0.00000000	0.00000000
0.13107200	0.00000000	1.06289196	1.00458670	0.98605937	0.00000000	0.00000000	0.00000000	0.00000000
0.14417920	0.00000000	0.97990072	0.99986827	1.03590977	0.00000000	0.00000000	0.00000000	0.00000000
0.15728641	0.00000000	1.03473032	0.99903405	0.97813314	0.00000000	0.00000000	0.00000000	0.00000000
0.17039360	0.00000000	1.00833464	0.99992174	1.02979147	0.00000000	0.00000000	0.00000000	0.00000000
0.18350080	0.00000000	1.01001334	1.00205708	0.92972255	0.00000000	0.00000000	0.00000000	0.00000000
0.19660801	0.00000000	0.98633075	1.00043225	1.04474819	0.00000000	0.00000000	0.00000000	0.00000000
0.20971520	0.00000000	1.07448554	0.99826014	0.99956429	0.00000000	0.00000000	0.00000000	0.00000000
0.23592959	0.00000000	1.04670250	0.99985802	0.98713136	0.00000000	0.00000000	0.00000000	0.00000000
0.26214400	0.00000000	1.00392044	0.99960667	0.97455281	0.00000000	0.00000000	0.00000000	0.00000000
0.28835839	0.00000000	1.00883782	1.00045407	1.01508820	0.00000000	0.00000000	0.00000000	0.00000000
0.31457281	0.00000000	0.98962754	1.00053513	0.99339682	0.00000000	0.00000000	0.00000000	0.00000000
0.34078720	0.00000000	0.99537241	1.00084162	1.00982881	0.00000000	0.00000000	0.00000000	0.00000000
0.36700159	0.00000000	1.00534213	0.99993485	0.98658168	0.00000000	0.00000000	0.00000000	0.00000000
0.39321601	0.00000000	0.98512185	1.00037384	0.97983032	0.00000000	0.00000000	0.00000000	0.00000000
0.41943040	0.00000000	0.99293494	0.99945128	1.00586319	0.00000000	0.00000000	0.00000000	0.00000000
0.47185919	0.00000000	0.98193198	0.99946409	1.01016903	0.00000000	0.00000000	0.00000000	0.00000000
0.52428800	0.00000000	0.97517484	0.99966645	0.99815518	0.00000000	0.00000000	0.00000000	0.00000000
0.57671678	0.00000000	0.98564345	0.99847960	0.98603207	0.00000000	0.00000000	0.00000000	0.00000000
0.62914562	0.00000000	0.96486175	1.00063908	0.99625438	0.00000000	0.00000000	0.00000000	0.00000000
0.68157440	0.00000000	0.97973847	1.00045979	0.98823529	0.00000000	0.00000000	0.00000000	0.00000000
0.73400319	0.00000000	0.97113907	0.99988097	0.98690152	0.00000000	0.00000000	0.00000000	0.00000000
0.78643203	0.00000000	0.98703498	1.00016785	1.00688171	0.00000000	0.00000000	0.00000000	0.00000000
0.83886081	0.00000000	0.96666878	0.99877465	1.00824893	0.00000000	0.00000000	0.00000000	0.00000000
0.94371837	0.00000000	0.99851191	0.99877620	1.00562072	0.00000000	0.00000000	0.00000000	0.00000000
1.04857600	0.00000000	1.00406659	1.00045717	1.01484895	0.00000000	0.00000000	0.00000000	0.00000000
1.15343356	0.00000000	1.00636208	1.00054801	0.99666607	0.00000000	0.00000000	0.00000000	0.00000000
1.25829124	0.00000000	1.00068879	0.99791282	1.01506972	0.00000000	0.00000000	0.00000000	0.00000000
1.36314881	0.00000000	1.00074410	0.99946564	0.99557906	0.00000000	0.00000000	0.00000000	0.00000000
1.46800637	0.00000000	1.00564706	1.00114059	0.99886364	0.00000000	0.00000000	0.00000000	0.00000000
1.57286406	0.00000000	0.99653304	0.99958336	0.99626863	0.00000000	0.00000000	0.00000000	0.00000000
1.67772162	0.00000000	1.00828159	0.99996704	0.97272730	0.00000000	0.00000000	0.00000000	0.00000000
1.88743675	0.00000000	0.00000000	0.00000000	0.00000000	0.00000000	0.00000000	0.00000000	0.00000000
2.09715199	0.00000000	0.00000000	0.00000000	0.00000000	0.00000000	0.00000000	0.00000000	0.00000000
2.30686712	0.00000000	0.00000000	0.00000000	0.00000000	0.00000000	0.00000000	0.00000000	0.00000000
2.51658249	0.00000000	0.00000000	0.00000000	0.00000000	0.00000000	0.00000000	0.00000000	0.00000000
2.72629762	0.00000000	0.00000000	0.00000000	0.00000000	0.00000000	0.00000000	0.00000000	0.00000000
2.93601274	0.00000000	0.00000000	0.00000000	0.00000000	0.00000000	0.00000000	0.00000000	0.00000000
3.14572811	0.00000000	0.00000000	0.00000000	0.00000000	0.00000000	0.00000000	0.00000000	0.00000000
3.35544324	0.00000000	0.00000000	0.00000000	0.00000000	0.00000000	0.00000000	0.00000000	0.00000000
3.77487350	0.00000000	0.00000000	0.00000000	0.00000000	0.00000000	0.00000000	0.00000000	0.00000000
4.19430399	0.00000000	0.00000000	0.00000000	0.00000000	0.00000000	0.00000000	0.00000000	0.00000000
4.61373425	0.00000000	0.00000000	0.00000000	0.00000000	0.00000000	0.00000000	0.00000000	0.00000000
5.03316498	0.00000000	0.00000000	0.00000000	0.00000000	0.00000000	0.00000000	0.00000000	0.00000000
5.45259523	0.00000000	0.00000000	0.00000000	0.00000000	0.00000000	0.00000000	0.00000000	0.00000000
5.87202549	0.00000000	0.00000000	0.00000000	0.00000000	0.00000000	0.00000000	0.00000000	0.00000000
6.29145622	0.00000000	0.00000000	0.00000000	0.00000000	0.00000000	0.00000000	0.00000000	0.00000000
6.71088648	0.00000000	0.00000000	0.00000000	0.00000000	0.00000000	0.00000000	0.00000000	0.00000000
7.54974699	0.00000000	0.00000000	0.00000000	0.00000000	0.00000000	0.00000000	0.00000000	0.00000000
8.38860798	0.00000000	0.00000000	0.00000000	0.00000000	0.00000000	0.00000000	0.00000000	0.00000000
9.22746849	0.00000000	0.00000000	0.00000000	0.00000000	0.00000000	0.00000000	0.00000000	0.00000000
10.06632996	0.00000000	0.00000000	0.00000000	0.00000000	0.00000000	0.00000000	0.00000000	0.00000000
10.90519047	0.00000000	0.00000000	0.00000000	0.00000000	0.00000000	0.00000000	0.00000000	0.00000000
11.74405098	0.00000000	0.00000000	0.00000000	0.00000000	0.00000000	0.00000000	0.00000000	0.00000000
12.58291245	0.00000000	0.00000000	0.00000000	0.00000000	0.00000000	0.00000000	0.00000000	0.00000000
13.42177296	0.00000000	0.00000000	0.00000000	0.00000000	0.00000000	0.00000000	0.00000000	0.00000000
15.09949398	0.00000000	0.00000000	0.00000000	0.00000000	0.00000000	0.00000000	0.00000000	0.00000000
16.77721596	0.00000000	0.00000000	0.00000000	0.00000000	0.00000000	0.00000000	0.00000000	0.00000000
18.45493698	0.00000000	0.00000000	0.00000000	0.00000000	0.00000000	0.00000000	0.00000000	0.00000000
20.13265991	0.00000000	0.00000000	0.00000000	0.00000000	0.00000000	0.00000000	0.00000000	0.00000000
21.81038094	0.00000000	0.00000000	0.00000000	0.00000000	0.00000000	0.00000000	0.00000000	0.00000000
23.48810196	0.00000000	0.00000000	0.00000000	0.00000000	0.00000000	0.00000000	0.00000000	0.00000000
25.16582489	0.00000000	0.00000000	0.00000000	0.00000000	0.00000000	0.00000000	0.00000000	0.00000000
26.84354591	0.00000000	0.00000000	0.00000000	0.00000000	0.00000000	0.00000000	0.00000000	0.00000000
30.19898796	0.00000000	0.00000000	0.00000000	0.00000000	0.00000000	0.00000000	0.00000000	0.00000000
33.55443192	0.00000000	0.00000000	0.00000000	0.00000000	0.00000000	0.00000000	0.00000000	0.00000000
36.90987396	0.00000000	0.00000000	0.00000000	0.00000000	0.00000000	0.00000000	0.00000000	0.00000000
40.26531982	0.00000000	0.00000000	0.00000000	0.00000000	0.00000000	0.00000000	0.00000000	0.00000000
43.62076187	0.00000000	0.00000000	0.00000000	0.00000000	0.00000000	0.00000000	0.00000000	0.00000000
46.97620392	0.00000000	0.00000000	0.00000000	0.00000000	0.00000000	0.00000000	0.00000000	0.00000000
50.33164978	0.00000000	0.00000000	0.00000000	0.00000000	0.00000000	0.00000000	0.00000000	0.00000000
53.68709183	0.00000000	0.00000000	0.00000000	0.00000000	0.00000000	0.00000000	0.00000000	0.00000000
60.39797592	0.00000000	0.00000000	0.00000000	0.00000000	0.00000000	0.00000000	0.00000000	0.00000000
67.10886383	0.00000000	0.00000000	0.00000000	0.00000000	0.00000000	0.00000000	0.00000000	0.00000000
73.81974792	0.00000000	0.00000000	0.00000000	0.00000000	0.00000000	0.00000000	0.00000000	0.00000000
80.53063965	0.00000000	0.00000000	0.00000000	0.00000000	0.00000000	0.00000000	0.00000000	0.00000000
87.24152374	0.00000000	0.00000000	0.00000000	0.00000000	0.00000000	0.00000000	0.00000000	0.00000000
93.95240784	0.00000000	0.00000000	0.00000000	0.00000000	0.00000000	0.00000000	0.00000000	0.00000000
100.66329956	0.00000000	0.00000000	0.00000000	0.00000000	0.00000000	0.00000000	0.00000000	0.00000000
107.37418365	0.00000000	0.00000000	0.00000000	0.00000000	0.00000000	0.00000000	0.00000000	0.00000000
120.79595184	0.00000000	0.00000000	0.00000000	0.00000000	0.00000000	0.00000000	0.00000000	0.00000000
134.21772766	0.00000000	0.00000000	0.00000000	0.00000000	0.00000000	0.00000000	0.00000000	0.00000000
147.63949585	0.00000000	0.00000000	0.00000000	0.00000000	0.00000000	0.00000000	0.00000000	0.00000000
161.06127930	0.00000000	0.00000000	0.00000000	0.00000000	0.00000000	0.00000000	0.00000000	0.00000000
174.48304749	0.00000000	0.00000000	0.00000000	0.00000000	0.00000000	0.00000000	0.00000000	0.00000000
187.90481567	0.00000000	0.00000000	0.00000000	0.00000000	0.00000000	0.00000000	0.00000000	0.00000000
201.32659912	0.00000000	0.00000000	0.00000000	0.00000000	0.00000000	0.00000000	0.00000000	0.00000000
214.74836731	0.00000000	0.00000000	0.00000000	0.00000000	0.00000000	0.00000000	0.00000000	0.00000000
241.59190369	0.00000000	0.00000000	0.00000000	0.00000000	0.00000000	0.00000000	0.00000000	0.00000000
268.43545532	0.00000000	0.00000000	0.00000000	0.00000000	0.00000000	0.00000000	0.00000000	0.00000000
295.27899170	0.00000000	0.00000000	0.00000000	0.00000000	0.00000000	0.00000000	0.00000000	0.00000000
322.12255859	0.00000000	0.00000000	0.00000000	0.00000000	0.00000000	0.00000000	0.00000000	0.00000000
348.96609497	0.00000000	0.00000000	0.00000000	0.00000000	0.00000000	0.00000000	0.00000000	0.00000000
375.80963135	0.00000000	0.00000000	0.00000000	0.00000000	0.00000000	0.00000000	0.00000000	0.00000000
402.65319824	0.00000000	0.00000000	0.00000000	0.00000000	0.00000000	0.00000000	0.00000000	0.00000000
429.49673462	0.00000000	0.00000000	0.00000000	0.00000000	0.00000000	0.00000000	0.00000000	0.00000000
483.18380737	0.00000000	0.00000000	0.00000000	0.00000000	0.00000000	0.00000000	0.00000000	0.00000000
536.87091064	0.00000000	0.00000000	0.00000000	0.00000000	0.00000000	0.00000000	0.00000000	0.00000000
590.55798340	0.00000000	0.00000000	0.00000000	0.00000000	0.00000000	0.00000000	0.00000000	0.00000000
644.24511719	0.00000000	0.00000000	0.00000000	0.00000000	0.00000000	0.00000000	0.00000000	0.00000000
697.93218994	0.00000000	0.00000000	0.00000000	0.00000000	0.00000000	0.00000000	0.00000000	0.00000000
751.61926270	0.00000000	0.00000000	0.00000000	0.00000000	0.00000000	0.00000000	0.00000000	0.00000000
805.30639648	0.00000000	0.00000000	0.00000000	0.00000000	0.00000000	0.00000000	0.00000000	0.00000000
858.99346924	0.00000000	0.00000000	0.00000000	0.00000000	0.00000000	0.00000000	0.00000000	0.00000000
966.36761475	0.00000000	0.00000000	0.00000000	0.00000000	0.00000000	0.00000000	0.00000000	0.00000000
1073.74182129	0.00000000	0.00000000	0.00000000	0.00000000	0.00000000	0.00000000	0.00000000	0.00000000
1181.11596680	0.00000000	0.00000000	0.00000000	0.00000000	0.00000000	0.00000000	0.00000000	0.00000000
1288.49023437	0.00000000	0.00000000	0.00000000	0.00000000	0.00000000	0.00000000	0.00000000	0.00000000
1395.86437988	0.00000000	0.00000000	0.00000000	0.00000000	0.00000000	0.00000000	0.00000000	0.00000000
1503.23852539	0.00000000	0.00000000	0.00000000	0.00000000	0.00000000	0.00000000	0.00000000	0.00000000
1610.61279297	0.00000000	0.00000000	0.00000000	0.00000000	0.00000000	0.00000000	0.00000000	0.00000000
1717.98693848	0.00000000	0.00000000	0.00000000	0.00000000	0.00000000	0.00000000	0.00000000	0.00000000
1932.73522949	0.00000000	0.00000000	0.00000000	0.00000000	0.00000000	0.00000000	0.00000000	0.00000000
2147.48364258	0.00000000	0.00000000	0.00000000	0.00000000	0.00000000	0.00000000	0.00000000	0.00000000
2362.23193359	0.00000000	0.00000000	0.00000000	0.00000000	0.00000000	0.00000000	0.00000000	0.00000000
2576.98046875	0.00000000	0.00000000	0.00000000	0.00000000	0.00000000	0.00000000	0.00000000	0.00000000
2791.72875977	0.00000000	0.00000000	0.00000000	0.00000000	0.00000000	0.00000000	0.00000000	0.00000000
3006.47705078	0.00000000	0.00000000	0.00000000	0.00000000	0.00000000	0.00000000	0.00000000	0.00000000
3221.22558594	0.00000000	0.00000000	0.00000000	0.00000000	0.00000000	0.00000000	0.00000000	0.00000000
3435.97387695	0.00000000	0.00000000	0.00000000	0.00000000	0.00000000	0.00000000	0.00000000	0.00000000
0	0	0	0	0	0	0	0	0
