%4/2/2019 11:36:15 AM
%Duration	ID1		ID2		ID3		ID4		ID5		ID6		ID7		ID8
1000.000000	0.000000	0.400543	407.180786	346.736908	146.465302	50.897598	0.448227	1318.597778
%Tau		Tau1		Tau2		Tau3		Tau4		Tau5		Tau6		Tau7		Tau8
%		0.000000	0.000001	0.000384	0.000256	0.000179	0.000090	0.000001	0.000004
%Delaytime	D1		D2		D3		D4		D5		D6		D7		D8
0.00000020	0.00000000	58.98239899	1.54987741	1.49684274	1.64677453	3.06745362	262.47064209	1.05530310
0.00000040	0.00000000	0.00000000	1.50758314	1.45462608	1.53231931	1.51568294	0.00000000	1.00104320
0.00000060	0.00000000	0.00000000	1.48731220	1.48365009	1.54563951	1.46606243	52.49412537	1.00587237
0.00000080	0.00000000	0.00000000	1.48386550	1.47459102	1.54909289	1.41644180	0.00000000	1.00466216
0.00000100	0.00000000	0.00000000	1.50028086	1.47379947	1.48347843	1.45252955	0.00000000	1.00251448
0.00000120	0.00000000	0.00000000	1.49087572	1.46984172	1.51801240	1.52470493	0.00000000	1.00128055
0.00000140	0.00000000	0.00000000	1.49064195	1.46183813	1.53429270	1.35779929	0.00000000	0.99940580
0.00000160	0.00000000	0.00000000	1.48012686	1.46623564	1.45881140	1.44350755	0.00000000	1.00149405
0.00000180	0.00000000	0.00000000	1.47965944	1.47538269	1.49433196	1.48410618	0.00000000	0.99895489
0.00000200	0.00000000	0.00000000	1.48526752	1.46157432	1.50913227	1.61041319	0.00000000	0.99939984
0.00000220	0.00000000	0.00000000	1.48374867	1.46113455	1.50913227	1.64198983	0.00000000	1.00301874
0.00000240	0.00000000	0.00000000	1.48737061	1.46289349	1.48051846	1.52921581	0.00000000	1.00043809
0.00000260	0.00000000	0.00000000	1.49233615	1.45304298	1.47755837	1.68709946	0.00000000	1.00367129
0.00000280	0.00000000	0.00000000	1.48713696	1.45532978	1.50617218	1.30817878	0.00000000	1.00094235
0.00000300	0.00000000	0.00000000	1.49186873	1.44943702	1.45881140	1.58785832	0.00000000	1.00066352
0.00000320	0.00000000	0.00000000	1.50326014	1.46421278	1.46423817	1.47959530	0.00000000	0.99760818
0.00000360	0.00000000	0.00000000	1.47971785	1.45660508	1.52590585	1.56304801	0.00000000	0.99849218
0.00000400	0.00000000	0.00000000	1.48103225	1.46500432	1.49186528	1.44350755	0.00000000	1.00352299
0.00000440	0.00000000	0.00000000	1.47688460	1.44816172	1.47040486	1.38486505	0.00000000	1.00042319
0.00000480	0.00000000	0.00000000	1.48611462	1.46051884	1.50099206	1.43448567	0.00000000	0.99953628
0.00000520	0.00000000	0.00000000	1.48123682	1.46874225	1.48890519	1.42546380	0.00000000	1.00120342
0.00000560	0.00000000	0.00000000	1.48147047	1.46293747	1.47311831	1.34877741	0.00000000	0.99923372
0.00000600	0.00000000	29.49119949	1.48383629	1.46372902	1.49457872	1.40290892	26.24706268	0.99901426
0.00000640	0.00000000	0.00000000	1.48114908	1.44833755	1.47410500	1.53147137	0.00000000	0.99885106
0.00000720	0.00000000	0.00000000	1.48281407	1.45550561	1.45979810	1.49425590	0.00000000	0.99782622
0.00000800	0.00000000	0.00000000	1.48396778	1.44611681	1.46658146	1.46042371	0.00000000	1.00040400
0.00000880	0.00000000	0.00000000	1.48049188	1.45262527	1.48902857	1.43899667	13.12353134	0.99821478
0.00000960	0.00000000	0.00000000	1.47957182	1.45095420	1.47410500	1.46155143	13.12353134	0.99802345
0.00001040	0.00000000	0.00000000	1.47299993	1.45137191	1.47570837	1.47733974	0.00000000	1.00025272
0.00001120	0.00000000	0.00000000	1.46728957	1.44383013	1.44672453	1.44237983	0.00000000	0.99817330
0.00001200	0.00000000	0.00000000	1.47884166	1.44007015	1.46004474	1.39727020	0.00000000	1.00008655
0.00001280	0.00000000	0.00000000	1.47824287	1.43562865	1.45030129	1.51793849	0.00000000	1.00092006
0.00001440	0.00000000	0.00000000	1.47817719	1.43727779	1.46577978	1.38937604	0.00000000	1.00087786
0.00001600	0.00000000	0.00000000	1.47302914	1.43458426	1.45597470	1.41700566	0.00000000	1.00130796
0.00001760	0.00000000	0.00000000	1.47320437	1.44125748	1.47163832	1.41644180	6.56176567	1.00316405
0.00001920	0.00000000	0.00000000	1.46891069	1.43056047	1.42902589	1.40798378	0.00000000	1.00099421
0.00002080	0.00000000	0.00000000	1.46892524	1.42793286	1.45215130	1.44068825	6.56176567	1.00170243
0.00002240	0.00000000	0.00000000	1.46387208	1.43447435	1.43728936	1.44689083	0.00000000	1.00345254
0.00002400	0.00000000	0.00000000	1.45503652	1.42577815	1.42958093	1.35723543	0.00000000	1.00132799
0.00002560	0.00000000	0.00000000	1.45605147	1.42407405	1.45282960	1.38655674	0.00000000	1.00091493
0.00002880	0.00000000	0.00000000	1.46749675	1.41971576	1.43283832	1.38056540	0.00000000	1.00142753
0.00003200	0.00000000	3.89783311	1.46066976	1.41202736	1.42051244	1.34757400	3.13143206	1.00029242
0.00003520	0.00000000	0.00000000	1.45590305	1.40688741	1.40787613	1.35236764	3.13143206	1.00131249
0.00003840	0.00000000	0.00000000	1.45664310	1.40636778	1.40894198	1.30756164	0.00000000	1.00244570
0.00004160	0.00000000	0.00000000	1.44956934	1.39878225	1.41086698	1.33660603	3.13143206	1.00370908
0.00004480	0.00000000	0.00000000	1.44632626	1.39886653	1.39735043	1.31968701	6.26286411	1.00211835
0.00004800	0.00000000	0.00000000	1.44122577	1.39085138	1.39279652	1.31943381	0.00000000	1.00259876
0.00005120	0.00000000	3.89783311	1.44361997	1.39026797	1.38007665	1.31830585	0.00000000	1.00002122
0.00005760	0.00000000	0.00000000	1.43135595	1.37786341	1.37077975	1.30716467	0.00000000	1.00129664
0.00006400	0.00000000	0.00000000	1.42504382	1.36588037	1.35586607	1.30504656	1.53724897	1.00198376
0.00007040	0.00000000	0.00000000	1.41735172	1.35937715	1.33822072	1.26570487	0.00000000	1.00202131
0.00007680	0.00000000	0.00000000	1.41122806	1.35210645	1.33775675	1.27234197	0.00000000	1.00061917
0.00008320	0.00000000	0.00000000	1.40657294	1.34306860	1.31614637	1.23294306	0.00000000	1.00211012
0.00008960	0.00000000	1.95897543	1.39941490	1.33109081	1.30465591	1.26330423	0.00000000	1.00221193
0.00009600	0.00000000	1.95897543	1.39102507	1.32871246	1.30403733	1.23322558	1.53724897	1.00116515
0.00010240	0.00000000	1.95897543	1.38601708	1.31960261	1.29092300	1.19947529	0.00000000	1.00148046
0.00011520	0.00000000	0.96946746	1.37507558	1.30145180	1.27007651	1.19828713	0.00000000	1.00118303
0.00012800	0.00000000	0.00000000	1.36066794	1.28736615	1.25975847	1.15920174	0.00000000	1.00150836
0.00014080	0.00000000	0.00000000	1.35192966	1.27325368	1.24143028	1.14190865	1.53374732	1.00124550
0.00015360	0.00000000	0.96946746	1.34063792	1.26388514	1.22794080	1.15157866	2.30062103	1.00160730
0.00016640	0.00000000	0.96946746	1.32713783	1.24824142	1.21885431	1.12569892	0.76687366	1.00107706
0.00017920	0.00000000	0.00000000	1.31919396	1.23973012	1.19800079	1.12475991	0.00000000	1.00171363
0.00019200	0.00000000	0.00000000	1.30652690	1.22911656	1.18679476	1.12492573	1.53374732	1.00116622
0.00020480	0.00000000	0.96946746	1.30092204	1.21581304	1.16396832	1.09819603	0.76687366	1.00089324
0.00023040	0.00000000	0.00000000	1.28020263	1.19378936	1.15106273	1.10611725	0.00000000	1.00097573
0.00025600	0.00000000	0.94507933	1.26224542	1.17366898	1.12501121	1.07943749	0.38963139	1.00108087
0.00028160	0.00000000	2.36269832	1.24491858	1.15713239	1.11102271	1.05893552	0.38963139	1.00064051
0.00030720	0.00000000	1.89495599	1.22731316	1.14224637	1.10001194	1.06033814	1.16889417	1.00071442
0.00033280	0.00000000	0.47373900	1.21110940	1.12808800	1.08483422	1.05272138	1.16889417	1.00119483
0.00035840	0.00000000	0.47373900	1.19728529	1.11354697	1.07527208	1.03680480	1.94815695	1.00084615
0.00038400	0.00000000	0.94747800	1.18377626	1.10373151	1.06558621	1.04451549	1.55852556	1.00030184
0.00040960	0.00000000	0.94747800	1.17013526	1.09042597	1.05434752	1.03330314	1.55852556	1.00032032
0.00046080	0.00000000	0.71604216	1.14544511	1.07532287	1.03899360	1.03153765	0.58985859	1.00029898
0.00051200	0.00000000	0.23868074	1.12413573	1.06018496	1.02676427	1.01357532	0.98309767	1.00013399
0.00056320	0.00000000	1.19340360	1.10680878	1.04726458	1.02843189	1.00047886	0.98309767	1.00011492
0.00061440	0.00000000	0.71604216	1.09217155	1.03626025	1.01894248	1.00704980	2.55605388	0.99996060
0.00066560	0.00000000	0.71604216	1.07900202	1.02868021	1.01483905	0.99993753	1.37633669	0.99978656
0.00071680	0.00000000	0.71604216	1.06849658	1.02239120	1.01184833	1.00760806	1.17971718	1.00005591
0.00076800	0.00000000	0.95472294	1.05839777	1.01469445	1.00901651	1.00992906	0.98309767	1.00013554
0.00081920	0.00000000	0.95472294	1.05059564	1.01135468	1.00929832	1.00505853	0.78647816	0.99991769
0.00092160	0.00000000	0.47373900	1.03975534	1.00832188	1.00758851	1.00015342	0.29905894	1.00007796
0.00102400	0.00000000	1.65808654	1.03499258	1.00579333	1.00084114	1.00550759	0.49843159	0.99998742
0.00112640	0.00000000	1.30278230	1.02968299	1.00435424	1.00004125	1.00111866	1.69466734	1.00005496
0.00122880	0.00000000	1.06591272	1.02402246	1.00152206	1.00047374	1.00112319	0.89717686	0.99986058
0.00133120	0.00000000	1.18434751	1.01987100	1.00014699	1.00118220	0.99909103	0.89717686	0.99991721
0.00143360	0.00000000	1.06591272	1.01519275	0.99647862	0.99941379	1.00224221	1.19623578	0.99992615
0.00153600	0.00000000	0.35440475	1.01065350	0.99755555	1.00080502	0.99794537	1.09654951	0.99983674
0.00163840	0.00000000	0.94507933	1.00850022	0.99513304	0.99955779	0.99642175	1.19623578	0.99990708
0.00184320	0.00000000	1.11380816	1.00516522	0.99034858	0.99597913	0.99353069	0.80496114	0.99987608
0.00204800	0.00000000	1.23105109	1.00492644	0.99395943	0.99849224	1.00157309	1.30806184	0.99988800
0.00225280	0.00000000	1.23105109	1.00462472	0.99671310	1.00554860	1.00001848	0.80496114	0.99977368
0.00245760	0.00000000	0.41035035	1.00301325	0.99817383	1.00676382	0.99794024	0.90558130	1.00003994
0.00266240	0.00000000	0.76207924	0.99898547	0.99894893	0.99992967	1.00029349	0.85527122	0.99996817
0.00286720	0.00000000	0.93794370	0.99697912	1.00072253	0.99557155	1.00282407	1.20744169	0.99997431
0.00307200	0.00000000	1.28967249	0.99763137	1.00759768	0.99844253	1.00813806	1.60992229	0.99986690
0.00327680	0.00000000	1.40691555	0.99914330	1.01082861	1.00802970	1.01614869	1.20744169	1.00002444
0.00368640	0.00000000	0.98906595	0.99432278	1.01281214	1.00114679	1.00743878	1.19063222	0.99988240
0.00409600	0.00000000	1.01815605	0.99023700	1.00632071	0.99927616	0.99985296	1.21596479	0.99976993
0.00450560	0.00000000	0.95997578	0.98967981	0.99853402	0.98961675	0.99835819	1.11463439	0.99980044
0.00491520	0.00000000	0.93088561	0.99283755	0.99697495	0.99142385	0.99613661	1.16529965	0.99991602
0.00532480	0.00000000	0.90179539	1.00043356	0.99981719	0.99924201	0.99923909	1.03863657	0.99990821
0.00573440	0.00000000	0.78543472	1.00800538	1.00778019	0.99245441	0.99873310	0.88664103	0.99990553
0.00614400	0.00000000	1.22178733	1.00898337	1.00893033	0.99817854	0.99406540	1.24129736	1.00000274
0.00655360	0.00000000	0.84574002	1.00262618	1.00568497	1.00321579	0.99920970	0.91197360	0.99987537
0.00737280	0.00000000	0.97675812	1.00326145	0.99982768	0.99413747	0.99053872	0.95893455	0.99993372
0.00819200	0.00000000	0.90720564	0.99814403	0.99558300	1.00147450	1.00389779	0.92057711	1.00068140
0.00901120	0.00000000	1.13760710	1.00331044	0.99903905	1.01152742	0.99893111	0.95667821	1.00013709
0.00983040	0.00000000	1.18377423	0.99752921	1.00292408	1.00093555	1.00427485	0.98218960	0.99981219
0.01064960	0.00000000	1.06828403	0.99539453	1.00946176	1.00597644	0.99709392	0.85664815	0.99990463
0.01146880	0.00000000	1.05384779	0.99602610	1.00479174	0.99835247	0.98877853	0.95893455	0.99994296
0.01228800	0.00000000	1.01053894	0.99703634	0.99955362	0.99486762	1.00153685	0.94614875	0.99983901
0.01310720	0.00000000	0.86617625	1.00031066	0.99653125	0.99380541	0.99983156	0.88014394	0.99984032
0.01474560	0.00000000	0.99800128	1.00650632	1.00311637	1.00207877	1.00305498	0.99260980	1.00001442
0.01638400	0.00000000	1.01225841	1.01461852	1.00203097	1.00169730	1.00434136	0.87807786	1.00039065
0.01802240	0.00000000	1.17328990	1.00099576	0.99560601	1.00224769	0.99790180	0.95668352	1.00006151
0.01966080	0.00000000	1.11483872	0.99486744	0.99922752	1.00324011	1.00238454	0.93117195	0.99987328
0.02129920	0.00000000	0.92419636	0.99946463	0.99526107	0.99821115	0.99766105	0.97352111	0.99987978
0.02293760	0.00000000	0.90497148	1.00883114	1.00028718	0.99493343	0.99881738	0.95030558	0.99989372
0.02457600	0.00000000	0.91215384	1.00212753	0.99807680	0.99547005	0.99868506	0.92479402	1.00022602
0.02621440	0.00000000	1.15635252	1.00359607	0.99803841	1.00247383	1.00523317	0.88663125	1.00009716
0.02949120	0.00000000	0.94925374	1.00209475	1.00238502	1.00289953	0.99958777	0.99003202	0.99988288
0.03276800	0.00000000	0.98526317	1.00001550	0.99723494	0.99890143	1.00027406	1.02286351	1.00014734
0.03604480	0.00000000	1.05286431	0.99032551	0.99990577	1.00584662	1.00293481	0.88750446	0.99997228
0.03932160	0.00000000	1.06733668	1.00598049	1.00161541	1.00041306	1.00031793	0.97125727	0.99997300
0.04259840	0.00000000	1.02030146	0.99407291	1.00271118	1.00118756	0.99992722	1.21248460	1.00014615
0.04587520	0.00000000	0.94545454	0.99451303	1.00128627	0.99884748	1.00154305	1.04743433	0.99989444
0.04915200	0.00000000	1.01561713	1.00390112	0.99370480	0.99615216	1.00107419	1.02521598	1.00013340
0.05242880	0.00000000	0.98909092	0.99825686	0.99796724	1.00258780	0.99913096	0.99664962	0.99997640
0.05898240	0.00000000	0.98530018	1.00335085	0.99996138	0.99961972	0.99849045	0.97601831	1.00001764
0.06553600	0.00000000	1.03744566	1.00133312	0.99682724	1.00042295	1.00153863	0.91832697	1.00001442
0.07208960	0.00000000	1.04288685	1.00285399	1.00045025	0.99882048	1.00111318	1.06625712	0.99998963
0.07864320	0.00000000	1.02474964	1.00122190	1.00063622	0.99888247	0.99807137	0.97484279	0.99998939
0.08519680	0.00000000	1.01720405	0.99928701	1.00163496	1.00129092	1.00165236	0.98514098	1.00000346
0.09175040	0.00000000	1.04371548	1.00162864	0.99757093	0.99775517	0.99890554	1.00025845	1.00001943
0.09830400	0.00000000	0.99573022	1.00335002	1.00199139	0.99734372	1.00017738	1.05868578	0.99999708
0.10485760	0.00000000	0.98256809	0.99721396	1.00130010	0.99990720	1.00264919	0.99560612	1.00001276
0.11796480	0.00000000	1.00113404	0.99902636	1.00074065	0.99915636	0.99971968	0.99948305	1.00002611
0.13107200	0.00000000	0.97592854	1.00275970	1.00119293	1.00020897	0.99936295	1.02214015	1.00000334
0.14417920	0.00000000	0.96425617	1.00011790	0.99994165	0.99960130	0.99909395	1.01218617	0.99999511
0.15728641	0.00000000	0.99239182	0.99992257	1.00037801	0.99953032	1.00135565	0.99645519	1.00001895
0.17039360	0.00000000	0.96918893	0.99997538	1.00067997	0.99995577	0.99925262	0.96800476	1.00000370
0.18350080	0.00000000	1.03527498	0.99702740	1.00127017	0.99737108	0.99840766	0.97424060	0.99999654
0.19660801	0.00000000	1.00012529	0.99876547	1.00120974	1.00088978	1.00160086	0.98288387	0.99998116
0.20971520	0.00000000	0.99399281	0.99978155	1.00189328	1.00077116	1.00123024	0.98604971	0.99999768
0.23592959	0.00000000	0.94564563	0.99773031	1.00031567	0.99839497	1.00090265	1.01426935	1.00000131
0.26214400	0.00000000	0.98028231	1.00114751	0.99919945	1.00064170	0.99902117	0.99949372	0.99998808
0.28835839	0.00000000	0.97187304	1.00076795	1.00066113	0.99948001	0.99993110	0.99859357	0.99997222
0.31457281	0.00000000	0.97520661	0.99878836	0.99852735	1.00087082	0.99975300	0.99941677	0.99999952
0.34078720	0.00000000	0.98816818	0.99752289	1.00042057	1.00047481	0.99856484	1.00214922	0.99998337
0.36700159	0.00000000	0.98576301	0.99733120	0.99996519	0.99919587	1.00079978	0.99107569	1.00000739
0.39321601	0.00000000	1.01899433	0.99979377	0.99866611	0.99925816	0.99920201	1.00871587	1.00001204
0.41943040	0.00000000	1.01259589	1.00336969	1.00012684	0.99773431	1.00060451	0.99224561	0.99999458
0.47185919	0.00000000	1.01645803	0.99889535	1.00113893	1.00046027	0.99886936	0.98233098	0.99999344
0.52428800	0.00000000	1.00913703	1.00172114	0.99906266	1.00062609	0.99952382	1.00758302	0.99999994
0.57671678	0.00000000	0.99366403	1.00273502	0.99976319	1.00072372	0.99939352	0.98804390	1.00000048
0.62914562	0.00000000	0.98241526	1.00181389	0.99862391	1.00060380	0.99828291	0.99776077	1.00000310
0.68157440	0.00000000	0.97326201	0.99973428	1.00064898	0.99974513	1.00002873	0.98856479	0.99998516
0.73400319	0.00000000	0.98335755	0.99937665	0.99859583	0.99886149	1.00042462	1.00519633	1.00000834
0.78643203	0.00000000	0.99030054	0.99852175	0.99829870	1.00085282	1.00048089	0.98429912	1.00000989
0.83886081	0.00000000	1.02224982	0.99943912	0.99934578	0.99989384	1.00124955	0.99251032	0.99998826
0.94371837	0.00000000	1.02284300	1.00081623	0.99961627	0.99955291	1.00083077	0.99431217	1.00000703
1.04857600	0.00000000	0.99509043	0.99972725	0.99942994	1.00031018	1.00008619	0.99981773	1.00000334
1.15343356	0.00000000	1.01035833	1.00046241	1.00034118	1.00062621	1.00073791	1.00490093	1.00001812
1.25829124	0.00000000	0.99247622	0.99805713	0.99900639	1.00022459	0.99796426	1.00390494	0.99998909
1.36314881	0.00000000	1.02232850	1.00014770	1.00125682	0.99959719	1.00039089	1.00678527	1.00000381
1.46800637	0.00000000	0.95303029	0.99935848	0.99913108	0.99951482	1.00015676	0.99773240	0.99997240
1.57286406	0.00000000	0.98704451	1.00214899	0.99969822	1.00058246	0.99962687	0.98214287	0.99996895
1.67772162	0.00000000	1.00982797	0.99796426	1.00092518	0.99961561	1.00243366	1.00387096	1.00006008
1.88743675	0.00000000	0.00000000	0.00000000	0.00000000	0.00000000	0.00000000	0.00000000	0.00000000
2.09715199	0.00000000	0.00000000	0.00000000	0.00000000	0.00000000	0.00000000	0.00000000	0.00000000
2.30686712	0.00000000	0.00000000	0.00000000	0.00000000	0.00000000	0.00000000	0.00000000	0.00000000
2.51658249	0.00000000	0.00000000	0.00000000	0.00000000	0.00000000	0.00000000	0.00000000	0.00000000
2.72629762	0.00000000	0.00000000	0.00000000	0.00000000	0.00000000	0.00000000	0.00000000	0.00000000
2.93601274	0.00000000	0.00000000	0.00000000	0.00000000	0.00000000	0.00000000	0.00000000	0.00000000
3.14572811	0.00000000	0.00000000	0.00000000	0.00000000	0.00000000	0.00000000	0.00000000	0.00000000
3.35544324	0.00000000	0.00000000	0.00000000	0.00000000	0.00000000	0.00000000	0.00000000	0.00000000
3.77487350	0.00000000	0.00000000	0.00000000	0.00000000	0.00000000	0.00000000	0.00000000	0.00000000
4.19430399	0.00000000	0.00000000	0.00000000	0.00000000	0.00000000	0.00000000	0.00000000	0.00000000
4.61373425	0.00000000	0.00000000	0.00000000	0.00000000	0.00000000	0.00000000	0.00000000	0.00000000
5.03316498	0.00000000	0.00000000	0.00000000	0.00000000	0.00000000	0.00000000	0.00000000	0.00000000
5.45259523	0.00000000	0.00000000	0.00000000	0.00000000	0.00000000	0.00000000	0.00000000	0.00000000
5.87202549	0.00000000	0.00000000	0.00000000	0.00000000	0.00000000	0.00000000	0.00000000	0.00000000
6.29145622	0.00000000	0.00000000	0.00000000	0.00000000	0.00000000	0.00000000	0.00000000	0.00000000
6.71088648	0.00000000	0.00000000	0.00000000	0.00000000	0.00000000	0.00000000	0.00000000	0.00000000
7.54974699	0.00000000	0.00000000	0.00000000	0.00000000	0.00000000	0.00000000	0.00000000	0.00000000
8.38860798	0.00000000	0.00000000	0.00000000	0.00000000	0.00000000	0.00000000	0.00000000	0.00000000
9.22746849	0.00000000	0.00000000	0.00000000	0.00000000	0.00000000	0.00000000	0.00000000	0.00000000
10.06632996	0.00000000	0.00000000	0.00000000	0.00000000	0.00000000	0.00000000	0.00000000	0.00000000
10.90519047	0.00000000	0.00000000	0.00000000	0.00000000	0.00000000	0.00000000	0.00000000	0.00000000
11.74405098	0.00000000	0.00000000	0.00000000	0.00000000	0.00000000	0.00000000	0.00000000	0.00000000
12.58291245	0.00000000	0.00000000	0.00000000	0.00000000	0.00000000	0.00000000	0.00000000	0.00000000
13.42177296	0.00000000	0.00000000	0.00000000	0.00000000	0.00000000	0.00000000	0.00000000	0.00000000
15.09949398	0.00000000	0.00000000	0.00000000	0.00000000	0.00000000	0.00000000	0.00000000	0.00000000
16.77721596	0.00000000	0.00000000	0.00000000	0.00000000	0.00000000	0.00000000	0.00000000	0.00000000
18.45493698	0.00000000	0.00000000	0.00000000	0.00000000	0.00000000	0.00000000	0.00000000	0.00000000
20.13265991	0.00000000	0.00000000	0.00000000	0.00000000	0.00000000	0.00000000	0.00000000	0.00000000
21.81038094	0.00000000	0.00000000	0.00000000	0.00000000	0.00000000	0.00000000	0.00000000	0.00000000
23.48810196	0.00000000	0.00000000	0.00000000	0.00000000	0.00000000	0.00000000	0.00000000	0.00000000
25.16582489	0.00000000	0.00000000	0.00000000	0.00000000	0.00000000	0.00000000	0.00000000	0.00000000
26.84354591	0.00000000	0.00000000	0.00000000	0.00000000	0.00000000	0.00000000	0.00000000	0.00000000
30.19898796	0.00000000	0.00000000	0.00000000	0.00000000	0.00000000	0.00000000	0.00000000	0.00000000
33.55443192	0.00000000	0.00000000	0.00000000	0.00000000	0.00000000	0.00000000	0.00000000	0.00000000
36.90987396	0.00000000	0.00000000	0.00000000	0.00000000	0.00000000	0.00000000	0.00000000	0.00000000
40.26531982	0.00000000	0.00000000	0.00000000	0.00000000	0.00000000	0.00000000	0.00000000	0.00000000
43.62076187	0.00000000	0.00000000	0.00000000	0.00000000	0.00000000	0.00000000	0.00000000	0.00000000
46.97620392	0.00000000	0.00000000	0.00000000	0.00000000	0.00000000	0.00000000	0.00000000	0.00000000
50.33164978	0.00000000	0.00000000	0.00000000	0.00000000	0.00000000	0.00000000	0.00000000	0.00000000
53.68709183	0.00000000	0.00000000	0.00000000	0.00000000	0.00000000	0.00000000	0.00000000	0.00000000
60.39797592	0.00000000	0.00000000	0.00000000	0.00000000	0.00000000	0.00000000	0.00000000	0.00000000
67.10886383	0.00000000	0.00000000	0.00000000	0.00000000	0.00000000	0.00000000	0.00000000	0.00000000
73.81974792	0.00000000	0.00000000	0.00000000	0.00000000	0.00000000	0.00000000	0.00000000	0.00000000
80.53063965	0.00000000	0.00000000	0.00000000	0.00000000	0.00000000	0.00000000	0.00000000	0.00000000
87.24152374	0.00000000	0.00000000	0.00000000	0.00000000	0.00000000	0.00000000	0.00000000	0.00000000
93.95240784	0.00000000	0.00000000	0.00000000	0.00000000	0.00000000	0.00000000	0.00000000	0.00000000
100.66329956	0.00000000	0.00000000	0.00000000	0.00000000	0.00000000	0.00000000	0.00000000	0.00000000
107.37418365	0.00000000	0.00000000	0.00000000	0.00000000	0.00000000	0.00000000	0.00000000	0.00000000
120.79595184	0.00000000	0.00000000	0.00000000	0.00000000	0.00000000	0.00000000	0.00000000	0.00000000
134.21772766	0.00000000	0.00000000	0.00000000	0.00000000	0.00000000	0.00000000	0.00000000	0.00000000
147.63949585	0.00000000	0.00000000	0.00000000	0.00000000	0.00000000	0.00000000	0.00000000	0.00000000
161.06127930	0.00000000	0.00000000	0.00000000	0.00000000	0.00000000	0.00000000	0.00000000	0.00000000
174.48304749	0.00000000	0.00000000	0.00000000	0.00000000	0.00000000	0.00000000	0.00000000	0.00000000
187.90481567	0.00000000	0.00000000	0.00000000	0.00000000	0.00000000	0.00000000	0.00000000	0.00000000
201.32659912	0.00000000	0.00000000	0.00000000	0.00000000	0.00000000	0.00000000	0.00000000	0.00000000
214.74836731	0.00000000	0.00000000	0.00000000	0.00000000	0.00000000	0.00000000	0.00000000	0.00000000
241.59190369	0.00000000	0.00000000	0.00000000	0.00000000	0.00000000	0.00000000	0.00000000	0.00000000
268.43545532	0.00000000	0.00000000	0.00000000	0.00000000	0.00000000	0.00000000	0.00000000	0.00000000
295.27899170	0.00000000	0.00000000	0.00000000	0.00000000	0.00000000	0.00000000	0.00000000	0.00000000
322.12255859	0.00000000	0.00000000	0.00000000	0.00000000	0.00000000	0.00000000	0.00000000	0.00000000
348.96609497	0.00000000	0.00000000	0.00000000	0.00000000	0.00000000	0.00000000	0.00000000	0.00000000
375.80963135	0.00000000	0.00000000	0.00000000	0.00000000	0.00000000	0.00000000	0.00000000	0.00000000
402.65319824	0.00000000	0.00000000	0.00000000	0.00000000	0.00000000	0.00000000	0.00000000	0.00000000
429.49673462	0.00000000	0.00000000	0.00000000	0.00000000	0.00000000	0.00000000	0.00000000	0.00000000
483.18380737	0.00000000	0.00000000	0.00000000	0.00000000	0.00000000	0.00000000	0.00000000	0.00000000
536.87091064	0.00000000	0.00000000	0.00000000	0.00000000	0.00000000	0.00000000	0.00000000	0.00000000
590.55798340	0.00000000	0.00000000	0.00000000	0.00000000	0.00000000	0.00000000	0.00000000	0.00000000
644.24511719	0.00000000	0.00000000	0.00000000	0.00000000	0.00000000	0.00000000	0.00000000	0.00000000
697.93218994	0.00000000	0.00000000	0.00000000	0.00000000	0.00000000	0.00000000	0.00000000	0.00000000
751.61926270	0.00000000	0.00000000	0.00000000	0.00000000	0.00000000	0.00000000	0.00000000	0.00000000
805.30639648	0.00000000	0.00000000	0.00000000	0.00000000	0.00000000	0.00000000	0.00000000	0.00000000
858.99346924	0.00000000	0.00000000	0.00000000	0.00000000	0.00000000	0.00000000	0.00000000	0.00000000
966.36761475	0.00000000	0.00000000	0.00000000	0.00000000	0.00000000	0.00000000	0.00000000	0.00000000
1073.74182129	0.00000000	0.00000000	0.00000000	0.00000000	0.00000000	0.00000000	0.00000000	0.00000000
1181.11596680	0.00000000	0.00000000	0.00000000	0.00000000	0.00000000	0.00000000	0.00000000	0.00000000
1288.49023437	0.00000000	0.00000000	0.00000000	0.00000000	0.00000000	0.00000000	0.00000000	0.00000000
1395.86437988	0.00000000	0.00000000	0.00000000	0.00000000	0.00000000	0.00000000	0.00000000	0.00000000
1503.23852539	0.00000000	0.00000000	0.00000000	0.00000000	0.00000000	0.00000000	0.00000000	0.00000000
1610.61279297	0.00000000	0.00000000	0.00000000	0.00000000	0.00000000	0.00000000	0.00000000	0.00000000
1717.98693848	0.00000000	0.00000000	0.00000000	0.00000000	0.00000000	0.00000000	0.00000000	0.00000000
1932.73522949	0.00000000	0.00000000	0.00000000	0.00000000	0.00000000	0.00000000	0.00000000	0.00000000
2147.48364258	0.00000000	0.00000000	0.00000000	0.00000000	0.00000000	0.00000000	0.00000000	0.00000000
2362.23193359	0.00000000	0.00000000	0.00000000	0.00000000	0.00000000	0.00000000	0.00000000	0.00000000
2576.98046875	0.00000000	0.00000000	0.00000000	0.00000000	0.00000000	0.00000000	0.00000000	0.00000000
2791.72875977	0.00000000	0.00000000	0.00000000	0.00000000	0.00000000	0.00000000	0.00000000	0.00000000
3006.47705078	0.00000000	0.00000000	0.00000000	0.00000000	0.00000000	0.00000000	0.00000000	0.00000000
3221.22558594	0.00000000	0.00000000	0.00000000	0.00000000	0.00000000	0.00000000	0.00000000	0.00000000
3435.97387695	0.00000000	0.00000000	0.00000000	0.00000000	0.00000000	0.00000000	0.00000000	0.00000000
0	0	0	0	0	0	0	0	0
