%4/2/2019 11:36:59 AM
%Duration	ID1		ID2		ID3		ID4		ID5		ID6		ID7		ID8
1000.000000	0.000000	0.352859	402.202606	343.675629	150.241852	48.236847	0.362396	1668.939575
%Tau		Tau1		Tau2		Tau3		Tau4		Tau5		Tau6		Tau7		Tau8
%		0.000000	0.000001	0.000358	0.000256	0.000166	0.000096	0.000001	0.000002
%Delaytime	D1		D2		D3		D4		D5		D6		D7		D8
0.00000020	0.00000000	134.21772766	1.51436436	1.45774972	1.58602428	3.28625250	391.74490356	1.03133762
0.00000040	0.00000000	0.00000000	1.47532356	1.46859467	1.58276665	1.73331130	0.00000000	1.00459301
0.00000060	0.00000000	0.00000000	1.48256409	1.49215126	1.52692068	1.56613910	0.00000000	1.00279772
0.00000080	0.00000000	0.00000000	1.45586109	1.48352861	1.45385563	1.67172146	0.00000000	1.00187516
0.00000100	0.00000000	0.00000000	1.45684576	1.47677279	1.55391288	1.39896691	0.00000000	1.00454307
0.00000120	0.00000000	0.00000000	1.43066418	1.45099390	1.49341309	1.59253466	0.00000000	1.00110626
0.00000140	0.00000000	0.00000000	1.45742500	1.47890627	1.50923610	1.50015008	0.00000000	1.00000298
0.00000160	0.00000000	0.00000000	1.46825683	1.47001696	1.46874785	1.39456773	0.00000000	0.99979156
0.00000180	0.00000000	0.00000000	1.44757795	1.48112857	1.47572863	1.45175815	0.00000000	1.00600767
0.00000200	0.00000000	0.00000000	1.46304369	1.46548343	1.51156306	1.44735885	0.00000000	1.00405872
0.00000220	0.00000000	0.00000000	1.46733010	1.48975110	1.51807845	1.45175815	0.00000000	1.00101781
0.00000240	0.00000000	0.00000000	1.44109046	1.47232819	1.47526324	1.56613910	0.00000000	0.99779636
0.00000260	0.00000000	0.00000000	1.45730925	1.49295127	1.48410547	1.39896691	0.00000000	1.00253248
0.00000280	0.00000000	0.00000000	1.44433427	1.47206151	1.51947451	1.42536259	0.00000000	0.99987996
0.00000300	0.00000000	0.00000000	1.46628737	1.48050630	1.50970149	1.56613910	48.96811295	1.00260174
0.00000320	0.00000000	0.00000000	1.45105338	1.46717238	1.50690925	1.45175815	0.00000000	1.00069880
0.00000360	0.00000000	0.00000000	1.44699872	1.47855067	1.54553604	1.49575078	0.00000000	1.00068152
0.00000400	0.00000000	0.00000000	1.45867038	1.46254992	1.50295341	1.56613910	0.00000000	0.99933791
0.00000440	0.00000000	0.00000000	1.45600593	1.45134950	1.49318039	1.47815371	0.00000000	1.00118887
0.00000480	0.00000000	0.00000000	1.45383382	1.47455049	1.48503625	1.41876364	0.00000000	1.00087368
0.00000520	0.00000000	33.55443192	1.45018458	1.46037209	1.47130740	1.51114821	24.48405647	1.00026059
0.00000560	0.00000000	0.00000000	1.43338656	1.45614970	1.47898626	1.51334786	0.00000000	1.00259018
0.00000600	0.00000000	0.00000000	1.44155383	1.47108364	1.50085926	1.51114821	0.00000000	0.99987805
0.00000640	0.00000000	0.00000000	1.43466091	1.45574975	1.50574577	1.38796878	0.00000000	1.00042391
0.00000720	0.00000000	0.00000000	1.44317579	1.46663904	1.49190068	1.41436434	0.00000000	1.00024033
0.00000800	0.00000000	0.00000000	1.44901156	1.45217180	1.47363436	1.46055663	0.00000000	0.99927449
0.00000880	0.00000000	0.00000000	1.44786763	1.46428335	1.45839310	1.42756224	0.00000000	1.00003469
0.00000960	0.00000000	0.00000000	1.44431973	1.46146107	1.46863151	1.46055663	0.00000000	1.00180590
0.00001040	0.00000000	0.00000000	1.43833911	1.45557189	1.47898626	1.37807047	0.00000000	0.99950898
0.00001120	0.00000000	0.00000000	1.44056916	1.45623863	1.47631025	1.45945692	0.00000000	1.00076032
0.00001200	0.00000000	0.00000000	1.44691181	1.44881606	1.48026609	1.47485435	0.00000000	1.00084877
0.00001280	0.00000000	16.77721596	1.44423282	1.44741607	1.45769501	1.47375453	0.00000000	1.00004339
0.00001440	0.00000000	0.00000000	1.44322646	1.44493818	1.47706652	1.48255301	6.12101412	1.00036812
0.00001600	0.00000000	8.38860798	1.43717337	1.45154953	1.45583344	1.46660566	18.36304283	1.00223935
0.00001760	0.00000000	0.00000000	1.43818700	1.44793820	1.45920753	1.44185984	0.00000000	1.00143492
0.00001920	0.00000000	0.00000000	1.43728924	1.43653774	1.46915507	1.41051507	0.00000000	1.00182617
0.00002080	0.00000000	0.00000000	1.43434954	1.43974900	1.46839881	1.41931355	0.00000000	1.00221348
0.00002240	0.00000000	0.00000000	1.43017185	1.43509328	1.46165073	1.42096329	0.00000000	1.00181937
0.00002400	0.00000000	0.00000000	1.43024421	1.43268204	1.44181383	1.38136983	6.12101412	1.00089383
0.00002560	0.00000000	0.00000000	1.42444456	1.42830408	1.44943440	1.41491425	0.00000000	1.00089002
0.00002880	0.00000000	0.00000000	1.43035054	1.43246508	1.44140089	1.43030298	0.00000000	0.99992508
0.00003200	0.00000000	0.00000000	1.42189062	1.42665482	1.41929960	1.39263475	3.11705112	0.99967468
0.00003520	0.00000000	0.00000000	1.42464137	1.41632354	1.41755712	1.39017808	3.11705112	1.00131786
0.00003840	0.00000000	0.00000000	1.42079949	1.41380084	1.40919292	1.39099693	3.11705112	1.00122011
0.00004160	0.00000000	0.00000000	1.41807377	1.40747046	1.40521407	1.34295630	0.00000000	1.00181091
0.00004480	0.00000000	3.97924781	1.41880000	1.40716791	1.39844728	1.38035154	0.00000000	1.00149429
0.00004800	0.00000000	0.00000000	1.41208935	1.39811885	1.39917326	1.36042559	3.11705112	1.00112271
0.00005120	0.00000000	0.00000000	1.40986466	1.38944757	1.39287114	1.32139254	3.11705112	0.99981576
0.00005760	0.00000000	0.00000000	1.40244114	1.38494742	1.37971938	1.30717540	0.00000000	1.00060928
0.00006400	0.00000000	0.00000000	1.39445198	1.37873042	1.36326349	1.31031930	0.00000000	1.00116408
0.00007040	0.00000000	1.96911240	1.38993812	1.36678708	1.35062325	1.27669334	0.00000000	1.00089800
0.00007680	0.00000000	1.96911240	1.38142943	1.35783851	1.33274138	1.32180130	1.57295632	1.00100970
0.00008320	0.00000000	0.00000000	1.37905073	1.34996772	1.33003902	1.26944864	0.00000000	1.00129139
0.00008960	0.00000000	0.00000000	1.37045872	1.34510291	1.31199276	1.27573645	0.00000000	1.00084090
0.00009600	0.00000000	1.96911240	1.36552358	1.33186674	1.30775154	1.24019682	0.00000000	1.00006557
0.00010240	0.00000000	0.00000000	1.36121714	1.32349110	1.29591405	1.22844136	3.14591265	1.00101686
0.00011520	0.00000000	0.98710686	1.34669530	1.30343330	1.27681863	1.21600652	0.79379416	1.00092781
0.00012800	0.00000000	0.98710686	1.33477080	1.28991544	1.25706458	1.19868374	0.79379416	1.00081503
0.00014080	0.00000000	0.00000000	1.32395983	1.27521360	1.24365985	1.18402076	0.00000000	1.00122046
0.00015360	0.00000000	2.96132064	1.31373847	1.26213276	1.22531712	1.16228986	2.38138247	1.00109184
0.00016640	0.00000000	0.00000000	1.30330944	1.24684525	1.21173215	1.15240073	0.79379416	1.00066888
0.00017920	0.00000000	0.98710686	1.29218793	1.23407483	1.19497526	1.13742077	0.79379416	1.00086987
0.00019200	0.00000000	2.96132064	1.28166044	1.22263956	1.18522084	1.13649046	1.58758831	1.00081861
0.00020480	0.00000000	0.00000000	1.27141619	1.21140265	1.17164588	1.10566199	3.17517662	1.00052965
0.00023040	0.00000000	0.00000000	1.25174856	1.18885505	1.14507937	1.09569299	1.17428696	1.00078332
0.00025600	0.00000000	1.98962390	1.23503387	1.17259097	1.12268651	1.08544850	0.00000000	1.00067890
0.00028160	0.00000000	0.99481195	1.21682465	1.15351653	1.10593772	1.06003416	0.78285801	1.00087094
0.00030720	0.00000000	0.49740598	1.20201147	1.13643241	1.08502626	1.04243171	0.78285801	1.00064492
0.00033280	0.00000000	0.00000000	1.18586731	1.12110448	1.07857382	1.04278457	1.17428696	1.00050449
0.00035840	0.00000000	0.99481195	1.17078412	1.10710573	1.06721175	1.04038501	0.39142901	1.00053442
0.00038400	0.00000000	1.98962390	1.15647364	1.09408736	1.05980814	1.02030206	1.17428696	1.00047433
0.00040960	0.00000000	0.99481195	1.14579618	1.08198190	1.04955816	1.02580655	2.34857392	1.00028658
0.00046080	0.00000000	1.00522876	1.12396419	1.06520724	1.04156756	1.02116883	1.15821934	1.00038755
0.00051200	0.00000000	1.00522876	1.10251617	1.05009305	1.03339553	1.00651407	0.19303657	1.00016034
0.00056320	0.00000000	0.50261438	1.08873737	1.03717661	1.02662623	1.01086318	0.96518284	1.00009012
0.00061440	0.00000000	1.50784314	1.07588196	1.03109133	1.01943827	1.00919271	0.96518284	1.00004172
0.00066560	0.00000000	1.25653589	1.06352997	1.02132165	1.01435721	1.01164711	0.38607314	0.99991542
0.00071680	0.00000000	1.50784314	1.05224180	1.01748657	1.01334763	1.01049829	0.77214628	1.00005317
0.00076800	0.00000000	0.50261438	1.04472733	1.01400483	1.00985920	1.01285017	1.15821934	0.99988872
0.00081920	0.00000000	1.00522876	1.03826749	1.01139772	1.00851941	1.01296496	0.96518284	0.99973404
0.00092160	0.00000000	1.12207794	1.02763486	1.00717688	0.99997318	1.00525010	1.06413627	0.99986988
0.00102400	0.00000000	0.87272727	1.01884151	1.00291646	0.99453926	0.99713820	0.67717761	0.99979240
0.00112640	0.00000000	0.99740261	1.01382661	0.99849743	0.99104965	0.98901290	1.25761557	0.99993765
0.00122880	0.00000000	0.87272727	1.00997925	0.99830389	0.99029952	0.98514557	1.16087592	0.99996215
0.00133120	0.00000000	0.87272727	1.00669062	1.00118768	0.99209446	0.99246597	0.87065691	0.99999607
0.00143360	0.00000000	1.24675322	1.00370502	0.99927104	0.99764478	1.00491273	1.16087592	0.99990612
0.00153600	0.00000000	1.62077928	1.00154150	0.99455184	1.00185621	0.99527609	0.67717761	0.99990290
0.00163840	0.00000000	0.37402597	1.00008786	0.99334210	1.00200295	1.00064790	1.06413627	0.99999619
0.00184320	0.00000000	1.15488720	0.99565214	0.99544322	1.00201094	1.00728106	0.77214628	0.99998701
0.00204800	0.00000000	1.02656639	0.99539709	0.99580693	0.99739426	1.00995886	1.15821934	0.99992830
0.00225280	0.00000000	0.83408523	0.99804771	0.99762416	1.00026202	1.00327837	0.96518284	0.99983793
0.00245760	0.00000000	1.21904767	0.99541014	0.99887931	1.00164294	0.99608660	0.48259142	1.00003314
0.00266240	0.00000000	1.02656639	0.99256212	0.99891835	1.00094414	1.00747347	1.20647860	0.99998540
0.00286720	0.00000000	0.89824563	0.99228829	1.00318825	1.00402236	1.01597595	0.96518284	0.99980849
0.00307200	0.00000000	1.21904767	0.99274474	1.00423360	1.00652945	0.99691164	0.82040542	0.99989963
0.00327680	0.00000000	0.76992482	0.98972940	0.99967384	1.00662827	1.01057434	1.01344192	0.99987864
0.00368640	0.00000000	0.91750401	0.99311101	1.00441933	1.00443351	1.00202525	0.94321162	0.99988216
0.00409600	0.00000000	1.01580799	0.98907185	1.01012838	0.99973273	1.00268853	0.77391726	0.99993408
0.00450560	0.00000000	0.49283421	0.99423492	1.00791216	0.99646246	1.00162065	1.08832109	0.99997032
0.00491520	0.00000000	0.88710159	0.99614578	1.00768995	1.00051153	0.99545389	0.89484179	0.99991030
0.00532480	0.00000000	0.72282350	0.99412739	1.00591898	1.00004327	0.99790579	0.99158144	0.99999440
0.00573440	0.00000000	0.91995722	0.99871218	1.01259732	0.99738938	1.00065064	0.82228708	1.00007105
0.00614400	0.00000000	1.08134401	0.99644178	1.00552905	0.98949361	1.00372052	1.03995132	0.99995291
0.00655360	0.00000000	1.27795196	0.99476546	1.00095475	0.99446279	1.00016415	1.45109487	0.99990219
0.00737280	0.00000000	0.85196799	0.99696684	1.00327766	1.00459278	0.99649096	0.95192492	0.99999243
0.00819200	0.00000000	0.81919998	0.99311322	1.00178945	1.00616813	0.99977165	0.76886243	1.00047016
0.00901120	0.00000000	0.91750401	0.99143642	0.99674249	1.00547969	1.00195634	1.08617067	1.00012994
0.00983040	0.00000000	0.96665603	1.00170040	0.99498475	0.99804986	0.98986453	1.01294577	0.99998379
0.01064960	0.00000000	1.06496000	1.00124240	0.99301845	0.99915880	1.00697148	0.96412909	0.99990898
0.01146880	0.00000000	1.14688003	0.99567705	0.99695015	0.99864852	0.99093121	0.97633326	0.99997085
0.01228800	0.00000000	1.14688003	0.99375385	0.99669170	1.00009608	0.99802780	0.96412909	0.99993783
0.01310720	0.00000000	1.06496000	0.99868977	1.00718737	0.99535322	0.99912131	0.90104163	0.99996096
0.01474560	0.00000000	0.90689361	0.99047452	0.99971366	0.99944222	0.99886262	1.06176245	0.99995452
0.01638400	0.00000000	0.91506386	0.99399954	0.99934268	1.00008714	1.00762296	1.17498839	1.00023150
0.01802240	0.00000000	0.89872342	0.99797058	1.00375187	1.00361276	1.00529158	0.90503007	1.00001347
0.01966080	0.00000000	0.94774467	1.00436509	1.00597370	1.00461948	1.00420523	0.99991584	0.99999702
0.02129920	0.00000000	1.14382982	0.99704570	1.00254595	1.00142169	1.00395751	0.98173553	0.99992430
0.02293760	0.00000000	1.16017020	1.00322676	1.00133455	1.00437784	0.99849385	1.11505771	0.99995267
0.02457600	0.00000000	1.09480846	1.00475490	1.00396609	1.00152349	0.99800473	0.93325478	1.00019646
0.02621440	0.00000000	0.89055318	1.00793135	1.00085092	1.00046301	1.00037265	1.03390503	1.00007606
0.02949120	0.00000000	0.90931201	1.00182295	0.99785811	0.99722588	1.00143063	1.04060948	0.99995863
0.03276800	0.00000000	0.98303998	0.99556088	0.99917078	0.99806690	1.00422323	1.06229758	1.00008154
0.03604480	0.00000000	0.97075200	0.99864376	1.00113916	0.99854565	0.99949998	1.02016675	0.99998730
0.03932160	0.00000000	1.01990402	1.00532615	0.99913013	1.00285852	0.99994749	1.06587160	0.99999803
0.04259840	0.00000000	0.92569602	1.00356543	0.99832052	1.00334680	1.00061595	1.02984214	1.00007868
0.04587520	0.00000000	0.99004775	0.99673402	0.99756598	0.99821937	1.00168693	1.01113880	0.99995321
0.04915200	0.00000000	0.93053967	1.00531209	0.99817282	0.99968660	1.00222659	1.04785681	1.00005829
0.05242880	0.00000000	0.95797896	1.00539601	1.00008082	0.99830848	1.00311983	0.96078563	1.00002480
0.05898240	0.00000000	0.92718571	0.99297017	0.99886638	1.00116944	0.99816930	1.01645815	1.00002694
0.06553600	0.00000000	1.00451124	0.99820048	0.99643236	0.99702722	0.99857157	1.00820863	0.99999934
0.07208960	0.00000000	0.98809522	1.00688410	1.00069046	1.00024068	1.00036407	1.00669706	1.00001204
0.07864320	0.00000000	0.95685691	1.00226998	0.99936503	0.99848038	0.99952030	0.98096573	1.00002670
0.08519680	0.00000000	1.00062168	0.99718958	0.99939042	0.99845535	1.00034094	1.00891769	1.00002337
0.09175040	0.00000000	1.03315878	1.00404727	0.99836981	1.00193715	1.00200009	1.02249062	1.00003576
0.09830400	0.00000000	1.00729752	1.00351310	0.99865949	0.99958801	0.99992764	1.01892877	1.00000036
0.10485760	0.00000000	0.97619045	0.99843836	1.00246692	0.99999344	0.99862128	0.97033608	1.00002432
0.11796480	0.00000000	0.97041863	1.00272882	0.99930263	1.00018191	0.99897999	1.01511419	1.00001788
0.13107200	0.00000000	1.04230893	1.00156415	0.99871248	0.99896270	0.99767065	0.98848975	1.00003016
0.14417920	0.00000000	1.00421333	0.99983990	0.99948370	0.99903333	0.99938148	0.96721786	1.00001562
0.15728641	0.00000000	1.00248015	0.99899089	1.00140560	0.99943972	0.99972945	1.01929712	1.00002801
0.17039360	0.00000000	0.97948718	1.00118494	0.99961865	0.99955052	0.99889314	0.97298294	1.00001192
0.18350080	0.00000000	1.01324975	0.99769431	0.99952430	1.00381839	1.00253141	1.02121568	1.00004387
0.19660801	0.00000000	0.97117615	1.00309777	0.99899167	0.99798614	0.99894768	0.98798400	1.00001538
0.20971520	0.00000000	0.98211229	0.99978846	0.99928063	0.99902040	1.00106800	1.01788795	1.00003469
0.23592959	0.00000000	0.97388560	0.99929851	0.99962938	0.99885011	1.00072145	0.97926342	1.00002789
0.26214400	0.00000000	1.04006433	1.00187945	1.00204134	0.99864793	1.00052869	0.97656476	1.00002432
0.28835839	0.00000000	1.00744820	0.99921101	1.00201166	1.00124085	0.99998015	0.97378427	1.00001955
0.31457281	0.00000000	0.99703264	0.99915212	1.00089586	1.00092626	0.99791110	1.01586020	1.00001383
0.34078720	0.00000000	1.02713084	0.99926710	0.99989301	1.00148702	0.99837732	1.00830579	1.00002134
0.36700159	0.00000000	0.96631211	0.99828047	0.99815464	0.99988204	0.99759841	1.00039339	1.00001669
0.39321601	0.00000000	1.02186155	1.00076890	0.99955052	0.99829894	0.99930489	1.04011607	1.00002098
0.41943040	0.00000000	1.00698137	0.99966568	0.99784309	0.99758923	1.00016570	1.00701463	1.00002074
0.47185919	0.00000000	1.01186204	1.00016093	1.00110972	0.99982435	1.00064254	1.01665497	1.00001431
0.52428800	0.00000000	0.99434650	0.99968261	0.99971950	1.00021398	0.99966425	0.99936539	1.00000358
0.57671678	0.00000000	0.99723208	0.99874109	1.00124598	0.99949098	1.00006723	0.96919799	1.00001001
0.62914562	0.00000000	0.99091119	0.99952590	1.00059843	1.00102758	0.99980938	0.96694630	1.00000954
0.68157440	0.00000000	1.01851082	1.00054312	0.99892408	1.00063705	1.00054657	1.00133109	0.99999994
0.73400319	0.00000000	1.01961648	0.99900848	1.00128508	0.99949735	0.99928635	0.97326887	1.00000167
0.78643203	0.00000000	0.94196951	0.99887574	0.99989516	0.99885207	1.00001180	1.00046825	1.00000834
0.83886081	0.00000000	1.01399517	0.99956554	0.99943751	1.00002694	1.00140309	1.02735484	1.00000882
0.94371837	0.00000000	1.01115131	0.99899787	1.00019729	0.99988174	0.99817431	0.99475706	0.99998617
1.04857600	0.00000000	0.98233807	0.99889892	0.99986732	0.99964166	1.00055635	0.96718591	1.00000703
1.15343356	0.00000000	1.00451481	1.00043225	1.00007725	1.00017190	0.99939305	1.01234889	0.99999261
1.25829124	0.00000000	0.99988228	0.99914300	0.99981004	1.00031340	1.00126886	0.98880780	1.00000846
1.36314881	0.00000000	1.00585282	1.00142276	1.00015879	1.00046432	1.00200808	0.99217755	0.99999064
1.46800637	0.00000000	0.99352282	0.99896359	0.99979585	0.99982488	1.00116360	0.96273291	1.00000823
1.57286406	0.00000000	1.00467920	1.00092983	1.00009859	0.99943680	1.00080228	0.99717355	0.99999946
1.67772162	0.00000000	0.99260044	0.99915934	0.99992156	1.00054121	1.00076258	0.99595141	1.00000465
1.88743675	0.00000000	0.00000000	0.00000000	0.00000000	0.00000000	0.00000000	0.00000000	0.00000000
2.09715199	0.00000000	0.00000000	0.00000000	0.00000000	0.00000000	0.00000000	0.00000000	0.00000000
2.30686712	0.00000000	0.00000000	0.00000000	0.00000000	0.00000000	0.00000000	0.00000000	0.00000000
2.51658249	0.00000000	0.00000000	0.00000000	0.00000000	0.00000000	0.00000000	0.00000000	0.00000000
2.72629762	0.00000000	0.00000000	0.00000000	0.00000000	0.00000000	0.00000000	0.00000000	0.00000000
2.93601274	0.00000000	0.00000000	0.00000000	0.00000000	0.00000000	0.00000000	0.00000000	0.00000000
3.14572811	0.00000000	0.00000000	0.00000000	0.00000000	0.00000000	0.00000000	0.00000000	0.00000000
3.35544324	0.00000000	0.00000000	0.00000000	0.00000000	0.00000000	0.00000000	0.00000000	0.00000000
3.77487350	0.00000000	0.00000000	0.00000000	0.00000000	0.00000000	0.00000000	0.00000000	0.00000000
4.19430399	0.00000000	0.00000000	0.00000000	0.00000000	0.00000000	0.00000000	0.00000000	0.00000000
4.61373425	0.00000000	0.00000000	0.00000000	0.00000000	0.00000000	0.00000000	0.00000000	0.00000000
5.03316498	0.00000000	0.00000000	0.00000000	0.00000000	0.00000000	0.00000000	0.00000000	0.00000000
5.45259523	0.00000000	0.00000000	0.00000000	0.00000000	0.00000000	0.00000000	0.00000000	0.00000000
5.87202549	0.00000000	0.00000000	0.00000000	0.00000000	0.00000000	0.00000000	0.00000000	0.00000000
6.29145622	0.00000000	0.00000000	0.00000000	0.00000000	0.00000000	0.00000000	0.00000000	0.00000000
6.71088648	0.00000000	0.00000000	0.00000000	0.00000000	0.00000000	0.00000000	0.00000000	0.00000000
7.54974699	0.00000000	0.00000000	0.00000000	0.00000000	0.00000000	0.00000000	0.00000000	0.00000000
8.38860798	0.00000000	0.00000000	0.00000000	0.00000000	0.00000000	0.00000000	0.00000000	0.00000000
9.22746849	0.00000000	0.00000000	0.00000000	0.00000000	0.00000000	0.00000000	0.00000000	0.00000000
10.06632996	0.00000000	0.00000000	0.00000000	0.00000000	0.00000000	0.00000000	0.00000000	0.00000000
10.90519047	0.00000000	0.00000000	0.00000000	0.00000000	0.00000000	0.00000000	0.00000000	0.00000000
11.74405098	0.00000000	0.00000000	0.00000000	0.00000000	0.00000000	0.00000000	0.00000000	0.00000000
12.58291245	0.00000000	0.00000000	0.00000000	0.00000000	0.00000000	0.00000000	0.00000000	0.00000000
13.42177296	0.00000000	0.00000000	0.00000000	0.00000000	0.00000000	0.00000000	0.00000000	0.00000000
15.09949398	0.00000000	0.00000000	0.00000000	0.00000000	0.00000000	0.00000000	0.00000000	0.00000000
16.77721596	0.00000000	0.00000000	0.00000000	0.00000000	0.00000000	0.00000000	0.00000000	0.00000000
18.45493698	0.00000000	0.00000000	0.00000000	0.00000000	0.00000000	0.00000000	0.00000000	0.00000000
20.13265991	0.00000000	0.00000000	0.00000000	0.00000000	0.00000000	0.00000000	0.00000000	0.00000000
21.81038094	0.00000000	0.00000000	0.00000000	0.00000000	0.00000000	0.00000000	0.00000000	0.00000000
23.48810196	0.00000000	0.00000000	0.00000000	0.00000000	0.00000000	0.00000000	0.00000000	0.00000000
25.16582489	0.00000000	0.00000000	0.00000000	0.00000000	0.00000000	0.00000000	0.00000000	0.00000000
26.84354591	0.00000000	0.00000000	0.00000000	0.00000000	0.00000000	0.00000000	0.00000000	0.00000000
30.19898796	0.00000000	0.00000000	0.00000000	0.00000000	0.00000000	0.00000000	0.00000000	0.00000000
33.55443192	0.00000000	0.00000000	0.00000000	0.00000000	0.00000000	0.00000000	0.00000000	0.00000000
36.90987396	0.00000000	0.00000000	0.00000000	0.00000000	0.00000000	0.00000000	0.00000000	0.00000000
40.26531982	0.00000000	0.00000000	0.00000000	0.00000000	0.00000000	0.00000000	0.00000000	0.00000000
43.62076187	0.00000000	0.00000000	0.00000000	0.00000000	0.00000000	0.00000000	0.00000000	0.00000000
46.97620392	0.00000000	0.00000000	0.00000000	0.00000000	0.00000000	0.00000000	0.00000000	0.00000000
50.33164978	0.00000000	0.00000000	0.00000000	0.00000000	0.00000000	0.00000000	0.00000000	0.00000000
53.68709183	0.00000000	0.00000000	0.00000000	0.00000000	0.00000000	0.00000000	0.00000000	0.00000000
60.39797592	0.00000000	0.00000000	0.00000000	0.00000000	0.00000000	0.00000000	0.00000000	0.00000000
67.10886383	0.00000000	0.00000000	0.00000000	0.00000000	0.00000000	0.00000000	0.00000000	0.00000000
73.81974792	0.00000000	0.00000000	0.00000000	0.00000000	0.00000000	0.00000000	0.00000000	0.00000000
80.53063965	0.00000000	0.00000000	0.00000000	0.00000000	0.00000000	0.00000000	0.00000000	0.00000000
87.24152374	0.00000000	0.00000000	0.00000000	0.00000000	0.00000000	0.00000000	0.00000000	0.00000000
93.95240784	0.00000000	0.00000000	0.00000000	0.00000000	0.00000000	0.00000000	0.00000000	0.00000000
100.66329956	0.00000000	0.00000000	0.00000000	0.00000000	0.00000000	0.00000000	0.00000000	0.00000000
107.37418365	0.00000000	0.00000000	0.00000000	0.00000000	0.00000000	0.00000000	0.00000000	0.00000000
120.79595184	0.00000000	0.00000000	0.00000000	0.00000000	0.00000000	0.00000000	0.00000000	0.00000000
134.21772766	0.00000000	0.00000000	0.00000000	0.00000000	0.00000000	0.00000000	0.00000000	0.00000000
147.63949585	0.00000000	0.00000000	0.00000000	0.00000000	0.00000000	0.00000000	0.00000000	0.00000000
161.06127930	0.00000000	0.00000000	0.00000000	0.00000000	0.00000000	0.00000000	0.00000000	0.00000000
174.48304749	0.00000000	0.00000000	0.00000000	0.00000000	0.00000000	0.00000000	0.00000000	0.00000000
187.90481567	0.00000000	0.00000000	0.00000000	0.00000000	0.00000000	0.00000000	0.00000000	0.00000000
201.32659912	0.00000000	0.00000000	0.00000000	0.00000000	0.00000000	0.00000000	0.00000000	0.00000000
214.74836731	0.00000000	0.00000000	0.00000000	0.00000000	0.00000000	0.00000000	0.00000000	0.00000000
241.59190369	0.00000000	0.00000000	0.00000000	0.00000000	0.00000000	0.00000000	0.00000000	0.00000000
268.43545532	0.00000000	0.00000000	0.00000000	0.00000000	0.00000000	0.00000000	0.00000000	0.00000000
295.27899170	0.00000000	0.00000000	0.00000000	0.00000000	0.00000000	0.00000000	0.00000000	0.00000000
322.12255859	0.00000000	0.00000000	0.00000000	0.00000000	0.00000000	0.00000000	0.00000000	0.00000000
348.96609497	0.00000000	0.00000000	0.00000000	0.00000000	0.00000000	0.00000000	0.00000000	0.00000000
375.80963135	0.00000000	0.00000000	0.00000000	0.00000000	0.00000000	0.00000000	0.00000000	0.00000000
402.65319824	0.00000000	0.00000000	0.00000000	0.00000000	0.00000000	0.00000000	0.00000000	0.00000000
429.49673462	0.00000000	0.00000000	0.00000000	0.00000000	0.00000000	0.00000000	0.00000000	0.00000000
483.18380737	0.00000000	0.00000000	0.00000000	0.00000000	0.00000000	0.00000000	0.00000000	0.00000000
536.87091064	0.00000000	0.00000000	0.00000000	0.00000000	0.00000000	0.00000000	0.00000000	0.00000000
590.55798340	0.00000000	0.00000000	0.00000000	0.00000000	0.00000000	0.00000000	0.00000000	0.00000000
644.24511719	0.00000000	0.00000000	0.00000000	0.00000000	0.00000000	0.00000000	0.00000000	0.00000000
697.93218994	0.00000000	0.00000000	0.00000000	0.00000000	0.00000000	0.00000000	0.00000000	0.00000000
751.61926270	0.00000000	0.00000000	0.00000000	0.00000000	0.00000000	0.00000000	0.00000000	0.00000000
805.30639648	0.00000000	0.00000000	0.00000000	0.00000000	0.00000000	0.00000000	0.00000000	0.00000000
858.99346924	0.00000000	0.00000000	0.00000000	0.00000000	0.00000000	0.00000000	0.00000000	0.00000000
966.36761475	0.00000000	0.00000000	0.00000000	0.00000000	0.00000000	0.00000000	0.00000000	0.00000000
1073.74182129	0.00000000	0.00000000	0.00000000	0.00000000	0.00000000	0.00000000	0.00000000	0.00000000
1181.11596680	0.00000000	0.00000000	0.00000000	0.00000000	0.00000000	0.00000000	0.00000000	0.00000000
1288.49023437	0.00000000	0.00000000	0.00000000	0.00000000	0.00000000	0.00000000	0.00000000	0.00000000
1395.86437988	0.00000000	0.00000000	0.00000000	0.00000000	0.00000000	0.00000000	0.00000000	0.00000000
1503.23852539	0.00000000	0.00000000	0.00000000	0.00000000	0.00000000	0.00000000	0.00000000	0.00000000
1610.61279297	0.00000000	0.00000000	0.00000000	0.00000000	0.00000000	0.00000000	0.00000000	0.00000000
1717.98693848	0.00000000	0.00000000	0.00000000	0.00000000	0.00000000	0.00000000	0.00000000	0.00000000
1932.73522949	0.00000000	0.00000000	0.00000000	0.00000000	0.00000000	0.00000000	0.00000000	0.00000000
2147.48364258	0.00000000	0.00000000	0.00000000	0.00000000	0.00000000	0.00000000	0.00000000	0.00000000
2362.23193359	0.00000000	0.00000000	0.00000000	0.00000000	0.00000000	0.00000000	0.00000000	0.00000000
2576.98046875	0.00000000	0.00000000	0.00000000	0.00000000	0.00000000	0.00000000	0.00000000	0.00000000
2791.72875977	0.00000000	0.00000000	0.00000000	0.00000000	0.00000000	0.00000000	0.00000000	0.00000000
3006.47705078	0.00000000	0.00000000	0.00000000	0.00000000	0.00000000	0.00000000	0.00000000	0.00000000
3221.22558594	0.00000000	0.00000000	0.00000000	0.00000000	0.00000000	0.00000000	0.00000000	0.00000000
3435.97387695	0.00000000	0.00000000	0.00000000	0.00000000	0.00000000	0.00000000	0.00000000	0.00000000
0	0	0	0	0	0	0	0	0
