%4/2/2019 11:36:29 AM
%Duration	ID1		ID2		ID3		ID4		ID5		ID6		ID7		ID8
1000.000000	0.000000	0.352859	418.167114	353.612915	146.055222	47.731400	0.543594	1282.501221
%Tau		Tau1		Tau2		Tau3		Tau4		Tau5		Tau6		Tau7		Tau8
%		0.000000	0.000001	0.000333	0.000256	0.000154	0.000070	0.000001	0.000024
%Delaytime	D1		D2		D3		D4		D5		D6		D7		D8
0.00000020	0.00000000	209.05859375	1.54469693	1.52562964	1.57603443	3.23709464	306.23635864	1.06293416
0.00000040	0.00000000	69.68620300	1.50601697	1.47723401	1.52796686	1.87178946	0.00000000	1.00676584
0.00000060	0.00000000	0.00000000	1.47081459	1.47696507	1.54933023	1.45779359	0.00000000	1.00246692
0.00000080	0.00000000	0.00000000	1.48606694	1.46262562	1.50854564	1.39613473	0.00000000	1.00395048
0.00000100	0.00000000	0.00000000	1.48014903	1.48601687	1.47455835	1.65598309	0.00000000	1.00266707
0.00000120	0.00000000	0.00000000	1.47783065	1.48449326	1.44202781	1.48862314	0.00000000	1.00749731
0.00000140	0.00000000	0.00000000	1.48704302	1.47409713	1.47504389	1.54147363	0.00000000	1.00310862
0.00000160	0.00000000	0.00000000	1.48643291	1.46011627	1.49495077	1.43577266	0.00000000	1.00145257
0.00000180	0.00000000	0.00000000	1.47349894	1.47866786	1.49786389	1.36530519	0.00000000	1.00547552
0.00000200	0.00000000	0.00000000	1.47166872	1.47221518	1.46339118	1.45779359	0.00000000	1.00635183
0.00000220	0.00000000	0.00000000	1.46611679	1.47857833	1.47261631	1.41375160	0.00000000	1.00393677
0.00000240	0.00000000	0.00000000	1.47697651	1.47678578	1.46630442	1.44458103	0.00000000	1.00394356
0.00000260	0.00000000	0.00000000	1.47362101	1.47463489	1.48038483	1.60753679	0.00000000	1.00148714
0.00000280	0.00000000	0.00000000	1.46697092	1.47687542	1.47650051	1.57230318	0.00000000	0.99917549
0.00000300	0.00000000	0.00000000	1.48734808	1.49865353	1.49300861	1.35649681	0.00000000	1.00341225
0.00000320	0.00000000	0.00000000	1.46758103	1.48538947	1.49252307	1.45338941	0.00000000	1.00419199
0.00000360	0.00000000	0.00000000	1.47618341	1.48144615	1.47577226	1.56129265	0.00000000	1.00279129
0.00000400	0.00000000	0.00000000	1.47984397	1.46092284	1.47091687	1.44237888	0.00000000	1.00658643
0.00000440	0.00000000	0.00000000	1.47441411	1.46750998	1.43862903	1.42476213	0.00000000	1.00080740
0.00000480	0.00000000	0.00000000	1.47520721	1.47221518	1.46678996	1.61194098	0.00000000	1.00399888
0.00000520	0.00000000	0.00000000	1.46608639	1.47405243	1.47941375	1.40494311	0.00000000	0.99961025
0.00000560	0.00000000	0.00000000	1.47130263	1.47853351	1.47140241	1.45118737	0.00000000	1.00099027
0.00000600	0.00000000	0.00000000	1.47978294	1.48234236	1.50514686	1.44237888	0.00000000	1.00483370
0.00000640	0.00000000	0.00000000	1.46410358	1.46334255	1.44955349	1.46219790	0.00000000	1.00395048
0.00000720	0.00000000	0.00000000	1.47339225	1.46681547	1.45635092	1.44017684	0.00000000	1.00227892
0.00000800	0.00000000	0.00000000	1.47270584	1.46332014	1.46521187	1.47871363	0.00000000	1.00421619
0.00000880	0.00000000	0.00000000	1.45446408	1.45989215	1.46788239	1.44237888	12.75984859	1.00211501
0.00000960	0.00000000	0.00000000	1.46239531	1.46134853	1.44736862	1.44678319	0.00000000	1.00230646
0.00001040	0.00000000	0.00000000	1.46854198	1.46674824	1.47832131	1.38182104	0.00000000	1.00258946
0.00001120	0.00000000	0.00000000	1.45946681	1.46441805	1.45125294	1.38182104	0.00000000	1.00110245
0.00001200	0.00000000	0.00000000	1.47060108	1.46345460	1.45525849	1.40494311	0.00000000	1.00230134
0.00001280	0.00000000	0.00000000	1.46108353	1.46423876	1.42879713	1.38952839	0.00000000	1.00337434
0.00001440	0.00000000	8.71077538	1.46377563	1.45243120	1.46994591	1.41980731	0.00000000	1.00232553
0.00001600	0.00000000	8.71077538	1.45641637	1.45507503	1.42946470	1.38237154	0.00000000	1.00336051
0.00001760	0.00000000	8.71077538	1.45839918	1.45155740	1.44038916	1.43632317	0.00000000	1.00460351
0.00001920	0.00000000	0.00000000	1.46087766	1.44500375	1.42861497	1.36530519	0.00000000	1.00497782
0.00002080	0.00000000	0.00000000	1.44467962	1.44359219	1.42157483	1.43026733	0.00000000	1.00512099
0.00002240	0.00000000	0.00000000	1.44905710	1.44182217	1.43419862	1.39778626	0.00000000	1.00441885
0.00002400	0.00000000	0.00000000	1.45305324	1.43536937	1.43492687	1.36805785	0.00000000	1.00470352
0.00002560	0.00000000	8.71077538	1.44934690	1.43154931	1.42139268	1.38787687	0.00000000	1.00390220
0.00002880	0.00000000	0.00000000	1.44288588	1.42677283	1.41517746	1.37883687	3.10276914	1.00201511
0.00003200	0.00000000	0.00000000	1.43972039	1.41631877	1.41198087	1.36830080	0.00000000	1.00207520
0.00003520	0.00000000	0.00000000	1.43674290	1.41732597	1.38836849	1.38627207	0.00000000	1.00222468
0.00003840	0.00000000	4.21676350	1.43531036	1.40788341	1.39122343	1.35887110	3.10276914	1.00236201
0.00004160	0.00000000	4.21676350	1.42955089	1.40564394	1.38751423	1.38873029	3.10276914	1.00372374
0.00004480	0.00000000	4.21676350	1.42870092	1.40300512	1.37762296	1.34172964	0.00000000	1.00432682
0.00004800	0.00000000	0.00000000	1.42690730	1.39618969	1.37563264	1.32431173	0.00000000	1.00275910
0.00005120	0.00000000	0.00000000	1.42103887	1.39769757	1.36145926	1.34750640	0.00000000	1.00140727
0.00005760	0.00000000	0.00000000	1.41492307	1.37824488	1.35284054	1.29806328	1.55852556	1.00228620
0.00006400	0.00000000	0.00000000	1.40966415	1.37252283	1.34157097	1.31174171	1.55852556	1.00321460
0.00007040	0.00000000	0.00000000	1.40300179	1.36225116	1.32233024	1.27554238	0.00000000	1.00286400
0.00007680	0.00000000	0.00000000	1.39701152	1.35510683	1.30762088	1.27471340	0.00000000	1.00189793
0.00008320	0.00000000	0.00000000	1.39099252	1.34606266	1.29917598	1.25443017	0.00000000	1.00295329
0.00008960	0.00000000	0.00000000	1.38541877	1.33311510	1.29185891	1.27363563	0.00000000	1.00306165
0.00009600	0.00000000	0.00000000	1.37431383	1.33070433	1.28765893	1.23190880	0.00000000	1.00159895
0.00010240	0.00000000	0.00000000	1.36855888	1.32011068	1.26733100	1.22295427	0.00000000	1.00351787
0.00011520	0.00000000	0.00000000	1.35476828	1.30749822	1.25758636	1.20432591	1.55852556	1.00302458
0.00012800	0.00000000	0.00000000	1.34425879	1.29209208	1.23264158	1.16384792	1.55852556	1.00258052
0.00014080	0.00000000	1.05419087	1.33123946	1.27598870	1.22063017	1.17248225	0.77926278	1.00278413
0.00015360	0.00000000	2.10838175	1.32306600	1.26178992	1.20398617	1.15673316	2.33778834	1.00270355
0.00016640	0.00000000	1.05419087	1.30937147	1.25041533	1.18289256	1.16018689	0.00000000	1.00202072
0.00017920	0.00000000	0.00000000	1.29777277	1.23970354	1.17302215	1.13829005	0.00000000	1.00176013
0.00019200	0.00000000	3.16257262	1.29078102	1.22820365	1.15506673	1.13541353	0.77926278	1.00276160
0.00020480	0.00000000	0.00000000	1.27499545	1.21521389	1.14288104	1.09901011	0.00000000	1.00223875
0.00023040	0.00000000	1.60696304	1.25731921	1.19497037	1.12307334	1.09406018	0.79012346	1.00228906
0.00025600	0.00000000	2.14261746	1.23787093	1.17329657	1.10034549	1.07214451	0.39506173	1.00256658
0.00028160	0.00000000	1.07130873	1.22007489	1.15663588	1.08951068	1.06542599	0.39506173	1.00241768
0.00030720	0.00000000	1.60696304	1.20402122	1.14183915	1.07108259	1.05279446	0.39506173	1.00249732
0.00033280	0.00000000	0.53565437	1.18740106	1.12625790	1.06346738	1.04383326	1.18518519	1.00225389
0.00035840	0.00000000	1.60696304	1.17162907	1.11139607	1.04994011	1.04142940	1.58024693	1.00187945
0.00038400	0.00000000	1.60696304	1.15753901	1.10067880	1.04235804	1.03847349	1.58024693	1.00196350
0.00040960	0.00000000	0.53565437	1.14457643	1.08835375	1.03143501	1.02853465	0.79012346	1.00150001
0.00046080	0.00000000	1.08295321	1.12096453	1.06970918	1.01642060	1.01709390	0.98765433	1.00168121
0.00051200	0.00000000	0.54147661	1.10097098	1.05410540	1.01121509	1.01018631	1.38271606	1.00116396
0.00056320	0.00000000	0.81221497	1.08357084	1.04374707	1.00522888	1.00449049	0.59259260	1.00134182
0.00061440	0.00000000	0.81221497	1.06908846	1.03279912	1.00549161	0.99541467	1.97530866	1.00104427
0.00066560	0.00000000	0.27073830	1.05585027	1.02625692	1.00406039	0.99378735	0.39506173	1.00090110
0.00071680	0.00000000	0.54147661	1.04444468	1.01967454	1.00527358	1.00171185	1.77777779	1.00096381
0.00076800	0.00000000	1.35369158	1.03636622	1.01215982	1.00478065	0.99630183	2.37037039	1.00116277
0.00081920	0.00000000	1.08295321	1.02826631	1.00991333	0.99905694	0.99274814	0.19753087	1.00125086
0.00092160	0.00000000	0.54739439	1.01604617	1.00672257	0.99139845	1.00058305	1.59498966	1.00112414
0.00102400	0.00000000	1.91588032	1.00732493	1.00472546	0.99383855	1.00327969	1.29592907	1.00099432
0.00112640	0.00000000	1.23163736	1.00198209	1.00459456	0.99705100	1.00464082	1.19624221	1.00105286
0.00122880	0.00000000	0.68424296	1.00002468	1.00754309	0.99976975	1.01062858	0.69780797	1.00105512
0.00133120	0.00000000	1.23163736	0.99839228	1.01199698	1.00190401	1.00992453	0.39874741	1.00112832
0.00143360	0.00000000	0.54739439	0.99589634	1.01176214	1.00660086	1.00932729	1.39561594	1.00102949
0.00153600	0.00000000	1.23163736	0.99293369	1.00835752	1.00467253	1.00805247	1.19624221	1.00106418
0.00163840	0.00000000	0.54739439	0.99207455	1.00486326	1.00004566	1.00517058	1.39561594	1.00064826
0.00184320	0.00000000	0.66776800	0.99426526	0.99642843	1.00052595	0.99757111	1.09147286	1.00105023
0.00204800	0.00000000	0.80348152	0.99849254	0.99520469	1.00337255	0.98849791	0.99224806	1.00089216
0.00225280	0.00000000	0.93739510	1.00061786	0.99536783	0.99999702	0.99720407	0.99224806	1.00096953
0.00245760	0.00000000	0.87043834	1.00212955	0.99723798	0.99619812	0.99996299	0.89302325	1.00087917
0.00266240	0.00000000	1.47304940	0.99833226	0.99831653	0.99500108	0.99314505	1.38914728	1.00092697
0.00286720	0.00000000	1.27217913	0.99721837	1.00368726	0.99728990	1.00264037	0.79379845	1.00100553
0.00307200	0.00000000	1.07130873	0.99626774	1.01211059	1.00660110	1.00347030	0.99224806	1.00102293
0.00327680	0.00000000	1.33913589	0.99564397	1.01212180	1.00541747	1.00354779	0.79379845	1.00103307
0.00368640	0.00000000	1.43185222	1.00070584	1.00576353	1.00348353	1.00199389	1.03944314	1.00102592
0.00409600	0.00000000	0.99896663	1.00229740	1.00504827	0.99285334	1.00443614	0.71771073	1.00109553
0.00450560	0.00000000	0.79917330	0.99849671	1.00122046	0.99832982	1.00346339	1.11368906	1.00108433
0.00491520	0.00000000	0.93236887	0.99991161	0.99094141	0.99854821	1.00112164	1.08894050	1.00104821
0.00532480	0.00000000	0.96566772	0.99918640	0.99575770	1.00252604	0.99808085	0.96296299	1.00103819
0.00573440	0.00000000	0.93487525	0.99613410	1.00314820	1.00080001	0.99202263	1.20987654	1.00097811
0.00614400	0.00000000	0.90148681	0.99780262	1.00542128	1.00214243	0.99840689	0.74074072	1.00085771
0.00655360	0.00000000	0.80348152	0.99884391	1.00088096	0.99424165	1.01009870	1.67901230	1.00091076
0.00737280	0.00000000	1.13065255	1.00062549	1.00014830	0.99806792	1.00254238	0.93827665	1.00106549
0.00819200	0.00000000	0.99029636	1.00232506	0.99816531	0.99974114	1.00268877	1.06173408	1.00196528
0.00901120	0.00000000	0.94247586	1.00038278	1.00108683	1.00318027	0.99456447	1.14815426	1.00139010
0.00983040	0.00000000	0.99296564	0.99897045	0.99630582	0.99824756	1.00491917	0.92378753	1.00110698
0.01064960	0.00000000	0.97613567	1.00101209	1.00410116	0.99815238	0.99376571	0.81105560	1.00100088
0.01146880	0.00000000	1.07711530	1.00192618	1.00126457	0.99655205	0.99849343	1.04454124	1.00103462
0.01228800	0.00000000	0.90881598	0.99987966	1.00129879	1.00097287	0.99661320	0.94623148	1.00107634
0.01310720	0.00000000	0.90881598	1.00454307	1.00555909	0.99375635	1.00738764	0.76366436	1.00105488
0.01474560	0.00000000	0.90528125	0.99217248	1.00025487	0.99836487	0.99770290	1.01526892	1.00104558
0.01638400	0.00000000	0.93066299	1.00369644	1.00632751	0.99766058	1.00585032	1.06665528	1.00156796
0.01802240	0.00000000	0.87752140	1.01442516	1.00062561	1.00203705	1.00043118	1.00535333	1.00122392
0.01966080	0.00000000	0.88595915	1.00036728	0.99974096	0.99880987	1.00448942	0.93611473	1.00099993
0.02129920	0.00000000	0.90881598	0.99941951	1.00296509	1.00105309	1.00417984	1.07776368	1.00100672
0.02293760	0.00000000	0.90040100	0.99814069	1.00195611	1.00171411	1.00066590	0.95018148	1.00098872
0.02457600	0.00000000	0.95930576	1.00052691	0.99616510	0.99752337	0.99597293	1.07278550	1.00150871
0.02621440	0.00000000	1.05187035	0.99722689	1.00353074	1.00214994	0.99906957	1.09984636	1.00123549
0.02949120	0.00000000	1.00830591	1.00120258	1.00062501	0.99795771	0.99967778	0.91147035	1.00105536
0.03276800	0.00000000	1.03083301	0.99970812	0.99286270	0.99611348	1.00229251	0.98994589	1.00130320
0.03604480	0.00000000	0.90881598	1.00783575	1.00126874	0.99719602	1.00182676	0.84680521	1.00106871
0.03932160	0.00000000	0.91649777	1.00094020	0.99763685	1.00152755	1.00057745	1.02397525	1.00108325
0.04259840	0.00000000	0.99029636	1.00703752	0.99641383	1.00370789	0.99996936	0.94135803	1.00127697
0.04587520	0.00000000	1.03504038	1.00246191	0.99896944	1.00231397	0.99882644	0.95852536	1.00097966
0.04915200	0.00000000	0.95930576	0.99959111	0.99695009	1.00056076	1.00308919	1.07407403	1.00133359
0.05242880	0.00000000	0.91723096	1.00300336	0.99732494	0.99989080	1.00296021	0.94263566	1.00111973
0.05898240	0.00000000	1.03856575	0.99936420	0.99846351	0.99969971	1.00124919	0.96899223	1.00119185
0.06553600	0.00000000	0.99626166	1.00086033	1.00069523	1.00197792	0.99888843	0.98900241	1.00113940
0.07208960	0.00000000	1.01353490	0.99961597	0.99932283	0.99785948	1.00240850	0.98045212	1.00112629
0.07864320	0.00000000	1.01442146	0.99934858	0.99576020	1.00041854	0.99941170	1.02707982	1.00112796
0.08519680	0.00000000	0.97826809	0.99940246	1.00036800	0.99882478	1.00168252	0.96279067	1.00109780
0.09175040	0.00000000	0.97562414	0.99716753	0.99951279	1.00118542	0.99947089	0.95259267	1.00114739
0.09830400	0.00000000	0.95395756	0.99731040	1.00148964	0.99815953	0.99902695	1.01705432	1.00108850
0.10485760	0.00000000	0.95184237	1.00015378	1.00354946	0.99960303	1.00061727	0.97995925	1.00108647
0.11796480	0.00000000	1.07005477	0.99819458	1.00049245	0.99960744	1.00004113	1.03082597	1.00108254
0.13107200	0.00000000	1.05099046	0.99704528	1.00167727	1.00098419	0.99926257	0.97147161	1.00102556
0.14417920	0.00000000	0.95289135	1.00136542	0.99990416	0.99837035	1.00199044	1.09615397	1.00101542
0.15728641	0.00000000	0.98555005	0.99745387	0.99927849	1.00132430	1.00057971	0.91537046	1.00099897
0.17039360	0.00000000	0.94907588	0.99839199	0.99958426	0.99961042	0.99976408	0.99135220	1.00095558
0.18350080	0.00000000	0.98959708	0.99987477	1.00056505	0.99957567	0.99885225	0.99920255	1.00097632
0.19660801	0.00000000	1.02255011	0.99818492	1.00266314	1.00101709	0.99914539	1.05096471	1.00090158
0.20971520	0.00000000	0.95349848	0.99997807	1.00142312	0.99917692	0.99961245	1.05541968	1.00090277
0.23592959	0.00000000	1.02218294	0.99878645	1.00001884	1.00025129	0.99872679	0.95549262	1.00080967
0.26214400	0.00000000	1.00339556	1.00178313	1.00076437	0.99861813	1.00012219	0.97924083	1.00074053
0.28835839	0.00000000	0.96322978	0.99973971	0.99850190	1.00095630	0.99929750	1.01116121	1.00066864
0.31457281	0.00000000	1.02195609	1.00047445	1.00123036	0.99933034	0.99960482	0.99607420	1.00057817
0.34078720	0.00000000	0.99896175	0.99873668	0.99902850	1.00024211	1.00004423	1.04177547	1.00046802
0.36700159	0.00000000	0.99924767	0.99919575	1.00204885	0.99970275	0.99970502	0.96799892	1.00040364
0.39321601	0.00000000	1.02912986	0.99885941	0.99752319	0.99914050	0.99943125	1.01744330	1.00028360
0.41943040	0.00000000	0.95471466	1.00061715	1.00163233	1.00057447	1.00103593	1.00380671	1.00016963
0.47185919	0.00000000	1.01836503	1.00149894	0.99958736	1.00019896	1.00063801	1.00761318	0.99995887
0.52428800	0.00000000	0.99236292	1.00166583	1.00044787	0.99978220	1.00067461	0.99098438	0.99973780
0.57671678	0.00000000	0.99440300	0.99899191	1.00085926	0.99927735	1.00027692	0.99417001	0.99956214
0.62914562	0.00000000	0.99569470	0.99854690	0.99828851	1.00087905	0.99901003	0.99755698	0.99937826
0.68157440	0.00000000	0.97586787	1.00086892	1.00111580	0.99989432	0.99866873	1.02010679	0.99929672
0.73400319	0.00000000	1.00583673	0.99886495	1.00000501	0.99989128	0.99845320	0.96620125	0.99923134
0.78643203	0.00000000	0.99610198	0.99999166	1.00073338	1.00034034	0.99838209	1.03007758	0.99923605
0.83886081	0.00000000	0.99942136	1.00118613	0.99946719	0.99997395	0.99941570	0.99220842	0.99929136
0.94371837	0.00000000	1.01413608	1.00005889	1.00038028	0.99987727	1.00083447	0.98851067	0.99944919
1.04857600	0.00000000	0.97941130	1.00123143	0.99998772	1.00003088	1.00053537	1.00860453	0.99968636
1.15343356	0.00000000	1.00506639	1.00153482	0.99963969	1.00011277	1.00020170	1.02550495	0.99988550
1.25829124	0.00000000	1.01343107	0.99884200	1.00068295	1.00011933	1.00008225	0.95172411	1.00002420
1.36314881	0.00000000	0.99067599	0.99986970	0.99872506	0.99878466	0.99868286	1.00396693	1.00005794
1.46800637	0.00000000	1.01265824	1.00105798	1.00058937	1.00187421	1.00111747	0.99300700	1.00001800
1.57286406	0.00000000	0.96885246	1.00554657	0.99937165	0.99889410	1.00062549	1.05194807	1.00003135
1.67772162	0.00000000	1.02999997	1.00005960	1.00143695	1.00014424	0.99863380	0.97979796	1.00000501
1.88743675	0.00000000	0.00000000	0.00000000	0.00000000	0.00000000	0.00000000	0.00000000	0.00000000
2.09715199	0.00000000	0.00000000	0.00000000	0.00000000	0.00000000	0.00000000	0.00000000	0.00000000
2.30686712	0.00000000	0.00000000	0.00000000	0.00000000	0.00000000	0.00000000	0.00000000	0.00000000
2.51658249	0.00000000	0.00000000	0.00000000	0.00000000	0.00000000	0.00000000	0.00000000	0.00000000
2.72629762	0.00000000	0.00000000	0.00000000	0.00000000	0.00000000	0.00000000	0.00000000	0.00000000
2.93601274	0.00000000	0.00000000	0.00000000	0.00000000	0.00000000	0.00000000	0.00000000	0.00000000
3.14572811	0.00000000	0.00000000	0.00000000	0.00000000	0.00000000	0.00000000	0.00000000	0.00000000
3.35544324	0.00000000	0.00000000	0.00000000	0.00000000	0.00000000	0.00000000	0.00000000	0.00000000
3.77487350	0.00000000	0.00000000	0.00000000	0.00000000	0.00000000	0.00000000	0.00000000	0.00000000
4.19430399	0.00000000	0.00000000	0.00000000	0.00000000	0.00000000	0.00000000	0.00000000	0.00000000
4.61373425	0.00000000	0.00000000	0.00000000	0.00000000	0.00000000	0.00000000	0.00000000	0.00000000
5.03316498	0.00000000	0.00000000	0.00000000	0.00000000	0.00000000	0.00000000	0.00000000	0.00000000
5.45259523	0.00000000	0.00000000	0.00000000	0.00000000	0.00000000	0.00000000	0.00000000	0.00000000
5.87202549	0.00000000	0.00000000	0.00000000	0.00000000	0.00000000	0.00000000	0.00000000	0.00000000
6.29145622	0.00000000	0.00000000	0.00000000	0.00000000	0.00000000	0.00000000	0.00000000	0.00000000
6.71088648	0.00000000	0.00000000	0.00000000	0.00000000	0.00000000	0.00000000	0.00000000	0.00000000
7.54974699	0.00000000	0.00000000	0.00000000	0.00000000	0.00000000	0.00000000	0.00000000	0.00000000
8.38860798	0.00000000	0.00000000	0.00000000	0.00000000	0.00000000	0.00000000	0.00000000	0.00000000
9.22746849	0.00000000	0.00000000	0.00000000	0.00000000	0.00000000	0.00000000	0.00000000	0.00000000
10.06632996	0.00000000	0.00000000	0.00000000	0.00000000	0.00000000	0.00000000	0.00000000	0.00000000
10.90519047	0.00000000	0.00000000	0.00000000	0.00000000	0.00000000	0.00000000	0.00000000	0.00000000
11.74405098	0.00000000	0.00000000	0.00000000	0.00000000	0.00000000	0.00000000	0.00000000	0.00000000
12.58291245	0.00000000	0.00000000	0.00000000	0.00000000	0.00000000	0.00000000	0.00000000	0.00000000
13.42177296	0.00000000	0.00000000	0.00000000	0.00000000	0.00000000	0.00000000	0.00000000	0.00000000
15.09949398	0.00000000	0.00000000	0.00000000	0.00000000	0.00000000	0.00000000	0.00000000	0.00000000
16.77721596	0.00000000	0.00000000	0.00000000	0.00000000	0.00000000	0.00000000	0.00000000	0.00000000
18.45493698	0.00000000	0.00000000	0.00000000	0.00000000	0.00000000	0.00000000	0.00000000	0.00000000
20.13265991	0.00000000	0.00000000	0.00000000	0.00000000	0.00000000	0.00000000	0.00000000	0.00000000
21.81038094	0.00000000	0.00000000	0.00000000	0.00000000	0.00000000	0.00000000	0.00000000	0.00000000
23.48810196	0.00000000	0.00000000	0.00000000	0.00000000	0.00000000	0.00000000	0.00000000	0.00000000
25.16582489	0.00000000	0.00000000	0.00000000	0.00000000	0.00000000	0.00000000	0.00000000	0.00000000
26.84354591	0.00000000	0.00000000	0.00000000	0.00000000	0.00000000	0.00000000	0.00000000	0.00000000
30.19898796	0.00000000	0.00000000	0.00000000	0.00000000	0.00000000	0.00000000	0.00000000	0.00000000
33.55443192	0.00000000	0.00000000	0.00000000	0.00000000	0.00000000	0.00000000	0.00000000	0.00000000
36.90987396	0.00000000	0.00000000	0.00000000	0.00000000	0.00000000	0.00000000	0.00000000	0.00000000
40.26531982	0.00000000	0.00000000	0.00000000	0.00000000	0.00000000	0.00000000	0.00000000	0.00000000
43.62076187	0.00000000	0.00000000	0.00000000	0.00000000	0.00000000	0.00000000	0.00000000	0.00000000
46.97620392	0.00000000	0.00000000	0.00000000	0.00000000	0.00000000	0.00000000	0.00000000	0.00000000
50.33164978	0.00000000	0.00000000	0.00000000	0.00000000	0.00000000	0.00000000	0.00000000	0.00000000
53.68709183	0.00000000	0.00000000	0.00000000	0.00000000	0.00000000	0.00000000	0.00000000	0.00000000
60.39797592	0.00000000	0.00000000	0.00000000	0.00000000	0.00000000	0.00000000	0.00000000	0.00000000
67.10886383	0.00000000	0.00000000	0.00000000	0.00000000	0.00000000	0.00000000	0.00000000	0.00000000
73.81974792	0.00000000	0.00000000	0.00000000	0.00000000	0.00000000	0.00000000	0.00000000	0.00000000
80.53063965	0.00000000	0.00000000	0.00000000	0.00000000	0.00000000	0.00000000	0.00000000	0.00000000
87.24152374	0.00000000	0.00000000	0.00000000	0.00000000	0.00000000	0.00000000	0.00000000	0.00000000
93.95240784	0.00000000	0.00000000	0.00000000	0.00000000	0.00000000	0.00000000	0.00000000	0.00000000
100.66329956	0.00000000	0.00000000	0.00000000	0.00000000	0.00000000	0.00000000	0.00000000	0.00000000
107.37418365	0.00000000	0.00000000	0.00000000	0.00000000	0.00000000	0.00000000	0.00000000	0.00000000
120.79595184	0.00000000	0.00000000	0.00000000	0.00000000	0.00000000	0.00000000	0.00000000	0.00000000
134.21772766	0.00000000	0.00000000	0.00000000	0.00000000	0.00000000	0.00000000	0.00000000	0.00000000
147.63949585	0.00000000	0.00000000	0.00000000	0.00000000	0.00000000	0.00000000	0.00000000	0.00000000
161.06127930	0.00000000	0.00000000	0.00000000	0.00000000	0.00000000	0.00000000	0.00000000	0.00000000
174.48304749	0.00000000	0.00000000	0.00000000	0.00000000	0.00000000	0.00000000	0.00000000	0.00000000
187.90481567	0.00000000	0.00000000	0.00000000	0.00000000	0.00000000	0.00000000	0.00000000	0.00000000
201.32659912	0.00000000	0.00000000	0.00000000	0.00000000	0.00000000	0.00000000	0.00000000	0.00000000
214.74836731	0.00000000	0.00000000	0.00000000	0.00000000	0.00000000	0.00000000	0.00000000	0.00000000
241.59190369	0.00000000	0.00000000	0.00000000	0.00000000	0.00000000	0.00000000	0.00000000	0.00000000
268.43545532	0.00000000	0.00000000	0.00000000	0.00000000	0.00000000	0.00000000	0.00000000	0.00000000
295.27899170	0.00000000	0.00000000	0.00000000	0.00000000	0.00000000	0.00000000	0.00000000	0.00000000
322.12255859	0.00000000	0.00000000	0.00000000	0.00000000	0.00000000	0.00000000	0.00000000	0.00000000
348.96609497	0.00000000	0.00000000	0.00000000	0.00000000	0.00000000	0.00000000	0.00000000	0.00000000
375.80963135	0.00000000	0.00000000	0.00000000	0.00000000	0.00000000	0.00000000	0.00000000	0.00000000
402.65319824	0.00000000	0.00000000	0.00000000	0.00000000	0.00000000	0.00000000	0.00000000	0.00000000
429.49673462	0.00000000	0.00000000	0.00000000	0.00000000	0.00000000	0.00000000	0.00000000	0.00000000
483.18380737	0.00000000	0.00000000	0.00000000	0.00000000	0.00000000	0.00000000	0.00000000	0.00000000
536.87091064	0.00000000	0.00000000	0.00000000	0.00000000	0.00000000	0.00000000	0.00000000	0.00000000
590.55798340	0.00000000	0.00000000	0.00000000	0.00000000	0.00000000	0.00000000	0.00000000	0.00000000
644.24511719	0.00000000	0.00000000	0.00000000	0.00000000	0.00000000	0.00000000	0.00000000	0.00000000
697.93218994	0.00000000	0.00000000	0.00000000	0.00000000	0.00000000	0.00000000	0.00000000	0.00000000
751.61926270	0.00000000	0.00000000	0.00000000	0.00000000	0.00000000	0.00000000	0.00000000	0.00000000
805.30639648	0.00000000	0.00000000	0.00000000	0.00000000	0.00000000	0.00000000	0.00000000	0.00000000
858.99346924	0.00000000	0.00000000	0.00000000	0.00000000	0.00000000	0.00000000	0.00000000	0.00000000
966.36761475	0.00000000	0.00000000	0.00000000	0.00000000	0.00000000	0.00000000	0.00000000	0.00000000
1073.74182129	0.00000000	0.00000000	0.00000000	0.00000000	0.00000000	0.00000000	0.00000000	0.00000000
1181.11596680	0.00000000	0.00000000	0.00000000	0.00000000	0.00000000	0.00000000	0.00000000	0.00000000
1288.49023437	0.00000000	0.00000000	0.00000000	0.00000000	0.00000000	0.00000000	0.00000000	0.00000000
1395.86437988	0.00000000	0.00000000	0.00000000	0.00000000	0.00000000	0.00000000	0.00000000	0.00000000
1503.23852539	0.00000000	0.00000000	0.00000000	0.00000000	0.00000000	0.00000000	0.00000000	0.00000000
1610.61279297	0.00000000	0.00000000	0.00000000	0.00000000	0.00000000	0.00000000	0.00000000	0.00000000
1717.98693848	0.00000000	0.00000000	0.00000000	0.00000000	0.00000000	0.00000000	0.00000000	0.00000000
1932.73522949	0.00000000	0.00000000	0.00000000	0.00000000	0.00000000	0.00000000	0.00000000	0.00000000
2147.48364258	0.00000000	0.00000000	0.00000000	0.00000000	0.00000000	0.00000000	0.00000000	0.00000000
2362.23193359	0.00000000	0.00000000	0.00000000	0.00000000	0.00000000	0.00000000	0.00000000	0.00000000
2576.98046875	0.00000000	0.00000000	0.00000000	0.00000000	0.00000000	0.00000000	0.00000000	0.00000000
2791.72875977	0.00000000	0.00000000	0.00000000	0.00000000	0.00000000	0.00000000	0.00000000	0.00000000
3006.47705078	0.00000000	0.00000000	0.00000000	0.00000000	0.00000000	0.00000000	0.00000000	0.00000000
3221.22558594	0.00000000	0.00000000	0.00000000	0.00000000	0.00000000	0.00000000	0.00000000	0.00000000
3435.97387695	0.00000000	0.00000000	0.00000000	0.00000000	0.00000000	0.00000000	0.00000000	0.00000000
0	0	0	0	0	0	0	0	0
