%1/8/2019 9:16:49 PM
%Duration	ID1		ID2		ID3		ID4		ID5		ID6		ID7		ID8
13000.000000	120.220184	96.969604	154.352188	33.998489	0.000000	0.000000	0.000000	0.000000
%Tau		Tau1		Tau2		Tau3		Tau4		Tau5		Tau6		Tau7		Tau8
%		0.000666	0.000307	0.000205	0.000128	0.000000	0.000000	0.000000	0.000000
%Delaytime	D1		D2		D3		D4		D5		D6		D7		D8
0.00000020	1.87265313	2.16703653	1.77569330	1.99902296	0.00000000	0.00000000	0.00000000	0.00000000
0.00000040	1.53949189	1.57579422	1.53781950	1.59595370	0.00000000	0.00000000	0.00000000	0.00000000
0.00000060	1.49831939	1.49685860	1.50076652	1.51182389	0.00000000	0.00000000	0.00000000	0.00000000
0.00000080	1.51219893	1.48098016	1.50352252	1.59030318	0.00000000	0.00000000	0.00000000	0.00000000
0.00000100	1.49236357	1.48463035	1.48419988	1.50052297	0.00000000	0.00000000	0.00000000	0.00000000
0.00000120	1.49101698	1.50242507	1.48726213	1.51873004	0.00000000	0.00000000	0.00000000	0.00000000
0.00000140	1.50194454	1.50123882	1.48254633	1.49173319	0.00000000	0.00000000	0.00000000	0.00000000
0.00000160	1.49526381	1.51091182	1.48766017	1.50994039	0.00000000	0.00000000	0.00000000	0.00000000
0.00000180	1.50707173	1.49375582	1.48435307	1.45280755	0.00000000	0.00000000	0.00000000	0.00000000
0.00000200	1.48765075	1.50461519	1.48441422	1.57397950	0.00000000	0.00000000	0.00000000	0.00000000
0.00000220	1.50619137	1.47422731	1.49185550	1.47289824	0.00000000	0.00000000	0.00000000	0.00000000
0.00000240	1.51696348	1.50452399	1.49706125	1.55137742	0.00000000	0.00000000	0.00000000	0.00000000
0.00000260	1.47573912	1.49439466	1.47583997	1.48859406	0.00000000	0.00000000	0.00000000	0.00000000
0.00000280	1.48677027	1.49539852	1.48395491	1.44652915	0.00000000	0.00000000	0.00000000	0.00000000
0.00000300	1.50577700	1.49466836	1.46695960	1.47038686	0.00000000	0.00000000	0.00000000	0.00000000
0.00000320	1.49572992	1.47158086	1.48824203	1.47227037	0.00000000	0.00000000	0.00000000	0.00000000
0.00000360	1.48368883	1.48339844	1.47596252	1.48671055	0.00000000	0.00000000	0.00000000	0.00000000
0.00000400	1.49894083	1.48759615	1.48580754	1.48294353	0.00000000	0.00000000	0.00000000	0.00000000
0.00000440	1.48604524	1.47929192	1.48046398	1.47886264	0.00000000	0.00000000	0.00000000	0.00000000
0.00000480	1.48961866	1.49348211	1.47737110	1.45469105	0.00000000	0.00000000	0.00000000	0.00000000
0.00000520	1.49342525	1.50370264	1.47850418	1.45406318	0.00000000	0.00000000	0.00000000	0.00000000
0.00000560	1.49554861	1.49457717	1.46830690	1.47415388	0.00000000	0.00000000	0.00000000	0.00000000
0.00000600	1.49360645	1.47983944	1.47383428	1.46567810	0.00000000	0.00000000	0.00000000	0.00000000
0.00000640	1.48969638	1.48882806	1.46895003	1.46630597	0.00000000	0.00000000	0.00000000	0.00000000
0.00000720	1.49114645	1.48143637	1.47250986	1.48121703	0.00000000	0.00000000	0.00000000	0.00000000
0.00000800	1.49066746	1.47860754	1.47286963	1.47132862	0.00000000	0.00000000	0.00000000	0.00000000
0.00000880	1.48721051	1.48850870	1.46989930	1.46332371	0.00000000	0.00000000	0.00000000	0.00000000
0.00000960	1.49074519	1.47833371	1.46052122	1.44291914	0.00000000	0.00000000	0.00000000	0.00000000
0.00001040	1.48359823	1.48045540	1.46254230	1.43836737	0.00000000	0.00000000	0.00000000	0.00000000
0.00001120	1.48113823	1.47158086	1.46282554	1.43962300	0.00000000	0.00000000	0.00000000	0.00000000
0.00001200	1.48565686	1.46457708	1.45672405	1.46740472	0.00000000	0.00000000	0.00000000	0.00000000
0.00001280	1.48526835	1.47858465	1.45801020	1.44339001	0.00000000	0.00000000	0.00000000	0.00000000
0.00001440	1.49086809	1.46449721	1.45644844	1.43444335	0.00000000	0.00000000	0.00000000	0.00000000
0.00001600	1.48601937	1.46567214	1.45566380	1.42926371	0.00000000	0.00000000	0.00000000	0.00000000
0.00001760	1.48565686	1.46894586	1.44544363	1.44519508	0.00000000	0.00000000	0.00000000	0.00000000
0.00001920	1.48096991	1.46282041	1.44732690	1.43789649	0.00000000	0.00000000	0.00000000	0.00000000
0.00002080	1.48353350	1.46787357	1.44485033	1.43059790	0.00000000	0.00000000	0.00000000	0.00000000
0.00002240	1.47908604	1.46173668	1.43721008	1.41348946	0.00000000	0.00000000	0.00000000	0.00000000
0.00002400	1.48459518	1.46258080	1.43476415	1.42785120	0.00000000	0.00000000	0.00000000	0.00000000
0.00002560	1.48033547	1.45846295	1.43371141	1.42157280	0.00000000	0.00000000	0.00000000	0.00000000
0.00002880	1.47736609	1.45440435	1.42918658	1.41237485	0.00000000	0.00000000	0.00000000	0.00000000
0.00003200	1.47219670	1.45126569	1.41980195	1.41417944	0.00000000	0.00000000	0.00000000	0.00000000
0.00003520	1.47669029	1.44509447	1.41671777	1.38432670	0.00000000	0.00000000	0.00000000	0.00000000
0.00003840	1.47280669	1.44246387	1.41092348	1.36953759	0.00000000	0.00000000	0.00000000	0.00000000
0.00004160	1.47110367	1.44231546	1.40157974	1.38295364	0.00000000	0.00000000	0.00000000	0.00000000
0.00004480	1.47451937	1.43331265	1.39484274	1.35976982	0.00000000	0.00000000	0.00000000	0.00000000
0.00004800	1.46780145	1.43339825	1.39132404	1.35251248	0.00000000	0.00000000	0.00000000	0.00000000
0.00005120	1.46917510	1.42293394	1.38479769	1.34639287	0.00000000	0.00000000	0.00000000	0.00000000
0.00005760	1.46234465	1.42009175	1.37459362	1.34157193	0.00000000	0.00000000	0.00000000	0.00000000
0.00006400	1.45993888	1.41413558	1.36453998	1.32427192	0.00000000	0.00000000	0.00000000	0.00000000
0.00007040	1.45581377	1.40476322	1.35324121	1.30147994	0.00000000	0.00000000	0.00000000	0.00000000
0.00007680	1.45526433	1.39902723	1.34178197	1.29912615	0.00000000	0.00000000	0.00000000	0.00000000
0.00008320	1.45275974	1.38986039	1.33338380	1.28139472	0.00000000	0.00000000	0.00000000	0.00000000
0.00008960	1.45043540	1.38484609	1.32405984	1.28182614	0.00000000	0.00000000	0.00000000	0.00000000
0.00009600	1.44263303	1.37995446	1.31275082	1.25942647	0.00000000	0.00000000	0.00000000	0.00000000
0.00010240	1.44079638	1.36908090	1.30599761	1.25144339	0.00000000	0.00000000	0.00000000	0.00000000
0.00011520	1.43438661	1.35516191	1.28799450	1.23449743	0.00000000	0.00000000	0.00000000	0.00000000
0.00012800	1.42748857	1.34344566	1.27170932	1.21742284	0.00000000	0.00000000	0.00000000	0.00000000
0.00014080	1.42160869	1.32951105	1.25381839	1.19658613	0.00000000	0.00000000	0.00000000	0.00000000
0.00015360	1.41430104	1.31958139	1.23991084	1.17940092	0.00000000	0.00000000	0.00000000	0.00000000
0.00016640	1.40936184	1.30757010	1.22447407	1.16933703	0.00000000	0.00000000	0.00000000	0.00000000
0.00017920	1.40227985	1.29538584	1.21276939	1.15724266	0.00000000	0.00000000	0.00000000	0.00000000
0.00019200	1.39642918	1.28557026	1.19915998	1.14483440	0.00000000	0.00000000	0.00000000	0.00000000
0.00020480	1.39028072	1.27491415	1.18766987	1.12797296	0.00000000	0.00000000	0.00000000	0.00000000
0.00023040	1.37676406	1.25424242	1.16608155	1.11037588	0.00000000	0.00000000	0.00000000	0.00000000
0.00025600	1.36629093	1.23784137	1.14708030	1.09145093	0.00000000	0.00000000	0.00000000	0.00000000
0.00028160	1.35563946	1.21905684	1.12987411	1.07533598	0.00000000	0.00000000	0.00000000	0.00000000
0.00030720	1.34221196	1.20147896	1.11347091	1.06302893	0.00000000	0.00000000	0.00000000	0.00000000
0.00033280	1.33135474	1.18727386	1.10077977	1.05369151	0.00000000	0.00000000	0.00000000	0.00000000
0.00035840	1.31977713	1.17313802	1.08830476	1.04396629	0.00000000	0.00000000	0.00000000	0.00000000
0.00038400	1.30941987	1.16130483	1.07860172	1.03730154	0.00000000	0.00000000	0.00000000	0.00000000
0.00040960	1.29715049	1.14874947	1.06740654	1.02895963	0.00000000	0.00000000	0.00000000	0.00000000
0.00046080	1.27549958	1.12707627	1.05299950	1.02087247	0.00000000	0.00000000	0.00000000	0.00000000
0.00051200	1.25619626	1.10738409	1.04158688	1.01664996	0.00000000	0.00000000	0.00000000	0.00000000
0.00056320	1.23652899	1.09209609	1.03218246	1.01179409	0.00000000	0.00000000	0.00000000	0.00000000
0.00061440	1.21920311	1.07803071	1.02547646	1.00896382	0.00000000	0.00000000	0.00000000	0.00000000
0.00066560	1.20153749	1.06542087	1.01981390	1.00648916	0.00000000	0.00000000	0.00000000	0.00000000
0.00071680	1.18535650	1.05567932	1.01507974	1.00408614	0.00000000	0.00000000	0.00000000	0.00000000
0.00076800	1.16946495	1.04577756	1.01115572	1.00117493	0.00000000	0.00000000	0.00000000	0.00000000
0.00081920	1.15720499	1.03942716	1.00768256	1.00521886	0.00000000	0.00000000	0.00000000	0.00000000
0.00092160	1.13164151	1.02705014	1.00316262	1.00112820	0.00000000	0.00000000	0.00000000	0.00000000
0.00102400	1.10969985	1.01979661	1.00107634	1.00008810	0.00000000	0.00000000	0.00000000	0.00000000
0.00112640	1.09109831	1.01214623	1.00062382	1.00018668	0.00000000	0.00000000	0.00000000	0.00000000
0.00122880	1.07509851	1.00739348	1.00046635	0.99631959	0.00000000	0.00000000	0.00000000	0.00000000
0.00133120	1.06046224	1.00488770	1.00231743	0.99678510	0.00000000	0.00000000	0.00000000	0.00000000
0.00143360	1.05013204	1.00293481	1.00305343	0.99561530	0.00000000	0.00000000	0.00000000	0.00000000
0.00153600	1.04018092	1.00155854	1.00215328	0.99896193	0.00000000	0.00000000	0.00000000	0.00000000
0.00163840	1.03230572	1.00017309	1.00123572	1.00049245	0.00000000	0.00000000	0.00000000	0.00000000
0.00184320	1.02002597	1.00035727	1.00053394	0.99891603	0.00000000	0.00000000	0.00000000	0.00000000
0.00204800	1.01144207	1.00088406	0.99932402	0.99672282	0.00000000	0.00000000	0.00000000	0.00000000
0.00225280	1.00644767	1.00080073	0.99950010	1.00103068	0.00000000	0.00000000	0.00000000	0.00000000
0.00245760	1.00321388	0.99943209	1.00056958	0.99925935	0.00000000	0.00000000	0.00000000	0.00000000
0.00266240	1.00088453	1.00052106	0.99970984	1.00106752	0.00000000	0.00000000	0.00000000	0.00000000
0.00286720	0.99941230	1.00135994	1.00002229	0.99884945	0.00000000	0.00000000	0.00000000	0.00000000
0.00307200	0.99884552	1.00225472	1.00044000	0.99852288	0.00000000	0.00000000	0.00000000	0.00000000
0.00327680	0.99773973	1.00198174	0.99985439	0.99869865	0.00000000	0.00000000	0.00000000	0.00000000
0.00368640	0.99673706	1.00156784	1.00080323	0.99748778	0.00000000	0.00000000	0.00000000	0.00000000
0.00409600	0.99652743	1.00069773	0.99901599	0.99934649	0.00000000	0.00000000	0.00000000	0.00000000
0.00450560	0.99730706	0.99993324	0.99976158	0.99909520	0.00000000	0.00000000	0.00000000	0.00000000
0.00491520	0.99944055	0.99898171	0.99996006	0.99837434	0.00000000	0.00000000	0.00000000	0.00000000
0.00532480	0.99998951	0.99910015	0.99966681	1.00049150	0.00000000	0.00000000	0.00000000	0.00000000
0.00573440	1.00038040	1.00102198	0.99854630	0.99829501	0.00000000	0.00000000	0.00000000	0.00000000
0.00614400	1.00177622	1.00205255	0.99868929	0.99850488	0.00000000	0.00000000	0.00000000	0.00000000
0.00655360	1.00272596	1.00321054	0.99790370	0.99944544	0.00000000	0.00000000	0.00000000	0.00000000
0.00737280	1.00182140	1.00430775	0.99999762	1.00065124	0.00000000	0.00000000	0.00000000	0.00000000
0.00819200	1.00219250	1.00132179	0.99909759	1.00142622	0.00000000	0.00000000	0.00000000	0.00000000
0.00901120	1.00373495	0.99736100	0.99926448	0.99826175	0.00000000	0.00000000	0.00000000	0.00000000
0.00983040	1.00482643	0.99957895	0.99936175	1.00052953	0.00000000	0.00000000	0.00000000	0.00000000
0.01064960	1.00487363	1.00037301	1.00049579	1.00072360	0.00000000	0.00000000	0.00000000	0.00000000
0.01146880	1.00468290	0.99942452	1.00088584	0.99882108	0.00000000	0.00000000	0.00000000	0.00000000
0.01228800	1.00298297	0.99895036	0.99865389	1.00068724	0.00000000	0.00000000	0.00000000	0.00000000
0.01310720	1.00189400	0.99901646	1.00017834	0.99911779	0.00000000	0.00000000	0.00000000	0.00000000
0.01474560	0.99600136	0.99963075	1.00058055	0.99936163	0.00000000	0.00000000	0.00000000	0.00000000
0.01638400	0.99648231	0.99971783	1.00065267	0.99926734	0.00000000	0.00000000	0.00000000	0.00000000
0.01802240	1.00124443	0.99939454	1.00045288	1.00054693	0.00000000	0.00000000	0.00000000	0.00000000
0.01966080	0.99826032	1.00105309	1.00017595	0.99832755	0.00000000	0.00000000	0.00000000	0.00000000
0.02129920	0.99771941	1.00195551	1.00103450	1.00093329	0.00000000	0.00000000	0.00000000	0.00000000
0.02293760	0.99936467	1.00087547	1.00060642	0.99963439	0.00000000	0.00000000	0.00000000	0.00000000
0.02457600	1.00390875	0.99973291	1.00076592	0.99915713	0.00000000	0.00000000	0.00000000	0.00000000
0.02621440	1.00416613	1.00121701	1.00008714	0.99959666	0.00000000	0.00000000	0.00000000	0.00000000
0.02949120	1.00393486	0.99993175	0.99982154	0.99834782	0.00000000	0.00000000	0.00000000	0.00000000
0.03276800	1.00126386	0.99906838	1.00073791	0.99962169	0.00000000	0.00000000	0.00000000	0.00000000
0.03604480	1.00005150	0.99871486	0.99971706	0.99886161	0.00000000	0.00000000	0.00000000	0.00000000
0.03932160	0.99462497	0.99997735	0.99948782	1.00063694	0.00000000	0.00000000	0.00000000	0.00000000
0.04259840	1.00131333	0.99926329	1.00123549	0.99988025	0.00000000	0.00000000	0.00000000	0.00000000
0.04587520	1.00315380	0.99851662	1.00078356	0.99989927	0.00000000	0.00000000	0.00000000	0.00000000
0.04915200	0.99724525	1.00098646	1.00085640	1.00093377	0.00000000	0.00000000	0.00000000	0.00000000
0.05242880	0.99822897	1.00025058	0.99924213	1.00076222	0.00000000	0.00000000	0.00000000	0.00000000
0.05898240	1.00009966	0.99959451	1.00080466	1.00105226	0.00000000	0.00000000	0.00000000	0.00000000
0.06553600	0.99888909	0.99934155	1.00036263	0.99971944	0.00000000	0.00000000	0.00000000	0.00000000
0.07208960	0.99947923	0.99991572	0.99945712	1.00012147	0.00000000	0.00000000	0.00000000	0.00000000
0.07864320	1.00176835	1.00060844	0.99953842	1.00010252	0.00000000	0.00000000	0.00000000	0.00000000
0.08519680	0.99870908	0.99929327	1.00064039	1.00015604	0.00000000	0.00000000	0.00000000	0.00000000
0.09175040	1.00050271	1.00010216	1.00005782	1.00013995	0.00000000	0.00000000	0.00000000	0.00000000
0.09830400	1.00134623	1.00008416	1.00092697	0.99999857	0.00000000	0.00000000	0.00000000	0.00000000
0.10485760	0.99945998	1.00076556	1.00098443	0.99925828	0.00000000	0.00000000	0.00000000	0.00000000
0.11796480	0.99733138	0.99980289	1.00060022	1.00009918	0.00000000	0.00000000	0.00000000	0.00000000
0.13107200	1.00062191	0.99966431	1.00019789	0.99951440	0.00000000	0.00000000	0.00000000	0.00000000
0.14417920	0.99990696	0.99968904	0.99989688	0.99960113	0.00000000	0.00000000	0.00000000	0.00000000
0.15728641	1.00024104	1.00040257	0.99999905	0.99973446	0.00000000	0.00000000	0.00000000	0.00000000
0.17039360	0.99986893	0.99893671	0.99979234	1.00027049	0.00000000	0.00000000	0.00000000	0.00000000
0.18350080	0.99828410	0.99882674	1.00035000	0.99978185	0.00000000	0.00000000	0.00000000	0.00000000
0.19660801	1.00107920	0.99967843	1.00000715	0.99923366	0.00000000	0.00000000	0.00000000	0.00000000
0.20971520	0.99674386	1.00021255	0.99986273	0.99986690	0.00000000	0.00000000	0.00000000	0.00000000
0.23592959	1.00112438	1.00031161	1.00013876	0.99972969	0.00000000	0.00000000	0.00000000	0.00000000
0.26214400	1.00022495	0.99949056	1.00006902	0.99979097	0.00000000	0.00000000	0.00000000	0.00000000
0.28835839	0.99997365	1.00012362	0.99985856	0.99984497	0.00000000	0.00000000	0.00000000	0.00000000
0.31457281	0.99943715	0.99946409	0.99991685	0.99956989	0.00000000	0.00000000	0.00000000	0.00000000
0.34078720	0.99992776	1.00015306	0.99979156	0.99989426	0.00000000	0.00000000	0.00000000	0.00000000
0.36700159	0.99979699	1.00109243	1.00012958	0.99984246	0.00000000	0.00000000	0.00000000	0.00000000
0.39321601	0.99995071	1.00022542	1.00018966	1.00023997	0.00000000	0.00000000	0.00000000	0.00000000
0.41943040	1.00089073	0.99957567	1.00008726	0.99969906	0.00000000	0.00000000	0.00000000	0.00000000
0.47185919	0.99999410	0.99985999	1.00004375	1.00015223	0.00000000	0.00000000	0.00000000	0.00000000
0.52428800	1.00104022	0.99979669	1.00001705	1.00024009	0.00000000	0.00000000	0.00000000	0.00000000
0.57671678	0.99985003	0.99993879	0.99997008	1.00006676	0.00000000	0.00000000	0.00000000	0.00000000
0.62914562	1.00032949	1.00010633	1.00020933	1.00035071	0.00000000	0.00000000	0.00000000	0.00000000
0.68157440	1.00056684	1.00028098	0.99998331	0.99989152	0.00000000	0.00000000	0.00000000	0.00000000
0.73400319	0.99957782	0.99986219	1.00014305	1.00002706	0.00000000	0.00000000	0.00000000	0.00000000
0.78643203	0.99933940	1.00039065	1.00024581	0.99983817	0.00000000	0.00000000	0.00000000	0.00000000
0.83886081	1.00014389	0.99992597	0.99955994	0.99996835	0.00000000	0.00000000	0.00000000	0.00000000
0.94371837	0.99951065	1.00000370	0.99986678	0.99988884	0.00000000	0.00000000	0.00000000	0.00000000
1.04857600	0.99931771	0.99992889	0.99987495	0.99993235	0.00000000	0.00000000	0.00000000	0.00000000
1.15343356	1.00061786	0.99985027	0.99972010	1.00026727	0.00000000	0.00000000	0.00000000	0.00000000
1.25829124	0.99941730	1.00021875	1.00007474	1.00011790	0.00000000	0.00000000	0.00000000	0.00000000
1.36314881	1.00056672	1.00028133	1.00005853	1.00003266	0.00000000	0.00000000	0.00000000	0.00000000
1.46800637	0.99972683	1.00015938	0.99987978	0.99965531	0.00000000	0.00000000	0.00000000	0.00000000
1.57286406	1.00037992	1.00023389	0.99997485	0.99976432	0.00000000	0.00000000	0.00000000	0.00000000
1.67772162	0.99954963	1.00002396	0.99969280	0.99996841	0.00000000	0.00000000	0.00000000	0.00000000
1.88743675	0.99923360	1.00013852	1.00009120	1.00002587	0.00000000	0.00000000	0.00000000	0.00000000
2.09715199	0.99996102	0.99977988	1.00017750	0.99986625	0.00000000	0.00000000	0.00000000	0.00000000
2.30686712	1.00028396	1.00023246	0.99971855	1.00015748	0.00000000	0.00000000	0.00000000	0.00000000
2.51658249	0.99963379	1.00007260	1.00012624	0.99993598	0.00000000	0.00000000	0.00000000	0.00000000
2.72629762	1.00046027	0.99988490	1.00014901	0.99988711	0.00000000	0.00000000	0.00000000	0.00000000
2.93601274	1.00039148	1.00031066	0.99981821	1.00013185	0.00000000	0.00000000	0.00000000	0.00000000
3.14572811	0.99989009	0.99999017	0.99998337	1.00004721	0.00000000	0.00000000	0.00000000	0.00000000
3.35544324	0.99943900	1.00001204	0.99998385	0.99994087	0.00000000	0.00000000	0.00000000	0.00000000
3.77487350	1.00001514	1.00009394	0.99989980	0.99993026	0.00000000	0.00000000	0.00000000	0.00000000
4.19430399	0.99994934	0.99998832	0.99986899	0.99998188	0.00000000	0.00000000	0.00000000	0.00000000
4.61373425	0.99980658	1.00002420	0.99998260	0.99998170	0.00000000	0.00000000	0.00000000	0.00000000
5.03316498	1.00013983	1.00008094	1.00014043	0.99996889	0.00000000	0.00000000	0.00000000	0.00000000
5.45259523	0.99990624	1.00001991	1.00020075	1.00000596	0.00000000	0.00000000	0.00000000	0.00000000
5.87202549	1.00009406	0.99994373	1.00000393	1.00005507	0.00000000	0.00000000	0.00000000	0.00000000
6.29145622	1.00007272	0.99993402	1.00005925	0.99994612	0.00000000	0.00000000	0.00000000	0.00000000
6.71088648	1.00000024	1.00006497	0.99980992	1.00004470	0.00000000	0.00000000	0.00000000	0.00000000
7.54974699	1.00014031	0.99995112	1.00008059	0.99997509	0.00000000	0.00000000	0.00000000	0.00000000
8.38860798	0.99995571	1.00004983	0.99994123	0.99997556	0.00000000	0.00000000	0.00000000	0.00000000
9.22746849	0.99989820	1.00008559	0.99980468	0.99995953	0.00000000	0.00000000	0.00000000	0.00000000
10.06632996	0.99988788	1.00010264	0.99999857	0.99998605	0.00000000	0.00000000	0.00000000	0.00000000
10.90519047	0.99971002	1.00003183	1.00011754	1.00005162	0.00000000	0.00000000	0.00000000	0.00000000
11.74405098	0.99995172	1.00004947	0.99988717	1.00001645	0.00000000	0.00000000	0.00000000	0.00000000
12.58291245	0.99995953	0.99998194	1.00018477	0.99997509	0.00000000	0.00000000	0.00000000	0.00000000
13.42177296	1.00035083	1.00009799	1.00005424	0.99999416	0.00000000	0.00000000	0.00000000	0.00000000
15.09949398	1.00010026	0.99992841	0.99989897	1.00001752	0.00000000	0.00000000	0.00000000	0.00000000
16.77721596	1.00004399	1.00000513	0.99998945	1.00000751	0.00000000	0.00000000	0.00000000	0.00000000
18.45493698	0.99979270	1.00006509	1.00005531	0.99996376	0.00000000	0.00000000	0.00000000	0.00000000
20.13265991	1.00007331	0.99989808	0.99996799	1.00001574	0.00000000	0.00000000	0.00000000	0.00000000
21.81038094	1.00000000	1.00000000	1.00000000	1.00000000	0.00000000	0.00000000	0.00000000	0.00000000
23.48810196	0.00000000	0.00000000	0.00000000	0.00000000	0.00000000	0.00000000	0.00000000	0.00000000
25.16582489	0.00000000	0.00000000	0.00000000	0.00000000	0.00000000	0.00000000	0.00000000	0.00000000
26.84354591	0.00000000	0.00000000	0.00000000	0.00000000	0.00000000	0.00000000	0.00000000	0.00000000
30.19898796	0.00000000	0.00000000	0.00000000	0.00000000	0.00000000	0.00000000	0.00000000	0.00000000
33.55443192	0.00000000	0.00000000	0.00000000	0.00000000	0.00000000	0.00000000	0.00000000	0.00000000
36.90987396	0.00000000	0.00000000	0.00000000	0.00000000	0.00000000	0.00000000	0.00000000	0.00000000
40.26531982	0.00000000	0.00000000	0.00000000	0.00000000	0.00000000	0.00000000	0.00000000	0.00000000
43.62076187	0.00000000	0.00000000	0.00000000	0.00000000	0.00000000	0.00000000	0.00000000	0.00000000
46.97620392	0.00000000	0.00000000	0.00000000	0.00000000	0.00000000	0.00000000	0.00000000	0.00000000
50.33164978	0.00000000	0.00000000	0.00000000	0.00000000	0.00000000	0.00000000	0.00000000	0.00000000
53.68709183	0.00000000	0.00000000	0.00000000	0.00000000	0.00000000	0.00000000	0.00000000	0.00000000
60.39797592	0.00000000	0.00000000	0.00000000	0.00000000	0.00000000	0.00000000	0.00000000	0.00000000
67.10886383	0.00000000	0.00000000	0.00000000	0.00000000	0.00000000	0.00000000	0.00000000	0.00000000
73.81974792	0.00000000	0.00000000	0.00000000	0.00000000	0.00000000	0.00000000	0.00000000	0.00000000
80.53063965	0.00000000	0.00000000	0.00000000	0.00000000	0.00000000	0.00000000	0.00000000	0.00000000
87.24152374	0.00000000	0.00000000	0.00000000	0.00000000	0.00000000	0.00000000	0.00000000	0.00000000
93.95240784	0.00000000	0.00000000	0.00000000	0.00000000	0.00000000	0.00000000	0.00000000	0.00000000
100.66329956	0.00000000	0.00000000	0.00000000	0.00000000	0.00000000	0.00000000	0.00000000	0.00000000
107.37418365	0.00000000	0.00000000	0.00000000	0.00000000	0.00000000	0.00000000	0.00000000	0.00000000
120.79595184	0.00000000	0.00000000	0.00000000	0.00000000	0.00000000	0.00000000	0.00000000	0.00000000
134.21772766	0.00000000	0.00000000	0.00000000	0.00000000	0.00000000	0.00000000	0.00000000	0.00000000
147.63949585	0.00000000	0.00000000	0.00000000	0.00000000	0.00000000	0.00000000	0.00000000	0.00000000
161.06127930	0.00000000	0.00000000	0.00000000	0.00000000	0.00000000	0.00000000	0.00000000	0.00000000
174.48304749	0.00000000	0.00000000	0.00000000	0.00000000	0.00000000	0.00000000	0.00000000	0.00000000
187.90481567	0.00000000	0.00000000	0.00000000	0.00000000	0.00000000	0.00000000	0.00000000	0.00000000
201.32659912	0.00000000	0.00000000	0.00000000	0.00000000	0.00000000	0.00000000	0.00000000	0.00000000
214.74836731	0.00000000	0.00000000	0.00000000	0.00000000	0.00000000	0.00000000	0.00000000	0.00000000
241.59190369	0.00000000	0.00000000	0.00000000	0.00000000	0.00000000	0.00000000	0.00000000	0.00000000
268.43545532	0.00000000	0.00000000	0.00000000	0.00000000	0.00000000	0.00000000	0.00000000	0.00000000
295.27899170	0.00000000	0.00000000	0.00000000	0.00000000	0.00000000	0.00000000	0.00000000	0.00000000
322.12255859	0.00000000	0.00000000	0.00000000	0.00000000	0.00000000	0.00000000	0.00000000	0.00000000
348.96609497	0.00000000	0.00000000	0.00000000	0.00000000	0.00000000	0.00000000	0.00000000	0.00000000
375.80963135	0.00000000	0.00000000	0.00000000	0.00000000	0.00000000	0.00000000	0.00000000	0.00000000
402.65319824	0.00000000	0.00000000	0.00000000	0.00000000	0.00000000	0.00000000	0.00000000	0.00000000
429.49673462	0.00000000	0.00000000	0.00000000	0.00000000	0.00000000	0.00000000	0.00000000	0.00000000
483.18380737	0.00000000	0.00000000	0.00000000	0.00000000	0.00000000	0.00000000	0.00000000	0.00000000
536.87091064	0.00000000	0.00000000	0.00000000	0.00000000	0.00000000	0.00000000	0.00000000	0.00000000
590.55798340	0.00000000	0.00000000	0.00000000	0.00000000	0.00000000	0.00000000	0.00000000	0.00000000
644.24511719	0.00000000	0.00000000	0.00000000	0.00000000	0.00000000	0.00000000	0.00000000	0.00000000
697.93218994	0.00000000	0.00000000	0.00000000	0.00000000	0.00000000	0.00000000	0.00000000	0.00000000
751.61926270	0.00000000	0.00000000	0.00000000	0.00000000	0.00000000	0.00000000	0.00000000	0.00000000
805.30639648	0.00000000	0.00000000	0.00000000	0.00000000	0.00000000	0.00000000	0.00000000	0.00000000
858.99346924	0.00000000	0.00000000	0.00000000	0.00000000	0.00000000	0.00000000	0.00000000	0.00000000
966.36761475	0.00000000	0.00000000	0.00000000	0.00000000	0.00000000	0.00000000	0.00000000	0.00000000
1073.74182129	0.00000000	0.00000000	0.00000000	0.00000000	0.00000000	0.00000000	0.00000000	0.00000000
1181.11596680	0.00000000	0.00000000	0.00000000	0.00000000	0.00000000	0.00000000	0.00000000	0.00000000
1288.49023437	0.00000000	0.00000000	0.00000000	0.00000000	0.00000000	0.00000000	0.00000000	0.00000000
1395.86437988	0.00000000	0.00000000	0.00000000	0.00000000	0.00000000	0.00000000	0.00000000	0.00000000
1503.23852539	0.00000000	0.00000000	0.00000000	0.00000000	0.00000000	0.00000000	0.00000000	0.00000000
1610.61279297	0.00000000	0.00000000	0.00000000	0.00000000	0.00000000	0.00000000	0.00000000	0.00000000
1717.98693848	0.00000000	0.00000000	0.00000000	0.00000000	0.00000000	0.00000000	0.00000000	0.00000000
1932.73522949	0.00000000	0.00000000	0.00000000	0.00000000	0.00000000	0.00000000	0.00000000	0.00000000
2147.48364258	0.00000000	0.00000000	0.00000000	0.00000000	0.00000000	0.00000000	0.00000000	0.00000000
2362.23193359	0.00000000	0.00000000	0.00000000	0.00000000	0.00000000	0.00000000	0.00000000	0.00000000
2576.98046875	0.00000000	0.00000000	0.00000000	0.00000000	0.00000000	0.00000000	0.00000000	0.00000000
2791.72875977	0.00000000	0.00000000	0.00000000	0.00000000	0.00000000	0.00000000	0.00000000	0.00000000
3006.47705078	0.00000000	0.00000000	0.00000000	0.00000000	0.00000000	0.00000000	0.00000000	0.00000000
3221.22558594	0.00000000	0.00000000	0.00000000	0.00000000	0.00000000	0.00000000	0.00000000	0.00000000
3435.97387695	0.00000000	0.00000000	0.00000000	0.00000000	0.00000000	0.00000000	0.00000000	0.00000000
0	0	0	0	0	0	0	0	0
