%1/8/2019 9:15:16 PM
%Duration	ID1		ID2		ID3		ID4		ID5		ID6		ID7		ID8
13000.000000	128.002167	91.028214	162.229538	35.638809	0.000000	0.000000	0.000000	0.000000
%Tau		Tau1		Tau2		Tau3		Tau4		Tau5		Tau6		Tau7		Tau8
%		0.000666	0.000307	0.000205	0.000128	0.000000	0.000000	0.000000	0.000000
%Delaytime	D1		D2		D3		D4		D5		D6		D7		D8
0.00000020	1.87390304	2.15191293	1.78081203	1.89207113	0.00000000	0.00000000	0.00000000	0.00000000
0.00000040	1.54572809	1.55840445	1.52624834	1.56234038	0.00000000	0.00000000	0.00000000	0.00000000
0.00000060	1.49513113	1.49421179	1.49630868	1.47851050	0.00000000	0.00000000	0.00000000	0.00000000
0.00000080	1.50833476	1.49284399	1.49397969	1.48347819	0.00000000	0.00000000	0.00000000	0.00000000
0.00000100	1.51549089	1.49530590	1.48754430	1.53129220	0.00000000	0.00000000	0.00000000	0.00000000
0.00000120	1.50808275	1.49913561	1.49541998	1.48285723	0.00000000	0.00000000	0.00000000	0.00000000
0.00000140	1.50415194	1.48646116	1.48521531	1.49092972	0.00000000	0.00000000	0.00000000	0.00000000
0.00000160	1.51433182	1.49193215	1.49679899	1.47913146	0.00000000	0.00000000	0.00000000	0.00000000
0.00000180	1.50435352	1.49229693	1.49042487	1.48099434	0.00000000	0.00000000	0.00000000	0.00000000
0.00000200	1.49800372	1.49530590	1.48395896	1.52942932	0.00000000	0.00000000	0.00000000	0.00000000
0.00000220	1.50264001	1.49594426	1.46977055	1.46795416	0.00000000	0.00000000	0.00000000	0.00000000
0.00000240	1.50581491	1.48719072	1.48567498	1.43628502	0.00000000	0.00000000	0.00000000	0.00000000
0.00000260	1.51811147	1.49229693	1.47439778	1.43504310	0.00000000	0.00000000	0.00000000	0.00000000
0.00000280	1.51055217	1.49831498	1.49315226	1.51204240	0.00000000	0.00000000	0.00000000	0.00000000
0.00000300	1.49120033	1.48928785	1.48147666	1.48596203	0.00000000	0.00000000	0.00000000	0.00000000
0.00000320	1.49684453	1.47570169	1.48818779	1.47292185	0.00000000	0.00000000	0.00000000	0.00000000
0.00000360	1.49989355	1.49913561	1.48155332	1.47695804	0.00000000	0.00000000	0.00000000	0.00000000
0.00000400	1.50117862	1.48997176	1.48084843	1.44094229	0.00000000	0.00000000	0.00000000	0.00000000
0.00000440	1.48981440	1.47579288	1.49109912	1.47851050	0.00000000	0.00000000	0.00000000	0.00000000
0.00000480	1.50213611	1.47000277	1.48113966	1.45708728	0.00000000	0.00000000	0.00000000	0.00000000
0.00000520	1.49591231	1.49193215	1.48032749	1.43131733	0.00000000	0.00000000	0.00000000	0.00000000
0.00000560	1.50891423	1.48021519	1.47943890	1.44808328	0.00000000	0.00000000	0.00000000	0.00000000
0.00000600	1.48928523	1.49630892	1.47959208	1.48596203	0.00000000	0.00000000	0.00000000	0.00000000
0.00000640	1.48280942	1.49270725	1.46816170	1.44653094	0.00000000	0.00000000	0.00000000	0.00000000
0.00000720	1.49734855	1.48466039	1.46817696	1.49155068	0.00000000	0.00000000	0.00000000	0.00000000
0.00000800	1.49212003	1.47016227	1.46737254	1.49139547	0.00000000	0.00000000	0.00000000	0.00000000
0.00000880	1.48599696	1.47451627	1.46988547	1.46298647	0.00000000	0.00000000	0.00000000	0.00000000
0.00000960	1.48852932	1.48329258	1.46853709	1.44358134	0.00000000	0.00000000	0.00000000	0.00000000
0.00001040	1.48899543	1.47558773	1.46397865	1.45056725	0.00000000	0.00000000	0.00000000	0.00000000
0.00001120	1.49896121	1.47668183	1.45978808	1.44606519	0.00000000	0.00000000	0.00000000	0.00000000
0.00001200	1.49223340	1.49133945	1.46022475	1.45615590	0.00000000	0.00000000	0.00000000	0.00000000
0.00001280	1.49169159	1.47902977	1.46291375	1.44854903	0.00000000	0.00000000	0.00000000	0.00000000
0.00001440	1.49027431	1.47021925	1.45945859	1.44878197	0.00000000	0.00000000	0.00000000	0.00000000
0.00001600	1.48600960	1.47011673	1.45173240	1.44916999	0.00000000	0.00000000	0.00000000	0.00000000
0.00001760	1.48481894	1.46292472	1.45270157	1.43698359	0.00000000	0.00000000	0.00000000	0.00000000
0.00001920	1.48346460	1.46724451	1.44774866	1.42836785	0.00000000	0.00000000	0.00000000	0.00000000
0.00002080	1.47873378	1.46226358	1.44447732	1.41268849	0.00000000	0.00000000	0.00000000	0.00000000
0.00002240	1.48099518	1.46010935	1.43914902	1.40787601	0.00000000	0.00000000	0.00000000	0.00000000
0.00002400	1.48493230	1.45192575	1.43717623	1.43092930	0.00000000	0.00000000	0.00000000	0.00000000
0.00002560	1.48241889	1.45638227	1.43754780	1.39693165	0.00000000	0.00000000	0.00000000	0.00000000
0.00002880	1.47619998	1.45557976	1.43126798	1.40257251	0.00000000	0.00000000	0.00000000	0.00000000
0.00003200	1.48201835	1.45253837	1.42033601	1.39857149	0.00000000	0.00000000	0.00000000	0.00000000
0.00003520	1.47597969	1.44723368	1.41638291	1.38777256	0.00000000	0.00000000	0.00000000	0.00000000
0.00003840	1.47503483	1.44226408	1.40921187	1.37235117	0.00000000	0.00000000	0.00000000	0.00000000
0.00004160	1.47597885	1.44196784	1.40539920	1.35681319	0.00000000	0.00000000	0.00000000	0.00000000
0.00004480	1.47744834	1.43355799	1.39638007	1.35692978	0.00000000	0.00000000	0.00000000	0.00000000
0.00004800	1.47483337	1.43166506	1.39322531	1.34574246	0.00000000	0.00000000	0.00000000	0.00000000
0.00005120	1.47098577	1.42593312	1.38502920	1.34951043	0.00000000	0.00000000	0.00000000	0.00000000
0.00005760	1.46477056	1.42123699	1.37731206	1.32388008	0.00000000	0.00000000	0.00000000	0.00000000
0.00006400	1.46284735	1.41216290	1.36619580	1.31764472	0.00000000	0.00000000	0.00000000	0.00000000
0.00007040	1.45954359	1.40168595	1.35236418	1.30167758	0.00000000	0.00000000	0.00000000	0.00000000
0.00007680	1.45551455	1.39728415	1.34293103	1.29295862	0.00000000	0.00000000	0.00000000	0.00000000
0.00008320	1.45192051	1.38838673	1.33318567	1.27839279	0.00000000	0.00000000	0.00000000	0.00000000
0.00008960	1.44882286	1.37992847	1.32337201	1.26314425	0.00000000	0.00000000	0.00000000	0.00000000
0.00009600	1.44755006	1.37339294	1.31278598	1.26561117	0.00000000	0.00000000	0.00000000	0.00000000
0.00010240	1.44369090	1.36608636	1.30336714	1.24661362	0.00000000	0.00000000	0.00000000	0.00000000
0.00011520	1.43545938	1.35199463	1.28521800	1.22234106	0.00000000	0.00000000	0.00000000	0.00000000
0.00012800	1.42899597	1.33910370	1.26981378	1.21102166	0.00000000	0.00000000	0.00000000	0.00000000
0.00014080	1.42367804	1.32636034	1.25343716	1.18950391	0.00000000	0.00000000	0.00000000	0.00000000
0.00015360	1.41620445	1.31566453	1.23788834	1.17059827	0.00000000	0.00000000	0.00000000	0.00000000
0.00016640	1.40928662	1.30135798	1.22308540	1.15480244	0.00000000	0.00000000	0.00000000	0.00000000
0.00017920	1.40248036	1.29127252	1.20858455	1.14550722	0.00000000	0.00000000	0.00000000	0.00000000
0.00019200	1.39767885	1.27805686	1.19587195	1.13113618	0.00000000	0.00000000	0.00000000	0.00000000
0.00020480	1.39166188	1.26700664	1.18448031	1.11516297	0.00000000	0.00000000	0.00000000	0.00000000
0.00023040	1.37879241	1.24866772	1.16315508	1.09711397	0.00000000	0.00000000	0.00000000	0.00000000
0.00025600	1.36619878	1.22941732	1.14229572	1.08034372	0.00000000	0.00000000	0.00000000	0.00000000
0.00028160	1.35129035	1.21177900	1.12726760	1.07195616	0.00000000	0.00000000	0.00000000	0.00000000
0.00030720	1.34150040	1.19500136	1.11202097	1.05655956	0.00000000	0.00000000	0.00000000	0.00000000
0.00033280	1.32769799	1.17855358	1.09769166	1.04494894	0.00000000	0.00000000	0.00000000	0.00000000
0.00035840	1.31724477	1.16450679	1.08670855	1.03927481	0.00000000	0.00000000	0.00000000	0.00000000
0.00038400	1.30660462	1.14891982	1.07581723	1.02851367	0.00000000	0.00000000	0.00000000	0.00000000
0.00040960	1.29375529	1.13874805	1.06651115	1.02688277	0.00000000	0.00000000	0.00000000	0.00000000
0.00046080	1.27169752	1.11568451	1.05025482	1.01911807	0.00000000	0.00000000	0.00000000	0.00000000
0.00051200	1.25132215	1.09672928	1.03927112	1.01207078	0.00000000	0.00000000	0.00000000	0.00000000
0.00056320	1.23067915	1.08138466	1.03073466	1.00547969	0.00000000	0.00000000	0.00000000	0.00000000
0.00061440	1.21198595	1.06826031	1.02406251	1.00463033	0.00000000	0.00000000	0.00000000	0.00000000
0.00066560	1.19455814	1.05786645	1.01971054	1.00505495	0.00000000	0.00000000	0.00000000	0.00000000
0.00071680	1.17836571	1.04981112	1.01653588	1.00077176	0.00000000	0.00000000	0.00000000	0.00000000
0.00076800	1.16233659	1.04161572	1.01458824	1.00294614	0.00000000	0.00000000	0.00000000	0.00000000
0.00081920	1.14795744	1.03494370	1.01081347	1.00155818	0.00000000	0.00000000	0.00000000	0.00000000
0.00092160	1.12256825	1.02401102	1.00858581	0.99708271	0.00000000	0.00000000	0.00000000	0.00000000
0.00102400	1.10051858	1.01723075	1.00654066	0.99663490	0.00000000	0.00000000	0.00000000	0.00000000
0.00112640	1.08232927	1.01056480	1.00567377	1.00010264	0.00000000	0.00000000	0.00000000	0.00000000
0.00122880	1.06695044	1.00557756	1.00411332	1.00216925	0.00000000	0.00000000	0.00000000	0.00000000
0.00133120	1.05367672	1.00330448	1.00314128	0.99860495	0.00000000	0.00000000	0.00000000	0.00000000
0.00143360	1.04287302	1.00174391	1.00258505	1.00051260	0.00000000	0.00000000	0.00000000	0.00000000
0.00153600	1.03369176	1.00188923	1.00227177	1.00214863	0.00000000	0.00000000	0.00000000	0.00000000
0.00163840	1.02716053	1.00358307	1.00256884	1.00047028	0.00000000	0.00000000	0.00000000	0.00000000
0.00184320	1.01792932	1.00303257	1.00288665	1.00147021	0.00000000	0.00000000	0.00000000	0.00000000
0.00204800	1.01346564	1.00157511	1.00111783	1.00248945	0.00000000	0.00000000	0.00000000	0.00000000
0.00225280	1.00931728	1.00071192	1.00014472	1.00259781	0.00000000	0.00000000	0.00000000	0.00000000
0.00245760	1.00584781	1.00064147	0.99937987	1.00015986	0.00000000	0.00000000	0.00000000	0.00000000
0.00266240	1.00335503	0.99973929	0.99927509	1.00255084	0.00000000	0.00000000	0.00000000	0.00000000
0.00286720	1.00176597	0.99968070	0.99948984	1.00098002	0.00000000	0.00000000	0.00000000	0.00000000
0.00307200	1.00104904	0.99834454	0.99727291	1.00059915	0.00000000	0.00000000	0.00000000	0.00000000
0.00327680	1.00122488	0.99839282	0.99614656	0.99891621	0.00000000	0.00000000	0.00000000	0.00000000
0.00368640	1.00033045	1.00113976	0.99927253	1.00030243	0.00000000	0.00000000	0.00000000	0.00000000
0.00409600	1.00020564	1.00068140	1.00026429	1.00184762	0.00000000	0.00000000	0.00000000	0.00000000
0.00450560	0.99772900	0.99828082	0.99855012	0.99683237	0.00000000	0.00000000	0.00000000	0.00000000
0.00491520	0.99814308	0.99833447	0.99998766	0.99799854	0.00000000	0.00000000	0.00000000	0.00000000
0.00532480	0.99909252	0.99815023	1.00190341	1.00036120	0.00000000	0.00000000	0.00000000	0.00000000
0.00573440	1.00086558	1.00004721	1.00269580	1.00160289	0.00000000	0.00000000	0.00000000	0.00000000
0.00614400	1.00067270	1.00021410	1.00159812	1.00193143	0.00000000	0.00000000	0.00000000	0.00000000
0.00655360	1.00160778	1.00117481	0.99999988	1.00077832	0.00000000	0.00000000	0.00000000	0.00000000
0.00737280	0.99940360	1.00161779	0.99963903	0.99930888	0.00000000	0.00000000	0.00000000	0.00000000
0.00819200	1.00000131	1.00170994	0.99988753	0.99917376	0.00000000	0.00000000	0.00000000	0.00000000
0.00901120	0.99925262	0.99997288	1.00004017	1.00014973	0.00000000	0.00000000	0.00000000	0.00000000
0.00983040	0.99767661	0.99852246	0.99936110	1.00224829	0.00000000	0.00000000	0.00000000	0.00000000
0.01064960	0.99992234	0.99744970	0.99952292	1.00121295	0.00000000	0.00000000	0.00000000	0.00000000
0.01146880	1.00156379	0.99898005	0.99890852	0.99946207	0.00000000	0.00000000	0.00000000	0.00000000
0.01228800	0.99978507	0.99922323	0.99914163	1.00111949	0.00000000	0.00000000	0.00000000	0.00000000
0.01310720	0.99967110	1.00018752	0.99825752	1.00108230	0.00000000	0.00000000	0.00000000	0.00000000
0.01474560	1.00275218	0.99970317	0.99862665	1.00086927	0.00000000	0.00000000	0.00000000	0.00000000
0.01638400	0.99602997	0.99970919	0.99913150	1.00011075	0.00000000	0.00000000	0.00000000	0.00000000
0.01802240	0.99609119	0.99947399	0.99819130	1.00015211	0.00000000	0.00000000	0.00000000	0.00000000
0.01966080	0.99935162	0.99979460	0.99979550	1.00004864	0.00000000	0.00000000	0.00000000	0.00000000
0.02129920	1.00325489	1.00093174	0.99757743	1.00070047	0.00000000	0.00000000	0.00000000	0.00000000
0.02293760	1.00224972	0.99974364	0.99942619	0.99941385	0.00000000	0.00000000	0.00000000	0.00000000
0.02457600	1.00173020	0.99625802	0.99898052	0.99936694	0.00000000	0.00000000	0.00000000	0.00000000
0.02621440	1.00006795	1.00054312	1.00043201	0.99893796	0.00000000	0.00000000	0.00000000	0.00000000
0.02949120	0.99946225	0.99942881	1.00023663	0.99895656	0.00000000	0.00000000	0.00000000	0.00000000
0.03276800	1.00153792	0.99936336	1.00118446	1.00034404	0.00000000	0.00000000	0.00000000	0.00000000
0.03604480	0.99727553	1.00015783	1.00090504	1.00016737	0.00000000	0.00000000	0.00000000	0.00000000
0.03932160	1.00135720	0.99950427	0.99956268	1.00075173	0.00000000	0.00000000	0.00000000	0.00000000
0.04259840	1.00062501	0.99929541	1.00010395	1.00041580	0.00000000	0.00000000	0.00000000	0.00000000
0.04587520	1.00166583	1.00076807	1.00009716	1.00060308	0.00000000	0.00000000	0.00000000	0.00000000
0.04915200	0.99859017	1.00116026	0.99844664	0.99873978	0.00000000	0.00000000	0.00000000	0.00000000
0.05242880	0.99973327	1.00025260	0.99849749	1.00015676	0.00000000	0.00000000	0.00000000	0.00000000
0.05898240	1.00156295	0.99960881	0.99979413	1.00082159	0.00000000	0.00000000	0.00000000	0.00000000
0.06553600	0.99951953	1.00070560	0.99936146	1.00072038	0.00000000	0.00000000	0.00000000	0.00000000
0.07208960	0.99961853	0.99945229	0.99988365	1.00073910	0.00000000	0.00000000	0.00000000	0.00000000
0.07864320	1.00086772	1.00225711	0.99924558	0.99965280	0.00000000	0.00000000	0.00000000	0.00000000
0.08519680	1.00056374	0.99971163	0.99980116	0.99939626	0.00000000	0.00000000	0.00000000	0.00000000
0.09175040	0.99791121	0.99998748	0.99931979	0.99906057	0.00000000	0.00000000	0.00000000	0.00000000
0.09830400	0.99899632	1.00010455	1.00076556	0.99917704	0.00000000	0.00000000	0.00000000	0.00000000
0.10485760	0.99708706	1.00038052	1.00017107	1.00093746	0.00000000	0.00000000	0.00000000	0.00000000
0.11796480	1.00100648	1.00010228	1.00048232	0.99998951	0.00000000	0.00000000	0.00000000	0.00000000
0.13107200	1.00171900	1.00021839	1.00014091	1.00009108	0.00000000	0.00000000	0.00000000	0.00000000
0.14417920	0.99969566	1.00020325	1.00026023	1.00009978	0.00000000	0.00000000	0.00000000	0.00000000
0.15728641	0.99853408	0.99971300	1.00039828	0.99963242	0.00000000	0.00000000	0.00000000	0.00000000
0.17039360	1.00001109	1.00122285	1.00082791	1.00007808	0.00000000	0.00000000	0.00000000	0.00000000
0.18350080	1.00182521	1.00076723	0.99975491	1.00019336	0.00000000	0.00000000	0.00000000	0.00000000
0.19660801	0.99989253	1.00045371	0.99989229	1.00009453	0.00000000	0.00000000	0.00000000	0.00000000
0.20971520	0.99921727	1.00019395	0.99973398	1.00021231	0.00000000	0.00000000	0.00000000	0.00000000
0.23592959	1.00060618	1.00034070	0.99980396	0.99961060	0.00000000	0.00000000	0.00000000	0.00000000
0.26214400	1.00128019	0.99987149	0.99983227	0.99943948	0.00000000	0.00000000	0.00000000	0.00000000
0.28835839	1.00114715	0.99980760	1.00021565	1.00001788	0.00000000	0.00000000	0.00000000	0.00000000
0.31457281	0.99987698	1.00003874	1.00022626	1.00049603	0.00000000	0.00000000	0.00000000	0.00000000
0.34078720	0.99997699	0.99992722	0.99981302	0.99985522	0.00000000	0.00000000	0.00000000	0.00000000
0.36700159	0.99837863	1.00033605	0.99973083	0.99992621	0.00000000	0.00000000	0.00000000	0.00000000
0.39321601	1.00023091	1.00037396	0.99947298	1.00019717	0.00000000	0.00000000	0.00000000	0.00000000
0.41943040	1.00001526	1.00016713	0.99995333	0.99970603	0.00000000	0.00000000	0.00000000	0.00000000
0.47185919	0.99964154	1.00009561	0.99986106	0.99997699	0.00000000	0.00000000	0.00000000	0.00000000
0.52428800	0.99961644	0.99988902	0.99970084	0.99988300	0.00000000	0.00000000	0.00000000	0.00000000
0.57671678	0.99954963	1.00027561	1.00003684	1.00006318	0.00000000	0.00000000	0.00000000	0.00000000
0.62914562	0.99956310	0.99999899	0.99992102	0.99991924	0.00000000	0.00000000	0.00000000	0.00000000
0.68157440	1.00083327	0.99992383	0.99996483	1.00011230	0.00000000	0.00000000	0.00000000	0.00000000
0.73400319	0.99952203	1.00008285	1.00003982	1.00015366	0.00000000	0.00000000	0.00000000	0.00000000
0.78643203	0.99977767	0.99912190	0.99993038	0.99994695	0.00000000	0.00000000	0.00000000	0.00000000
0.83886081	0.99986482	0.99991083	1.00001180	0.99994832	0.00000000	0.00000000	0.00000000	0.00000000
0.94371837	0.99953860	1.00013185	1.00013077	1.00013053	0.00000000	0.00000000	0.00000000	0.00000000
1.04857600	0.99971831	1.00013947	1.00002468	1.00009298	0.00000000	0.00000000	0.00000000	0.00000000
1.15343356	0.99977481	0.99998742	0.99994826	1.00001168	0.00000000	0.00000000	0.00000000	0.00000000
1.25829124	1.00044489	1.00003588	1.00015271	1.00003672	0.00000000	0.00000000	0.00000000	0.00000000
1.36314881	1.00000620	0.99981219	0.99995142	0.99982613	0.00000000	0.00000000	0.00000000	0.00000000
1.46800637	1.00047505	0.99961388	0.99996531	0.99981785	0.00000000	0.00000000	0.00000000	0.00000000
1.57286406	0.99992836	0.99988049	1.00012016	1.00019467	0.00000000	0.00000000	0.00000000	0.00000000
1.67772162	1.00054753	1.00007558	1.00006056	0.99990493	0.00000000	0.00000000	0.00000000	0.00000000
1.88743675	1.00008786	0.99976236	1.00012195	1.00015855	0.00000000	0.00000000	0.00000000	0.00000000
2.09715199	0.99969214	1.00002277	0.99994212	1.00005424	0.00000000	0.00000000	0.00000000	0.00000000
2.30686712	0.99979109	1.00022018	1.00001192	0.99998063	0.00000000	0.00000000	0.00000000	0.00000000
2.51658249	1.00037825	0.99989814	1.00001180	0.99995857	0.00000000	0.00000000	0.00000000	0.00000000
2.72629762	1.00029016	1.00011456	0.99990779	0.99993283	0.00000000	0.00000000	0.00000000	0.00000000
2.93601274	0.99938905	0.99982196	1.00002718	1.00005102	0.00000000	0.00000000	0.00000000	0.00000000
3.14572811	0.99992722	0.99984241	1.00008726	1.00000465	0.00000000	0.00000000	0.00000000	0.00000000
3.35544324	1.00013828	1.00012732	0.99986660	0.99997449	0.00000000	0.00000000	0.00000000	0.00000000
3.77487350	0.99967939	0.99995053	1.00006211	1.00016582	0.00000000	0.00000000	0.00000000	0.00000000
4.19430399	0.99993896	0.99988717	1.00001597	0.99994236	0.00000000	0.00000000	0.00000000	0.00000000
4.61373425	1.00009084	1.00031328	0.99992913	1.00002551	0.00000000	0.00000000	0.00000000	0.00000000
5.03316498	1.00049412	1.00006032	1.00000930	0.99998999	0.00000000	0.00000000	0.00000000	0.00000000
5.45259523	1.00010192	1.00008976	0.99996376	1.00009739	0.00000000	0.00000000	0.00000000	0.00000000
5.87202549	1.00018144	0.99967009	1.00002241	1.00002301	0.00000000	0.00000000	0.00000000	0.00000000
6.29145622	0.99983156	0.99975097	1.00000334	0.99998760	0.00000000	0.00000000	0.00000000	0.00000000
6.71088648	1.00006914	0.99992609	1.00008619	0.99995899	0.00000000	0.00000000	0.00000000	0.00000000
7.54974699	1.00008905	1.00004685	0.99999613	1.00003076	0.00000000	0.00000000	0.00000000	0.00000000
8.38860798	0.99986869	0.99991602	1.00000226	1.00000477	0.00000000	0.00000000	0.00000000	0.00000000
9.22746849	1.00007844	1.00013113	0.99993873	1.00003743	0.00000000	0.00000000	0.00000000	0.00000000
10.06632996	1.00005305	1.00008106	1.00001669	1.00002348	0.00000000	0.00000000	0.00000000	0.00000000
10.90519047	0.99999326	0.99973518	1.00006008	1.00006223	0.00000000	0.00000000	0.00000000	0.00000000
11.74405098	1.00017583	1.00009179	0.99995595	1.00006258	0.00000000	0.00000000	0.00000000	0.00000000
12.58291245	1.00005054	1.00012362	1.00002480	0.99997431	0.00000000	0.00000000	0.00000000	0.00000000
13.42177296	0.99991143	0.99985558	1.00001347	1.00001395	0.00000000	0.00000000	0.00000000	0.00000000
15.09949398	1.00011909	1.00006104	0.99997777	0.99992704	0.00000000	0.00000000	0.00000000	0.00000000
16.77721596	0.99999160	0.99998069	1.00002277	1.00005054	0.00000000	0.00000000	0.00000000	0.00000000
18.45493698	1.00006258	1.00003386	1.00000143	1.00001085	0.00000000	0.00000000	0.00000000	0.00000000
20.13265991	0.99997520	1.00000739	0.99997288	0.99996090	0.00000000	0.00000000	0.00000000	0.00000000
21.81038094	1.00000000	1.00000000	1.00000000	1.00000000	0.00000000	0.00000000	0.00000000	0.00000000
23.48810196	0.00000000	0.00000000	0.00000000	0.00000000	0.00000000	0.00000000	0.00000000	0.00000000
25.16582489	0.00000000	0.00000000	0.00000000	0.00000000	0.00000000	0.00000000	0.00000000	0.00000000
26.84354591	0.00000000	0.00000000	0.00000000	0.00000000	0.00000000	0.00000000	0.00000000	0.00000000
30.19898796	0.00000000	0.00000000	0.00000000	0.00000000	0.00000000	0.00000000	0.00000000	0.00000000
33.55443192	0.00000000	0.00000000	0.00000000	0.00000000	0.00000000	0.00000000	0.00000000	0.00000000
36.90987396	0.00000000	0.00000000	0.00000000	0.00000000	0.00000000	0.00000000	0.00000000	0.00000000
40.26531982	0.00000000	0.00000000	0.00000000	0.00000000	0.00000000	0.00000000	0.00000000	0.00000000
43.62076187	0.00000000	0.00000000	0.00000000	0.00000000	0.00000000	0.00000000	0.00000000	0.00000000
46.97620392	0.00000000	0.00000000	0.00000000	0.00000000	0.00000000	0.00000000	0.00000000	0.00000000
50.33164978	0.00000000	0.00000000	0.00000000	0.00000000	0.00000000	0.00000000	0.00000000	0.00000000
53.68709183	0.00000000	0.00000000	0.00000000	0.00000000	0.00000000	0.00000000	0.00000000	0.00000000
60.39797592	0.00000000	0.00000000	0.00000000	0.00000000	0.00000000	0.00000000	0.00000000	0.00000000
67.10886383	0.00000000	0.00000000	0.00000000	0.00000000	0.00000000	0.00000000	0.00000000	0.00000000
73.81974792	0.00000000	0.00000000	0.00000000	0.00000000	0.00000000	0.00000000	0.00000000	0.00000000
80.53063965	0.00000000	0.00000000	0.00000000	0.00000000	0.00000000	0.00000000	0.00000000	0.00000000
87.24152374	0.00000000	0.00000000	0.00000000	0.00000000	0.00000000	0.00000000	0.00000000	0.00000000
93.95240784	0.00000000	0.00000000	0.00000000	0.00000000	0.00000000	0.00000000	0.00000000	0.00000000
100.66329956	0.00000000	0.00000000	0.00000000	0.00000000	0.00000000	0.00000000	0.00000000	0.00000000
107.37418365	0.00000000	0.00000000	0.00000000	0.00000000	0.00000000	0.00000000	0.00000000	0.00000000
120.79595184	0.00000000	0.00000000	0.00000000	0.00000000	0.00000000	0.00000000	0.00000000	0.00000000
134.21772766	0.00000000	0.00000000	0.00000000	0.00000000	0.00000000	0.00000000	0.00000000	0.00000000
147.63949585	0.00000000	0.00000000	0.00000000	0.00000000	0.00000000	0.00000000	0.00000000	0.00000000
161.06127930	0.00000000	0.00000000	0.00000000	0.00000000	0.00000000	0.00000000	0.00000000	0.00000000
174.48304749	0.00000000	0.00000000	0.00000000	0.00000000	0.00000000	0.00000000	0.00000000	0.00000000
187.90481567	0.00000000	0.00000000	0.00000000	0.00000000	0.00000000	0.00000000	0.00000000	0.00000000
201.32659912	0.00000000	0.00000000	0.00000000	0.00000000	0.00000000	0.00000000	0.00000000	0.00000000
214.74836731	0.00000000	0.00000000	0.00000000	0.00000000	0.00000000	0.00000000	0.00000000	0.00000000
241.59190369	0.00000000	0.00000000	0.00000000	0.00000000	0.00000000	0.00000000	0.00000000	0.00000000
268.43545532	0.00000000	0.00000000	0.00000000	0.00000000	0.00000000	0.00000000	0.00000000	0.00000000
295.27899170	0.00000000	0.00000000	0.00000000	0.00000000	0.00000000	0.00000000	0.00000000	0.00000000
322.12255859	0.00000000	0.00000000	0.00000000	0.00000000	0.00000000	0.00000000	0.00000000	0.00000000
348.96609497	0.00000000	0.00000000	0.00000000	0.00000000	0.00000000	0.00000000	0.00000000	0.00000000
375.80963135	0.00000000	0.00000000	0.00000000	0.00000000	0.00000000	0.00000000	0.00000000	0.00000000
402.65319824	0.00000000	0.00000000	0.00000000	0.00000000	0.00000000	0.00000000	0.00000000	0.00000000
429.49673462	0.00000000	0.00000000	0.00000000	0.00000000	0.00000000	0.00000000	0.00000000	0.00000000
483.18380737	0.00000000	0.00000000	0.00000000	0.00000000	0.00000000	0.00000000	0.00000000	0.00000000
536.87091064	0.00000000	0.00000000	0.00000000	0.00000000	0.00000000	0.00000000	0.00000000	0.00000000
590.55798340	0.00000000	0.00000000	0.00000000	0.00000000	0.00000000	0.00000000	0.00000000	0.00000000
644.24511719	0.00000000	0.00000000	0.00000000	0.00000000	0.00000000	0.00000000	0.00000000	0.00000000
697.93218994	0.00000000	0.00000000	0.00000000	0.00000000	0.00000000	0.00000000	0.00000000	0.00000000
751.61926270	0.00000000	0.00000000	0.00000000	0.00000000	0.00000000	0.00000000	0.00000000	0.00000000
805.30639648	0.00000000	0.00000000	0.00000000	0.00000000	0.00000000	0.00000000	0.00000000	0.00000000
858.99346924	0.00000000	0.00000000	0.00000000	0.00000000	0.00000000	0.00000000	0.00000000	0.00000000
966.36761475	0.00000000	0.00000000	0.00000000	0.00000000	0.00000000	0.00000000	0.00000000	0.00000000
1073.74182129	0.00000000	0.00000000	0.00000000	0.00000000	0.00000000	0.00000000	0.00000000	0.00000000
1181.11596680	0.00000000	0.00000000	0.00000000	0.00000000	0.00000000	0.00000000	0.00000000	0.00000000
1288.49023437	0.00000000	0.00000000	0.00000000	0.00000000	0.00000000	0.00000000	0.00000000	0.00000000
1395.86437988	0.00000000	0.00000000	0.00000000	0.00000000	0.00000000	0.00000000	0.00000000	0.00000000
1503.23852539	0.00000000	0.00000000	0.00000000	0.00000000	0.00000000	0.00000000	0.00000000	0.00000000
1610.61279297	0.00000000	0.00000000	0.00000000	0.00000000	0.00000000	0.00000000	0.00000000	0.00000000
1717.98693848	0.00000000	0.00000000	0.00000000	0.00000000	0.00000000	0.00000000	0.00000000	0.00000000
1932.73522949	0.00000000	0.00000000	0.00000000	0.00000000	0.00000000	0.00000000	0.00000000	0.00000000
2147.48364258	0.00000000	0.00000000	0.00000000	0.00000000	0.00000000	0.00000000	0.00000000	0.00000000
2362.23193359	0.00000000	0.00000000	0.00000000	0.00000000	0.00000000	0.00000000	0.00000000	0.00000000
2576.98046875	0.00000000	0.00000000	0.00000000	0.00000000	0.00000000	0.00000000	0.00000000	0.00000000
2791.72875977	0.00000000	0.00000000	0.00000000	0.00000000	0.00000000	0.00000000	0.00000000	0.00000000
3006.47705078	0.00000000	0.00000000	0.00000000	0.00000000	0.00000000	0.00000000	0.00000000	0.00000000
3221.22558594	0.00000000	0.00000000	0.00000000	0.00000000	0.00000000	0.00000000	0.00000000	0.00000000
3435.97387695	0.00000000	0.00000000	0.00000000	0.00000000	0.00000000	0.00000000	0.00000000	0.00000000
0	0	0	0	0	0	0	0	0
