%1/8/2019 9:15:57 PM
%Duration	ID1		ID2		ID3		ID4		ID5		ID6		ID7		ID8
13000.000000	127.534866	89.654922	155.677795	34.246445	0.000000	0.000000	0.000000	0.000000
%Tau		Tau1		Tau2		Tau3		Tau4		Tau5		Tau6		Tau7		Tau8
%		0.000666	0.000307	0.000205	0.000128	0.000000	0.000000	0.000000	0.000000
%Delaytime	D1		D2		D3		D4		D5		D6		D7		D8
0.00000020	1.84418452	2.18331814	1.78370202	1.89980495	0.00000000	0.00000000	0.00000000	0.00000000
0.00000040	1.55963099	1.56382704	1.54143643	1.56983554	0.00000000	0.00000000	0.00000000	0.00000000
0.00000060	1.51954222	1.48921299	1.50388741	1.55060804	0.00000000	0.00000000	0.00000000	0.00000000
0.00000080	1.51474178	1.49581027	1.50572133	1.50098848	0.00000000	0.00000000	0.00000000	0.00000000
0.00000100	1.49911487	1.50677466	1.50081015	1.54254484	0.00000000	0.00000000	0.00000000	0.00000000
0.00000120	1.51979756	1.51151359	1.49049032	1.57293677	0.00000000	0.00000000	0.00000000	0.00000000
0.00000140	1.48808408	1.49376607	1.48473990	1.52579820	0.00000000	0.00000000	0.00000000	0.00000000
0.00000160	1.49635720	1.49562442	1.48001516	1.47369778	0.00000000	0.00000000	0.00000000	0.00000000
0.00000180	1.50080013	1.47499645	1.49120522	1.49602664	0.00000000	0.00000000	0.00000000	0.00000000
0.00000200	1.52572155	1.47796977	1.48063684	1.47741926	0.00000000	0.00000000	0.00000000	0.00000000
0.00000220	1.49104607	1.48744750	1.50882971	1.52021611	0.00000000	0.00000000	0.00000000	0.00000000
0.00000240	1.49487615	1.49525273	1.49136066	1.54688656	0.00000000	0.00000000	0.00000000	0.00000000
0.00000260	1.50774550	1.50528800	1.49201345	1.48114073	0.00000000	0.00000000	0.00000000	0.00000000
0.00000280	1.50825620	1.49395192	1.47930026	1.51773512	0.00000000	0.00000000	0.00000000	0.00000000
0.00000300	1.50881791	1.50324380	1.49213779	1.49726701	0.00000000	0.00000000	0.00000000	0.00000000
0.00000320	1.48655200	1.47406721	1.48436689	1.45819175	0.00000000	0.00000000	0.00000000	0.00000000
0.00000360	1.50171936	1.49887657	1.47675133	1.45602095	0.00000000	0.00000000	0.00000000	0.00000000
0.00000400	1.50644326	1.48805153	1.48079228	1.48734319	0.00000000	0.00000000	0.00000000	0.00000000
0.00000440	1.49262917	1.47662246	1.48494196	1.50067842	0.00000000	0.00000000	0.00000000	0.00000000
0.00000480	1.48982048	1.48614669	1.47065902	1.46067274	0.00000000	0.00000000	0.00000000	0.00000000
0.00000520	1.50197470	1.46891022	1.47358084	1.46656501	0.00000000	0.00000000	0.00000000	0.00000000
0.00000560	1.50731134	1.48349845	1.47976649	1.48207116	0.00000000	0.00000000	0.00000000	0.00000000
0.00000600	1.49722540	1.48503160	1.47797918	1.50315940	0.00000000	0.00000000	0.00000000	0.00000000
0.00000640	1.49247599	1.47810924	1.47597432	1.47276747	0.00000000	0.00000000	0.00000000	0.00000000
0.00000720	1.49653590	1.48387015	1.47476208	1.49664688	0.00000000	0.00000000	0.00000000	0.00000000
0.00000800	1.50376213	1.48990989	1.47148275	1.46315372	0.00000000	0.00000000	0.00000000	0.00000000
0.00000880	1.49636996	1.48242998	1.47905159	1.44501162	0.00000000	0.00000000	0.00000000	0.00000000
0.00000960	1.48873520	1.47532165	1.47618413	1.48253632	0.00000000	0.00000000	0.00000000	0.00000000
0.00001040	1.49552727	1.47652960	1.46852195	1.44764757	0.00000000	0.00000000	0.00000000	0.00000000
0.00001120	1.48805857	1.47369552	1.46792364	1.46330869	0.00000000	0.00000000	0.00000000	0.00000000
0.00001200	1.49601245	1.47673869	1.46330774	1.41167355	0.00000000	0.00000000	0.00000000	0.00000000
0.00001280	1.49128866	1.47100091	1.46490073	1.44361603	0.00000000	0.00000000	0.00000000	0.00000000
0.00001440	1.48786068	1.47051311	1.46085215	1.44353855	0.00000000	0.00000000	0.00000000	0.00000000
0.00001600	1.48724151	1.46593678	1.45541251	1.44725990	0.00000000	0.00000000	0.00000000	0.00000000
0.00001760	1.49053538	1.47529840	1.45235074	1.42221761	0.00000000	0.00000000	0.00000000	0.00000000
0.00001920	1.48834586	1.46705186	1.44989908	1.43128872	0.00000000	0.00000000	0.00000000	0.00000000
0.00002080	1.48393476	1.46645951	1.44513547	1.40733182	0.00000000	0.00000000	0.00000000	0.00000000
0.00002240	1.48495615	1.45978093	1.44510055	1.40609133	0.00000000	0.00000000	0.00000000	0.00000000
0.00002400	1.48444545	1.46131408	1.43880606	1.41260386	0.00000000	0.00000000	0.00000000	0.00000000
0.00002560	1.48823726	1.44804990	1.43333149	1.41012287	0.00000000	0.00000000	0.00000000	0.00000000
0.00002880	1.48368788	1.44919407	1.42926252	1.39569402	0.00000000	0.00000000	0.00000000	0.00000000
0.00003200	1.48080528	1.44592583	1.42412877	1.38282478	0.00000000	0.00000000	0.00000000	0.00000000
0.00003520	1.48011255	1.44707525	1.41546440	1.40150845	0.00000000	0.00000000	0.00000000	0.00000000
0.00003840	1.47725642	1.44393587	1.41407084	1.37046254	0.00000000	0.00000000	0.00000000	0.00000000
0.00004160	1.47692764	1.43530941	1.40662158	1.37305963	0.00000000	0.00000000	0.00000000	0.00000000
0.00004480	1.47470272	1.43821776	1.40118229	1.37445509	0.00000000	0.00000000	0.00000000	0.00000000
0.00004800	1.47819400	1.42899346	1.39309382	1.36104310	0.00000000	0.00000000	0.00000000	0.00000000
0.00005120	1.47140288	1.42626512	1.38848400	1.36674130	0.00000000	0.00000000	0.00000000	0.00000000
0.00005760	1.46887219	1.41711581	1.37668478	1.34159100	0.00000000	0.00000000	0.00000000	0.00000000
0.00006400	1.46463394	1.40948963	1.36701667	1.32531548	0.00000000	0.00000000	0.00000000	0.00000000
0.00007040	1.46464121	1.40399718	1.35757399	1.30371153	0.00000000	0.00000000	0.00000000	0.00000000
0.00007680	1.45816338	1.39509666	1.34620750	1.29210556	0.00000000	0.00000000	0.00000000	0.00000000
0.00008320	1.45452046	1.38891625	1.33659625	1.29160178	0.00000000	0.00000000	0.00000000	0.00000000
0.00008960	1.45194411	1.38211167	1.32690394	1.27220666	0.00000000	0.00000000	0.00000000	0.00000000
0.00009600	1.44891262	1.37531865	1.31591308	1.26395261	0.00000000	0.00000000	0.00000000	0.00000000
0.00010240	1.44816804	1.36710036	1.30841792	1.24211633	0.00000000	0.00000000	0.00000000	0.00000000
0.00011520	1.44026244	1.35458899	1.29192805	1.23809564	0.00000000	0.00000000	0.00000000	0.00000000
0.00012800	1.43423140	1.33914590	1.27332699	1.21485031	0.00000000	0.00000000	0.00000000	0.00000000
0.00014080	1.42482805	1.32569683	1.25819123	1.19301701	0.00000000	0.00000000	0.00000000	0.00000000
0.00015360	1.41976202	1.31606925	1.24332225	1.18351865	0.00000000	0.00000000	0.00000000	0.00000000
0.00016640	1.41425395	1.30180717	1.22972393	1.16980803	0.00000000	0.00000000	0.00000000	0.00000000
0.00017920	1.40721238	1.29006374	1.21594155	1.15136886	0.00000000	0.00000000	0.00000000	0.00000000
0.00019200	1.39982450	1.28106081	1.20277536	1.13772595	0.00000000	0.00000000	0.00000000	0.00000000
0.00020480	1.39498615	1.26811588	1.19215429	1.13257611	0.00000000	0.00000000	0.00000000	0.00000000
0.00023040	1.38227046	1.24923491	1.17005920	1.11215925	0.00000000	0.00000000	0.00000000	0.00000000
0.00025600	1.36795628	1.23168039	1.15026021	1.09366035	0.00000000	0.00000000	0.00000000	0.00000000
0.00028160	1.35472167	1.21432698	1.13321424	1.07410312	0.00000000	0.00000000	0.00000000	0.00000000
0.00030720	1.34102201	1.19731867	1.11854064	1.06587076	0.00000000	0.00000000	0.00000000	0.00000000
0.00033280	1.33080852	1.18147397	1.10548341	1.05621481	0.00000000	0.00000000	0.00000000	0.00000000
0.00035840	1.31809866	1.16606534	1.09377968	1.04338408	0.00000000	0.00000000	0.00000000	0.00000000
0.00038400	1.30654657	1.15679753	1.08255899	1.04489529	0.00000000	0.00000000	0.00000000	0.00000000
0.00040960	1.29464090	1.14268982	1.07362294	1.03561711	0.00000000	0.00000000	0.00000000	0.00000000
0.00046080	1.27294397	1.12279999	1.05773044	1.02401280	0.00000000	0.00000000	0.00000000	0.00000000
0.00051200	1.25155473	1.10487568	1.04590416	1.01624382	0.00000000	0.00000000	0.00000000	0.00000000
0.00056320	1.23109508	1.08856130	1.03675628	1.01391971	0.00000000	0.00000000	0.00000000	0.00000000
0.00061440	1.21235478	1.07551801	1.02826977	1.01074576	0.00000000	0.00000000	0.00000000	0.00000000
0.00066560	1.19242632	1.06361580	1.02204072	1.00989652	0.00000000	0.00000000	0.00000000	0.00000000
0.00071680	1.17557919	1.05190599	1.01685476	1.00532079	0.00000000	0.00000000	0.00000000	0.00000000
0.00076800	1.15969765	1.04335308	1.01284933	1.00089514	0.00000000	0.00000000	0.00000000	0.00000000
0.00081920	1.14548635	1.03678727	1.01041007	1.00274253	0.00000000	0.00000000	0.00000000	0.00000000
0.00092160	1.11744380	1.02530360	1.00692487	0.99800378	0.00000000	0.00000000	0.00000000	0.00000000
0.00102400	1.09546745	1.01818502	1.00468349	1.00083137	0.00000000	0.00000000	0.00000000	0.00000000
0.00112640	1.07762182	1.01118863	1.00327051	0.99738133	0.00000000	0.00000000	0.00000000	0.00000000
0.00122880	1.06239438	1.00619423	1.00353193	0.99723941	0.00000000	0.00000000	0.00000000	0.00000000
0.00133120	1.05023873	1.00514615	1.00205684	0.99966955	0.00000000	0.00000000	0.00000000	0.00000000
0.00143360	1.03941047	1.00261104	1.00130224	0.99993467	0.00000000	0.00000000	0.00000000	0.00000000
0.00153600	1.03137732	1.00162423	1.00001431	1.00305831	0.00000000	0.00000000	0.00000000	0.00000000
0.00163840	1.02440572	1.00198877	1.00012958	1.00137627	0.00000000	0.00000000	0.00000000	0.00000000
0.00184320	1.01599371	0.99848175	0.99985135	0.99930882	0.00000000	0.00000000	0.00000000	0.00000000
0.00204800	1.00965166	0.99700654	0.99979317	1.00303233	0.00000000	0.00000000	0.00000000	0.00000000
0.00225280	1.00697803	0.99654627	0.99945647	1.00260007	0.00000000	0.00000000	0.00000000	0.00000000
0.00245760	1.00570369	0.99608183	0.99994737	0.99761605	0.00000000	0.00000000	0.00000000	0.00000000
0.00266240	1.00355208	0.99858654	0.99901998	1.00081837	0.00000000	0.00000000	0.00000000	0.00000000
0.00286720	1.00237250	1.00044060	0.99976754	1.00302184	0.00000000	0.00000000	0.00000000	0.00000000
0.00307200	1.00253737	1.00160480	1.00094581	0.99972111	0.00000000	0.00000000	0.00000000	0.00000000
0.00327680	1.00259638	1.00346196	1.00091147	0.99786222	0.00000000	0.00000000	0.00000000	0.00000000
0.00368640	1.00442791	1.00140798	0.99948615	0.99809158	0.00000000	0.00000000	0.00000000	0.00000000
0.00409600	1.00692248	0.99917591	1.00087202	0.99911636	0.00000000	0.00000000	0.00000000	0.00000000
0.00450560	1.00861847	1.00099194	1.00309157	0.99734396	0.00000000	0.00000000	0.00000000	0.00000000
0.00491520	1.00574648	1.00142837	1.00116849	0.99968964	0.00000000	0.00000000	0.00000000	0.00000000
0.00532480	1.00330544	1.00184143	0.99826348	0.99854070	0.00000000	0.00000000	0.00000000	0.00000000
0.00573440	1.00384009	1.00106859	0.99612808	1.00011289	0.00000000	0.00000000	0.00000000	0.00000000
0.00614400	1.00371397	1.00120258	0.99847668	1.00094914	0.00000000	0.00000000	0.00000000	0.00000000
0.00655360	1.00351775	1.00015521	0.99838817	0.99871457	0.00000000	0.00000000	0.00000000	0.00000000
0.00737280	1.00047815	0.99882478	1.00045371	0.99846137	0.00000000	0.00000000	0.00000000	0.00000000
0.00819200	0.99998528	0.99797100	0.99990851	0.99969071	0.00000000	0.00000000	0.00000000	0.00000000
0.00901120	0.99822801	0.99961555	0.99983120	0.99883562	0.00000000	0.00000000	0.00000000	0.00000000
0.00983040	0.99983853	1.00176167	1.00009155	1.00122428	0.00000000	0.00000000	0.00000000	0.00000000
0.01064960	1.00277007	1.00115430	1.00045252	0.99883580	0.00000000	0.00000000	0.00000000	0.00000000
0.01146880	1.00003159	0.99954104	1.00026631	1.00055349	0.00000000	0.00000000	0.00000000	0.00000000
0.01228800	0.99862331	1.00197542	0.99881130	0.99922615	0.00000000	0.00000000	0.00000000	0.00000000
0.01310720	1.00103807	0.99891990	1.00007713	1.00102317	0.00000000	0.00000000	0.00000000	0.00000000
0.01474560	0.99811786	0.99927646	0.99996567	1.00062776	0.00000000	0.00000000	0.00000000	0.00000000
0.01638400	0.99720800	0.99922037	0.99809074	0.99763858	0.00000000	0.00000000	0.00000000	0.00000000
0.01802240	1.00045025	0.99997717	1.00000191	0.99931055	0.00000000	0.00000000	0.00000000	0.00000000
0.01966080	1.00315595	1.00186634	0.99895960	0.99986774	0.00000000	0.00000000	0.00000000	0.00000000
0.02129920	1.00167346	1.00418782	1.00118148	0.99986595	0.00000000	0.00000000	0.00000000	0.00000000
0.02293760	1.00075543	0.99992925	1.00042176	0.99901611	0.00000000	0.00000000	0.00000000	0.00000000
0.02457600	1.00120187	0.99921334	1.00155568	1.00142026	0.00000000	0.00000000	0.00000000	0.00000000
0.02621440	1.00069880	1.00157857	1.00011504	0.99976826	0.00000000	0.00000000	0.00000000	0.00000000
0.02949120	1.00235212	0.99954015	0.99990684	0.99960393	0.00000000	0.00000000	0.00000000	0.00000000
0.03276800	0.99842256	1.00053895	0.99994558	1.00066888	0.00000000	0.00000000	0.00000000	0.00000000
0.03604480	0.99869603	1.00087118	1.00049305	0.99966514	0.00000000	0.00000000	0.00000000	0.00000000
0.03932160	0.99820805	0.99960381	0.99999231	1.00032437	0.00000000	0.00000000	0.00000000	0.00000000
0.04259840	1.00344515	0.99809867	0.99914199	1.00084484	0.00000000	0.00000000	0.00000000	0.00000000
0.04587520	0.99866229	1.00000501	1.00064731	1.00123870	0.00000000	0.00000000	0.00000000	0.00000000
0.04915200	0.99997967	0.99966192	0.99925363	1.00064957	0.00000000	0.00000000	0.00000000	0.00000000
0.05242880	1.00065255	0.99866515	1.00024891	0.99993634	0.00000000	0.00000000	0.00000000	0.00000000
0.05898240	0.99983191	1.00064409	1.00004888	0.99962199	0.00000000	0.00000000	0.00000000	0.00000000
0.06553600	1.00102949	0.99928606	1.00024438	0.99989533	0.00000000	0.00000000	0.00000000	0.00000000
0.07208960	1.00308180	1.00061977	1.00082779	1.00023878	0.00000000	0.00000000	0.00000000	0.00000000
0.07864320	1.00014961	1.00016344	0.99995810	1.00034523	0.00000000	0.00000000	0.00000000	0.00000000
0.08519680	1.00100374	1.00016069	1.00021124	0.99963015	0.00000000	0.00000000	0.00000000	0.00000000
0.09175040	0.99802494	1.00123668	0.99944025	0.99862367	0.00000000	0.00000000	0.00000000	0.00000000
0.09830400	0.99926865	1.00007677	1.00037718	0.99985534	0.00000000	0.00000000	0.00000000	0.00000000
0.10485760	1.00053608	1.00032282	0.99978071	0.99961919	0.00000000	0.00000000	0.00000000	0.00000000
0.11796480	1.00158286	1.00073481	0.99963856	1.00055122	0.00000000	0.00000000	0.00000000	0.00000000
0.13107200	1.00073731	1.00069320	0.99979502	0.99973100	0.00000000	0.00000000	0.00000000	0.00000000
0.14417920	0.99934644	1.00117302	0.99945825	0.99980450	0.00000000	0.00000000	0.00000000	0.00000000
0.15728641	1.00036693	0.99947590	1.00003910	1.00054276	0.00000000	0.00000000	0.00000000	0.00000000
0.17039360	0.99866748	1.00019240	1.00012016	0.99969745	0.00000000	0.00000000	0.00000000	0.00000000
0.18350080	1.00039637	0.99938172	1.00021124	0.99969167	0.00000000	0.00000000	0.00000000	0.00000000
0.19660801	0.99985754	0.99938303	0.99966031	0.99993283	0.00000000	0.00000000	0.00000000	0.00000000
0.20971520	0.99947578	0.99921477	0.99946201	1.00008464	0.00000000	0.00000000	0.00000000	0.00000000
0.23592959	1.00007153	0.99968177	1.00024414	1.00029135	0.00000000	0.00000000	0.00000000	0.00000000
0.26214400	1.00005102	1.00016010	1.00011969	0.99994552	0.00000000	0.00000000	0.00000000	0.00000000
0.28835839	1.00070238	1.00040615	0.99959391	0.99975568	0.00000000	0.00000000	0.00000000	0.00000000
0.31457281	1.00041997	1.00012016	1.00023592	0.99966860	0.00000000	0.00000000	0.00000000	0.00000000
0.34078720	1.00070715	1.00036347	1.00013757	1.00011241	0.00000000	0.00000000	0.00000000	0.00000000
0.36700159	0.99891686	0.99981910	1.00025153	0.99998021	0.00000000	0.00000000	0.00000000	0.00000000
0.39321601	0.99944031	1.00024331	0.99940681	1.00011945	0.00000000	0.00000000	0.00000000	0.00000000
0.41943040	1.00086510	1.00021386	0.99990851	1.00028098	0.00000000	0.00000000	0.00000000	0.00000000
0.47185919	1.00128973	1.00025451	0.99974900	1.00047863	0.00000000	0.00000000	0.00000000	0.00000000
0.52428800	0.99914598	1.00025702	0.99971604	1.00009012	0.00000000	0.00000000	0.00000000	0.00000000
0.57671678	1.00076723	1.00035882	1.00008094	1.00004113	0.00000000	0.00000000	0.00000000	0.00000000
0.62914562	0.99949062	1.00024712	1.00000799	0.99997085	0.00000000	0.00000000	0.00000000	0.00000000
0.68157440	1.00077116	1.00002646	1.00015152	0.99999100	0.00000000	0.00000000	0.00000000	0.00000000
0.73400319	1.00065923	0.99990755	1.00015628	0.99988425	0.00000000	0.00000000	0.00000000	0.00000000
0.78643203	0.99908644	0.99952567	0.99980521	0.99999714	0.00000000	0.00000000	0.00000000	0.00000000
0.83886081	1.00026548	0.99979836	0.99999714	0.99991405	0.00000000	0.00000000	0.00000000	0.00000000
0.94371837	0.99957484	0.99955332	0.99988520	0.99995232	0.00000000	0.00000000	0.00000000	0.00000000
1.04857600	0.99924862	0.99987823	0.99995077	0.99998128	0.00000000	0.00000000	0.00000000	0.00000000
1.15343356	1.00016439	0.99997014	1.00004363	0.99992478	0.00000000	0.00000000	0.00000000	0.00000000
1.25829124	0.99987882	0.99961776	1.00003874	1.00002646	0.00000000	0.00000000	0.00000000	0.00000000
1.36314881	0.99969381	1.00016224	1.00006723	1.00018179	0.00000000	0.00000000	0.00000000	0.00000000
1.46800637	0.99929070	0.99996299	0.99975717	1.00011277	0.00000000	0.00000000	0.00000000	0.00000000
1.57286406	1.00069511	0.99989271	0.99984753	1.00000274	0.00000000	0.00000000	0.00000000	0.00000000
1.67772162	1.00050604	0.99997896	0.99989182	0.99993527	0.00000000	0.00000000	0.00000000	0.00000000
1.88743675	0.99985760	0.99990344	1.00012517	1.00008059	0.00000000	0.00000000	0.00000000	0.00000000
2.09715199	0.99948573	1.00012314	1.00002885	0.99998218	0.00000000	0.00000000	0.00000000	0.00000000
2.30686712	1.00054908	1.00010502	0.99998719	1.00001144	0.00000000	0.00000000	0.00000000	0.00000000
2.51658249	1.00017774	1.00005698	0.99995768	0.99995917	0.00000000	0.00000000	0.00000000	0.00000000
2.72629762	0.99966240	1.00012159	1.00004923	0.99994898	0.00000000	0.00000000	0.00000000	0.00000000
2.93601274	0.99930900	0.99992055	0.99997997	0.99996519	0.00000000	0.00000000	0.00000000	0.00000000
3.14572811	0.99987042	0.99988836	1.00002456	0.99982107	0.00000000	0.00000000	0.00000000	0.00000000
3.35544324	1.00001097	0.99984330	1.00002789	1.00002062	0.00000000	0.00000000	0.00000000	0.00000000
3.77487350	0.99991262	1.00003397	1.00001836	1.00002599	0.00000000	0.00000000	0.00000000	0.00000000
4.19430399	1.00009656	1.00018370	0.99995047	0.99999696	0.00000000	0.00000000	0.00000000	0.00000000
4.61373425	1.00020647	0.99989855	0.99993944	0.99990422	0.00000000	0.00000000	0.00000000	0.00000000
5.03316498	1.00017893	0.99975300	0.99994332	1.00000060	0.00000000	0.00000000	0.00000000	0.00000000
5.45259523	1.00021064	0.99985540	1.00008059	1.00003839	0.00000000	0.00000000	0.00000000	0.00000000
5.87202549	1.00004160	0.99999845	1.00000989	1.00001156	0.00000000	0.00000000	0.00000000	0.00000000
6.29145622	1.00010061	0.99988955	1.00000238	1.00001597	0.00000000	0.00000000	0.00000000	0.00000000
6.71088648	1.00005615	1.00000870	1.00000620	0.99990582	0.00000000	0.00000000	0.00000000	0.00000000
7.54974699	0.99980772	0.99979669	1.00001514	0.99996012	0.00000000	0.00000000	0.00000000	0.00000000
8.38860798	0.99976307	1.00008380	0.99991602	0.99994975	0.00000000	0.00000000	0.00000000	0.00000000
9.22746849	0.99997336	1.00016451	1.00003338	0.99997813	0.00000000	0.00000000	0.00000000	0.00000000
10.06632996	1.00016344	0.99987340	0.99996752	0.99999446	0.00000000	0.00000000	0.00000000	0.00000000
10.90519047	1.00030601	1.00016642	0.99992996	1.00006759	0.00000000	0.00000000	0.00000000	0.00000000
11.74405098	0.99967587	1.00014567	0.99999785	0.99997586	0.00000000	0.00000000	0.00000000	0.00000000
12.58291245	0.99949473	1.00005615	1.00002789	0.99997938	0.00000000	0.00000000	0.00000000	0.00000000
13.42177296	1.00016809	1.00003076	1.00001335	0.99993050	0.00000000	0.00000000	0.00000000	0.00000000
15.09949398	1.00035775	1.00013447	0.99997979	1.00014293	0.00000000	0.00000000	0.00000000	0.00000000
16.77721596	0.99990535	0.99987102	0.99999368	1.00001061	0.00000000	0.00000000	0.00000000	0.00000000
18.45493698	0.99932170	1.00008738	1.00001621	0.99998212	0.00000000	0.00000000	0.00000000	0.00000000
20.13265991	0.99987018	0.99996567	1.00000036	0.99999875	0.00000000	0.00000000	0.00000000	0.00000000
21.81038094	1.00000000	1.00000000	1.00000000	1.00000000	0.00000000	0.00000000	0.00000000	0.00000000
23.48810196	0.00000000	0.00000000	0.00000000	0.00000000	0.00000000	0.00000000	0.00000000	0.00000000
25.16582489	0.00000000	0.00000000	0.00000000	0.00000000	0.00000000	0.00000000	0.00000000	0.00000000
26.84354591	0.00000000	0.00000000	0.00000000	0.00000000	0.00000000	0.00000000	0.00000000	0.00000000
30.19898796	0.00000000	0.00000000	0.00000000	0.00000000	0.00000000	0.00000000	0.00000000	0.00000000
33.55443192	0.00000000	0.00000000	0.00000000	0.00000000	0.00000000	0.00000000	0.00000000	0.00000000
36.90987396	0.00000000	0.00000000	0.00000000	0.00000000	0.00000000	0.00000000	0.00000000	0.00000000
40.26531982	0.00000000	0.00000000	0.00000000	0.00000000	0.00000000	0.00000000	0.00000000	0.00000000
43.62076187	0.00000000	0.00000000	0.00000000	0.00000000	0.00000000	0.00000000	0.00000000	0.00000000
46.97620392	0.00000000	0.00000000	0.00000000	0.00000000	0.00000000	0.00000000	0.00000000	0.00000000
50.33164978	0.00000000	0.00000000	0.00000000	0.00000000	0.00000000	0.00000000	0.00000000	0.00000000
53.68709183	0.00000000	0.00000000	0.00000000	0.00000000	0.00000000	0.00000000	0.00000000	0.00000000
60.39797592	0.00000000	0.00000000	0.00000000	0.00000000	0.00000000	0.00000000	0.00000000	0.00000000
67.10886383	0.00000000	0.00000000	0.00000000	0.00000000	0.00000000	0.00000000	0.00000000	0.00000000
73.81974792	0.00000000	0.00000000	0.00000000	0.00000000	0.00000000	0.00000000	0.00000000	0.00000000
80.53063965	0.00000000	0.00000000	0.00000000	0.00000000	0.00000000	0.00000000	0.00000000	0.00000000
87.24152374	0.00000000	0.00000000	0.00000000	0.00000000	0.00000000	0.00000000	0.00000000	0.00000000
93.95240784	0.00000000	0.00000000	0.00000000	0.00000000	0.00000000	0.00000000	0.00000000	0.00000000
100.66329956	0.00000000	0.00000000	0.00000000	0.00000000	0.00000000	0.00000000	0.00000000	0.00000000
107.37418365	0.00000000	0.00000000	0.00000000	0.00000000	0.00000000	0.00000000	0.00000000	0.00000000
120.79595184	0.00000000	0.00000000	0.00000000	0.00000000	0.00000000	0.00000000	0.00000000	0.00000000
134.21772766	0.00000000	0.00000000	0.00000000	0.00000000	0.00000000	0.00000000	0.00000000	0.00000000
147.63949585	0.00000000	0.00000000	0.00000000	0.00000000	0.00000000	0.00000000	0.00000000	0.00000000
161.06127930	0.00000000	0.00000000	0.00000000	0.00000000	0.00000000	0.00000000	0.00000000	0.00000000
174.48304749	0.00000000	0.00000000	0.00000000	0.00000000	0.00000000	0.00000000	0.00000000	0.00000000
187.90481567	0.00000000	0.00000000	0.00000000	0.00000000	0.00000000	0.00000000	0.00000000	0.00000000
201.32659912	0.00000000	0.00000000	0.00000000	0.00000000	0.00000000	0.00000000	0.00000000	0.00000000
214.74836731	0.00000000	0.00000000	0.00000000	0.00000000	0.00000000	0.00000000	0.00000000	0.00000000
241.59190369	0.00000000	0.00000000	0.00000000	0.00000000	0.00000000	0.00000000	0.00000000	0.00000000
268.43545532	0.00000000	0.00000000	0.00000000	0.00000000	0.00000000	0.00000000	0.00000000	0.00000000
295.27899170	0.00000000	0.00000000	0.00000000	0.00000000	0.00000000	0.00000000	0.00000000	0.00000000
322.12255859	0.00000000	0.00000000	0.00000000	0.00000000	0.00000000	0.00000000	0.00000000	0.00000000
348.96609497	0.00000000	0.00000000	0.00000000	0.00000000	0.00000000	0.00000000	0.00000000	0.00000000
375.80963135	0.00000000	0.00000000	0.00000000	0.00000000	0.00000000	0.00000000	0.00000000	0.00000000
402.65319824	0.00000000	0.00000000	0.00000000	0.00000000	0.00000000	0.00000000	0.00000000	0.00000000
429.49673462	0.00000000	0.00000000	0.00000000	0.00000000	0.00000000	0.00000000	0.00000000	0.00000000
483.18380737	0.00000000	0.00000000	0.00000000	0.00000000	0.00000000	0.00000000	0.00000000	0.00000000
536.87091064	0.00000000	0.00000000	0.00000000	0.00000000	0.00000000	0.00000000	0.00000000	0.00000000
590.55798340	0.00000000	0.00000000	0.00000000	0.00000000	0.00000000	0.00000000	0.00000000	0.00000000
644.24511719	0.00000000	0.00000000	0.00000000	0.00000000	0.00000000	0.00000000	0.00000000	0.00000000
697.93218994	0.00000000	0.00000000	0.00000000	0.00000000	0.00000000	0.00000000	0.00000000	0.00000000
751.61926270	0.00000000	0.00000000	0.00000000	0.00000000	0.00000000	0.00000000	0.00000000	0.00000000
805.30639648	0.00000000	0.00000000	0.00000000	0.00000000	0.00000000	0.00000000	0.00000000	0.00000000
858.99346924	0.00000000	0.00000000	0.00000000	0.00000000	0.00000000	0.00000000	0.00000000	0.00000000
966.36761475	0.00000000	0.00000000	0.00000000	0.00000000	0.00000000	0.00000000	0.00000000	0.00000000
1073.74182129	0.00000000	0.00000000	0.00000000	0.00000000	0.00000000	0.00000000	0.00000000	0.00000000
1181.11596680	0.00000000	0.00000000	0.00000000	0.00000000	0.00000000	0.00000000	0.00000000	0.00000000
1288.49023437	0.00000000	0.00000000	0.00000000	0.00000000	0.00000000	0.00000000	0.00000000	0.00000000
1395.86437988	0.00000000	0.00000000	0.00000000	0.00000000	0.00000000	0.00000000	0.00000000	0.00000000
1503.23852539	0.00000000	0.00000000	0.00000000	0.00000000	0.00000000	0.00000000	0.00000000	0.00000000
1610.61279297	0.00000000	0.00000000	0.00000000	0.00000000	0.00000000	0.00000000	0.00000000	0.00000000
1717.98693848	0.00000000	0.00000000	0.00000000	0.00000000	0.00000000	0.00000000	0.00000000	0.00000000
1932.73522949	0.00000000	0.00000000	0.00000000	0.00000000	0.00000000	0.00000000	0.00000000	0.00000000
2147.48364258	0.00000000	0.00000000	0.00000000	0.00000000	0.00000000	0.00000000	0.00000000	0.00000000
2362.23193359	0.00000000	0.00000000	0.00000000	0.00000000	0.00000000	0.00000000	0.00000000	0.00000000
2576.98046875	0.00000000	0.00000000	0.00000000	0.00000000	0.00000000	0.00000000	0.00000000	0.00000000
2791.72875977	0.00000000	0.00000000	0.00000000	0.00000000	0.00000000	0.00000000	0.00000000	0.00000000
3006.47705078	0.00000000	0.00000000	0.00000000	0.00000000	0.00000000	0.00000000	0.00000000	0.00000000
3221.22558594	0.00000000	0.00000000	0.00000000	0.00000000	0.00000000	0.00000000	0.00000000	0.00000000
3435.97387695	0.00000000	0.00000000	0.00000000	0.00000000	0.00000000	0.00000000	0.00000000	0.00000000
0	0	0	0	0	0	0	0	0
