%4/2/2019 3:33:50 PM
%Duration	ID1		ID2		ID3		ID4		ID5		ID6		ID7		ID8
1000.000000	0.000000	0.391006	537.948608	227.870941	100.955963	34.694672	0.495911	0.181198
%Tau		Tau1		Tau2		Tau3		Tau4		Tau5		Tau6		Tau7		Tau8
%		0.000000	0.000001	0.000128	0.000083	0.000064	0.000029	0.000001	0.000001
%Delaytime	D1		D2		D3		D4		D5		D6		D7		D8
0.00000020	0.00000000	370.37371826	1.49636114	1.45936465	1.69975150	3.85272503	146.23735046	0.00000000
0.00000040	0.00000000	0.00000000	1.46083498	1.51132488	1.49971771	1.87650371	0.00000000	0.00000000
0.00000060	0.00000000	0.00000000	1.47393167	1.49750781	1.43339646	1.52295959	0.00000000	0.00000000
0.00000080	0.00000000	0.00000000	1.45864582	1.51755238	1.53822696	1.48669863	0.00000000	0.00000000
0.00000100	0.00000000	0.00000000	1.48349500	1.50840580	1.47725403	1.55015528	0.00000000	0.00000000
0.00000120	0.00000000	0.00000000	1.47573686	1.49108577	1.48795104	1.47763336	0.00000000	0.00000000
0.00000140	0.00000000	0.00000000	1.45933723	1.49984312	1.50185716	1.41417670	0.00000000	0.00000000
0.00000160	0.00000000	0.00000000	1.46206403	1.47104108	1.44409347	1.45950294	0.00000000	0.00000000
0.00000180	0.00000000	0.00000000	1.47692740	1.47357094	1.51790261	1.42324197	0.00000000	0.00000000
0.00000200	0.00000000	0.00000000	1.46171844	1.48544204	1.51041472	1.58641624	0.00000000	0.00000000
0.00000220	0.00000000	0.00000000	1.45960605	1.48174453	1.44409347	1.51389432	0.00000000	0.00000000
0.00000240	0.00000000	61.72895432	1.45814657	1.46675968	1.42911768	1.52295959	0.00000000	0.00000000
0.00000260	0.00000000	0.00000000	1.45549655	1.48855579	1.47404504	1.75865567	0.00000000	0.00000000
0.00000280	0.00000000	0.00000000	1.45588052	1.47882545	1.44730246	1.53202474	0.00000000	0.00000000
0.00000300	0.00000000	0.00000000	1.45672548	1.47298717	1.47725403	1.52295959	0.00000000	0.00000000
0.00000320	0.00000000	0.00000000	1.45810819	1.46753812	1.49436927	1.33258963	0.00000000	0.00000000
0.00000360	0.00000000	0.00000000	1.46573186	1.46481359	1.47564948	1.46403551	0.00000000	0.00000000
0.00000400	0.00000000	0.00000000	1.45641828	1.47094381	1.50506628	1.39151359	0.00000000	0.00000000
0.00000440	0.00000000	0.00000000	1.45422912	1.45381832	1.51201928	1.48669863	0.00000000	0.00000000
0.00000480	0.00000000	0.00000000	1.44985068	1.47035992	1.44676769	1.30992651	0.00000000	0.00000000
0.00000520	0.00000000	0.00000000	1.46002853	1.46637046	1.45372069	1.30992651	0.00000000	0.00000000
0.00000560	0.00000000	0.00000000	1.44839132	1.44039035	1.42751312	1.52749217	0.00000000	0.00000000
0.00000600	0.00000000	0.00000000	1.44819927	1.45556974	1.44944191	1.42324197	0.00000000	0.00000000
0.00000640	0.00000000	0.00000000	1.45518923	1.45148301	1.44248891	1.39151359	0.00000000	0.00000000
0.00000720	0.00000000	15.43223858	1.45291364	1.45941329	1.45799947	1.36658418	0.00000000	0.00000000
0.00000800	0.00000000	0.00000000	1.45081091	1.44914770	1.44436085	1.32125807	0.00000000	0.00000000
0.00000880	0.00000000	0.00000000	1.44205415	1.44253099	1.42617595	1.38698101	0.00000000	0.00000000
0.00000960	0.00000000	0.00000000	1.44245744	1.44403923	1.45479035	1.32805693	0.00000000	0.00000000
0.00001040	0.00000000	0.00000000	1.44318724	1.44355273	1.42483878	1.37791574	0.00000000	0.00000000
0.00001120	0.00000000	0.00000000	1.43361437	1.44073093	1.43018734	1.49349749	0.00000000	0.00000000
0.00001200	0.00000000	0.00000000	1.44076753	1.41839969	1.42778051	1.40284514	12.18644619	0.00000000
0.00001280	0.00000000	0.00000000	1.43268299	1.41027474	1.42804790	1.43004084	0.00000000	0.00000000
0.00001440	0.00000000	0.00000000	1.42671072	1.41195333	1.40491569	1.40964413	0.00000000	0.00000000
0.00001600	0.00000000	0.00000000	1.41619694	1.41635633	1.37108648	1.41077721	0.00000000	0.00000000
0.00001760	0.00000000	0.00000000	1.41256273	1.39889026	1.38218462	1.32805693	0.00000000	0.00000000
0.00001920	0.00000000	0.00000000	1.40751696	1.39584947	1.38873649	1.37338316	0.00000000	0.00000000
0.00002080	0.00000000	0.00000000	1.40423322	1.38755429	1.35544217	1.36545110	0.00000000	0.00000000
0.00002240	0.00000000	0.00000000	1.40409398	1.37833476	1.36613917	1.31559229	0.00000000	0.00000000
0.00002400	0.00000000	0.00000000	1.39291286	1.37889421	1.35036111	1.31332600	0.00000000	0.00000000
0.00002560	0.00000000	0.00000000	1.38816011	1.36444461	1.34100115	1.28273082	0.00000000	0.00000000
0.00002880	0.00000000	0.00000000	1.38062286	1.33732188	1.32796931	1.31123698	0.00000000	0.00000000
0.00003200	0.00000000	0.00000000	1.37150514	1.32954693	1.31115103	1.19694448	0.00000000	0.00000000
0.00003520	0.00000000	0.00000000	1.36313856	1.31759572	1.29117191	1.26347291	0.00000000	0.00000000
0.00003840	0.00000000	3.85805964	1.35445893	1.31478727	1.28171575	1.23280573	0.00000000	0.00000000
0.00004160	0.00000000	0.00000000	1.34668541	1.29616141	1.26408684	1.17309880	3.10990191	0.00000000
0.00004480	0.00000000	3.85805964	1.33819151	1.28731096	1.24625516	1.18390298	0.00000000	0.00000000
0.00004800	0.00000000	0.00000000	1.33122230	1.27460039	1.25814295	1.13158834	3.10990191	0.00000000
0.00005120	0.00000000	0.00000000	1.32099378	1.27150011	1.23169208	1.19243252	0.00000000	0.00000000
0.00005760	0.00000000	0.00000000	1.30771184	1.24938583	1.20555401	1.16898060	3.08858514	0.00000000
0.00006400	0.00000000	0.00000000	1.29252553	1.23357832	1.18348515	1.16643190	0.00000000	0.00000000
0.00007040	0.00000000	0.00000000	1.27808011	1.21749854	1.17522156	1.13528180	1.54429257	0.00000000
0.00007680	0.00000000	1.91920030	1.26458108	1.20950782	1.16991246	1.10696340	0.00000000	0.00000000
0.00008320	0.00000000	0.00000000	1.25123239	1.18715978	1.13260198	1.10809612	0.00000000	0.00000000
0.00008960	0.00000000	0.00000000	1.23872423	1.17742884	1.12732685	1.10837936	0.00000000	0.00000000
0.00009600	0.00000000	0.00000000	1.22904027	1.16527438	1.11861455	1.08232641	0.00000000	0.00000000
0.00010240	0.00000000	0.00000000	1.21356440	1.15764987	1.09013021	1.04607904	1.54429257	0.00000000
0.00011520	0.00000000	0.94988275	1.19597661	1.13964772	1.09058607	1.05660760	1.53025353	0.00000000
0.00012800	0.00000000	0.00000000	1.17738938	1.12238753	1.07416022	1.01877820	0.00000000	0.00000000
0.00014080	0.00000000	0.94988275	1.15906692	1.10756946	1.07190883	1.04097784	0.76512676	0.00000000
0.00015360	0.00000000	1.89976549	1.14262414	1.09568989	1.06031060	1.04041219	2.29538035	0.00000000
0.00016640	0.00000000	0.94988275	1.12975252	1.08165729	1.05452275	1.02980733	2.29538035	0.00000000
0.00017920	0.00000000	2.84964824	1.11731696	1.07182360	1.04990268	1.01835406	0.76512676	0.00000000
0.00019200	0.00000000	0.00000000	1.10555649	1.06250131	1.03668308	1.00053775	1.53025353	0.00000000
0.00020480	0.00000000	0.94988275	1.09450340	1.05785489	1.03305197	0.99869961	1.53025353	5.68866920
0.00023040	0.00000000	0.48225746	1.07727396	1.04096901	1.03282261	0.99916321	0.76165289	0.00000000
0.00025600	0.00000000	0.48225746	1.06426680	1.03300595	1.02074456	1.00309896	1.14247930	0.00000000
0.00028160	0.00000000	1.92902982	1.05415201	1.02551699	1.01644063	0.99955726	0.00000000	2.88000011
0.00030720	0.00000000	0.48225746	1.04434764	1.01893175	1.01421189	0.99821138	1.14247930	0.00000000
0.00033280	0.00000000	1.92902982	1.03889179	1.01666260	1.01013243	1.01280344	0.38082644	5.76000023
0.00035840	0.00000000	1.44677234	1.03225398	1.01639295	1.00575149	0.97711271	1.52330577	0.00000000
0.00038400	0.00000000	0.96451491	1.02662241	1.01417232	1.00710046	0.98632073	1.52330577	5.76000023
0.00040960	0.00000000	0.48225746	1.02166259	1.01063514	1.01206124	1.00353265	0.75992578	2.88000011
0.00046080	0.00000000	0.95960015	1.01417041	1.01267719	1.01138985	0.99365830	0.57254088	0.00000000
0.00051200	0.00000000	1.19950020	1.00942254	1.00775075	1.00062740	0.99075526	0.19084696	0.00000000
0.00056320	0.00000000	0.47980008	1.00550520	1.00723517	0.99741042	1.00743926	1.52677572	0.00000000
0.00061440	0.00000000	0.71970010	1.00301719	1.00331271	0.99973768	0.99552715	0.95423484	4.26650190
0.00066560	0.00000000	1.43940020	1.00149441	1.00258064	1.00033677	1.00453651	0.95423484	0.00000000
0.00071680	0.00000000	0.71970010	1.00013995	0.99946475	1.00514710	1.00076735	0.95423484	0.00000000
0.00076800	0.00000000	0.71970010	0.99966693	0.99802428	1.00032902	1.00301659	0.95423484	0.00000000
0.00081920	0.00000000	0.47980008	0.99724650	0.99753529	1.00198865	0.98890769	0.95423484	0.00000000
0.00092160	0.00000000	0.94508535	0.99783361	0.99784881	1.00531232	1.00692058	1.42809916	0.00000000
0.00102400	0.00000000	0.59067833	0.99961025	0.99910593	1.00155616	0.99800193	1.42809916	2.10699582
0.00112640	0.00000000	1.41762805	0.99770552	1.00063276	1.00366652	0.99126488	0.85685951	0.70233196
0.00122880	0.00000000	0.82694972	0.99602211	1.00011814	0.99736118	0.99843466	1.23768592	2.10699582
0.00133120	0.00000000	1.29949236	0.99187511	0.99794000	0.99860340	1.01099062	0.76165289	1.40466392
0.00143360	0.00000000	0.94508535	0.99252939	1.00118792	1.00443149	1.00572801	1.14247930	0.70233196
0.00153600	0.00000000	2.36271334	0.99578965	1.00746334	0.99189174	1.00355589	1.71371901	0.70233196
0.00163840	0.00000000	0.94508535	0.99867266	1.00472355	0.99596924	1.00001967	0.76165289	0.70233196
0.00184320	0.00000000	0.87710726	1.00331533	1.00511181	0.99613601	1.00253010	1.09737003	1.06662548
0.00204800	0.00000000	0.93558109	1.00644433	1.00726485	1.00095439	1.00176525	1.19279349	1.42216730
0.00225280	0.00000000	0.81863344	1.00671744	1.00462449	0.99756473	1.00591242	1.04965830	1.77770925
0.00245760	0.00000000	1.16947639	0.99956828	0.99733400	0.99871546	0.99246001	0.76338786	0.71108365
0.00266240	0.00000000	1.22795022	0.99625760	0.99629420	1.00136924	1.00138867	0.81109959	0.00000000
0.00286720	0.00000000	1.28642404	1.00124300	0.99662745	0.99480253	1.00335777	0.81109959	0.35554183
0.00307200	0.00000000	0.87710726	1.00515175	1.00133073	0.99273974	0.99473482	0.66796440	0.71108365
0.00327680	0.00000000	0.76015961	1.00445819	1.00392604	0.99018162	1.00297296	1.19279349	1.06662548
0.00368640	0.00000000	1.18434751	0.99705195	1.00107634	0.99718493	1.00403357	0.86866456	0.88885462
0.00409600	0.00000000	1.00669539	1.00041604	0.99844480	0.99797553	1.00069535	1.15821934	0.88885462
0.00450560	0.00000000	0.85865194	0.99899346	0.99860537	0.99871463	0.99966222	0.84453499	0.53331274
0.00491520	0.00000000	1.12513006	0.99851233	0.99670392	1.00318575	0.99726874	0.89279413	0.53331274
0.00532480	0.00000000	1.36199963	0.99647325	0.99993694	1.00479031	0.99726468	0.79627585	0.71108365
0.00573440	0.00000000	0.62178242	0.99389195	1.00228834	1.00592589	1.00032461	0.82040542	0.53331274
0.00614400	0.00000000	0.71060848	0.99491322	1.00295043	0.99819171	1.00039959	1.20647860	1.06662548
0.00655360	0.00000000	1.18434751	0.99733984	1.00023198	1.00223076	0.99617451	1.08583069	1.42216730
0.00737280	0.00000000	0.83114743	0.99750525	0.99922687	1.00425327	0.99820811	0.91530269	1.06662548
0.00819200	0.00000000	1.35061455	0.99912512	0.99721485	1.00155556	0.99819654	0.91320342	1.06004143
0.00901120	0.00000000	0.94508535	1.00009143	0.99849099	0.99809349	1.00057280	1.25413263	0.61835748
0.00983040	0.00000000	0.93267363	1.00100303	1.00096405	0.99994332	1.00256741	1.12019622	0.79015356
0.01064960	0.00000000	1.13993442	1.00040603	0.99900424	1.00042355	0.99907100	0.96190757	1.14837813
0.01146880	0.00000000	0.90306497	1.00100219	1.00061953	1.00350833	1.00074756	0.88885128	1.06004143
0.01228800	0.00000000	1.21395624	0.99802905	1.00176573	0.99804425	1.00146365	1.05689192	1.06662548
0.01310720	0.00000000	0.94747800	1.00389087	0.99566132	0.99697316	1.00218022	0.77748370	0.97774005
0.01474560	0.00000000	0.99456036	0.99718839	0.99774408	0.99974728	0.99827927	0.88681734	1.20745337
0.01638400	0.00000000	0.96464878	1.00036418	0.99969637	1.00220525	1.00315726	0.94537991	1.02857149
0.01802240	0.00000000	1.06186140	0.99539614	0.99961799	1.00232661	1.00053251	0.97568059	0.67080748
0.01966080	0.00000000	0.90482557	1.00105715	1.00197411	0.99922270	1.00013268	0.95750022	0.98385096
0.02129920	0.00000000	0.96721691	0.99902433	1.00094140	0.99968678	1.00013256	1.06413627	1.20000005
0.02293760	0.00000000	1.02933729	1.00261188	0.99694157	1.00171483	0.99658620	0.96739656	0.88888890
0.02457600	0.00000000	1.02187836	1.00028622	0.99812692	0.99902034	1.00064349	0.87469697	1.02857149
0.02621440	0.00000000	0.90999383	0.99936712	0.99974620	1.00136352	1.00087166	0.86866456	0.98385096
0.02949120	0.00000000	1.10017610	0.99926704	1.00144982	1.00161517	0.99827129	1.03457701	0.99996144
0.03276800	0.00000000	0.93135434	1.00018358	1.00017083	0.99961138	0.99707031	0.94493324	0.66252589
0.03604480	0.00000000	0.99695170	0.99928266	0.99917310	0.99935502	0.99982464	0.95778316	1.06662548
0.03932160	0.00000000	0.96347195	0.99951404	0.99968648	1.00031221	0.99939239	1.00951731	1.02218282
0.04259840	0.00000000	1.07034087	0.99990660	0.99908769	0.99777895	1.00154269	0.96078563	1.02218282
0.04587520	0.00000000	1.03304672	1.00307035	1.00027609	0.99985516	0.99973571	0.95778316	1.04440415
0.04915200	0.00000000	0.94619668	1.00374496	1.00035250	1.00072086	1.00030673	1.05204928	1.11106825
0.05242880	0.00000000	0.99563050	0.99842429	1.00085759	0.99879301	0.99976277	1.03474844	1.02218282
0.05898240	0.00000000	0.99953377	0.99858594	0.99804813	0.99895269	0.99997711	1.03686488	0.89440995
0.06553600	0.00000000	0.95740241	0.99962240	1.00008082	0.99898344	0.99984574	0.97365493	0.95031059
0.07208960	0.00000000	0.96783215	0.99968106	0.99880242	0.99973953	1.00091588	1.01818180	0.92222220
0.07864320	0.00000000	0.92401403	1.00127041	0.99979651	0.99954391	0.99854630	1.00779223	1.02222228
0.08519680	0.00000000	0.96452117	0.99997616	0.99942535	1.00142145	0.99852628	1.03240204	1.00621116
0.09175040	0.00000000	0.99597633	1.00025690	1.00006485	0.99852318	0.99963367	1.03450835	1.09565222
0.09830400	0.00000000	1.05386579	0.99949861	0.99986452	0.99878514	1.00068796	0.97365493	0.89999998
0.10485760	0.00000000	0.91410583	0.99845082	0.99843484	0.99990904	0.99904668	1.04016995	1.15155280
0.11796480	0.00000000	0.93856674	0.99964249	1.00093794	0.99950236	1.00030625	0.95111299	0.90562499
0.13107200	0.00000000	0.95843738	1.00113070	1.00053537	0.99977523	0.99967283	0.99152482	1.09173262
0.14417920	0.00000000	1.07320833	0.99971765	1.00025320	1.00000274	0.99966389	1.03963780	0.97315168
0.15728641	0.00000000	0.96362936	1.00037038	0.99931091	1.00017130	0.99997950	0.98374236	1.01177132
0.17039360	0.00000000	1.00975537	1.00015557	0.99996972	0.99949092	0.99937856	1.04106545	0.98263550
0.18350080	0.00000000	1.01714301	0.99987972	0.99912304	0.99991691	1.00058854	0.98348504	1.00530100
0.19660801	0.00000000	1.04743111	1.00063694	1.00009036	1.00030625	1.00014877	0.95147175	0.92456573
0.20971520	0.00000000	1.01767612	1.00098801	1.00042176	1.00010478	0.99982476	0.99428213	1.06753242
0.23592959	0.00000000	0.98176187	0.99896330	0.99955529	0.99956977	0.99999934	1.00637865	1.00838137
0.26214400	0.00000000	1.01546323	1.00004113	0.99938399	0.99957353	0.99959099	0.99986941	1.04469860
0.28835839	0.00000000	1.03713691	1.00065792	0.99986935	1.00066197	0.99991304	0.98739874	0.96379310
0.31457281	0.00000000	0.98501736	0.99955457	1.00019729	1.00028443	1.00069237	0.97238272	0.98203957
0.34078720	0.00000000	1.02715373	1.00152600	1.00031340	0.99990344	1.00039124	1.00503671	1.01895714
0.36700159	0.00000000	1.01733685	0.99919665	1.00001252	0.99972844	0.99900645	0.99185574	1.01245797
0.39321601	0.00000000	0.98897964	1.00065041	0.99953741	0.99964345	0.99966711	0.97644812	1.06833196
0.41943040	0.00000000	0.98451495	0.99931723	1.00045228	0.99994338	0.99989188	0.99222577	0.95553845
0.47185919	0.00000000	0.98639530	1.00068462	0.99997365	1.00055301	0.99967939	0.99746221	0.99200439
0.52428800	0.00000000	1.01154172	0.99947691	1.00032663	1.00039971	1.00041890	1.02225518	1.00799501
0.57671678	0.00000000	1.03302765	0.99943107	1.00013101	1.00004447	0.99960738	1.00707400	0.97597599
0.62914562	0.00000000	0.99451113	1.00045788	0.99977791	0.99927467	1.00036645	1.00359082	1.03474200
0.68157440	0.00000000	0.97610062	1.00105667	0.99967742	1.00001943	1.00021338	1.00313485	0.99237168
0.73400319	0.00000000	0.98654640	0.99960220	0.99996465	1.00029314	1.00034702	0.98599952	1.00553644
0.78643203	0.00000000	1.02182329	1.00001144	0.99993312	0.99949163	1.00008631	1.00890708	0.97929609
0.83886081	0.00000000	0.99443007	1.00012636	0.99969292	1.00059021	1.00018263	0.98470062	1.01238704
0.94371837	0.00000000	1.01086962	1.00028288	1.00013483	1.00018108	0.99959302	0.99658239	1.00614071
1.04857600	0.00000000	1.01042664	0.99961716	1.00014687	1.00010788	1.00050974	1.02199113	1.00578988
1.15343356	0.00000000	0.98504758	0.99976361	0.99995929	0.99947244	0.99979174	1.00789547	0.94994843
1.25829124	0.00000000	1.00632703	1.00002050	0.99977440	1.00033188	0.99956858	0.99887323	0.93859649
1.36314881	0.00000000	1.00103962	0.99993044	1.00027597	0.99993902	1.00092101	0.98717159	1.02040815
1.46800637	0.00000000	1.01046574	1.00000000	0.99995458	1.00015914	0.99934220	0.99514300	1.04283965
1.57286406	0.00000000	0.97692865	1.00023282	0.99988472	0.99984950	0.99995160	1.00566971	0.93823528
1.67772162	0.00000000	1.02978718	0.99970549	0.99999827	0.99997830	1.00031030	1.00000000	1.05370843
1.88743675	0.00000000	0.00000000	0.00000000	0.00000000	0.00000000	0.00000000	0.00000000	0.00000000
2.09715199	0.00000000	0.00000000	0.00000000	0.00000000	0.00000000	0.00000000	0.00000000	0.00000000
2.30686712	0.00000000	0.00000000	0.00000000	0.00000000	0.00000000	0.00000000	0.00000000	0.00000000
2.51658249	0.00000000	0.00000000	0.00000000	0.00000000	0.00000000	0.00000000	0.00000000	0.00000000
2.72629762	0.00000000	0.00000000	0.00000000	0.00000000	0.00000000	0.00000000	0.00000000	0.00000000
2.93601274	0.00000000	0.00000000	0.00000000	0.00000000	0.00000000	0.00000000	0.00000000	0.00000000
3.14572811	0.00000000	0.00000000	0.00000000	0.00000000	0.00000000	0.00000000	0.00000000	0.00000000
3.35544324	0.00000000	0.00000000	0.00000000	0.00000000	0.00000000	0.00000000	0.00000000	0.00000000
3.77487350	0.00000000	0.00000000	0.00000000	0.00000000	0.00000000	0.00000000	0.00000000	0.00000000
4.19430399	0.00000000	0.00000000	0.00000000	0.00000000	0.00000000	0.00000000	0.00000000	0.00000000
4.61373425	0.00000000	0.00000000	0.00000000	0.00000000	0.00000000	0.00000000	0.00000000	0.00000000
5.03316498	0.00000000	0.00000000	0.00000000	0.00000000	0.00000000	0.00000000	0.00000000	0.00000000
5.45259523	0.00000000	0.00000000	0.00000000	0.00000000	0.00000000	0.00000000	0.00000000	0.00000000
5.87202549	0.00000000	0.00000000	0.00000000	0.00000000	0.00000000	0.00000000	0.00000000	0.00000000
6.29145622	0.00000000	0.00000000	0.00000000	0.00000000	0.00000000	0.00000000	0.00000000	0.00000000
6.71088648	0.00000000	0.00000000	0.00000000	0.00000000	0.00000000	0.00000000	0.00000000	0.00000000
7.54974699	0.00000000	0.00000000	0.00000000	0.00000000	0.00000000	0.00000000	0.00000000	0.00000000
8.38860798	0.00000000	0.00000000	0.00000000	0.00000000	0.00000000	0.00000000	0.00000000	0.00000000
9.22746849	0.00000000	0.00000000	0.00000000	0.00000000	0.00000000	0.00000000	0.00000000	0.00000000
10.06632996	0.00000000	0.00000000	0.00000000	0.00000000	0.00000000	0.00000000	0.00000000	0.00000000
10.90519047	0.00000000	0.00000000	0.00000000	0.00000000	0.00000000	0.00000000	0.00000000	0.00000000
11.74405098	0.00000000	0.00000000	0.00000000	0.00000000	0.00000000	0.00000000	0.00000000	0.00000000
12.58291245	0.00000000	0.00000000	0.00000000	0.00000000	0.00000000	0.00000000	0.00000000	0.00000000
13.42177296	0.00000000	0.00000000	0.00000000	0.00000000	0.00000000	0.00000000	0.00000000	0.00000000
15.09949398	0.00000000	0.00000000	0.00000000	0.00000000	0.00000000	0.00000000	0.00000000	0.00000000
16.77721596	0.00000000	0.00000000	0.00000000	0.00000000	0.00000000	0.00000000	0.00000000	0.00000000
18.45493698	0.00000000	0.00000000	0.00000000	0.00000000	0.00000000	0.00000000	0.00000000	0.00000000
20.13265991	0.00000000	0.00000000	0.00000000	0.00000000	0.00000000	0.00000000	0.00000000	0.00000000
21.81038094	0.00000000	0.00000000	0.00000000	0.00000000	0.00000000	0.00000000	0.00000000	0.00000000
23.48810196	0.00000000	0.00000000	0.00000000	0.00000000	0.00000000	0.00000000	0.00000000	0.00000000
25.16582489	0.00000000	0.00000000	0.00000000	0.00000000	0.00000000	0.00000000	0.00000000	0.00000000
26.84354591	0.00000000	0.00000000	0.00000000	0.00000000	0.00000000	0.00000000	0.00000000	0.00000000
30.19898796	0.00000000	0.00000000	0.00000000	0.00000000	0.00000000	0.00000000	0.00000000	0.00000000
33.55443192	0.00000000	0.00000000	0.00000000	0.00000000	0.00000000	0.00000000	0.00000000	0.00000000
36.90987396	0.00000000	0.00000000	0.00000000	0.00000000	0.00000000	0.00000000	0.00000000	0.00000000
40.26531982	0.00000000	0.00000000	0.00000000	0.00000000	0.00000000	0.00000000	0.00000000	0.00000000
43.62076187	0.00000000	0.00000000	0.00000000	0.00000000	0.00000000	0.00000000	0.00000000	0.00000000
46.97620392	0.00000000	0.00000000	0.00000000	0.00000000	0.00000000	0.00000000	0.00000000	0.00000000
50.33164978	0.00000000	0.00000000	0.00000000	0.00000000	0.00000000	0.00000000	0.00000000	0.00000000
53.68709183	0.00000000	0.00000000	0.00000000	0.00000000	0.00000000	0.00000000	0.00000000	0.00000000
60.39797592	0.00000000	0.00000000	0.00000000	0.00000000	0.00000000	0.00000000	0.00000000	0.00000000
67.10886383	0.00000000	0.00000000	0.00000000	0.00000000	0.00000000	0.00000000	0.00000000	0.00000000
73.81974792	0.00000000	0.00000000	0.00000000	0.00000000	0.00000000	0.00000000	0.00000000	0.00000000
80.53063965	0.00000000	0.00000000	0.00000000	0.00000000	0.00000000	0.00000000	0.00000000	0.00000000
87.24152374	0.00000000	0.00000000	0.00000000	0.00000000	0.00000000	0.00000000	0.00000000	0.00000000
93.95240784	0.00000000	0.00000000	0.00000000	0.00000000	0.00000000	0.00000000	0.00000000	0.00000000
100.66329956	0.00000000	0.00000000	0.00000000	0.00000000	0.00000000	0.00000000	0.00000000	0.00000000
107.37418365	0.00000000	0.00000000	0.00000000	0.00000000	0.00000000	0.00000000	0.00000000	0.00000000
120.79595184	0.00000000	0.00000000	0.00000000	0.00000000	0.00000000	0.00000000	0.00000000	0.00000000
134.21772766	0.00000000	0.00000000	0.00000000	0.00000000	0.00000000	0.00000000	0.00000000	0.00000000
147.63949585	0.00000000	0.00000000	0.00000000	0.00000000	0.00000000	0.00000000	0.00000000	0.00000000
161.06127930	0.00000000	0.00000000	0.00000000	0.00000000	0.00000000	0.00000000	0.00000000	0.00000000
174.48304749	0.00000000	0.00000000	0.00000000	0.00000000	0.00000000	0.00000000	0.00000000	0.00000000
187.90481567	0.00000000	0.00000000	0.00000000	0.00000000	0.00000000	0.00000000	0.00000000	0.00000000
201.32659912	0.00000000	0.00000000	0.00000000	0.00000000	0.00000000	0.00000000	0.00000000	0.00000000
214.74836731	0.00000000	0.00000000	0.00000000	0.00000000	0.00000000	0.00000000	0.00000000	0.00000000
241.59190369	0.00000000	0.00000000	0.00000000	0.00000000	0.00000000	0.00000000	0.00000000	0.00000000
268.43545532	0.00000000	0.00000000	0.00000000	0.00000000	0.00000000	0.00000000	0.00000000	0.00000000
295.27899170	0.00000000	0.00000000	0.00000000	0.00000000	0.00000000	0.00000000	0.00000000	0.00000000
322.12255859	0.00000000	0.00000000	0.00000000	0.00000000	0.00000000	0.00000000	0.00000000	0.00000000
348.96609497	0.00000000	0.00000000	0.00000000	0.00000000	0.00000000	0.00000000	0.00000000	0.00000000
375.80963135	0.00000000	0.00000000	0.00000000	0.00000000	0.00000000	0.00000000	0.00000000	0.00000000
402.65319824	0.00000000	0.00000000	0.00000000	0.00000000	0.00000000	0.00000000	0.00000000	0.00000000
429.49673462	0.00000000	0.00000000	0.00000000	0.00000000	0.00000000	0.00000000	0.00000000	0.00000000
483.18380737	0.00000000	0.00000000	0.00000000	0.00000000	0.00000000	0.00000000	0.00000000	0.00000000
536.87091064	0.00000000	0.00000000	0.00000000	0.00000000	0.00000000	0.00000000	0.00000000	0.00000000
590.55798340	0.00000000	0.00000000	0.00000000	0.00000000	0.00000000	0.00000000	0.00000000	0.00000000
644.24511719	0.00000000	0.00000000	0.00000000	0.00000000	0.00000000	0.00000000	0.00000000	0.00000000
697.93218994	0.00000000	0.00000000	0.00000000	0.00000000	0.00000000	0.00000000	0.00000000	0.00000000
751.61926270	0.00000000	0.00000000	0.00000000	0.00000000	0.00000000	0.00000000	0.00000000	0.00000000
805.30639648	0.00000000	0.00000000	0.00000000	0.00000000	0.00000000	0.00000000	0.00000000	0.00000000
858.99346924	0.00000000	0.00000000	0.00000000	0.00000000	0.00000000	0.00000000	0.00000000	0.00000000
966.36761475	0.00000000	0.00000000	0.00000000	0.00000000	0.00000000	0.00000000	0.00000000	0.00000000
1073.74182129	0.00000000	0.00000000	0.00000000	0.00000000	0.00000000	0.00000000	0.00000000	0.00000000
1181.11596680	0.00000000	0.00000000	0.00000000	0.00000000	0.00000000	0.00000000	0.00000000	0.00000000
1288.49023437	0.00000000	0.00000000	0.00000000	0.00000000	0.00000000	0.00000000	0.00000000	0.00000000
1395.86437988	0.00000000	0.00000000	0.00000000	0.00000000	0.00000000	0.00000000	0.00000000	0.00000000
1503.23852539	0.00000000	0.00000000	0.00000000	0.00000000	0.00000000	0.00000000	0.00000000	0.00000000
1610.61279297	0.00000000	0.00000000	0.00000000	0.00000000	0.00000000	0.00000000	0.00000000	0.00000000
1717.98693848	0.00000000	0.00000000	0.00000000	0.00000000	0.00000000	0.00000000	0.00000000	0.00000000
1932.73522949	0.00000000	0.00000000	0.00000000	0.00000000	0.00000000	0.00000000	0.00000000	0.00000000
2147.48364258	0.00000000	0.00000000	0.00000000	0.00000000	0.00000000	0.00000000	0.00000000	0.00000000
2362.23193359	0.00000000	0.00000000	0.00000000	0.00000000	0.00000000	0.00000000	0.00000000	0.00000000
2576.98046875	0.00000000	0.00000000	0.00000000	0.00000000	0.00000000	0.00000000	0.00000000	0.00000000
2791.72875977	0.00000000	0.00000000	0.00000000	0.00000000	0.00000000	0.00000000	0.00000000	0.00000000
3006.47705078	0.00000000	0.00000000	0.00000000	0.00000000	0.00000000	0.00000000	0.00000000	0.00000000
3221.22558594	0.00000000	0.00000000	0.00000000	0.00000000	0.00000000	0.00000000	0.00000000	0.00000000
3435.97387695	0.00000000	0.00000000	0.00000000	0.00000000	0.00000000	0.00000000	0.00000000	0.00000000
0	0	0	0	0	0	0	0	0
