%4/2/2019 3:34:09 PM
%Duration	ID1		ID2		ID3		ID4		ID5		ID6		ID7		ID8
1000.000000	0.000000	0.410080	484.609619	243.425369	94.747543	33.636093	0.495911	0.200272
%Tau		Tau1		Tau2		Tau3		Tau4		Tau5		Tau6		Tau7		Tau8
%		0.000000	0.000001	0.000128	0.000090	0.000058	0.000032	0.000001	0.000001
%Delaytime	D1		D2		D3		D4		D5		D6		D7		D8
0.00000020	0.00000000	73.63365936	1.48152268	1.46023321	1.63731539	4.22372532	304.20660400	595.70660400
0.00000040	0.00000000	0.00000000	1.49013424	1.52866042	1.57373035	1.52653491	0.00000000	0.00000000
0.00000060	0.00000000	0.00000000	1.46417809	1.46294701	1.53512514	1.62955260	0.00000000	0.00000000
0.00000080	0.00000000	0.00000000	1.48083532	1.50462365	1.40568411	1.52653491	0.00000000	0.00000000
0.00000100	0.00000000	0.00000000	1.47153640	1.46721160	1.47721732	1.60145676	0.00000000	297.85330200
0.00000120	0.00000000	0.00000000	1.46733165	1.47167003	1.51014531	1.38605618	0.00000000	0.00000000
0.00000140	0.00000000	0.00000000	1.47343659	1.45499933	1.43747663	1.43288243	0.00000000	0.00000000
0.00000160	0.00000000	0.00000000	1.46260130	1.46062088	1.45564377	1.45161295	43.45808411	0.00000000
0.00000180	0.00000000	0.00000000	1.46636140	1.47670996	1.48289454	1.30176902	43.45808411	0.00000000
0.00000200	0.00000000	0.00000000	1.45920515	1.48950374	1.42612219	1.37669098	0.00000000	0.00000000
0.00000220	0.00000000	0.00000000	1.45277679	1.47263920	1.52377069	1.55463064	0.00000000	0.00000000
0.00000240	0.00000000	0.00000000	1.46624005	1.44627631	1.46926916	1.52653491	0.00000000	0.00000000
0.00000260	0.00000000	0.00000000	1.46741247	1.46333468	1.45337296	1.42351723	0.00000000	0.00000000
0.00000280	0.00000000	0.00000000	1.46522927	1.48407614	1.46472740	1.44224763	0.00000000	0.00000000
0.00000300	0.00000000	0.00000000	1.46494627	1.47263920	1.52604163	1.43288243	0.00000000	0.00000000
0.00000320	0.00000000	0.00000000	1.45948827	1.48620832	1.50333261	1.62018728	0.00000000	0.00000000
0.00000360	0.00000000	0.00000000	1.46668482	1.47234845	1.48913956	1.28772116	0.00000000	0.00000000
0.00000400	0.00000000	0.00000000	1.45918500	1.46701777	1.45223749	1.41883457	0.00000000	0.00000000
0.00000440	0.00000000	0.00000000	1.45958924	1.47031307	1.44656026	1.55931318	0.00000000	0.00000000
0.00000480	0.00000000	0.00000000	1.45219052	1.46992540	1.45507610	1.45161295	0.00000000	0.00000000
0.00000520	0.00000000	0.00000000	1.44913805	1.46149313	1.42555451	1.51716959	0.00000000	0.00000000
0.00000560	0.00000000	0.00000000	1.45115960	1.44850552	1.45791471	1.44693029	0.00000000	0.00000000
0.00000600	0.00000000	0.00000000	1.44940090	1.45761621	1.45280516	1.61550474	0.00000000	0.00000000
0.00000640	0.00000000	0.00000000	1.45071483	1.44521022	1.46699834	1.50780439	0.00000000	0.00000000
0.00000720	0.00000000	0.00000000	1.44944131	1.45000780	1.42072880	1.49843907	0.00000000	0.00000000
0.00000800	0.00000000	0.00000000	1.44536793	1.43992794	1.45479226	1.34157133	0.00000000	0.00000000
0.00000880	0.00000000	0.00000000	1.43888903	1.44302940	1.43662512	1.39542139	0.00000000	0.00000000
0.00000960	0.00000000	0.00000000	1.44104195	1.45209169	1.42413509	1.41649318	0.00000000	0.00000000
0.00001040	0.00000000	0.00000000	1.43791878	1.43735945	1.43293488	1.29942763	0.00000000	0.00000000
0.00001120	0.00000000	0.00000000	1.43058062	1.42136729	1.45166969	1.27133191	0.00000000	0.00000000
0.00001200	0.00000000	0.00000000	1.42718458	1.42863643	1.37218845	1.34157133	0.00000000	0.00000000
0.00001280	0.00000000	18.40841484	1.42534494	1.41855657	1.38666534	1.49141514	0.00000000	0.00000000
0.00001440	0.00000000	0.00000000	1.42483962	1.41826582	1.36750472	1.33805931	5.43226051	0.00000000
0.00001600	0.00000000	0.00000000	1.42043269	1.39885700	1.38027847	1.37903225	0.00000000	0.00000000
0.00001760	0.00000000	9.20420742	1.40919316	1.39861476	1.36196935	1.24323618	0.00000000	0.00000000
0.00001920	0.00000000	0.00000000	1.40840971	1.38240445	1.34053779	1.30176902	0.00000000	0.00000000
0.00002080	0.00000000	0.00000000	1.40157712	1.38463366	1.35302770	1.36849630	5.43226051	0.00000000
0.00002240	0.00000000	0.00000000	1.40128398	1.36248696	1.34692466	1.32986474	0.00000000	0.00000000
0.00002400	0.00000000	0.00000000	1.39110065	1.37491727	1.32308030	1.26664937	0.00000000	0.00000000
0.00002560	0.00000000	0.00000000	1.38719904	1.36830223	1.33145428	1.19640994	0.00000000	0.00000000
0.00002880	0.00000000	0.00000000	1.38568044	1.34553242	1.29950142	1.27495754	0.00000000	0.00000000
0.00003200	0.00000000	0.00000000	1.37250185	1.33169806	1.29837298	1.21888983	0.00000000	0.00000000
0.00003520	0.00000000	0.00000000	1.36474323	1.32193732	1.28742683	1.24692369	2.75144267	0.00000000
0.00003840	0.00000000	0.00000000	1.35590434	1.31194520	1.26698744	1.18910372	0.00000000	0.00000000
0.00004160	0.00000000	4.84252167	1.34766483	1.30265331	1.25471532	1.15756571	0.00000000	0.00000000
0.00004480	0.00000000	0.00000000	1.34104168	1.28812492	1.24688661	1.16165400	0.00000000	0.00000000
0.00004800	0.00000000	4.84252167	1.33611321	1.28243768	1.21416104	1.20604086	0.00000000	0.00000000
0.00005120	0.00000000	0.00000000	1.32054842	1.27191007	1.23045325	1.16048586	0.00000000	0.00000000
0.00005760	0.00000000	2.43519616	1.30778074	1.25644100	1.20177591	1.15603185	2.73959565	0.00000000
0.00006400	0.00000000	2.43519616	1.29476881	1.23451698	1.17430782	1.12269998	1.36979783	0.00000000
0.00007040	0.00000000	0.00000000	1.27951634	1.21459460	1.15970767	1.15687168	1.36979783	0.00000000
0.00007680	0.00000000	0.00000000	1.26607513	1.19744396	1.15479374	1.09112251	0.00000000	0.00000000
0.00008320	0.00000000	2.43519616	1.25475979	1.19220102	1.14588511	1.09057271	0.00000000	0.00000000
0.00008960	0.00000000	0.00000000	1.24329233	1.17902505	1.13096678	1.07366669	1.36979783	0.00000000
0.00009600	0.00000000	0.00000000	1.23082745	1.16724956	1.12326014	1.07778966	0.00000000	0.00000000
0.00010240	0.00000000	0.00000000	1.22064435	1.15436542	1.10805905	1.06114089	4.10939360	0.00000000
0.00011520	0.00000000	2.40744495	1.19937885	1.13647461	1.09380686	1.05309510	2.03709769	0.00000000
0.00012800	0.00000000	1.20372248	1.17826366	1.12453544	1.07391500	1.04257882	1.35806513	0.00000000
0.00014080	0.00000000	0.00000000	1.16102338	1.10266197	1.06055927	1.03615212	2.03709769	0.00000000
0.00015360	0.00000000	1.20372248	1.14414132	1.09244931	1.04261577	1.02256846	0.00000000	0.00000000
0.00016640	0.00000000	0.00000000	1.13038349	1.07399940	1.04676068	1.05455577	3.39516282	0.00000000
0.00017920	0.00000000	0.00000000	1.11712241	1.07236683	1.03983486	1.01868904	0.67903256	0.00000000
0.00019200	0.00000000	1.20372248	1.10755563	1.06121564	1.02626646	1.00539672	0.00000000	0.00000000
0.00020480	0.00000000	1.20372248	1.09698117	1.05567086	1.03111351	1.00127518	0.00000000	4.98431587
0.00023040	0.00000000	1.19008267	1.08022594	1.04355657	1.01723945	1.00076675	1.34936583	0.00000000
0.00025600	0.00000000	2.38016534	1.06292844	1.03579807	1.00868499	1.00248873	1.01202440	2.40744495
0.00028160	0.00000000	0.00000000	1.04912484	1.02705908	1.00702572	1.01425171	0.67468292	0.00000000
0.00030720	0.00000000	1.19008267	1.03869784	1.01805413	1.00700581	1.00088131	1.34936583	0.00000000
0.00033280	0.00000000	1.19008267	1.03269827	1.01455760	1.00273383	1.00475359	1.01202440	0.00000000
0.00035840	0.00000000	0.59504133	1.02445543	1.01116264	1.00152147	0.99284446	2.02404881	0.00000000
0.00038400	0.00000000	0.00000000	1.02074444	1.01007235	1.00159216	1.01391840	1.01202440	0.00000000
0.00040960	0.00000000	0.00000000	1.01795757	1.01055980	1.00778687	0.99630976	1.68670726	4.81488991
0.00046080	0.00000000	1.79020977	1.01467192	1.00900996	1.00316060	0.99128824	1.35225523	2.40744495
0.00051200	0.00000000	1.19347322	1.01113880	1.00485289	0.99964380	0.99902511	1.52128720	0.00000000
0.00056320	0.00000000	0.89510489	1.00697207	1.00391924	1.00178242	1.00619781	0.84515953	0.00000000
0.00061440	0.00000000	1.19347322	1.00423872	1.00112903	1.00234652	1.00307727	1.01419151	0.00000000
0.00066560	0.00000000	0.59673661	1.00175655	0.99694490	1.00263858	1.00504863	0.50709575	3.61116743
0.00071680	0.00000000	0.59673661	0.99913841	0.99877036	1.00208569	1.00172818	1.35225523	0.00000000
0.00076800	0.00000000	1.19347322	0.99983209	1.00351810	1.00105965	1.00756645	1.52128720	0.00000000
0.00081920	0.00000000	0.59673661	0.99967796	1.00798059	1.00128329	1.00363934	1.52128720	2.40744495
0.00092160	0.00000000	0.45398641	0.99814588	1.00387907	0.99857885	1.00655317	0.68049288	1.20372248
0.00102400	0.00000000	1.21063042	0.99705923	1.00086808	1.00035918	0.99784791	0.59543127	0.60186124
0.00112640	0.00000000	1.05930161	0.99960071	1.00233519	1.00083065	1.00843441	0.76555449	1.20372248
0.00122880	0.00000000	1.35806799	0.99781835	1.00555658	0.99956107	0.99069786	0.68049288	0.00000000
0.00133120	0.00000000	1.50896442	0.99667692	1.00116336	1.00214636	1.00088549	0.76555449	0.60186124
0.00143360	0.00000000	0.90537864	0.99483472	0.99856120	1.00130546	1.00324714	1.02073932	1.20372248
0.00153600	0.00000000	1.20717156	0.99514472	1.00038743	0.99673980	1.00733852	1.36098576	1.20372248
0.00163840	0.00000000	0.90537864	0.99358034	1.00591016	1.00544429	1.00483000	1.02073932	1.20372248
0.00184320	0.00000000	1.24318194	0.99578804	1.00581312	1.00063014	0.99650484	0.93567771	0.90279186
0.00204800	0.00000000	0.80441183	1.00205266	1.00610387	0.99951071	0.99680334	1.48857820	2.10651422
0.00225280	0.00000000	1.09692526	1.00386965	1.00096810	0.99553305	0.99983591	0.93567771	1.20372248
0.00245760	0.00000000	0.73128349	0.99763417	0.99599689	0.99469316	0.99724597	0.97820848	0.30093062
0.00266240	0.00000000	0.73128349	0.99478441	0.99666053	1.00022781	0.99593520	0.89314687	1.49610388
0.00286720	0.00000000	1.09692526	0.99678075	0.99740165	0.99639040	0.99817175	1.06327009	0.29922077
0.00307200	0.00000000	1.24318194	0.99672753	1.00110722	0.99396998	1.00119746	0.85061610	0.59844154
0.00327680	0.00000000	1.46256697	1.00238287	0.99705368	1.00524247	1.00922632	1.44604731	1.19688308
0.00368640	0.00000000	0.97076380	1.00238276	1.00448871	0.99700540	1.00748956	1.17211235	1.19008267
0.00409600	0.00000000	0.93480957	1.00407481	1.00116134	1.00309753	1.00435650	1.29997921	1.63636363
0.00450560	0.00000000	1.04267228	1.00042808	0.99805844	1.00406015	0.99516416	1.19342351	0.74805194
0.00491520	0.00000000	1.43816853	0.99996823	0.99814498	1.00353408	0.99791658	1.00162327	1.04727268
0.00532480	0.00000000	0.61122167	0.99556243	0.99639320	1.00064945	1.00154459	0.87375653	0.74805194
0.00573440	0.00000000	0.97347540	0.99931300	1.00123596	1.00534940	1.00305152	0.98031217	0.74805194
0.00614400	0.00000000	0.86531150	1.00292182	0.99646747	1.00162590	0.99777341	1.06555676	1.94493508
0.00655360	0.00000000	0.43386766	1.00701070	0.99836153	1.00123632	0.99487948	0.87375653	1.04727268
0.00737280	0.00000000	0.87111783	1.00083005	1.00194108	0.99920982	0.99906474	1.07853174	1.17667341
0.00819200	0.00000000	0.74875808	1.00020039	0.99891645	1.00020468	0.99320716	0.98242491	0.95604712
0.00901120	0.00000000	0.94486141	1.00186253	1.00138271	0.99951249	1.00069416	0.90963560	1.03543913
0.00983040	0.00000000	1.03399932	1.00056350	0.99664873	1.00186360	1.00145054	0.98242491	0.66563946
0.01064960	0.00000000	1.16203821	1.00402129	0.99717748	0.99996245	1.00007558	1.12706637	1.92295837
0.01146880	0.00000000	1.03689563	1.00147092	1.00046396	1.00107431	0.99940741	0.98031217	0.66563946
0.01228800	0.00000000	1.01901817	0.99904382	1.00071323	1.00034606	0.99859720	0.91637880	1.03543913
0.01310720	0.00000000	1.00114059	1.00163591	1.00182629	0.99961412	1.00064313	0.96965659	1.18335903
0.01474560	0.00000000	1.06665003	1.00179851	1.00192392	1.00214183	0.99777699	0.94352782	1.03543913
0.01638400	0.00000000	1.16524792	0.99996233	1.00280941	0.99973989	1.00187218	0.96988332	0.92449921
0.01802240	0.00000000	1.14732111	1.00037122	1.00300801	0.99976701	1.00086784	0.83643216	0.77657938
0.01966080	0.00000000	1.11146724	1.00315237	1.00233269	1.00334680	1.00201797	0.88745415	1.33127892
0.02129920	0.00000000	1.01569867	1.00057554	1.00160444	0.99998450	0.99964064	0.94230962	0.96694213
0.02293760	0.00000000	1.04558468	1.00346410	1.00159514	0.99926698	1.00180352	1.00988042	1.26446283
0.02457600	0.00000000	0.99150276	1.00048482	0.99732870	0.99982780	1.00170672	1.14382982	0.89256197
0.02621440	0.00000000	0.99772167	1.00442600	0.99747473	0.99860740	0.99967372	0.93825668	0.89256197
0.02949120	0.00000000	1.01735115	1.00011396	0.99877703	0.99811912	1.00116110	1.05143178	0.86411953
0.03276800	0.00000000	0.96626198	0.99935764	0.99998784	0.99817467	1.00049984	0.98989761	0.83204931
0.03604480	0.00000000	1.04107785	1.00132263	1.00023830	1.00197387	1.00295830	0.99096775	0.90600926
0.03932160	0.00000000	1.06665003	1.00097013	1.00185573	0.99877429	0.99971980	0.98830384	0.96147919
0.04259840	0.00000000	1.04266405	1.00011539	0.99752402	0.99981856	1.00086427	0.93768990	0.89259082
0.04587520	0.00000000	0.99428785	1.00081694	0.99685633	1.00039542	0.99599522	0.97764826	0.66944307
0.04915200	0.00000000	0.93363756	1.00047302	0.99886411	0.99954128	0.99901640	0.90643775	0.87399518
0.05242880	0.00000000	1.06960416	1.00073695	1.00037515	1.00109708	1.00077891	1.04690945	1.12788904
0.05898240	0.00000000	0.92169017	1.00174975	0.99892956	1.00182164	1.00017381	1.02871382	1.00776887
0.06553600	0.00000000	1.00674152	1.00086844	0.99976367	1.00140297	1.00095427	0.99282849	0.83656794
0.07208960	0.00000000	1.04985678	1.00206006	1.00021267	0.99963826	0.99956566	1.05529559	0.96154094
0.07864320	0.00000000	0.95498574	0.99956238	0.99996388	1.00025499	0.99808782	0.96965659	0.98003209
0.08519680	0.00000000	0.97727275	0.99973977	1.00057900	0.99948478	1.00134420	0.89653933	0.88757622
0.09175040	0.00000000	0.95542860	1.00057197	0.99886215	0.99846065	1.00048912	0.96344084	1.06005418
0.09830400	0.00000000	1.00227273	1.00260282	1.00161517	1.00062466	0.99922311	0.98329198	1.23890853
0.10485760	0.00000000	0.92114288	0.99785519	1.00067675	0.99980080	0.99993330	1.02961123	1.01006687
0.11796480	0.00000000	0.96975535	0.99987370	1.00015104	1.00050461	0.99998260	0.98897439	1.04747677
0.13107200	0.00000000	1.01467562	1.00113428	0.99983698	0.99993992	0.99916917	1.00143993	0.98536950
0.14417920	0.00000000	0.93063581	1.00080752	1.00081217	0.99949360	1.00037563	1.00997984	0.95605624
0.15728641	0.00000000	0.97014076	1.00135994	1.00047421	0.99934155	0.99961799	0.99368519	0.96881604
0.17039360	0.00000000	0.97507334	1.00134385	0.99945903	1.00003922	1.00008678	1.01405287	0.96941179
0.18350080	0.00000000	0.99354339	0.99991292	0.99993217	0.99869514	1.00008655	0.99397767	0.92510927
0.19660801	0.00000000	0.93818146	0.99963903	0.99969232	0.99959278	1.00012493	1.01488209	0.99510205
0.20971520	0.00000000	0.97328752	1.00037634	1.00044477	1.00016665	0.99978787	1.01441991	0.94320136
0.23592959	0.00000000	1.02955079	0.99948627	0.99967718	0.99993879	1.00022054	1.00421548	1.06277585
0.26214400	0.00000000	0.93500197	1.00032556	0.99901354	0.99966681	1.00096881	0.97566462	0.93880838
0.28835839	0.00000000	1.02530801	0.99987096	1.00000548	0.99973691	1.00014114	0.99756694	1.01436341
0.31457281	0.00000000	1.00518012	1.00042117	1.00023568	0.99957097	0.99928027	1.02634811	0.97167808
0.34078720	0.00000000	1.00802553	1.00049996	1.00088072	0.99961638	0.99926281	1.00543737	0.98786587
0.36700159	0.00000000	0.99605483	0.99929869	0.99965435	1.00008881	1.00004816	0.99117631	0.99042422
0.39321601	0.00000000	1.01618695	0.99956048	0.99893957	0.99926537	1.00005090	0.99260819	1.07027590
0.41943040	0.00000000	1.02941179	0.99967486	1.00007498	1.00023985	0.99958569	1.01142395	1.03881276
0.47185919	0.00000000	1.01459849	1.00067949	0.99994749	0.99977225	1.00029790	1.03900158	0.96128893
0.52428800	0.00000000	0.99810606	0.99958426	0.99986148	0.99999630	1.00022137	1.00762439	0.99677747
0.57671678	0.00000000	0.94632351	1.00001431	0.99961787	1.00011504	0.99976188	0.98850220	0.99056548
0.62914562	0.00000000	0.96017575	1.00023556	0.99966604	1.00048101	0.99939793	0.98482162	1.01462102
0.68157440	0.00000000	1.01499844	0.99940360	0.99960160	0.99966586	1.00027072	1.00732756	0.98813558
0.73400319	0.00000000	1.05295837	0.99988085	0.99987680	0.99967253	1.00027084	0.97955102	1.04285717
0.78643203	0.00000000	1.00830412	0.99966359	1.00001764	0.99984699	0.99985522	0.99880457	0.95277035
0.83886081	0.00000000	0.99371982	0.99962741	0.99964851	0.99986178	1.00020528	1.03328717	1.03762376
0.94371837	0.00000000	1.01008832	1.00036716	1.00033200	1.00069523	1.00005698	0.98627877	1.02235293
1.04857600	0.00000000	0.95045650	1.00037861	1.00023615	1.00026369	0.99993563	0.98519051	0.98918921
1.15343356	0.00000000	1.05620968	0.99932891	1.00002527	0.99982899	0.99952149	1.01426542	0.96185660
1.25829124	0.00000000	0.98659140	0.99966508	1.00069737	0.99981147	1.00011599	0.99491256	0.99371898
1.36314881	0.00000000	1.00661063	0.99953216	0.99974442	0.99889451	1.00019622	1.01228571	1.06151712
1.46800637	0.00000000	0.96581197	0.99956304	1.00042808	0.99989015	1.00023174	0.97821945	0.98205125
1.57286406	0.00000000	1.00364304	1.00131249	0.99956566	1.00160491	0.99990952	1.01516688	0.96774191
1.67772162	0.00000000	0.99621212	0.99899626	1.00086784	1.00070310	1.00000119	1.00564265	1.00346017
1.88743675	0.00000000	0.00000000	0.00000000	0.00000000	0.00000000	0.00000000	0.00000000	0.00000000
2.09715199	0.00000000	0.00000000	0.00000000	0.00000000	0.00000000	0.00000000	0.00000000	0.00000000
2.30686712	0.00000000	0.00000000	0.00000000	0.00000000	0.00000000	0.00000000	0.00000000	0.00000000
2.51658249	0.00000000	0.00000000	0.00000000	0.00000000	0.00000000	0.00000000	0.00000000	0.00000000
2.72629762	0.00000000	0.00000000	0.00000000	0.00000000	0.00000000	0.00000000	0.00000000	0.00000000
2.93601274	0.00000000	0.00000000	0.00000000	0.00000000	0.00000000	0.00000000	0.00000000	0.00000000
3.14572811	0.00000000	0.00000000	0.00000000	0.00000000	0.00000000	0.00000000	0.00000000	0.00000000
3.35544324	0.00000000	0.00000000	0.00000000	0.00000000	0.00000000	0.00000000	0.00000000	0.00000000
3.77487350	0.00000000	0.00000000	0.00000000	0.00000000	0.00000000	0.00000000	0.00000000	0.00000000
4.19430399	0.00000000	0.00000000	0.00000000	0.00000000	0.00000000	0.00000000	0.00000000	0.00000000
4.61373425	0.00000000	0.00000000	0.00000000	0.00000000	0.00000000	0.00000000	0.00000000	0.00000000
5.03316498	0.00000000	0.00000000	0.00000000	0.00000000	0.00000000	0.00000000	0.00000000	0.00000000
5.45259523	0.00000000	0.00000000	0.00000000	0.00000000	0.00000000	0.00000000	0.00000000	0.00000000
5.87202549	0.00000000	0.00000000	0.00000000	0.00000000	0.00000000	0.00000000	0.00000000	0.00000000
6.29145622	0.00000000	0.00000000	0.00000000	0.00000000	0.00000000	0.00000000	0.00000000	0.00000000
6.71088648	0.00000000	0.00000000	0.00000000	0.00000000	0.00000000	0.00000000	0.00000000	0.00000000
7.54974699	0.00000000	0.00000000	0.00000000	0.00000000	0.00000000	0.00000000	0.00000000	0.00000000
8.38860798	0.00000000	0.00000000	0.00000000	0.00000000	0.00000000	0.00000000	0.00000000	0.00000000
9.22746849	0.00000000	0.00000000	0.00000000	0.00000000	0.00000000	0.00000000	0.00000000	0.00000000
10.06632996	0.00000000	0.00000000	0.00000000	0.00000000	0.00000000	0.00000000	0.00000000	0.00000000
10.90519047	0.00000000	0.00000000	0.00000000	0.00000000	0.00000000	0.00000000	0.00000000	0.00000000
11.74405098	0.00000000	0.00000000	0.00000000	0.00000000	0.00000000	0.00000000	0.00000000	0.00000000
12.58291245	0.00000000	0.00000000	0.00000000	0.00000000	0.00000000	0.00000000	0.00000000	0.00000000
13.42177296	0.00000000	0.00000000	0.00000000	0.00000000	0.00000000	0.00000000	0.00000000	0.00000000
15.09949398	0.00000000	0.00000000	0.00000000	0.00000000	0.00000000	0.00000000	0.00000000	0.00000000
16.77721596	0.00000000	0.00000000	0.00000000	0.00000000	0.00000000	0.00000000	0.00000000	0.00000000
18.45493698	0.00000000	0.00000000	0.00000000	0.00000000	0.00000000	0.00000000	0.00000000	0.00000000
20.13265991	0.00000000	0.00000000	0.00000000	0.00000000	0.00000000	0.00000000	0.00000000	0.00000000
21.81038094	0.00000000	0.00000000	0.00000000	0.00000000	0.00000000	0.00000000	0.00000000	0.00000000
23.48810196	0.00000000	0.00000000	0.00000000	0.00000000	0.00000000	0.00000000	0.00000000	0.00000000
25.16582489	0.00000000	0.00000000	0.00000000	0.00000000	0.00000000	0.00000000	0.00000000	0.00000000
26.84354591	0.00000000	0.00000000	0.00000000	0.00000000	0.00000000	0.00000000	0.00000000	0.00000000
30.19898796	0.00000000	0.00000000	0.00000000	0.00000000	0.00000000	0.00000000	0.00000000	0.00000000
33.55443192	0.00000000	0.00000000	0.00000000	0.00000000	0.00000000	0.00000000	0.00000000	0.00000000
36.90987396	0.00000000	0.00000000	0.00000000	0.00000000	0.00000000	0.00000000	0.00000000	0.00000000
40.26531982	0.00000000	0.00000000	0.00000000	0.00000000	0.00000000	0.00000000	0.00000000	0.00000000
43.62076187	0.00000000	0.00000000	0.00000000	0.00000000	0.00000000	0.00000000	0.00000000	0.00000000
46.97620392	0.00000000	0.00000000	0.00000000	0.00000000	0.00000000	0.00000000	0.00000000	0.00000000
50.33164978	0.00000000	0.00000000	0.00000000	0.00000000	0.00000000	0.00000000	0.00000000	0.00000000
53.68709183	0.00000000	0.00000000	0.00000000	0.00000000	0.00000000	0.00000000	0.00000000	0.00000000
60.39797592	0.00000000	0.00000000	0.00000000	0.00000000	0.00000000	0.00000000	0.00000000	0.00000000
67.10886383	0.00000000	0.00000000	0.00000000	0.00000000	0.00000000	0.00000000	0.00000000	0.00000000
73.81974792	0.00000000	0.00000000	0.00000000	0.00000000	0.00000000	0.00000000	0.00000000	0.00000000
80.53063965	0.00000000	0.00000000	0.00000000	0.00000000	0.00000000	0.00000000	0.00000000	0.00000000
87.24152374	0.00000000	0.00000000	0.00000000	0.00000000	0.00000000	0.00000000	0.00000000	0.00000000
93.95240784	0.00000000	0.00000000	0.00000000	0.00000000	0.00000000	0.00000000	0.00000000	0.00000000
100.66329956	0.00000000	0.00000000	0.00000000	0.00000000	0.00000000	0.00000000	0.00000000	0.00000000
107.37418365	0.00000000	0.00000000	0.00000000	0.00000000	0.00000000	0.00000000	0.00000000	0.00000000
120.79595184	0.00000000	0.00000000	0.00000000	0.00000000	0.00000000	0.00000000	0.00000000	0.00000000
134.21772766	0.00000000	0.00000000	0.00000000	0.00000000	0.00000000	0.00000000	0.00000000	0.00000000
147.63949585	0.00000000	0.00000000	0.00000000	0.00000000	0.00000000	0.00000000	0.00000000	0.00000000
161.06127930	0.00000000	0.00000000	0.00000000	0.00000000	0.00000000	0.00000000	0.00000000	0.00000000
174.48304749	0.00000000	0.00000000	0.00000000	0.00000000	0.00000000	0.00000000	0.00000000	0.00000000
187.90481567	0.00000000	0.00000000	0.00000000	0.00000000	0.00000000	0.00000000	0.00000000	0.00000000
201.32659912	0.00000000	0.00000000	0.00000000	0.00000000	0.00000000	0.00000000	0.00000000	0.00000000
214.74836731	0.00000000	0.00000000	0.00000000	0.00000000	0.00000000	0.00000000	0.00000000	0.00000000
241.59190369	0.00000000	0.00000000	0.00000000	0.00000000	0.00000000	0.00000000	0.00000000	0.00000000
268.43545532	0.00000000	0.00000000	0.00000000	0.00000000	0.00000000	0.00000000	0.00000000	0.00000000
295.27899170	0.00000000	0.00000000	0.00000000	0.00000000	0.00000000	0.00000000	0.00000000	0.00000000
322.12255859	0.00000000	0.00000000	0.00000000	0.00000000	0.00000000	0.00000000	0.00000000	0.00000000
348.96609497	0.00000000	0.00000000	0.00000000	0.00000000	0.00000000	0.00000000	0.00000000	0.00000000
375.80963135	0.00000000	0.00000000	0.00000000	0.00000000	0.00000000	0.00000000	0.00000000	0.00000000
402.65319824	0.00000000	0.00000000	0.00000000	0.00000000	0.00000000	0.00000000	0.00000000	0.00000000
429.49673462	0.00000000	0.00000000	0.00000000	0.00000000	0.00000000	0.00000000	0.00000000	0.00000000
483.18380737	0.00000000	0.00000000	0.00000000	0.00000000	0.00000000	0.00000000	0.00000000	0.00000000
536.87091064	0.00000000	0.00000000	0.00000000	0.00000000	0.00000000	0.00000000	0.00000000	0.00000000
590.55798340	0.00000000	0.00000000	0.00000000	0.00000000	0.00000000	0.00000000	0.00000000	0.00000000
644.24511719	0.00000000	0.00000000	0.00000000	0.00000000	0.00000000	0.00000000	0.00000000	0.00000000
697.93218994	0.00000000	0.00000000	0.00000000	0.00000000	0.00000000	0.00000000	0.00000000	0.00000000
751.61926270	0.00000000	0.00000000	0.00000000	0.00000000	0.00000000	0.00000000	0.00000000	0.00000000
805.30639648	0.00000000	0.00000000	0.00000000	0.00000000	0.00000000	0.00000000	0.00000000	0.00000000
858.99346924	0.00000000	0.00000000	0.00000000	0.00000000	0.00000000	0.00000000	0.00000000	0.00000000
966.36761475	0.00000000	0.00000000	0.00000000	0.00000000	0.00000000	0.00000000	0.00000000	0.00000000
1073.74182129	0.00000000	0.00000000	0.00000000	0.00000000	0.00000000	0.00000000	0.00000000	0.00000000
1181.11596680	0.00000000	0.00000000	0.00000000	0.00000000	0.00000000	0.00000000	0.00000000	0.00000000
1288.49023437	0.00000000	0.00000000	0.00000000	0.00000000	0.00000000	0.00000000	0.00000000	0.00000000
1395.86437988	0.00000000	0.00000000	0.00000000	0.00000000	0.00000000	0.00000000	0.00000000	0.00000000
1503.23852539	0.00000000	0.00000000	0.00000000	0.00000000	0.00000000	0.00000000	0.00000000	0.00000000
1610.61279297	0.00000000	0.00000000	0.00000000	0.00000000	0.00000000	0.00000000	0.00000000	0.00000000
1717.98693848	0.00000000	0.00000000	0.00000000	0.00000000	0.00000000	0.00000000	0.00000000	0.00000000
1932.73522949	0.00000000	0.00000000	0.00000000	0.00000000	0.00000000	0.00000000	0.00000000	0.00000000
2147.48364258	0.00000000	0.00000000	0.00000000	0.00000000	0.00000000	0.00000000	0.00000000	0.00000000
2362.23193359	0.00000000	0.00000000	0.00000000	0.00000000	0.00000000	0.00000000	0.00000000	0.00000000
2576.98046875	0.00000000	0.00000000	0.00000000	0.00000000	0.00000000	0.00000000	0.00000000	0.00000000
2791.72875977	0.00000000	0.00000000	0.00000000	0.00000000	0.00000000	0.00000000	0.00000000	0.00000000
3006.47705078	0.00000000	0.00000000	0.00000000	0.00000000	0.00000000	0.00000000	0.00000000	0.00000000
3221.22558594	0.00000000	0.00000000	0.00000000	0.00000000	0.00000000	0.00000000	0.00000000	0.00000000
3435.97387695	0.00000000	0.00000000	0.00000000	0.00000000	0.00000000	0.00000000	0.00000000	0.00000000
0	0	0	0	0	0	0	0	0
