%4/2/2019 3:35:17 PM
%Duration	ID1		ID2		ID3		ID4		ID5		ID6		ID7		ID8
1000.000000	0.000000	0.438690	493.679047	231.800079	100.336075	34.389496	0.486374	0.190735
%Tau		Tau1		Tau2		Tau3		Tau4		Tau5		Tau6		Tau7		Tau8
%		0.000000	0.000001	0.000128	0.000083	0.000058	0.000042	0.000001	0.000001
%Delaytime	D1		D2		D3		D4		D5		D6		D7		D8
0.00000020	0.00000000	219.18267822	1.51502991	1.48797417	1.71251428	3.66907191	187.24478149	0.00000000
0.00000040	0.00000000	0.00000000	1.49555087	1.49506712	1.50601792	1.60172677	46.81119537	595.70660400
0.00000060	0.00000000	0.00000000	1.45149195	1.48337340	1.50385571	1.42479193	0.00000000	0.00000000
0.00000080	0.00000000	0.00000000	1.47052932	1.51193666	1.49196315	1.50860322	0.00000000	0.00000000
0.00000100	0.00000000	0.00000000	1.46261716	1.50561059	1.44223106	1.53654027	0.00000000	0.00000000
0.00000120	0.00000000	0.00000000	1.47354150	1.49142480	1.51250470	1.58310211	0.00000000	0.00000000
0.00000140	0.00000000	0.00000000	1.44851995	1.46803749	1.46385372	1.63897622	0.00000000	0.00000000
0.00000160	0.00000000	0.00000000	1.46514738	1.48203146	1.53953302	1.51791549	0.00000000	0.00000000
0.00000180	0.00000000	0.00000000	1.46619165	1.45442677	1.46061039	1.48066604	0.00000000	0.00000000
0.00000200	0.00000000	0.00000000	1.44699371	1.47743070	1.46493483	1.55516493	0.00000000	0.00000000
0.00000220	0.00000000	0.00000000	1.47097111	1.51232004	1.45628583	1.50860322	0.00000000	0.00000000
0.00000240	0.00000000	0.00000000	1.46213520	1.48394847	1.50601792	1.29441881	0.00000000	0.00000000
0.00000260	0.00000000	0.00000000	1.44611013	1.47704732	1.43033862	1.46204138	0.00000000	0.00000000
0.00000280	0.00000000	0.00000000	1.45297801	1.45787740	1.48007071	1.48066604	0.00000000	0.00000000
0.00000300	0.00000000	0.00000000	1.44904208	1.48107302	1.51574814	1.46204138	0.00000000	0.00000000
0.00000320	0.00000000	0.00000000	1.45872140	1.48835766	1.48547637	1.41547954	0.00000000	0.00000000
0.00000360	0.00000000	0.00000000	1.45076907	1.47551370	1.39898574	1.51325929	0.00000000	0.00000000
0.00000400	0.00000000	0.00000000	1.44797778	1.46036947	1.47358394	1.45272899	0.00000000	0.00000000
0.00000440	0.00000000	0.00000000	1.45657265	1.45787740	1.46871889	1.50860322	0.00000000	0.00000000
0.00000480	0.00000000	0.00000000	1.44791746	1.45730221	1.48115182	1.35960531	0.00000000	0.00000000
0.00000520	0.00000000	0.00000000	1.45056820	1.46372414	1.47142172	1.48066604	0.00000000	0.00000000
0.00000560	0.00000000	0.00000000	1.44297743	1.45193470	1.49196315	1.29441881	0.00000000	0.00000000
0.00000600	0.00000000	0.00000000	1.46667361	1.44627953	1.42385185	1.44341660	0.00000000	0.00000000
0.00000640	0.00000000	0.00000000	1.45669305	1.45078444	1.40709424	1.36891770	0.00000000	0.00000000
0.00000720	0.00000000	0.00000000	1.44521654	1.44302058	1.44060934	1.40616715	23.40559769	0.00000000
0.00000800	0.00000000	0.00000000	1.44909227	1.43343556	1.40655375	1.39918292	0.00000000	0.00000000
0.00000880	0.00000000	0.00000000	1.44147134	1.43372321	1.40655375	1.40616715	0.00000000	0.00000000
0.00000960	0.00000000	0.00000000	1.43686259	1.44282889	1.42520320	1.46436942	0.00000000	0.00000000
0.00001040	0.00000000	0.00000000	1.43520594	1.41694939	1.40655375	1.36658955	0.00000000	0.00000000
0.00001120	0.00000000	0.00000000	1.43473399	1.43760502	1.39979661	1.44108856	0.00000000	0.00000000
0.00001200	0.00000000	0.00000000	1.42805684	1.43290842	1.42871690	1.39685476	0.00000000	0.00000000
0.00001280	0.00000000	0.00000000	1.43108916	1.41738069	1.41466224	1.40849519	0.00000000	0.00000000
0.00001440	0.00000000	0.00000000	1.42080247	1.41503239	1.36736262	1.38754237	11.70279884	0.00000000
0.00001600	0.00000000	0.00000000	1.41667068	1.40626216	1.36668694	1.34098053	5.85139942	0.00000000
0.00001760	0.00000000	0.00000000	1.40672028	1.40214062	1.34857798	1.37939405	0.00000000	0.00000000
0.00001920	0.00000000	0.00000000	1.40792012	1.39135754	1.36384892	1.35378504	0.00000000	0.00000000
0.00002080	0.00000000	0.00000000	1.39884830	1.38795483	1.33573949	1.26880980	5.85139942	0.00000000
0.00002240	0.00000000	0.00000000	1.39711630	1.38306642	1.36655176	1.32584798	0.00000000	0.00000000
0.00002400	0.00000000	0.00000000	1.39354181	1.36952770	1.33479357	1.29674685	0.00000000	0.00000000
0.00002560	0.00000000	0.00000000	1.38560450	1.35761833	1.35628104	1.21526361	0.00000000	0.00000000
0.00002880	0.00000000	0.00000000	1.37662470	1.35196674	1.30475748	1.28283262	0.00000000	0.00000000
0.00003200	0.00000000	3.18996215	1.36971772	1.34003782	1.28864598	1.26355505	0.00000000	0.00000000
0.00003520	0.00000000	0.00000000	1.36010683	1.33261216	1.26774204	1.26647592	0.00000000	0.00000000
0.00003840	0.00000000	0.00000000	1.34983706	1.32054543	1.27155137	1.23726749	0.00000000	0.00000000
0.00004160	0.00000000	0.00000000	1.34309030	1.30310130	1.24341178	1.23025751	0.00000000	0.00000000
0.00004480	0.00000000	15.94981098	1.33301365	1.29071724	1.23303521	1.23843586	0.00000000	0.00000000
0.00004800	0.00000000	0.00000000	1.32451785	1.27978826	1.22306824	1.18765068	0.00000000	0.00000000
0.00005120	0.00000000	0.00000000	1.31877017	1.27121282	1.21262348	1.14967847	0.00000000	0.00000000
0.00005760	0.00000000	0.00000000	1.30073225	1.25507176	1.19067192	1.16088629	0.00000000	0.00000000
0.00006400	0.00000000	0.00000000	1.28414154	1.23944890	1.16806746	1.11391401	0.00000000	0.00000000
0.00007040	0.00000000	1.60992229	1.27105987	1.22149038	1.14264870	1.11683154	1.44990432	0.00000000
0.00007680	0.00000000	0.00000000	1.25826263	1.21046031	1.14073551	1.11916566	0.00000000	0.00000000
0.00008320	0.00000000	4.82976675	1.24331725	1.19536006	1.12847030	1.12824547	1.44990432	0.00000000
0.00008960	0.00000000	0.00000000	1.23006690	1.17450190	1.11678588	1.09615159	1.44990432	0.00000000
0.00009600	0.00000000	1.60992229	1.22010231	1.16900063	1.10130906	1.08681524	0.00000000	0.00000000
0.00010240	0.00000000	3.21984458	1.20996237	1.15697432	1.08931720	1.05209541	0.00000000	0.00000000
0.00011520	0.00000000	3.26546168	1.18797374	1.13818800	1.07842612	1.06545973	0.73142493	0.00000000
0.00012800	0.00000000	0.81636542	1.16861117	1.11932945	1.07129800	1.04883802	0.00000000	4.70669365
0.00014080	0.00000000	0.00000000	1.14953637	1.10946667	1.05210745	1.04680097	0.73142493	0.00000000
0.00015360	0.00000000	0.81636542	1.13535106	1.09443331	1.04246724	1.07055271	1.46284986	0.00000000
0.00016640	0.00000000	0.00000000	1.11936533	1.08427668	1.03742480	1.02710831	0.73142493	0.00000000
0.00017920	0.00000000	1.63273084	1.10639358	1.07175064	1.03564715	1.01313806	0.00000000	0.00000000
0.00019200	0.00000000	0.00000000	1.09486103	1.06303859	1.03556168	1.02085078	0.00000000	0.00000000
0.00020480	0.00000000	0.81636542	1.08683801	1.05524194	1.02229750	1.04631746	0.00000000	4.70669365
0.00023040	0.00000000	2.48404121	1.06950521	1.04743159	1.02425992	1.01595783	0.74129784	2.35334682
0.00025600	0.00000000	1.24202061	1.05609310	1.03823018	1.01608729	0.99590433	0.74129784	2.35334682
0.00028160	0.00000000	0.82801372	1.04566455	1.02961028	1.01314235	1.01617622	1.11194670	0.00000000
0.00030720	0.00000000	1.24202061	1.03603256	1.02388525	1.00767422	0.99689186	2.22389340	2.35334682
0.00033280	0.00000000	0.41400686	1.02745378	1.01777327	1.00675929	0.98136079	0.00000000	0.00000000
0.00035840	0.00000000	1.24202061	1.02115774	1.01546693	1.00387573	0.99227607	1.85324454	0.00000000
0.00038400	0.00000000	2.48404121	1.01732934	1.01250196	1.00059676	0.98431337	0.37064892	2.35334682
0.00040960	0.00000000	1.24202061	1.01556766	1.01349413	0.99764931	0.98686022	0.74129784	2.35334682
0.00046080	0.00000000	1.46285713	1.00833094	1.00760353	1.00261819	0.98809409	0.55348855	4.60210371
0.00051200	0.00000000	0.83591837	1.00398171	1.00050581	0.99713999	1.00147223	0.73798478	0.00000000
0.00056320	0.00000000	1.46285713	1.00100744	1.00284636	0.99793601	1.01581407	0.92248094	0.00000000
0.00061440	0.00000000	1.04489791	1.00088549	1.00409150	1.00166297	0.98871744	0.18449619	1.15052593
0.00066560	0.00000000	0.83591837	1.00218379	1.00066078	1.00395215	0.98977345	1.29147339	1.15052593
0.00071680	0.00000000	1.25387752	1.00357950	1.00165415	1.00320554	1.00121248	0.18449619	2.30105186
0.00076800	0.00000000	1.04489791	1.00433338	1.00368297	1.00297678	0.99735773	0.55348855	1.15052593
0.00081920	0.00000000	1.04489791	1.00391936	1.00656796	1.00675297	1.00175369	1.29147339	0.00000000
0.00092160	0.00000000	0.73668224	1.00175583	1.00874674	1.00047541	1.00467086	1.19388354	0.58503145
0.00102400	0.00000000	0.52620161	0.99896055	1.00930345	0.99175256	1.00068319	1.37755787	1.75509429
0.00112640	0.00000000	0.52620161	0.99743408	1.00821197	0.99951631	0.99682271	0.73469752	1.17006290
0.00122880	0.00000000	1.36812413	0.99249667	1.00807297	0.99723607	0.99805677	1.28572071	1.17006290
0.00133120	0.00000000	0.42096129	0.99260420	1.00717783	0.99890566	0.99872822	1.10204625	0.58503145
0.00143360	0.00000000	1.26288378	0.99728060	1.00654757	0.99728525	0.99869192	0.64286035	2.34012580
0.00153600	0.00000000	1.05240321	1.00004172	1.00560451	0.99455202	1.00219548	0.91837192	0.00000000
0.00163840	0.00000000	1.15764356	1.00282311	1.00426900	1.00142777	1.00017655	0.82653475	0.58503145
0.00184320	0.00000000	1.00940788	1.00276566	1.00235212	1.00182784	1.00260711	1.00570929	2.04761004
0.00204800	0.00000000	1.27504146	0.99840224	1.00518882	0.99994051	1.00039768	0.82285309	0.58503145
0.00225280	0.00000000	0.53126729	0.99724030	0.99945021	1.00062966	1.00459599	0.77713901	0.58503145
0.00245760	0.00000000	1.38129497	0.99661255	0.99850810	1.00042224	1.00114131	0.63999683	1.75509429
0.00266240	0.00000000	0.95398790	0.99591124	0.99605447	1.00246406	1.00460303	1.23427963	0.87754714
0.00286720	0.00000000	0.90098858	0.99705082	0.99528468	1.00193453	1.00622690	0.68571091	1.75509429
0.00307200	0.00000000	1.53698051	1.00142872	0.99833071	0.99751490	0.99607229	1.18856549	2.34012580
0.00327680	0.00000000	1.00698721	1.00315034	0.99621409	0.99718821	1.00180471	1.05142331	0.29251572
0.00368640	0.00000000	0.77778941	0.99845684	0.99480516	1.00253081	0.99635428	0.96428573	0.57849479
0.00409600	0.00000000	0.85825038	0.99598467	0.99692881	1.00267863	0.99945343	1.19387758	0.72311842
0.00450560	0.00000000	1.23373497	0.99647611	1.00457740	1.00159216	0.99867666	1.03316331	0.28924739
0.00491520	0.00000000	0.72414875	1.00121474	0.99944663	1.00092125	0.99936455	0.98724490	1.44623685
0.00532480	0.00000000	0.72414875	0.99831086	0.99310166	0.99789977	1.00356770	1.01020408	0.43387106
0.00573440	0.00000000	0.91189104	0.99655181	0.99727637	1.00317216	1.00051343	0.82653064	1.01236582
0.00614400	0.00000000	1.04599261	1.00106835	0.99755788	0.99817050	0.99982744	0.94132656	1.01236582
0.00655360	0.00000000	1.17725754	1.00506806	1.00065017	1.00034904	0.99904960	0.96213806	0.57849479
0.00737280	0.00000000	1.01307976	1.00443578	0.99879080	1.00126219	1.00229180	0.89341396	0.43630853
0.00819200	0.00000000	0.93203336	0.99815488	0.99553072	0.99793655	0.99818021	1.08813238	0.65446281
0.00901120	0.00000000	1.14815700	0.99788094	1.00066829	1.00036228	0.99786186	0.97359210	0.94533521
0.00983040	0.00000000	1.14815700	0.99906689	0.99884254	1.00428736	0.99780566	1.05377030	1.38164377
0.01064960	0.00000000	0.91630697	1.00370669	1.00179029	0.99783146	0.99834889	0.91632199	1.30892563
0.01146880	0.00000000	1.10495842	1.00094819	1.00211453	0.99912697	0.99703974	1.21412659	1.23620760
0.01228800	0.00000000	0.83545637	1.00193775	1.00088418	1.00245953	1.00518930	0.91632199	0.43630853
0.01310720	0.00000000	0.90283185	1.00326037	1.00350797	0.99825162	0.99876791	1.03086221	1.16348946
0.01474560	0.00000000	1.13319826	1.00148296	0.99964869	1.00084770	0.99970102	0.88967282	1.01236582
0.01638400	0.00000000	1.18684077	0.99693507	0.99940866	1.00049174	1.00169098	1.06999040	1.08467770
0.01802240	0.00000000	0.98998380	1.00003839	1.00317514	1.00067699	0.99920976	0.97794825	0.68696254
0.01966080	0.00000000	0.86289126	1.00328958	1.00190020	0.99710238	0.99971443	0.93767977	1.22930133
0.02129920	0.00000000	0.94984931	1.00019729	0.99942237	1.00145042	1.00191677	0.95493770	0.90389806
0.02293760	0.00000000	0.91419041	1.00102580	0.99947947	1.00121927	1.00317383	0.99520612	1.01236582
0.02457600	0.00000000	1.00093842	1.00431323	0.99974221	0.99757677	0.99908620	0.98370087	1.08467770
0.02621440	0.00000000	1.12105095	1.00067914	0.99936712	1.00241554	0.99862462	1.02972198	1.01236582
0.02949120	0.00000000	1.00483680	0.99958575	1.00082505	0.99945635	1.00162792	0.93350303	0.89079660
0.03276800	0.00000000	1.03172207	1.00181544	0.99856955	1.00093186	1.00007033	1.04231632	1.05441236
0.03604480	0.00000000	0.90183342	1.00151110	1.00006127	1.00139952	0.99781018	0.94782054	0.83625805
0.03932160	0.00000000	1.11304343	0.99983644	1.00100827	0.99853122	0.99929076	0.99077314	0.70504051
0.04259840	0.00000000	1.01337206	1.00064135	0.99779785	1.00171983	0.99807012	1.12249446	0.72311842
0.04587520	0.00000000	0.91644663	1.00288892	0.99796414	0.99838084	0.99969184	0.99363667	1.04852176
0.04915200	0.00000000	0.93528646	0.99791634	1.00085223	1.00141442	1.00208116	1.04856622	0.87261707
0.05242880	0.00000000	1.10170758	0.99881566	0.99910170	1.00043237	1.00037193	0.99142367	1.02380502
0.05898240	0.00000000	0.93262619	0.99986124	1.00017428	0.99994940	0.99861598	1.01428068	1.05441236
0.06553600	0.00000000	1.03936017	1.00088906	0.99868870	0.99898356	0.99930179	0.99713790	0.95981717
0.07208960	0.00000000	0.98336321	1.00018787	0.99949163	0.99898076	1.00272870	0.95570952	1.15178061
0.07864320	0.00000000	0.98739219	0.99977207	0.99993074	0.99846345	1.00060391	0.96718299	0.95813197
0.08519680	0.00000000	0.97101146	0.99984205	1.00063980	0.99931133	0.99976569	0.98868477	0.94005400
0.09175040	0.00000000	0.98435873	1.00120199	1.00090241	1.00134766	0.99907398	1.04267585	0.85443759
0.09830400	0.00000000	0.99795896	0.99963933	1.00108802	0.99843329	0.99935794	1.02829409	1.06036949
0.10485760	0.00000000	0.97903401	0.99904025	0.99868882	0.99897969	0.99988651	0.96786511	1.05122828
0.11796480	0.00000000	1.00367081	0.99905550	0.99985367	1.00013137	1.00059259	0.94933802	1.06493998
0.13107200	0.00000000	1.01576316	1.00057673	1.00067508	0.99970526	0.99987847	0.99437946	1.01565778
0.14417920	0.00000000	1.01847386	0.99905819	1.00073075	1.00065506	1.00011039	1.00339365	0.97090006
0.15728641	0.00000000	0.97180921	0.99980849	0.99966162	1.00076509	1.00061023	0.98932636	1.02588046
0.17039360	0.00000000	1.00620306	1.00107372	0.99954176	1.00051761	0.99778795	0.98122954	1.03849244
0.18350080	0.00000000	1.00687885	0.99939579	0.99958372	1.00050235	1.00087714	1.02591991	0.96976745
0.19660801	0.00000000	1.00583971	1.00042057	1.00029552	0.99984485	0.99988586	1.00762117	0.87919509
0.20971520	0.00000000	0.99530512	1.00033963	0.99996734	1.00096881	0.99944007	1.02298236	1.04376328
0.23592959	0.00000000	0.97778380	1.00029671	1.00167441	1.00068665	0.99941117	0.99760181	0.96584606
0.26214400	0.00000000	1.03415024	0.99989086	0.99961501	1.00010753	1.00069582	1.01355016	0.94160414
0.28835839	0.00000000	0.99939317	1.00070274	0.99952322	1.00009716	0.99952763	1.01633322	0.99755937
0.31457281	0.00000000	0.99540663	1.00067616	1.00050521	0.99982780	0.99975336	0.98292387	1.02251267
0.34078720	0.00000000	0.97456855	0.99981678	1.00000083	1.00022542	1.00018620	0.99320912	1.01960528
0.36700159	0.00000000	1.00132561	1.00066900	0.99900287	1.00028324	0.99999738	0.93654424	0.90106666
0.39321601	0.00000000	1.04219937	1.00041819	0.99964136	1.00072837	1.00076902	1.01489031	1.03026032
0.41943040	0.00000000	1.00203681	1.00057757	0.99984086	1.00075352	1.00010860	0.98176718	1.06139743
0.47185919	0.00000000	0.96782660	0.99970877	0.99996138	1.00020647	0.99958938	1.02836084	0.93254173
0.52428800	0.00000000	1.00990009	1.00056994	0.99946725	0.99972570	0.99999905	1.01619327	1.08900154
0.57671678	0.00000000	1.00164497	1.00003779	0.99975967	1.00052166	1.00003409	0.97999388	0.90180254
0.62914562	0.00000000	0.97657132	1.00052941	0.99954331	1.00030637	1.00033379	0.97104979	1.08333337
0.68157440	0.00000000	1.00663483	1.00042236	0.99995279	0.99952811	1.00017142	1.00487065	0.92144436
0.73400319	0.00000000	0.96229666	0.99979532	0.99931258	1.00001311	0.99990493	1.02488005	1.00635147
0.78643203	0.00000000	0.99549872	0.99963462	1.00022221	1.00047374	0.99952543	1.01064360	0.97227722
0.83886081	0.00000000	1.01934481	0.99923009	0.99991727	1.00011504	0.99970001	0.98149121	1.03233647
0.94371837	0.00000000	1.00893962	1.00023603	1.00001824	1.00001848	1.00033748	0.99245536	0.99473685
1.04857600	0.00000000	0.99011856	0.99955273	1.00041342	1.00013876	0.99983603	0.99256146	0.99084336
1.15343356	0.00000000	1.00626016	1.00058460	0.99989802	0.99982393	0.99947888	0.99496776	1.01795077
1.25829124	0.00000000	1.01768708	0.99906862	1.00031352	1.00028157	0.99986672	1.02636015	0.95560938
1.36314881	0.00000000	1.01540792	1.00065565	0.99979472	1.00071275	1.00026870	0.98540992	0.97592592
1.46800637	0.00000000	0.99432528	0.99992234	0.99980628	0.99920148	0.99970251	0.99764705	1.04956269
1.57286406	0.00000000	0.94723183	0.99967635	0.99968112	0.99971569	0.99998713	1.00487328	1.03686631
1.67772162	0.00000000	1.01282048	1.00072050	1.00011218	0.99971098	1.00082636	1.00000000	0.98666668
1.88743675	0.00000000	0.00000000	0.00000000	0.00000000	0.00000000	0.00000000	0.00000000	0.00000000
2.09715199	0.00000000	0.00000000	0.00000000	0.00000000	0.00000000	0.00000000	0.00000000	0.00000000
2.30686712	0.00000000	0.00000000	0.00000000	0.00000000	0.00000000	0.00000000	0.00000000	0.00000000
2.51658249	0.00000000	0.00000000	0.00000000	0.00000000	0.00000000	0.00000000	0.00000000	0.00000000
2.72629762	0.00000000	0.00000000	0.00000000	0.00000000	0.00000000	0.00000000	0.00000000	0.00000000
2.93601274	0.00000000	0.00000000	0.00000000	0.00000000	0.00000000	0.00000000	0.00000000	0.00000000
3.14572811	0.00000000	0.00000000	0.00000000	0.00000000	0.00000000	0.00000000	0.00000000	0.00000000
3.35544324	0.00000000	0.00000000	0.00000000	0.00000000	0.00000000	0.00000000	0.00000000	0.00000000
3.77487350	0.00000000	0.00000000	0.00000000	0.00000000	0.00000000	0.00000000	0.00000000	0.00000000
4.19430399	0.00000000	0.00000000	0.00000000	0.00000000	0.00000000	0.00000000	0.00000000	0.00000000
4.61373425	0.00000000	0.00000000	0.00000000	0.00000000	0.00000000	0.00000000	0.00000000	0.00000000
5.03316498	0.00000000	0.00000000	0.00000000	0.00000000	0.00000000	0.00000000	0.00000000	0.00000000
5.45259523	0.00000000	0.00000000	0.00000000	0.00000000	0.00000000	0.00000000	0.00000000	0.00000000
5.87202549	0.00000000	0.00000000	0.00000000	0.00000000	0.00000000	0.00000000	0.00000000	0.00000000
6.29145622	0.00000000	0.00000000	0.00000000	0.00000000	0.00000000	0.00000000	0.00000000	0.00000000
6.71088648	0.00000000	0.00000000	0.00000000	0.00000000	0.00000000	0.00000000	0.00000000	0.00000000
7.54974699	0.00000000	0.00000000	0.00000000	0.00000000	0.00000000	0.00000000	0.00000000	0.00000000
8.38860798	0.00000000	0.00000000	0.00000000	0.00000000	0.00000000	0.00000000	0.00000000	0.00000000
9.22746849	0.00000000	0.00000000	0.00000000	0.00000000	0.00000000	0.00000000	0.00000000	0.00000000
10.06632996	0.00000000	0.00000000	0.00000000	0.00000000	0.00000000	0.00000000	0.00000000	0.00000000
10.90519047	0.00000000	0.00000000	0.00000000	0.00000000	0.00000000	0.00000000	0.00000000	0.00000000
11.74405098	0.00000000	0.00000000	0.00000000	0.00000000	0.00000000	0.00000000	0.00000000	0.00000000
12.58291245	0.00000000	0.00000000	0.00000000	0.00000000	0.00000000	0.00000000	0.00000000	0.00000000
13.42177296	0.00000000	0.00000000	0.00000000	0.00000000	0.00000000	0.00000000	0.00000000	0.00000000
15.09949398	0.00000000	0.00000000	0.00000000	0.00000000	0.00000000	0.00000000	0.00000000	0.00000000
16.77721596	0.00000000	0.00000000	0.00000000	0.00000000	0.00000000	0.00000000	0.00000000	0.00000000
18.45493698	0.00000000	0.00000000	0.00000000	0.00000000	0.00000000	0.00000000	0.00000000	0.00000000
20.13265991	0.00000000	0.00000000	0.00000000	0.00000000	0.00000000	0.00000000	0.00000000	0.00000000
21.81038094	0.00000000	0.00000000	0.00000000	0.00000000	0.00000000	0.00000000	0.00000000	0.00000000
23.48810196	0.00000000	0.00000000	0.00000000	0.00000000	0.00000000	0.00000000	0.00000000	0.00000000
25.16582489	0.00000000	0.00000000	0.00000000	0.00000000	0.00000000	0.00000000	0.00000000	0.00000000
26.84354591	0.00000000	0.00000000	0.00000000	0.00000000	0.00000000	0.00000000	0.00000000	0.00000000
30.19898796	0.00000000	0.00000000	0.00000000	0.00000000	0.00000000	0.00000000	0.00000000	0.00000000
33.55443192	0.00000000	0.00000000	0.00000000	0.00000000	0.00000000	0.00000000	0.00000000	0.00000000
36.90987396	0.00000000	0.00000000	0.00000000	0.00000000	0.00000000	0.00000000	0.00000000	0.00000000
40.26531982	0.00000000	0.00000000	0.00000000	0.00000000	0.00000000	0.00000000	0.00000000	0.00000000
43.62076187	0.00000000	0.00000000	0.00000000	0.00000000	0.00000000	0.00000000	0.00000000	0.00000000
46.97620392	0.00000000	0.00000000	0.00000000	0.00000000	0.00000000	0.00000000	0.00000000	0.00000000
50.33164978	0.00000000	0.00000000	0.00000000	0.00000000	0.00000000	0.00000000	0.00000000	0.00000000
53.68709183	0.00000000	0.00000000	0.00000000	0.00000000	0.00000000	0.00000000	0.00000000	0.00000000
60.39797592	0.00000000	0.00000000	0.00000000	0.00000000	0.00000000	0.00000000	0.00000000	0.00000000
67.10886383	0.00000000	0.00000000	0.00000000	0.00000000	0.00000000	0.00000000	0.00000000	0.00000000
73.81974792	0.00000000	0.00000000	0.00000000	0.00000000	0.00000000	0.00000000	0.00000000	0.00000000
80.53063965	0.00000000	0.00000000	0.00000000	0.00000000	0.00000000	0.00000000	0.00000000	0.00000000
87.24152374	0.00000000	0.00000000	0.00000000	0.00000000	0.00000000	0.00000000	0.00000000	0.00000000
93.95240784	0.00000000	0.00000000	0.00000000	0.00000000	0.00000000	0.00000000	0.00000000	0.00000000
100.66329956	0.00000000	0.00000000	0.00000000	0.00000000	0.00000000	0.00000000	0.00000000	0.00000000
107.37418365	0.00000000	0.00000000	0.00000000	0.00000000	0.00000000	0.00000000	0.00000000	0.00000000
120.79595184	0.00000000	0.00000000	0.00000000	0.00000000	0.00000000	0.00000000	0.00000000	0.00000000
134.21772766	0.00000000	0.00000000	0.00000000	0.00000000	0.00000000	0.00000000	0.00000000	0.00000000
147.63949585	0.00000000	0.00000000	0.00000000	0.00000000	0.00000000	0.00000000	0.00000000	0.00000000
161.06127930	0.00000000	0.00000000	0.00000000	0.00000000	0.00000000	0.00000000	0.00000000	0.00000000
174.48304749	0.00000000	0.00000000	0.00000000	0.00000000	0.00000000	0.00000000	0.00000000	0.00000000
187.90481567	0.00000000	0.00000000	0.00000000	0.00000000	0.00000000	0.00000000	0.00000000	0.00000000
201.32659912	0.00000000	0.00000000	0.00000000	0.00000000	0.00000000	0.00000000	0.00000000	0.00000000
214.74836731	0.00000000	0.00000000	0.00000000	0.00000000	0.00000000	0.00000000	0.00000000	0.00000000
241.59190369	0.00000000	0.00000000	0.00000000	0.00000000	0.00000000	0.00000000	0.00000000	0.00000000
268.43545532	0.00000000	0.00000000	0.00000000	0.00000000	0.00000000	0.00000000	0.00000000	0.00000000
295.27899170	0.00000000	0.00000000	0.00000000	0.00000000	0.00000000	0.00000000	0.00000000	0.00000000
322.12255859	0.00000000	0.00000000	0.00000000	0.00000000	0.00000000	0.00000000	0.00000000	0.00000000
348.96609497	0.00000000	0.00000000	0.00000000	0.00000000	0.00000000	0.00000000	0.00000000	0.00000000
375.80963135	0.00000000	0.00000000	0.00000000	0.00000000	0.00000000	0.00000000	0.00000000	0.00000000
402.65319824	0.00000000	0.00000000	0.00000000	0.00000000	0.00000000	0.00000000	0.00000000	0.00000000
429.49673462	0.00000000	0.00000000	0.00000000	0.00000000	0.00000000	0.00000000	0.00000000	0.00000000
483.18380737	0.00000000	0.00000000	0.00000000	0.00000000	0.00000000	0.00000000	0.00000000	0.00000000
536.87091064	0.00000000	0.00000000	0.00000000	0.00000000	0.00000000	0.00000000	0.00000000	0.00000000
590.55798340	0.00000000	0.00000000	0.00000000	0.00000000	0.00000000	0.00000000	0.00000000	0.00000000
644.24511719	0.00000000	0.00000000	0.00000000	0.00000000	0.00000000	0.00000000	0.00000000	0.00000000
697.93218994	0.00000000	0.00000000	0.00000000	0.00000000	0.00000000	0.00000000	0.00000000	0.00000000
751.61926270	0.00000000	0.00000000	0.00000000	0.00000000	0.00000000	0.00000000	0.00000000	0.00000000
805.30639648	0.00000000	0.00000000	0.00000000	0.00000000	0.00000000	0.00000000	0.00000000	0.00000000
858.99346924	0.00000000	0.00000000	0.00000000	0.00000000	0.00000000	0.00000000	0.00000000	0.00000000
966.36761475	0.00000000	0.00000000	0.00000000	0.00000000	0.00000000	0.00000000	0.00000000	0.00000000
1073.74182129	0.00000000	0.00000000	0.00000000	0.00000000	0.00000000	0.00000000	0.00000000	0.00000000
1181.11596680	0.00000000	0.00000000	0.00000000	0.00000000	0.00000000	0.00000000	0.00000000	0.00000000
1288.49023437	0.00000000	0.00000000	0.00000000	0.00000000	0.00000000	0.00000000	0.00000000	0.00000000
1395.86437988	0.00000000	0.00000000	0.00000000	0.00000000	0.00000000	0.00000000	0.00000000	0.00000000
1503.23852539	0.00000000	0.00000000	0.00000000	0.00000000	0.00000000	0.00000000	0.00000000	0.00000000
1610.61279297	0.00000000	0.00000000	0.00000000	0.00000000	0.00000000	0.00000000	0.00000000	0.00000000
1717.98693848	0.00000000	0.00000000	0.00000000	0.00000000	0.00000000	0.00000000	0.00000000	0.00000000
1932.73522949	0.00000000	0.00000000	0.00000000	0.00000000	0.00000000	0.00000000	0.00000000	0.00000000
2147.48364258	0.00000000	0.00000000	0.00000000	0.00000000	0.00000000	0.00000000	0.00000000	0.00000000
2362.23193359	0.00000000	0.00000000	0.00000000	0.00000000	0.00000000	0.00000000	0.00000000	0.00000000
2576.98046875	0.00000000	0.00000000	0.00000000	0.00000000	0.00000000	0.00000000	0.00000000	0.00000000
2791.72875977	0.00000000	0.00000000	0.00000000	0.00000000	0.00000000	0.00000000	0.00000000	0.00000000
3006.47705078	0.00000000	0.00000000	0.00000000	0.00000000	0.00000000	0.00000000	0.00000000	0.00000000
3221.22558594	0.00000000	0.00000000	0.00000000	0.00000000	0.00000000	0.00000000	0.00000000	0.00000000
3435.97387695	0.00000000	0.00000000	0.00000000	0.00000000	0.00000000	0.00000000	0.00000000	0.00000000
0	0	0	0	0	0	0	0	0
