%4/2/2019 3:35:23 PM
%Duration	ID1		ID2		ID3		ID4		ID5		ID6		ID7		ID8
1000.000000	0.000000	0.381470	512.380615	229.654312	100.784302	34.122467	0.448227	0.181198
%Tau		Tau1		Tau2		Tau3		Tau4		Tau5		Tau6		Tau7		Tau8
%		0.000000	0.000001	0.000128	0.000083	0.000058	0.000029	0.000001	0.000001
%Delaytime	D1		D2		D3		D4		D5		D6		D7		D8
0.00000020	0.00000000	123.45790863	1.49073994	1.50459218	1.63740671	3.63733029	257.42337036	0.00000000
0.00000040	0.00000000	0.00000000	1.46563911	1.50072432	1.55702293	1.75850570	0.00000000	0.00000000
0.00000060	0.00000000	0.00000000	1.46886230	1.50575256	1.53720224	1.47159159	0.00000000	0.00000000
0.00000080	0.00000000	0.00000000	1.45403552	1.44270658	1.52398849	1.46233630	0.00000000	0.00000000
0.00000100	0.00000000	0.00000000	1.46132803	1.50169122	1.44911051	1.29574108	0.00000000	0.00000000
0.00000120	0.00000000	0.00000000	1.46330225	1.48273885	1.46782994	1.36978340	0.00000000	0.00000000
0.00000140	0.00000000	0.00000000	1.47893488	1.47326255	1.52068508	1.60116577	0.00000000	0.00000000
0.00000160	0.00000000	0.00000000	1.46918464	1.48680007	1.47663915	1.62893164	0.00000000	0.00000000
0.00000180	0.00000000	0.00000000	1.48034501	1.46862113	1.49095404	1.48084688	0.00000000	0.00000000
0.00000200	0.00000000	0.00000000	1.47373748	1.45798457	1.47113335	1.69371867	0.00000000	0.00000000
0.00000220	0.00000000	0.00000000	1.44928122	1.48525298	1.53389883	1.33276224	0.00000000	0.00000000
0.00000240	0.00000000	0.00000000	1.45991790	1.46552694	1.54380918	1.41605985	0.00000000	0.00000000
0.00000260	0.00000000	0.00000000	1.45234334	1.48583305	1.44250357	1.29574108	0.00000000	0.00000000
0.00000280	0.00000000	0.00000000	1.45407581	1.48157847	1.49315631	1.35127282	0.00000000	0.00000000
0.00000300	0.00000000	0.00000000	1.46116686	1.46455991	1.46782994	1.45308101	0.00000000	0.00000000
0.00000320	0.00000000	0.00000000	1.45496213	1.47635686	1.46012187	1.48084688	0.00000000	0.00000000
0.00000360	0.00000000	0.00000000	1.45800412	1.46939480	1.46507704	1.36978340	0.00000000	0.00000000
0.00000400	0.00000000	0.00000000	1.45107412	1.46688068	1.46397591	1.27260280	0.00000000	0.00000000
0.00000440	0.00000000	0.00000000	1.45361245	1.46688068	1.46452653	1.52712333	0.00000000	0.00000000
0.00000480	0.00000000	0.00000000	1.44507086	1.46011198	1.43039095	1.46696401	0.00000000	0.00000000
0.00000520	0.00000000	0.00000000	1.44227076	1.45402002	1.49976325	1.55951691	0.00000000	0.00000000
0.00000560	0.00000000	0.00000000	1.45264542	1.47132862	1.43754840	1.29111338	0.00000000	0.00000000
0.00000600	0.00000000	0.00000000	1.44531262	1.46939480	1.42598629	1.48084688	0.00000000	0.00000000
0.00000640	0.00000000	0.00000000	1.44364059	1.47306919	1.44470584	1.32350695	0.00000000	0.00000000
0.00000720	0.00000000	0.00000000	1.44192827	1.45271468	1.45434093	1.34895897	0.00000000	0.00000000
0.00000800	0.00000000	0.00000000	1.43618691	1.45837140	1.43920016	1.47390544	0.00000000	0.00000000
0.00000880	0.00000000	0.00000000	1.43935978	1.43941891	1.42295814	1.42068756	10.72597408	0.00000000
0.00000960	0.00000000	0.00000000	1.43061674	1.42684841	1.45516682	1.41143227	0.00000000	0.00000000
0.00001040	0.00000000	0.00000000	1.42605388	1.42085326	1.43286848	1.35590041	0.00000000	0.00000000
0.00001120	0.00000000	0.00000000	1.43118083	1.42887902	1.46452653	1.32813454	0.00000000	0.00000000
0.00001200	0.00000000	0.00000000	1.42336452	1.41350436	1.40341282	1.35127282	0.00000000	0.00000000
0.00001280	0.00000000	0.00000000	1.42755473	1.42061150	1.39680588	1.36746955	10.72597408	0.00000000
0.00001440	0.00000000	0.00000000	1.41582525	1.41468894	1.39157546	1.37441099	0.00000000	0.00000000
0.00001600	0.00000000	0.00000000	1.41451573	1.40695322	1.38675797	1.37441099	10.72597408	0.00000000
0.00001760	0.00000000	0.00000000	1.40966082	1.40054715	1.38028872	1.35358667	0.00000000	0.00000000
0.00001920	0.00000000	0.00000000	1.40029335	1.38640523	1.39845765	1.31656551	0.00000000	0.00000000
0.00002080	0.00000000	0.00000000	1.39958823	1.38161886	1.35083306	1.29342723	0.00000000	0.00000000
0.00002240	0.00000000	0.00000000	1.39623404	1.37083721	1.34876835	1.25409222	0.00000000	0.00000000
0.00002400	0.00000000	0.00000000	1.39232588	1.36365747	1.33197582	1.35474360	0.00000000	0.00000000
0.00002560	0.00000000	0.00000000	1.38144255	1.35548663	1.35179651	1.26566136	0.00000000	0.00000000
0.00002880	0.00000000	0.00000000	1.37955368	1.34892035	1.32950580	1.29998183	0.00000000	0.00000000
0.00003200	0.00000000	0.00000000	1.37190080	1.33795261	1.30048263	1.26907158	0.00000000	0.00000000
0.00003520	0.00000000	0.00000000	1.36154497	1.30972338	1.28722656	1.22474742	0.00000000	0.00000000
0.00003840	0.00000000	0.00000000	1.35045695	1.31012094	1.28090048	1.23816133	2.64751506	0.00000000
0.00004160	0.00000000	3.81889176	1.34369731	1.30134547	1.26258135	1.19850278	5.29503012	0.00000000
0.00004480	0.00000000	0.00000000	1.33401597	1.28692698	1.24136710	1.18337643	0.00000000	0.00000000
0.00004800	0.00000000	0.00000000	1.32785368	1.27810955	1.22580576	1.23061824	2.64751506	0.00000000
0.00005120	0.00000000	0.00000000	1.31939125	1.26379359	1.23259830	1.17637765	0.00000000	0.00000000
0.00005760	0.00000000	0.00000000	1.30549550	1.24902153	1.18897080	1.16324162	1.32375753	0.00000000
0.00006400	0.00000000	0.00000000	1.28912556	1.22789907	1.17297614	1.15364492	0.00000000	0.00000000
0.00007040	0.00000000	1.92902982	1.27534986	1.21714437	1.16134989	1.11758435	2.64751506	0.00000000
0.00007680	0.00000000	0.00000000	1.26241374	1.19733858	1.15537429	1.10188067	1.32375753	0.00000000
0.00008320	0.00000000	1.92902982	1.24748170	1.18620956	1.12932396	1.09144568	1.32375753	0.00000000
0.00008960	0.00000000	5.78708935	1.23773623	1.17503142	1.11972749	1.11031413	2.64751506	0.00000000
0.00009600	0.00000000	0.00000000	1.22565019	1.15975308	1.11712551	1.09522641	1.32375753	0.00000000
0.00010240	0.00000000	1.92902982	1.21501029	1.15516984	1.11327314	1.07050669	0.00000000	0.00000000
0.00011520	0.00000000	0.97445828	1.19291914	1.13471603	1.08764946	1.05108953	1.33504748	0.00000000
0.00012800	0.00000000	0.00000000	1.17393517	1.12153566	1.06819141	1.06921673	0.66752374	0.00000000
0.00014080	0.00000000	1.94891655	1.15523040	1.10428441	1.05620921	1.04340351	1.33504748	0.00000000
0.00015360	0.00000000	0.97445828	1.14158857	1.09301305	1.05372667	1.03586257	2.00257134	0.00000000
0.00016640	0.00000000	2.92337489	1.12730527	1.08346057	1.03397560	1.03096437	0.66752374	0.00000000
0.00017920	0.00000000	0.00000000	1.11516893	1.07470000	1.02958965	1.01370668	2.00257134	0.00000000
0.00019200	0.00000000	1.94891655	1.10484076	1.06330729	1.02804172	1.03209209	1.33504748	4.40311766
0.00020480	0.00000000	0.00000000	1.09562790	1.05944002	1.03158486	1.00975943	0.66752374	0.00000000
0.00023040	0.00000000	0.96946746	1.07921183	1.04704428	1.01633739	0.99345714	1.32375753	0.00000000
0.00025600	0.00000000	0.96946746	1.06600785	1.03697455	1.00388098	0.99463928	1.32375753	0.00000000
0.00028160	0.00000000	0.48473373	1.05460238	1.03261280	1.00157547	1.00037277	1.98563635	0.00000000
0.00030720	0.00000000	0.48473373	1.04543245	1.02360404	0.99784195	1.00214601	0.99281818	4.40311766
0.00033280	0.00000000	0.96946746	1.03832662	1.01647079	1.00449812	0.99677527	1.32375753	2.20155883
0.00035840	0.00000000	1.93893492	1.03129959	1.01216948	1.00089371	1.01245189	1.32375753	0.00000000
0.00038400	0.00000000	0.48473373	1.02740526	1.00952780	1.00339663	0.99002558	0.66187876	0.00000000
0.00040960	0.00000000	0.48473373	1.02299225	1.00771964	1.00246119	0.99529248	0.99281818	0.00000000
0.00046080	0.00000000	0.97445828	1.01731694	1.00275803	1.00061452	1.01581931	1.98563635	1.10077941
0.00051200	0.00000000	1.46168745	1.01398885	0.99996042	1.00113058	1.01882052	1.15828788	0.00000000
0.00056320	0.00000000	1.70530200	1.01080704	1.00098956	1.00014770	1.01225662	0.49640909	1.10077941
0.00061440	0.00000000	1.94891655	1.00932133	1.00031984	1.00281882	1.01681721	0.99281818	0.00000000
0.00066560	0.00000000	0.24361457	1.01025105	1.00281239	0.99754959	0.99588114	1.48922718	1.10077941
0.00071680	0.00000000	0.73084372	1.01074374	1.00559795	1.00054991	0.99429613	1.65469694	1.10077941
0.00076800	0.00000000	1.21807289	1.01010156	1.00520813	1.00219083	0.99915206	1.32095885	1.10077941
0.00081920	0.00000000	0.73084372	1.00966012	1.00677943	0.99687648	0.99756092	0.66047943	1.10077941
0.00092160	0.00000000	1.43208432	1.00709486	0.99968648	1.00219810	1.00071132	1.15828788	1.63327026
0.00102400	0.00000000	0.95472294	1.00360334	0.99796653	1.00274765	0.99999177	1.07783651	1.08884692
0.00112640	0.00000000	0.59670180	1.00024736	0.99844110	0.99590212	1.00541544	1.16074705	0.54442346
0.00122880	0.00000000	0.59670180	0.99707454	0.99653602	0.99809283	0.99484110	0.82910502	0.54442346
0.00133120	0.00000000	1.67076516	1.00096631	0.99772823	0.99739712	0.99517709	0.74619454	0.00000000
0.00143360	0.00000000	0.95472294	1.00337577	1.00052094	0.99240190	0.98600817	1.32656801	0.00000000
0.00153600	0.00000000	0.83538258	1.00694609	1.00042212	0.99703515	0.98621792	1.24365759	0.54442346
0.00163840	0.00000000	1.79010546	1.00784957	0.99867231	1.00091207	0.99790943	1.82403111	1.08884692
0.00184320	0.00000000	1.19644809	1.00046134	0.99716693	0.99690175	1.00369680	0.66047943	0.81663513
0.00204800	0.00000000	0.95715845	0.99988014	0.99920487	0.99407548	0.99682701	1.15583909	0.81663513
0.00225280	0.00000000	0.95715845	1.00192249	0.99670124	0.99212641	0.99522591	0.74303937	1.63327026
0.00245760	0.00000000	1.13662565	1.00464010	0.99484479	0.99823076	1.00411022	1.23839891	0.27221173
0.00266240	0.00000000	1.31609285	1.00399399	1.00150180	0.99968052	0.99931240	0.82559931	1.90548205
0.00286720	0.00000000	0.77769125	1.00036824	1.00042045	1.00237834	0.99542373	1.23839891	1.36105859
0.00307200	0.00000000	0.89733601	0.99475902	1.00072360	0.99575782	1.00105298	1.11455905	0.00000000
0.00327680	0.00000000	1.37591529	0.99559534	1.00550497	0.99392015	0.99054414	1.03199911	1.08884692
0.00368640	0.00000000	0.71060848	0.99856430	1.00217140	0.99603707	0.99585027	0.93671227	0.95274103
0.00409600	0.00000000	1.41762805	0.99895644	1.00077581	0.99996120	1.00596714	0.95752811	1.23164642
0.00450560	0.00000000	1.03368711	1.00120080	0.99880546	0.99828643	1.00037265	0.95752811	1.64219534
0.00491520	0.00000000	1.15473878	0.99985039	1.00057578	1.00181270	1.00546014	0.99704289	1.23164642
0.00532480	0.00000000	0.88826060	1.00344610	1.00352132	0.99862128	1.00126922	0.95549947	1.50534570
0.00573440	0.00000000	1.15473878	1.00105023	0.99985230	0.99965048	0.99745971	0.78932565	1.23164642
0.00614400	0.00000000	0.97708666	0.99471742	0.99844950	0.99966890	1.00094533	1.08012986	0.95794725
0.00655360	0.00000000	1.15473878	0.99706286	0.99732882	1.00193727	1.00130153	0.70623875	0.41054884
0.00737280	0.00000000	0.96949297	0.99584365	0.99857086	1.00080645	0.99965709	0.76855391	1.22498894
0.00819200	0.00000000	1.19977856	1.00289667	0.99968696	1.00011849	1.00473309	0.99704289	1.15693402
0.00901120	0.00000000	1.15127289	0.99639273	1.00166810	0.99701536	1.00073338	0.96588534	0.95276916
0.00983040	0.00000000	0.84400022	1.00401866	1.00223625	0.99744546	0.99935478	1.04897225	1.42915380
0.01064960	0.00000000	0.90428597	1.00184977	1.00153506	0.99637079	0.99721366	0.93274319	1.08887899
0.01146880	0.00000000	1.11528599	0.99822283	0.99860448	0.99902189	1.00239372	0.90357012	0.61249447
0.01228800	0.00000000	1.00978601	1.00046301	0.99910545	1.00171900	0.99758929	0.89318430	0.75267285
0.01310720	0.00000000	1.02485740	0.99948561	1.00485706	1.00035429	1.00096881	0.87614083	1.30007124
0.01474560	0.00000000	1.13610220	0.99885947	1.00047684	1.00250590	0.99652588	0.93431509	1.14148450
0.01638400	0.00000000	0.96451491	0.99916935	1.00155771	0.99730223	0.99974185	1.03623617	0.92889351
0.01802240	0.00000000	0.95960641	1.00000155	0.99678606	1.00146818	1.00047624	1.21507895	1.06650734
0.01966080	0.00000000	1.05224693	1.00177944	0.99952871	1.00174046	0.99992603	1.03008068	0.92889351
0.02129920	0.00000000	0.93199021	0.99783474	1.00254822	1.00043190	0.99842632	1.06177545	1.23852468
0.02293760	0.00000000	1.20394146	0.99911350	0.99677747	0.99807823	0.99777704	0.96990997	0.79127967
0.02457600	0.00000000	1.07681727	1.00007117	1.00132990	1.00198638	1.00118065	0.98782098	0.86476099
0.02621440	0.00000000	0.89734769	1.00043976	1.00135505	1.00055087	0.99783683	0.89655173	0.72639924
0.02949120	0.00000000	1.01583338	0.99842227	1.00005364	0.99833512	1.00116134	1.03299487	0.96329701
0.03276800	0.00000000	0.96205437	1.00291169	1.00057089	0.99903017	1.00131500	1.07136047	0.96329701
0.03604480	0.00000000	0.92352033	0.99930024	1.00065315	0.99974227	1.00033569	1.00603366	1.00312281
0.03932160	0.00000000	0.95717084	1.00172853	1.00126588	1.00184047	0.99706435	1.10533047	1.07230365
0.04259840	0.00000000	1.00323093	1.00241375	1.00059247	1.00000083	1.00047028	0.91070074	1.37378860
0.04587520	0.00000000	0.92118227	0.99848980	0.99916744	1.00113046	0.99879700	0.88021386	1.02599406
0.04915200	0.00000000	0.98959410	0.99859059	0.99752426	0.99825066	0.99922484	1.02518880	1.02041793
0.05242880	0.00000000	0.87561983	1.00091434	0.99922812	0.99969965	0.99988961	1.01782846	1.29714143
0.05898240	0.00000000	1.03082716	0.99922472	1.00151527	0.99958336	0.99974722	1.05228388	1.11675620
0.06553600	0.00000000	0.99399757	0.99973404	0.99932045	0.99907267	1.00178492	0.90238148	1.00244260
0.07208960	0.00000000	0.94648677	0.99955481	1.00086689	1.00006676	0.99823409	1.05745471	0.78260869
0.07864320	0.00000000	0.96581239	0.99808520	1.00056684	1.00003040	0.99982381	1.00574553	0.93718916
0.08519680	0.00000000	0.98083484	1.00023031	0.99959195	0.99905217	0.99854529	0.91525424	1.02560329
0.09175040	0.00000000	1.00527167	1.00103140	1.00090051	0.99993461	0.99944645	1.04582012	1.02560329
0.09830400	0.00000000	0.91221720	0.99926448	0.99972284	0.99925363	0.99977106	1.01479459	1.13170016
0.10485760	0.00000000	0.92402977	1.00250733	1.00062788	1.00035012	0.99837607	0.89707899	1.15822434
0.11796480	0.00000000	1.00784266	1.00008523	0.99975729	0.99945098	1.00035095	0.97770226	1.09837842
0.13107200	0.00000000	0.99321306	0.99955386	0.99974227	1.00082052	1.00019979	0.99012554	0.92930460
0.14417920	0.00000000	0.97216231	0.99994075	0.99979544	1.00126433	1.00001371	1.00347793	1.05198169
0.15728641	0.00000000	1.02153182	0.99991387	1.00068140	1.00068653	1.00030351	0.99255478	1.13226056
0.17039360	0.00000000	1.01015651	0.99967366	0.99999905	0.99901032	1.00027275	1.05531299	1.08307648
0.18350080	0.00000000	1.07421708	1.00156462	0.99960673	0.99980497	1.00008667	0.98820829	0.98040754
0.19660801	0.00000000	1.03203046	1.00070333	0.99922949	0.99999332	1.00003457	1.03845477	1.09397197
0.20971520	0.00000000	1.02668917	0.99931985	0.99822628	1.00020730	1.00045121	0.97464073	1.05894613
0.23592959	0.00000000	1.01927078	1.00055420	0.99953854	0.99967104	0.99971986	0.98796135	1.02617657
0.26214400	0.00000000	0.97807342	1.00067306	0.99894315	1.00026941	0.99992937	1.00997674	0.95370936
0.28835839	0.00000000	0.99234694	1.00027215	1.00058353	1.00021410	1.00034225	0.99890816	1.05458307
0.31457281	0.00000000	0.98854709	0.99935979	0.99973828	0.99978727	0.99993151	0.97311401	0.99883533
0.34078720	0.00000000	1.01797104	0.99974418	0.99922746	0.99997902	0.99969894	0.97676104	1.03928137
0.36700159	0.00000000	0.98094797	1.00040603	0.99931496	1.00064564	0.99977773	1.00553560	0.98441559
0.39321601	0.00000000	0.96822876	1.00015438	1.00078321	1.00001681	1.00000370	1.01297510	0.91356099
0.41943040	0.00000000	1.01054895	0.99978232	1.00104690	0.99985039	1.00007689	1.02680802	1.00824440
0.47185919	0.00000000	1.00840473	0.99979591	1.00044608	0.99980724	0.99972004	0.99985468	0.96175581
0.52428800	0.00000000	0.99350649	0.99880248	0.99911571	1.00026906	0.99958992	0.98831218	0.92848402
0.57671678	0.00000000	1.00684822	1.00000846	1.00001061	0.99976081	1.00016510	0.97892720	0.94056845
0.62914562	0.00000000	0.98687196	0.99947685	0.99937588	1.00001085	1.00001919	1.00734794	0.96106195
0.68157440	0.00000000	1.00014222	0.99980485	0.99963647	0.99958801	0.99992514	1.00893998	0.93222845
0.73400319	0.00000000	1.00259221	0.99932599	1.00089037	1.00004005	0.99970269	0.97409815	0.93455333
0.78643203	0.00000000	0.99515772	0.99994397	0.99986458	1.00040305	1.00006211	1.00634491	0.95408165
0.83886081	0.00000000	1.01449466	0.99950331	1.00011992	0.99970782	1.00017107	0.99036074	0.91865373
0.94371837	0.00000000	1.01530182	0.99991465	0.99956369	1.00002015	0.99984562	0.97357166	0.98137712
1.04857600	0.00000000	1.00218582	0.99997365	0.99949598	0.99986684	1.00066960	1.01801670	1.01291084
1.15343356	0.00000000	1.01427281	1.00041544	1.00092137	0.99997771	0.99970925	0.99934691	1.04967320
1.25829124	0.00000000	0.99791449	1.00008965	0.99965817	0.99989891	1.00018334	0.99537694	1.02528334
1.36314881	0.00000000	1.00702572	0.99990106	0.99990195	1.00005221	0.99998337	0.98693061	1.00823045
1.46800637	0.00000000	0.99368423	1.00048935	1.00002038	0.99990731	1.00015450	1.01225495	0.99645388
1.57286406	0.00000000	0.99229455	0.99989182	1.00063312	1.00009489	0.99987590	1.00684929	1.00178576
1.67772162	0.00000000	1.01880872	0.99978673	0.99943560	0.99990314	1.00017774	1.00427353	1.00000000
1.88743675	0.00000000	0.00000000	0.00000000	0.00000000	0.00000000	0.00000000	0.00000000	0.00000000
2.09715199	0.00000000	0.00000000	0.00000000	0.00000000	0.00000000	0.00000000	0.00000000	0.00000000
2.30686712	0.00000000	0.00000000	0.00000000	0.00000000	0.00000000	0.00000000	0.00000000	0.00000000
2.51658249	0.00000000	0.00000000	0.00000000	0.00000000	0.00000000	0.00000000	0.00000000	0.00000000
2.72629762	0.00000000	0.00000000	0.00000000	0.00000000	0.00000000	0.00000000	0.00000000	0.00000000
2.93601274	0.00000000	0.00000000	0.00000000	0.00000000	0.00000000	0.00000000	0.00000000	0.00000000
3.14572811	0.00000000	0.00000000	0.00000000	0.00000000	0.00000000	0.00000000	0.00000000	0.00000000
3.35544324	0.00000000	0.00000000	0.00000000	0.00000000	0.00000000	0.00000000	0.00000000	0.00000000
3.77487350	0.00000000	0.00000000	0.00000000	0.00000000	0.00000000	0.00000000	0.00000000	0.00000000
4.19430399	0.00000000	0.00000000	0.00000000	0.00000000	0.00000000	0.00000000	0.00000000	0.00000000
4.61373425	0.00000000	0.00000000	0.00000000	0.00000000	0.00000000	0.00000000	0.00000000	0.00000000
5.03316498	0.00000000	0.00000000	0.00000000	0.00000000	0.00000000	0.00000000	0.00000000	0.00000000
5.45259523	0.00000000	0.00000000	0.00000000	0.00000000	0.00000000	0.00000000	0.00000000	0.00000000
5.87202549	0.00000000	0.00000000	0.00000000	0.00000000	0.00000000	0.00000000	0.00000000	0.00000000
6.29145622	0.00000000	0.00000000	0.00000000	0.00000000	0.00000000	0.00000000	0.00000000	0.00000000
6.71088648	0.00000000	0.00000000	0.00000000	0.00000000	0.00000000	0.00000000	0.00000000	0.00000000
7.54974699	0.00000000	0.00000000	0.00000000	0.00000000	0.00000000	0.00000000	0.00000000	0.00000000
8.38860798	0.00000000	0.00000000	0.00000000	0.00000000	0.00000000	0.00000000	0.00000000	0.00000000
9.22746849	0.00000000	0.00000000	0.00000000	0.00000000	0.00000000	0.00000000	0.00000000	0.00000000
10.06632996	0.00000000	0.00000000	0.00000000	0.00000000	0.00000000	0.00000000	0.00000000	0.00000000
10.90519047	0.00000000	0.00000000	0.00000000	0.00000000	0.00000000	0.00000000	0.00000000	0.00000000
11.74405098	0.00000000	0.00000000	0.00000000	0.00000000	0.00000000	0.00000000	0.00000000	0.00000000
12.58291245	0.00000000	0.00000000	0.00000000	0.00000000	0.00000000	0.00000000	0.00000000	0.00000000
13.42177296	0.00000000	0.00000000	0.00000000	0.00000000	0.00000000	0.00000000	0.00000000	0.00000000
15.09949398	0.00000000	0.00000000	0.00000000	0.00000000	0.00000000	0.00000000	0.00000000	0.00000000
16.77721596	0.00000000	0.00000000	0.00000000	0.00000000	0.00000000	0.00000000	0.00000000	0.00000000
18.45493698	0.00000000	0.00000000	0.00000000	0.00000000	0.00000000	0.00000000	0.00000000	0.00000000
20.13265991	0.00000000	0.00000000	0.00000000	0.00000000	0.00000000	0.00000000	0.00000000	0.00000000
21.81038094	0.00000000	0.00000000	0.00000000	0.00000000	0.00000000	0.00000000	0.00000000	0.00000000
23.48810196	0.00000000	0.00000000	0.00000000	0.00000000	0.00000000	0.00000000	0.00000000	0.00000000
25.16582489	0.00000000	0.00000000	0.00000000	0.00000000	0.00000000	0.00000000	0.00000000	0.00000000
26.84354591	0.00000000	0.00000000	0.00000000	0.00000000	0.00000000	0.00000000	0.00000000	0.00000000
30.19898796	0.00000000	0.00000000	0.00000000	0.00000000	0.00000000	0.00000000	0.00000000	0.00000000
33.55443192	0.00000000	0.00000000	0.00000000	0.00000000	0.00000000	0.00000000	0.00000000	0.00000000
36.90987396	0.00000000	0.00000000	0.00000000	0.00000000	0.00000000	0.00000000	0.00000000	0.00000000
40.26531982	0.00000000	0.00000000	0.00000000	0.00000000	0.00000000	0.00000000	0.00000000	0.00000000
43.62076187	0.00000000	0.00000000	0.00000000	0.00000000	0.00000000	0.00000000	0.00000000	0.00000000
46.97620392	0.00000000	0.00000000	0.00000000	0.00000000	0.00000000	0.00000000	0.00000000	0.00000000
50.33164978	0.00000000	0.00000000	0.00000000	0.00000000	0.00000000	0.00000000	0.00000000	0.00000000
53.68709183	0.00000000	0.00000000	0.00000000	0.00000000	0.00000000	0.00000000	0.00000000	0.00000000
60.39797592	0.00000000	0.00000000	0.00000000	0.00000000	0.00000000	0.00000000	0.00000000	0.00000000
67.10886383	0.00000000	0.00000000	0.00000000	0.00000000	0.00000000	0.00000000	0.00000000	0.00000000
73.81974792	0.00000000	0.00000000	0.00000000	0.00000000	0.00000000	0.00000000	0.00000000	0.00000000
80.53063965	0.00000000	0.00000000	0.00000000	0.00000000	0.00000000	0.00000000	0.00000000	0.00000000
87.24152374	0.00000000	0.00000000	0.00000000	0.00000000	0.00000000	0.00000000	0.00000000	0.00000000
93.95240784	0.00000000	0.00000000	0.00000000	0.00000000	0.00000000	0.00000000	0.00000000	0.00000000
100.66329956	0.00000000	0.00000000	0.00000000	0.00000000	0.00000000	0.00000000	0.00000000	0.00000000
107.37418365	0.00000000	0.00000000	0.00000000	0.00000000	0.00000000	0.00000000	0.00000000	0.00000000
120.79595184	0.00000000	0.00000000	0.00000000	0.00000000	0.00000000	0.00000000	0.00000000	0.00000000
134.21772766	0.00000000	0.00000000	0.00000000	0.00000000	0.00000000	0.00000000	0.00000000	0.00000000
147.63949585	0.00000000	0.00000000	0.00000000	0.00000000	0.00000000	0.00000000	0.00000000	0.00000000
161.06127930	0.00000000	0.00000000	0.00000000	0.00000000	0.00000000	0.00000000	0.00000000	0.00000000
174.48304749	0.00000000	0.00000000	0.00000000	0.00000000	0.00000000	0.00000000	0.00000000	0.00000000
187.90481567	0.00000000	0.00000000	0.00000000	0.00000000	0.00000000	0.00000000	0.00000000	0.00000000
201.32659912	0.00000000	0.00000000	0.00000000	0.00000000	0.00000000	0.00000000	0.00000000	0.00000000
214.74836731	0.00000000	0.00000000	0.00000000	0.00000000	0.00000000	0.00000000	0.00000000	0.00000000
241.59190369	0.00000000	0.00000000	0.00000000	0.00000000	0.00000000	0.00000000	0.00000000	0.00000000
268.43545532	0.00000000	0.00000000	0.00000000	0.00000000	0.00000000	0.00000000	0.00000000	0.00000000
295.27899170	0.00000000	0.00000000	0.00000000	0.00000000	0.00000000	0.00000000	0.00000000	0.00000000
322.12255859	0.00000000	0.00000000	0.00000000	0.00000000	0.00000000	0.00000000	0.00000000	0.00000000
348.96609497	0.00000000	0.00000000	0.00000000	0.00000000	0.00000000	0.00000000	0.00000000	0.00000000
375.80963135	0.00000000	0.00000000	0.00000000	0.00000000	0.00000000	0.00000000	0.00000000	0.00000000
402.65319824	0.00000000	0.00000000	0.00000000	0.00000000	0.00000000	0.00000000	0.00000000	0.00000000
429.49673462	0.00000000	0.00000000	0.00000000	0.00000000	0.00000000	0.00000000	0.00000000	0.00000000
483.18380737	0.00000000	0.00000000	0.00000000	0.00000000	0.00000000	0.00000000	0.00000000	0.00000000
536.87091064	0.00000000	0.00000000	0.00000000	0.00000000	0.00000000	0.00000000	0.00000000	0.00000000
590.55798340	0.00000000	0.00000000	0.00000000	0.00000000	0.00000000	0.00000000	0.00000000	0.00000000
644.24511719	0.00000000	0.00000000	0.00000000	0.00000000	0.00000000	0.00000000	0.00000000	0.00000000
697.93218994	0.00000000	0.00000000	0.00000000	0.00000000	0.00000000	0.00000000	0.00000000	0.00000000
751.61926270	0.00000000	0.00000000	0.00000000	0.00000000	0.00000000	0.00000000	0.00000000	0.00000000
805.30639648	0.00000000	0.00000000	0.00000000	0.00000000	0.00000000	0.00000000	0.00000000	0.00000000
858.99346924	0.00000000	0.00000000	0.00000000	0.00000000	0.00000000	0.00000000	0.00000000	0.00000000
966.36761475	0.00000000	0.00000000	0.00000000	0.00000000	0.00000000	0.00000000	0.00000000	0.00000000
1073.74182129	0.00000000	0.00000000	0.00000000	0.00000000	0.00000000	0.00000000	0.00000000	0.00000000
1181.11596680	0.00000000	0.00000000	0.00000000	0.00000000	0.00000000	0.00000000	0.00000000	0.00000000
1288.49023437	0.00000000	0.00000000	0.00000000	0.00000000	0.00000000	0.00000000	0.00000000	0.00000000
1395.86437988	0.00000000	0.00000000	0.00000000	0.00000000	0.00000000	0.00000000	0.00000000	0.00000000
1503.23852539	0.00000000	0.00000000	0.00000000	0.00000000	0.00000000	0.00000000	0.00000000	0.00000000
1610.61279297	0.00000000	0.00000000	0.00000000	0.00000000	0.00000000	0.00000000	0.00000000	0.00000000
1717.98693848	0.00000000	0.00000000	0.00000000	0.00000000	0.00000000	0.00000000	0.00000000	0.00000000
1932.73522949	0.00000000	0.00000000	0.00000000	0.00000000	0.00000000	0.00000000	0.00000000	0.00000000
2147.48364258	0.00000000	0.00000000	0.00000000	0.00000000	0.00000000	0.00000000	0.00000000	0.00000000
2362.23193359	0.00000000	0.00000000	0.00000000	0.00000000	0.00000000	0.00000000	0.00000000	0.00000000
2576.98046875	0.00000000	0.00000000	0.00000000	0.00000000	0.00000000	0.00000000	0.00000000	0.00000000
2791.72875977	0.00000000	0.00000000	0.00000000	0.00000000	0.00000000	0.00000000	0.00000000	0.00000000
3006.47705078	0.00000000	0.00000000	0.00000000	0.00000000	0.00000000	0.00000000	0.00000000	0.00000000
3221.22558594	0.00000000	0.00000000	0.00000000	0.00000000	0.00000000	0.00000000	0.00000000	0.00000000
3435.97387695	0.00000000	0.00000000	0.00000000	0.00000000	0.00000000	0.00000000	0.00000000	0.00000000
0	0	0	0	0	0	0	0	0
