%4/2/2019 3:34:34 PM
%Duration	ID1		ID2		ID3		ID4		ID5		ID6		ID7		ID8
1000.000000	0.000000	0.486374	520.782471	233.945847	99.878311	33.607483	0.400543	0.171661
%Tau		Tau1		Tau2		Tau3		Tau4		Tau5		Tau6		Tau7		Tau8
%		0.000000	0.000001	0.000128	0.000083	0.000064	0.000038	0.000001	0.000001
%Delaytime	D1		D2		D3		D4		D5		D6		D7		D8
0.00000020	0.00000000	128.66928101	1.48895931	1.47080135	1.68980598	3.84362388	241.71463013	582.54223633
0.00000040	0.00000000	0.00000000	1.46343911	1.46432793	1.49271798	1.63119650	0.00000000	0.00000000
0.00000060	0.00000000	0.00000000	1.47359109	1.50373971	1.49831700	1.71556866	0.00000000	0.00000000
0.00000080	0.00000000	0.00000000	1.44927466	1.45728338	1.53527105	1.60307240	0.00000000	291.27111816
0.00000100	0.00000000	0.00000000	1.45509291	1.48679459	1.43896663	1.45307732	0.00000000	0.00000000
0.00000120	0.00000000	0.00000000	1.46107173	1.46756470	1.44344592	1.53744960	0.00000000	0.00000000
0.00000140	0.00000000	0.00000000	1.45898521	1.48622334	1.44120634	1.49995077	0.00000000	0.00000000
0.00000160	0.00000000	0.00000000	1.45051861	1.47042060	1.45912337	1.52807486	0.00000000	0.00000000
0.00000180	0.00000000	0.00000000	1.47648013	1.46642232	1.36953795	1.59369767	0.00000000	0.00000000
0.00000200	0.00000000	0.00000000	1.47058165	1.47175336	1.50391614	1.48120141	0.00000000	0.00000000
0.00000220	0.00000000	0.00000000	1.46067047	1.44585967	1.41097116	1.39682913	0.00000000	0.00000000
0.00000240	0.00000000	0.00000000	1.44542253	1.46661270	1.52631247	1.37807977	0.00000000	0.00000000
0.00000260	0.00000000	0.00000000	1.45886481	1.46775508	1.49943686	1.37807977	0.00000000	0.00000000
0.00000280	0.00000000	64.33464050	1.45621645	1.44643080	1.49383771	1.45307732	0.00000000	0.00000000
0.00000300	0.00000000	0.00000000	1.45762086	1.45461786	1.43672705	1.50932550	40.28577423	0.00000000
0.00000320	0.00000000	0.00000000	1.45083952	1.43291283	1.46696210	1.42495322	0.00000000	0.00000000
0.00000360	0.00000000	0.00000000	1.45561457	1.48079717	1.43504727	1.41089118	0.00000000	0.00000000
0.00000400	0.00000000	0.00000000	1.44534230	1.46718383	1.48263955	1.42964065	0.00000000	0.00000000
0.00000440	0.00000000	0.00000000	1.45543396	1.46090090	1.46752203	1.29839492	0.00000000	0.00000000
0.00000480	0.00000000	0.00000000	1.44877303	1.46746945	1.46864188	1.39214182	0.00000000	0.00000000
0.00000520	0.00000000	0.00000000	1.45021760	1.47042060	1.45128465	1.47651410	0.00000000	0.00000000
0.00000560	0.00000000	0.00000000	1.44427896	1.43938625	1.44344592	1.43432796	0.00000000	0.00000000
0.00000600	0.00000000	0.00000000	1.43472898	1.44071901	1.44568551	1.47182667	0.00000000	0.00000000
0.00000640	0.00000000	0.00000000	1.43922305	1.45975852	1.40929151	1.62182176	0.00000000	0.00000000
0.00000720	0.00000000	0.00000000	1.44132972	1.44509804	1.43196774	1.30776966	0.00000000	0.00000000
0.00000800	0.00000000	0.00000000	1.43806946	1.43296039	1.40761173	1.47885776	0.00000000	0.00000000
0.00000880	0.00000000	0.00000000	1.43959427	1.43967175	1.45352423	1.36636138	0.00000000	0.00000000
0.00000960	0.00000000	0.00000000	1.43604302	1.42672491	1.36981785	1.41323483	0.00000000	0.00000000
0.00001040	0.00000000	0.00000000	1.42587113	1.43576872	1.39865315	1.29839492	0.00000000	0.00000000
0.00001120	0.00000000	16.08366013	1.42810810	1.42996168	1.40397227	1.41089118	10.07144356	0.00000000
0.00001200	0.00000000	0.00000000	1.42349362	1.42958093	1.36449873	1.41089118	0.00000000	0.00000000
0.00001280	0.00000000	0.00000000	1.42091548	1.41891873	1.39137435	1.33823740	0.00000000	0.00000000
0.00001440	0.00000000	0.00000000	1.41965151	1.41584861	1.37737668	1.37339246	5.03572178	0.00000000
0.00001600	0.00000000	0.00000000	1.41612542	1.39987922	1.37429714	1.36167407	0.00000000	0.00000000
0.00001760	0.00000000	8.04183006	1.40780437	1.39335823	1.35749984	1.31362879	0.00000000	0.00000000
0.00001920	0.00000000	0.00000000	1.40379167	1.38045895	1.38227582	1.27495813	0.00000000	0.00000000
0.00002080	0.00000000	0.00000000	1.39283729	1.38869357	1.33818305	1.27261448	0.00000000	0.00000000
0.00002240	0.00000000	0.00000000	1.39363480	1.37365234	1.33706319	1.26675534	0.00000000	0.00000000
0.00002400	0.00000000	0.00000000	1.39229560	1.36641729	1.31438684	1.31011331	0.00000000	0.00000000
0.00002560	0.00000000	0.00000000	1.38018250	1.34823465	1.31998599	1.26441169	10.07144356	0.00000000
0.00002880	0.00000000	0.00000000	1.37847137	1.34065771	1.30355871	1.27932715	2.52829742	0.00000000
0.00003200	0.00000000	0.00000000	1.36591518	1.33493161	1.29972184	1.27165592	0.00000000	0.00000000
0.00003520	0.00000000	0.00000000	1.35973775	1.31466186	1.27677035	1.25273323	0.00000000	0.00000000
0.00003840	0.00000000	0.00000000	1.35055780	1.30467141	1.28060722	1.26158440	2.52829742	0.00000000
0.00004160	0.00000000	0.00000000	1.34234428	1.29767048	1.27082682	1.16599190	0.00000000	0.00000000
0.00004480	0.00000000	0.00000000	1.32990372	1.28072107	1.24013221	1.19962633	0.00000000	0.00000000
0.00004800	0.00000000	0.00000000	1.32431841	1.27199984	1.24627113	1.19372547	0.00000000	0.00000000
0.00005120	0.00000000	0.00000000	1.31701815	1.25979638	1.20776343	1.18015373	0.00000000	0.00000000
0.00005760	0.00000000	2.09715199	1.29985881	1.24508381	1.20254421	1.16676688	1.26414871	0.00000000
0.00006400	0.00000000	0.00000000	1.28688073	1.23184395	1.19352734	1.15731215	0.00000000	0.00000000
0.00007040	0.00000000	0.00000000	1.27142417	1.21296346	1.16012955	1.15967584	0.00000000	0.00000000
0.00007680	0.00000000	0.00000000	1.25599408	1.19794726	1.15107834	1.13696158	1.26414871	0.00000000
0.00008320	0.00000000	4.19430399	1.24298811	1.18549013	1.12740517	1.12632465	1.26414871	0.00000000
0.00008960	0.00000000	0.00000000	1.23256063	1.17149401	1.11889005	1.10534644	1.26414871	0.00000000
0.00009600	0.00000000	2.09715199	1.22365320	1.15704715	1.11021268	1.13784790	0.00000000	0.00000000
0.00010240	0.00000000	0.00000000	1.21130872	1.14840627	1.10729325	1.07077670	1.26414871	19.48156929
0.00011520	0.00000000	0.00000000	1.18843710	1.12507761	1.08098435	1.07518911	0.63999999	0.00000000
0.00012800	0.00000000	1.06555676	1.17103016	1.11290300	1.07428694	1.06000388	2.55999994	0.00000000
0.00014080	0.00000000	0.00000000	1.15356517	1.09851503	1.05635977	1.04352868	0.63999999	0.00000000
0.00015360	0.00000000	5.32778358	1.13734627	1.08936417	1.05475378	1.04632354	0.00000000	4.92686033
0.00016640	0.00000000	3.19667006	1.12149346	1.07998180	1.04376268	1.03625524	1.27999997	0.00000000
0.00017920	0.00000000	0.00000000	1.10802615	1.06994474	1.04172039	1.02595890	2.55999994	0.00000000
0.00019200	0.00000000	1.06555676	1.09611285	1.05831051	1.03049636	1.00889635	1.27999997	0.00000000
0.00020480	0.00000000	0.00000000	1.08525336	1.05230451	1.02948403	1.00863409	4.48000002	0.00000000
0.00023040	0.00000000	1.04300594	1.06946123	1.04276872	1.01753592	1.00412178	0.63866943	0.00000000
0.00025600	0.00000000	1.04300594	1.05503583	1.03785992	1.01214671	1.03109336	0.95800418	2.40744495
0.00028160	0.00000000	1.04300594	1.04414773	1.03034627	0.99989319	1.01867330	0.95800418	0.00000000
0.00030720	0.00000000	2.08601189	1.03240561	1.02897227	1.00493681	0.99787498	0.00000000	0.00000000
0.00033280	0.00000000	1.04300594	1.02555919	1.02866566	1.00484049	0.99261492	2.55467772	0.00000000
0.00035840	0.00000000	1.04300594	1.01958835	1.01998627	1.00718606	0.99239445	0.95800418	4.81488991
0.00038400	0.00000000	0.00000000	1.01705670	1.01230454	1.00064397	1.00948679	0.63866943	2.40744495
0.00040960	0.00000000	3.12901759	1.01288736	1.00944817	1.00114489	0.99493533	0.95800418	0.00000000
0.00046080	0.00000000	0.76587260	1.00766814	1.00289357	1.00019574	0.99456024	0.79337478	2.38016534
0.00051200	0.00000000	1.53174520	1.00565100	0.99914068	0.99956214	0.99347967	0.95204973	0.00000000
0.00056320	0.00000000	1.02116346	1.00611854	0.99859339	0.99247283	0.99304986	0.95204973	2.38016534
0.00061440	0.00000000	0.76587260	1.00335467	0.99782777	0.99479192	0.99907017	1.26939964	1.19008267
0.00066560	0.00000000	0.76587260	1.00151408	0.99973136	0.99516207	1.00097394	0.47602487	1.19008267
0.00071680	0.00000000	0.76587260	1.00043046	1.00229406	0.99297160	1.00100553	1.42807460	1.19008267
0.00076800	0.00000000	1.02116346	0.99851745	1.00146151	0.99530447	0.99840420	1.11072469	0.00000000
0.00081920	0.00000000	0.51058173	0.99625176	1.00407577	0.99655199	0.98592836	1.11072469	0.00000000
0.00092160	0.00000000	1.41899729	0.99635184	1.00430226	1.00655687	0.99778581	1.19253635	0.60879904
0.00102400	0.00000000	1.16099775	1.00118148	1.00663280	1.00294721	1.00147402	1.03353143	0.60879904
0.00112640	0.00000000	1.67699671	1.00136697	1.00810325	0.99545830	1.00393307	0.47701451	0.60879904
0.00122880	0.00000000	1.67699671	0.99670798	1.00651038	0.99971622	1.00019002	0.95204973	1.82639718
0.00133120	0.00000000	1.03199804	0.99909455	1.00565362	1.00049734	0.99387503	0.79337478	1.82639718
0.00143360	0.00000000	0.90299821	1.00216687	1.00234973	1.00054097	0.98705888	1.11072469	0.60879904
0.00153600	0.00000000	0.90299821	1.00411558	1.00575638	0.99513185	0.99337900	1.34873712	0.60879904
0.00163840	0.00000000	0.51599902	1.00214219	1.00125074	1.00072086	0.99687505	0.63469982	1.21759808
0.00184320	0.00000000	0.76587260	0.99928242	1.00279808	0.99933499	1.00205517	0.91238099	1.47084177
0.00204800	0.00000000	0.76587260	0.99831384	1.00145328	1.00400245	1.00174868	1.19006217	2.05917835
0.00225280	0.00000000	0.76587260	0.99717402	1.00474727	1.00196815	1.00764048	0.99171847	0.29416835
0.00245760	0.00000000	1.34027696	0.99684882	1.00246882	1.00181925	1.00517952	0.71403730	0.88250500
0.00266240	0.00000000	0.82969528	0.99999130	1.00139749	1.00003791	0.99807864	0.99378026	1.17667341
0.00286720	0.00000000	0.70204985	1.00105464	0.99896735	1.00009346	0.99980909	0.63601935	0.58833671
0.00307200	0.00000000	0.89351803	0.99731797	0.99551821	1.00074387	0.99580228	1.15278506	1.47084177
0.00327680	0.00000000	0.82969528	0.99448150	0.99761558	0.99904269	1.01068282	1.03353143	1.48765135
0.00368640	0.00000000	0.88883376	1.00385261	1.00074911	0.99920851	1.00222528	1.16057646	1.73548424
0.00409600	0.00000000	1.20944881	1.00041652	1.00362957	0.99895078	1.00645447	1.04255176	1.01236582
0.00450560	0.00000000	1.14579368	0.99897766	1.00202858	0.99755806	1.00029397	1.08189332	1.15698957
0.00491520	0.00000000	1.08213842	0.99745637	1.00151062	0.99918914	0.99530393	1.06222248	1.59086061
0.00532480	0.00000000	1.30493164	1.00348139	1.00188541	1.00178242	0.99795449	0.96386862	0.72720385
0.00573440	0.00000000	0.82751763	1.00176704	1.00535226	0.99814188	0.99611366	0.88518542	0.87264466
0.00614400	0.00000000	1.30493164	1.00189900	1.00561976	0.99896616	1.00184333	0.94615269	1.01808536
0.00655360	0.00000000	1.17762125	0.99911314	0.99952906	0.99744010	1.00213075	1.14326775	1.16352618
0.00737280	0.00000000	0.92188126	1.00383794	0.99961406	0.99504626	0.99749494	0.91427785	1.09693396
0.00819200	0.00000000	1.02857149	1.00318730	0.99958974	0.99832940	1.00386143	1.14284730	0.95067608
0.00901120	0.00000000	0.95813477	1.00001216	1.00071156	1.00011253	1.00004852	1.02359366	0.58176309
0.00983040	0.00000000	0.75592619	0.99856728	0.99883205	0.99965924	0.99860907	0.99378026	1.01808536
0.01064960	0.00000000	1.24412847	0.99780095	1.00134373	1.00003493	1.00328219	1.01365590	0.65448350
0.01146880	0.00000000	0.94242764	0.99804431	1.00536919	1.00440645	0.99865687	1.04130435	1.30896699
0.01228800	0.00000000	1.00525618	1.00541902	1.00253689	1.00234675	0.99898720	0.79009634	0.65448350
0.01310720	0.00000000	0.87959915	0.99597389	0.99978644	0.99848908	0.99908948	1.02712524	0.87264466
0.01474560	0.00000000	1.09090912	0.99953920	0.99866915	1.00177002	1.00059319	1.02431226	0.99284983
0.01638400	0.00000000	1.01562500	0.99956465	1.00041187	1.00199032	0.99372739	0.89379650	1.38944960
0.01802240	0.00000000	1.09660578	0.99753940	0.99857497	1.00195444	1.00050747	1.03700149	0.87754714
0.01966080	0.00000000	1.14360309	0.99976641	1.00205123	0.99938613	0.99642074	1.01441550	1.19984853
0.02129920	0.00000000	1.14960635	0.99789876	1.00236821	1.00007510	0.99902594	1.08864105	0.72311842
0.02293760	0.00000000	1.12105262	1.00219929	1.00059092	1.00126672	1.00043666	1.07874429	1.19314539
0.02457600	0.00000000	0.89763778	1.00143707	0.99971229	0.99979764	0.99480748	1.07697558	1.04852176
0.02621440	0.00000000	0.98425198	1.00292504	1.00028014	1.00148010	0.99790359	1.02779865	1.15698957
0.02949120	0.00000000	0.95025527	0.99946684	1.00035930	1.00049257	0.99671829	1.03172600	1.27652407
0.03276800	0.00000000	1.02234745	0.99947214	1.00016427	1.00026262	0.99987447	0.97436756	0.96002960
0.03604480	0.00000000	0.91971791	0.99439305	0.99989349	0.99911857	1.00112987	0.95847237	0.94225132
0.03932160	0.00000000	0.96708536	1.00153923	1.00087929	0.99837929	1.00078130	0.99583787	1.05481410
0.04259840	0.00000000	1.04482615	0.99934149	1.00220990	1.00029266	0.99840605	1.05921841	1.06077349
0.04587520	0.00000000	0.94192660	0.99944949	1.00235319	1.00024486	1.00155163	0.99213940	0.97087741
0.04915200	0.00000000	1.03691077	1.00020480	0.99958760	1.00013280	0.99817580	0.98719108	0.91693980
0.05242880	0.00000000	0.92213821	0.99818760	1.00015485	1.00005019	1.00086117	1.01651585	0.84502292
0.05898240	0.00000000	0.95973617	1.00002623	0.99908245	0.99900979	1.00012290	0.98312014	1.00899541
0.06553600	0.00000000	1.00458455	1.00006282	1.00110543	0.99953145	0.99977851	0.99997854	1.22982085
0.07208960	0.00000000	1.01454675	1.00055039	0.99979901	1.00075865	0.99911880	0.97819227	0.94317085
0.07864320	0.00000000	0.91818058	0.99949145	1.00033081	0.99858969	1.00017965	0.96911502	0.79987228
0.08519680	0.00000000	0.99535525	1.00093019	1.00139773	1.00039542	1.00026584	1.05334306	0.95987809
0.09175040	0.00000000	0.95287830	1.00076854	1.00087988	0.99925923	1.00107539	0.98474228	1.21584558
0.09830400	0.00000000	0.98594522	0.99998879	1.00048316	1.00030518	1.00035465	0.97281867	0.86422986
0.10485760	0.00000000	0.93944377	0.99860322	1.00028741	1.00037897	1.00062120	0.99750948	0.91019952
0.11796480	0.00000000	0.99960315	0.99879086	0.99932373	1.00030804	0.99994284	1.00898314	0.91034484
0.13107200	0.00000000	0.96014577	0.99955380	1.00095356	1.00020611	1.00063205	1.03621387	0.97435981
0.14417920	0.00000000	1.03581440	0.99957263	0.99954891	0.99972481	0.99975830	1.02338231	0.87631547
0.15728641	0.00000000	1.01095557	1.00110245	0.99964219	1.00045729	0.99903369	0.99795198	0.92165947
0.17039360	0.00000000	1.01725054	0.99957883	1.00020766	1.00006139	1.00014114	1.00371885	1.01169360
0.18350080	0.00000000	0.96755594	1.00017774	1.00047231	1.00050449	0.99990338	0.98268270	1.06527483
0.19660801	0.00000000	1.09343982	1.00025821	0.99915934	0.99918294	1.00125694	0.97895080	1.07898962
0.20971520	0.00000000	0.98843336	1.00009298	0.99984270	1.00021362	1.00021255	1.00725114	0.80114251
0.23592959	0.00000000	1.04149234	0.99938053	0.99998695	1.00000775	0.99957889	0.98795563	0.85312051
0.26214400	0.00000000	1.03013825	0.99916565	1.00076449	1.00069070	0.99950421	1.00554287	0.97812110
0.28835839	0.00000000	0.98427039	1.00066686	1.00069690	0.99974030	1.00165641	0.99456602	1.03348303
0.31457281	0.00000000	0.96945977	0.99872011	0.99992180	1.00010717	0.99961305	0.96853417	1.00385249
0.34078720	0.00000000	0.96777022	0.99986660	1.00042450	0.99945772	0.99906850	1.01394260	0.97634792
0.36700159	0.00000000	0.96966660	1.00101674	1.00072598	0.99978173	1.00046086	0.97491181	1.06569898
0.39321601	0.00000000	1.01373839	0.99999607	0.99988204	1.00003815	0.99969608	0.96182424	1.03323746
0.41943040	0.00000000	1.05510247	1.00009716	0.99879950	0.99992263	1.00017428	0.97837645	0.96372759
0.47185919	0.00000000	1.03281832	1.00024998	0.99955821	0.99957371	0.99953312	1.00004828	1.12853062
0.52428800	0.00000000	0.95608693	1.00041509	0.99867624	0.99993116	0.99986476	0.96766245	0.95516694
0.57671678	0.00000000	0.99422389	0.99989456	1.00013006	0.99995953	1.00044906	0.98065805	1.01082683
0.62914562	0.00000000	1.03436077	0.99998647	0.99923766	1.00003338	0.99971163	1.04394209	0.90483868
0.68157440	0.00000000	1.01259935	0.99956083	1.00020599	1.00015724	1.00016212	0.97625089	0.98791474
0.73400319	0.00000000	0.97095710	0.99917275	0.99967360	0.99897152	1.00004733	0.99365675	0.98822290
0.78643203	0.00000000	1.02220356	0.99983490	0.99989665	1.00086665	1.00012529	1.01984310	0.96521026
0.83886081	0.00000000	1.02111244	0.99983710	0.99988484	0.99999940	1.00001705	1.04354274	1.04999995
0.94371837	0.00000000	1.01122165	1.00020385	0.99987966	1.00043631	0.99994886	1.01405597	1.04036045
1.04857600	0.00000000	1.00720155	1.00011051	1.00059962	0.99996269	0.99987471	1.00312197	0.99765295
1.15343356	0.00000000	1.01018965	0.99962205	1.00061142	0.99998736	1.00021172	0.98624903	0.93898988
1.25829124	0.00000000	0.99697065	0.99995059	0.99958420	1.00001180	0.99983770	0.97490561	1.10690999
1.36314881	0.00000000	0.99614275	1.00034881	1.00022078	0.99977219	0.99979067	0.99374157	0.94108021
1.46800637	0.00000000	1.01297855	1.00011969	1.00042295	1.00032127	1.00043285	0.98651862	0.99811441
1.57286406	0.00000000	1.00559700	0.99968863	0.99922872	0.99999171	0.99974036	0.99755639	1.00637758
1.67772162	0.00000000	0.99612904	1.00018799	0.99947935	0.99948454	1.00019026	1.00740743	0.97619045
1.88743675	0.00000000	0.00000000	0.00000000	0.00000000	0.00000000	0.00000000	0.00000000	0.00000000
2.09715199	0.00000000	0.00000000	0.00000000	0.00000000	0.00000000	0.00000000	0.00000000	0.00000000
2.30686712	0.00000000	0.00000000	0.00000000	0.00000000	0.00000000	0.00000000	0.00000000	0.00000000
2.51658249	0.00000000	0.00000000	0.00000000	0.00000000	0.00000000	0.00000000	0.00000000	0.00000000
2.72629762	0.00000000	0.00000000	0.00000000	0.00000000	0.00000000	0.00000000	0.00000000	0.00000000
2.93601274	0.00000000	0.00000000	0.00000000	0.00000000	0.00000000	0.00000000	0.00000000	0.00000000
3.14572811	0.00000000	0.00000000	0.00000000	0.00000000	0.00000000	0.00000000	0.00000000	0.00000000
3.35544324	0.00000000	0.00000000	0.00000000	0.00000000	0.00000000	0.00000000	0.00000000	0.00000000
3.77487350	0.00000000	0.00000000	0.00000000	0.00000000	0.00000000	0.00000000	0.00000000	0.00000000
4.19430399	0.00000000	0.00000000	0.00000000	0.00000000	0.00000000	0.00000000	0.00000000	0.00000000
4.61373425	0.00000000	0.00000000	0.00000000	0.00000000	0.00000000	0.00000000	0.00000000	0.00000000
5.03316498	0.00000000	0.00000000	0.00000000	0.00000000	0.00000000	0.00000000	0.00000000	0.00000000
5.45259523	0.00000000	0.00000000	0.00000000	0.00000000	0.00000000	0.00000000	0.00000000	0.00000000
5.87202549	0.00000000	0.00000000	0.00000000	0.00000000	0.00000000	0.00000000	0.00000000	0.00000000
6.29145622	0.00000000	0.00000000	0.00000000	0.00000000	0.00000000	0.00000000	0.00000000	0.00000000
6.71088648	0.00000000	0.00000000	0.00000000	0.00000000	0.00000000	0.00000000	0.00000000	0.00000000
7.54974699	0.00000000	0.00000000	0.00000000	0.00000000	0.00000000	0.00000000	0.00000000	0.00000000
8.38860798	0.00000000	0.00000000	0.00000000	0.00000000	0.00000000	0.00000000	0.00000000	0.00000000
9.22746849	0.00000000	0.00000000	0.00000000	0.00000000	0.00000000	0.00000000	0.00000000	0.00000000
10.06632996	0.00000000	0.00000000	0.00000000	0.00000000	0.00000000	0.00000000	0.00000000	0.00000000
10.90519047	0.00000000	0.00000000	0.00000000	0.00000000	0.00000000	0.00000000	0.00000000	0.00000000
11.74405098	0.00000000	0.00000000	0.00000000	0.00000000	0.00000000	0.00000000	0.00000000	0.00000000
12.58291245	0.00000000	0.00000000	0.00000000	0.00000000	0.00000000	0.00000000	0.00000000	0.00000000
13.42177296	0.00000000	0.00000000	0.00000000	0.00000000	0.00000000	0.00000000	0.00000000	0.00000000
15.09949398	0.00000000	0.00000000	0.00000000	0.00000000	0.00000000	0.00000000	0.00000000	0.00000000
16.77721596	0.00000000	0.00000000	0.00000000	0.00000000	0.00000000	0.00000000	0.00000000	0.00000000
18.45493698	0.00000000	0.00000000	0.00000000	0.00000000	0.00000000	0.00000000	0.00000000	0.00000000
20.13265991	0.00000000	0.00000000	0.00000000	0.00000000	0.00000000	0.00000000	0.00000000	0.00000000
21.81038094	0.00000000	0.00000000	0.00000000	0.00000000	0.00000000	0.00000000	0.00000000	0.00000000
23.48810196	0.00000000	0.00000000	0.00000000	0.00000000	0.00000000	0.00000000	0.00000000	0.00000000
25.16582489	0.00000000	0.00000000	0.00000000	0.00000000	0.00000000	0.00000000	0.00000000	0.00000000
26.84354591	0.00000000	0.00000000	0.00000000	0.00000000	0.00000000	0.00000000	0.00000000	0.00000000
30.19898796	0.00000000	0.00000000	0.00000000	0.00000000	0.00000000	0.00000000	0.00000000	0.00000000
33.55443192	0.00000000	0.00000000	0.00000000	0.00000000	0.00000000	0.00000000	0.00000000	0.00000000
36.90987396	0.00000000	0.00000000	0.00000000	0.00000000	0.00000000	0.00000000	0.00000000	0.00000000
40.26531982	0.00000000	0.00000000	0.00000000	0.00000000	0.00000000	0.00000000	0.00000000	0.00000000
43.62076187	0.00000000	0.00000000	0.00000000	0.00000000	0.00000000	0.00000000	0.00000000	0.00000000
46.97620392	0.00000000	0.00000000	0.00000000	0.00000000	0.00000000	0.00000000	0.00000000	0.00000000
50.33164978	0.00000000	0.00000000	0.00000000	0.00000000	0.00000000	0.00000000	0.00000000	0.00000000
53.68709183	0.00000000	0.00000000	0.00000000	0.00000000	0.00000000	0.00000000	0.00000000	0.00000000
60.39797592	0.00000000	0.00000000	0.00000000	0.00000000	0.00000000	0.00000000	0.00000000	0.00000000
67.10886383	0.00000000	0.00000000	0.00000000	0.00000000	0.00000000	0.00000000	0.00000000	0.00000000
73.81974792	0.00000000	0.00000000	0.00000000	0.00000000	0.00000000	0.00000000	0.00000000	0.00000000
80.53063965	0.00000000	0.00000000	0.00000000	0.00000000	0.00000000	0.00000000	0.00000000	0.00000000
87.24152374	0.00000000	0.00000000	0.00000000	0.00000000	0.00000000	0.00000000	0.00000000	0.00000000
93.95240784	0.00000000	0.00000000	0.00000000	0.00000000	0.00000000	0.00000000	0.00000000	0.00000000
100.66329956	0.00000000	0.00000000	0.00000000	0.00000000	0.00000000	0.00000000	0.00000000	0.00000000
107.37418365	0.00000000	0.00000000	0.00000000	0.00000000	0.00000000	0.00000000	0.00000000	0.00000000
120.79595184	0.00000000	0.00000000	0.00000000	0.00000000	0.00000000	0.00000000	0.00000000	0.00000000
134.21772766	0.00000000	0.00000000	0.00000000	0.00000000	0.00000000	0.00000000	0.00000000	0.00000000
147.63949585	0.00000000	0.00000000	0.00000000	0.00000000	0.00000000	0.00000000	0.00000000	0.00000000
161.06127930	0.00000000	0.00000000	0.00000000	0.00000000	0.00000000	0.00000000	0.00000000	0.00000000
174.48304749	0.00000000	0.00000000	0.00000000	0.00000000	0.00000000	0.00000000	0.00000000	0.00000000
187.90481567	0.00000000	0.00000000	0.00000000	0.00000000	0.00000000	0.00000000	0.00000000	0.00000000
201.32659912	0.00000000	0.00000000	0.00000000	0.00000000	0.00000000	0.00000000	0.00000000	0.00000000
214.74836731	0.00000000	0.00000000	0.00000000	0.00000000	0.00000000	0.00000000	0.00000000	0.00000000
241.59190369	0.00000000	0.00000000	0.00000000	0.00000000	0.00000000	0.00000000	0.00000000	0.00000000
268.43545532	0.00000000	0.00000000	0.00000000	0.00000000	0.00000000	0.00000000	0.00000000	0.00000000
295.27899170	0.00000000	0.00000000	0.00000000	0.00000000	0.00000000	0.00000000	0.00000000	0.00000000
322.12255859	0.00000000	0.00000000	0.00000000	0.00000000	0.00000000	0.00000000	0.00000000	0.00000000
348.96609497	0.00000000	0.00000000	0.00000000	0.00000000	0.00000000	0.00000000	0.00000000	0.00000000
375.80963135	0.00000000	0.00000000	0.00000000	0.00000000	0.00000000	0.00000000	0.00000000	0.00000000
402.65319824	0.00000000	0.00000000	0.00000000	0.00000000	0.00000000	0.00000000	0.00000000	0.00000000
429.49673462	0.00000000	0.00000000	0.00000000	0.00000000	0.00000000	0.00000000	0.00000000	0.00000000
483.18380737	0.00000000	0.00000000	0.00000000	0.00000000	0.00000000	0.00000000	0.00000000	0.00000000
536.87091064	0.00000000	0.00000000	0.00000000	0.00000000	0.00000000	0.00000000	0.00000000	0.00000000
590.55798340	0.00000000	0.00000000	0.00000000	0.00000000	0.00000000	0.00000000	0.00000000	0.00000000
644.24511719	0.00000000	0.00000000	0.00000000	0.00000000	0.00000000	0.00000000	0.00000000	0.00000000
697.93218994	0.00000000	0.00000000	0.00000000	0.00000000	0.00000000	0.00000000	0.00000000	0.00000000
751.61926270	0.00000000	0.00000000	0.00000000	0.00000000	0.00000000	0.00000000	0.00000000	0.00000000
805.30639648	0.00000000	0.00000000	0.00000000	0.00000000	0.00000000	0.00000000	0.00000000	0.00000000
858.99346924	0.00000000	0.00000000	0.00000000	0.00000000	0.00000000	0.00000000	0.00000000	0.00000000
966.36761475	0.00000000	0.00000000	0.00000000	0.00000000	0.00000000	0.00000000	0.00000000	0.00000000
1073.74182129	0.00000000	0.00000000	0.00000000	0.00000000	0.00000000	0.00000000	0.00000000	0.00000000
1181.11596680	0.00000000	0.00000000	0.00000000	0.00000000	0.00000000	0.00000000	0.00000000	0.00000000
1288.49023437	0.00000000	0.00000000	0.00000000	0.00000000	0.00000000	0.00000000	0.00000000	0.00000000
1395.86437988	0.00000000	0.00000000	0.00000000	0.00000000	0.00000000	0.00000000	0.00000000	0.00000000
1503.23852539	0.00000000	0.00000000	0.00000000	0.00000000	0.00000000	0.00000000	0.00000000	0.00000000
1610.61279297	0.00000000	0.00000000	0.00000000	0.00000000	0.00000000	0.00000000	0.00000000	0.00000000
1717.98693848	0.00000000	0.00000000	0.00000000	0.00000000	0.00000000	0.00000000	0.00000000	0.00000000
1932.73522949	0.00000000	0.00000000	0.00000000	0.00000000	0.00000000	0.00000000	0.00000000	0.00000000
2147.48364258	0.00000000	0.00000000	0.00000000	0.00000000	0.00000000	0.00000000	0.00000000	0.00000000
2362.23193359	0.00000000	0.00000000	0.00000000	0.00000000	0.00000000	0.00000000	0.00000000	0.00000000
2576.98046875	0.00000000	0.00000000	0.00000000	0.00000000	0.00000000	0.00000000	0.00000000	0.00000000
2791.72875977	0.00000000	0.00000000	0.00000000	0.00000000	0.00000000	0.00000000	0.00000000	0.00000000
3006.47705078	0.00000000	0.00000000	0.00000000	0.00000000	0.00000000	0.00000000	0.00000000	0.00000000
3221.22558594	0.00000000	0.00000000	0.00000000	0.00000000	0.00000000	0.00000000	0.00000000	0.00000000
3435.97387695	0.00000000	0.00000000	0.00000000	0.00000000	0.00000000	0.00000000	0.00000000	0.00000000
0	0	0	0	0	0	0	0	0
