%4/2/2019 3:33:30 PM
%Duration	ID1		ID2		ID3		ID4		ID5		ID6		ID7		ID8
1000.000000	0.000000	0.486374	525.674805	239.210129	98.247528	33.149719	2.279282	0.295639
%Tau		Tau1		Tau2		Tau3		Tau4		Tau5		Tau6		Tau7		Tau8
%		0.000000	0.000001	0.000128	0.000083	0.000058	0.000032	0.000001	0.000001
%Delaytime	D1		D2		D3		D4		D5		D6		D7		D8
0.00000020	0.00000000	71.22618103	1.49076998	1.48184979	1.65849042	3.53604198	23.27087212	0.00000000
0.00000040	0.00000000	71.22618103	1.47698534	1.49859273	1.45938551	1.56636345	7.75695705	0.00000000
0.00000060	0.00000000	0.00000000	1.47566140	1.48768163	1.51319766	1.56636345	0.00000000	0.00000000
0.00000080	0.00000000	0.00000000	1.47570026	1.46548307	1.50351143	1.37877500	0.00000000	0.00000000
0.00000100	0.00000000	0.00000000	1.46444666	1.50611770	1.51750267	1.60388112	1.93923926	0.00000000
0.00000120	0.00000000	0.00000000	1.46818495	1.47018611	1.51427388	1.62264001	1.93923926	0.00000000
0.00000140	0.00000000	0.00000000	1.47274089	1.44817567	1.43786061	1.65077817	0.00000000	0.00000000
0.00000160	0.00000000	0.00000000	1.45428348	1.46284926	1.46584296	1.63201940	0.00000000	0.00000000
0.00000180	0.00000000	0.00000000	1.46394050	1.47150302	1.46691918	1.52884579	0.00000000	0.00000000
0.00000200	0.00000000	0.00000000	1.46183777	1.50235522	1.48198664	1.29436016	1.93923926	0.00000000
0.00000220	0.00000000	0.00000000	1.45424449	1.47281981	1.50458765	1.33187795	0.00000000	0.00000000
0.00000240	0.00000000	0.00000000	1.45042837	1.45814621	1.42602193	1.46318984	1.93923926	0.00000000
0.00000260	0.00000000	0.00000000	1.46335638	1.44159126	1.43032694	1.51946628	1.93923926	0.00000000
0.00000280	0.00000000	0.00000000	1.46343434	1.46454239	1.45615673	1.49132812	1.93923926	0.00000000
0.00000300	0.00000000	0.00000000	1.46234393	1.47018611	1.45508051	1.36001611	0.00000000	0.00000000
0.00000320	0.00000000	0.00000000	1.45272589	1.46360183	1.47230041	1.36939561	1.93923926	0.00000000
0.00000360	0.00000000	0.00000000	1.45774913	1.45805216	1.42171705	1.41160297	0.00000000	0.00000000
0.00000400	0.00000000	0.00000000	1.45885885	1.45541835	1.46907163	1.49132812	0.96961963	0.00000000
0.00000440	0.00000000	0.00000000	1.45498431	1.44883406	1.47660542	1.38815439	0.00000000	0.00000000
0.00000480	0.00000000	0.00000000	1.45021427	1.45908678	1.47606730	1.37877500	0.00000000	0.00000000
0.00000520	0.00000000	0.00000000	1.45218074	1.44883406	1.44916117	1.34594703	1.93923926	0.00000000
0.00000560	0.00000000	0.00000000	1.44937706	1.45165598	1.41095459	1.50539720	2.90885901	0.00000000
0.00000600	0.00000000	0.00000000	1.45332944	1.41083312	1.44055128	1.37877500	0.00000000	0.00000000
0.00000640	0.00000000	0.00000000	1.45060360	1.43566537	1.45023739	1.46318984	0.96961963	0.00000000
0.00000720	0.00000000	0.00000000	1.44705033	1.43999231	1.41418326	1.33656764	0.96961963	0.00000000
0.00000800	0.00000000	0.00000000	1.44046950	1.43331385	1.43086505	1.36470592	1.45442951	0.00000000
0.00000880	0.00000000	0.00000000	1.44139433	1.44041550	1.43759155	1.45615518	2.42404914	0.00000000
0.00000960	0.00000000	0.00000000	1.43057883	1.42263782	1.40153742	1.37408531	1.45442951	0.00000000
0.00001040	0.00000000	0.00000000	1.43297362	1.42423689	1.43436289	1.39284408	0.96961963	0.00000000
0.00001120	0.00000000	0.00000000	1.43958366	1.43068016	1.39400375	1.36470592	0.48480982	67.46821594
0.00001200	0.00000000	0.00000000	1.43140638	1.42094469	1.41095459	1.37408531	0.00000000	0.00000000
0.00001280	0.00000000	0.00000000	1.42501044	1.41718233	1.38781536	1.40456843	0.96961963	0.00000000
0.00001440	0.00000000	0.00000000	1.41879952	1.41466618	1.40866756	1.42332721	0.24240491	0.00000000
0.00001600	0.00000000	0.00000000	1.41954434	1.39916945	1.36830842	1.34125733	1.45442951	0.00000000
0.00001760	0.00000000	8.90327263	1.41023278	1.39797020	1.37126815	1.34242976	0.48480982	0.00000000
0.00001920	0.00000000	0.00000000	1.40646541	1.38456631	1.36359990	1.34125733	0.96961963	0.00000000
0.00002080	0.00000000	0.00000000	1.40369093	1.37727654	1.32754576	1.31311905	1.45442951	0.00000000
0.00002240	0.00000000	0.00000000	1.39443302	1.37182093	1.34570730	1.24746311	1.45442951	0.00000000
0.00002400	0.00000000	0.00000000	1.38732648	1.35740602	1.31072938	1.30725694	0.96961963	0.00000000
0.00002560	0.00000000	8.90327263	1.38506806	1.35674751	1.31866670	1.28029108	1.69683444	0.00000000
0.00002880	0.00000000	4.70669365	1.37938905	1.34417796	1.30742252	1.25865197	0.97138017	0.00000000
0.00003200	0.00000000	0.00000000	1.37475789	1.33122492	1.28582382	1.22918916	1.33564782	0.00000000
0.00003520	0.00000000	0.00000000	1.36335218	1.31986165	1.27271748	1.20620811	0.97138017	0.00000000
0.00003840	0.00000000	0.00000000	1.35227394	1.30871034	1.25700331	1.21858251	1.69991529	0.00000000
0.00004160	0.00000000	4.70669365	1.34409678	1.29910159	1.25264347	1.22624278	1.21422529	0.00000000
0.00004480	0.00000000	0.00000000	1.33691657	1.28655469	1.23452210	1.20620811	0.84995764	17.23371887
0.00004800	0.00000000	4.70669365	1.32532048	1.27915370	1.22235215	1.18499482	0.97138017	0.00000000
0.00005120	0.00000000	0.00000000	1.31941581	1.26515865	1.20556819	1.17497754	1.09280276	0.00000000
0.00005760	0.00000000	2.32697892	1.30014026	1.25124884	1.19216609	1.16348660	1.14933836	0.00000000
0.00006400	0.00000000	0.00000000	1.28740740	1.23320222	1.16601169	1.14462554	1.20982993	0.00000000
0.00007040	0.00000000	0.00000000	1.27154851	1.21882260	1.16027141	1.11250293	1.08884692	0.00000000
0.00007680	0.00000000	0.00000000	1.25823772	1.19969416	1.15211058	1.10631418	1.14933836	0.00000000
0.00008320	0.00000000	2.32697892	1.24464047	1.18654323	1.13432944	1.08752203	1.33081281	0.00000000
0.00008960	0.00000000	2.32697892	1.23384631	1.17355108	1.11410630	1.06453371	0.84688091	0.00000000
0.00009600	0.00000000	0.00000000	1.22077572	1.15933526	1.10901260	1.08486950	0.78638941	0.00000000
0.00010240	0.00000000	0.00000000	1.20971715	1.15364027	1.11091912	1.06391060	0.66540641	0.00000000
0.00011520	0.00000000	0.00000000	1.18859422	1.13253903	1.08118272	1.04229784	1.11454511	0.00000000
0.00012800	0.00000000	1.15052593	1.16857874	1.11712444	1.07210851	1.03890896	1.08442223	0.00000000
0.00014080	0.00000000	3.45157766	1.15304732	1.10229814	1.06512773	1.04377127	1.08442223	0.00000000
0.00015360	0.00000000	1.15052593	1.13762879	1.09112644	1.05773878	1.03610945	1.08442223	0.00000000
0.00016640	0.00000000	4.60210371	1.12517071	1.07710910	1.04283774	1.02756357	1.05429935	0.00000000
0.00017920	0.00000000	1.15052593	1.11209786	1.06861734	1.03429365	1.01842844	0.93380803	0.00000000
0.00019200	0.00000000	0.00000000	1.10175443	1.06054270	1.03696132	1.02008140	0.87356234	0.00000000
0.00020480	0.00000000	0.00000000	1.09307361	1.04776692	1.03009129	1.02332306	1.56638765	0.00000000
0.00023040	0.00000000	1.73062301	1.07694650	1.03671598	1.02322888	1.00563431	0.76295108	2.15421486
0.00025600	0.00000000	1.15374863	1.06317770	1.03011584	1.02240932	1.02090156	0.97238863	0.00000000
0.00028160	0.00000000	1.15374863	1.05340075	1.02485061	1.01389611	1.01692140	0.94246894	4.30842972
0.00030720	0.00000000	1.73062301	1.04682255	1.01863790	1.01005280	1.01755261	1.24166548	0.00000000
0.00033280	0.00000000	1.15374863	1.04090834	1.01764655	1.00576150	1.01283550	0.95742875	2.15421486
0.00035840	0.00000000	1.15374863	1.03433537	1.01307225	1.00082970	1.01203454	0.83775020	0.00000000
0.00038400	0.00000000	2.30749726	1.03052795	1.00779486	0.99612695	0.99902141	1.03222787	0.00000000
0.00040960	0.00000000	0.57687432	1.02601218	1.00742543	0.99536818	1.00016904	1.09206724	0.00000000
0.00046080	0.00000000	2.30105186	1.02046406	1.00285113	1.00207436	0.99512923	1.21393204	1.05419087
0.00051200	0.00000000	0.86289442	1.01745152	1.00163305	1.00099778	1.00268567	0.92918259	1.05419087
0.00056320	0.00000000	0.28763148	1.01688087	1.00063133	0.99829459	0.98308450	0.89920896	0.00000000
0.00061440	0.00000000	1.15052593	1.01367819	1.00006557	1.00131750	0.99016631	0.98163640	0.00000000
0.00066560	0.00000000	1.72578883	1.00851059	0.99788260	0.99997902	0.99515527	1.07905078	0.00000000
0.00071680	0.00000000	0.57526296	1.00413215	0.99980611	1.00358713	1.00000155	1.14649141	1.05419087
0.00076800	0.00000000	1.15052593	1.00269008	0.99920410	1.00299573	1.00262225	1.02659690	2.10838175
0.00081920	0.00000000	0.57526296	1.00242198	1.00315666	1.00101936	0.99889416	1.06406391	2.10838175
0.00092160	0.00000000	0.85809392	1.00318277	1.00421906	1.00528276	0.99783409	1.02079415	0.52150297
0.00102400	0.00000000	0.85809392	1.00425363	1.00037932	1.00137174	0.99634677	0.99054843	0.00000000
0.00112640	0.00000000	1.57317209	1.00450897	0.99996799	0.99637884	0.99871862	1.01655281	1.04300594
0.00122880	0.00000000	1.57317209	1.00126648	1.00039160	1.00162053	0.99713916	0.99387878	0.52150297
0.00133120	0.00000000	0.85809392	0.99744087	0.99931681	0.99610877	1.00519705	0.94475168	2.08601189
0.00143360	0.00000000	0.71507823	0.99548334	0.99723577	0.99441117	0.99716818	1.08079600	0.52150297
0.00153600	0.00000000	1.43015647	0.99526989	1.00162530	0.99520606	0.99401945	0.95986772	1.56450880
0.00163840	0.00000000	1.28714085	0.99369264	1.00164890	0.99315029	0.99121642	0.88806659	1.56450880
0.00184320	0.00000000	0.79765838	0.99494815	1.00139964	1.00135851	1.00750315	0.92121637	0.25937185
0.00204800	0.00000000	0.72514397	0.99881285	1.00220060	0.99631292	1.00943828	0.98755908	1.81560278
0.00225280	0.00000000	0.94268721	0.99994802	1.00140607	1.00813043	0.99507213	1.03115571	1.55623102
0.00245760	0.00000000	1.30525923	1.00336719	1.00504959	1.00325465	1.00128591	1.03684223	0.51874369
0.00266240	0.00000000	0.65262961	0.99667794	0.99938059	1.00597572	1.00582445	1.02167821	0.52151769
0.00286720	0.00000000	1.01520157	0.99957043	0.99831450	1.00127316	1.00168967	1.02310991	0.78227657
0.00307200	0.00000000	0.65262961	1.00925219	0.99772674	1.00311136	1.00525057	0.98432499	0.51874369
0.00327680	0.00000000	1.01520157	1.00317526	0.99670821	1.00597405	0.99412459	0.99946845	0.77811551
0.00368640	0.00000000	1.10004139	1.00262880	0.99576300	1.00387788	1.00280881	1.01188540	0.51874369
0.00409600	0.00000000	0.73336095	1.00057185	1.00095272	0.99890947	0.99927163	1.01374507	1.03748739
0.00450560	0.00000000	1.10004139	1.00139344	1.00362921	1.00193334	1.00135863	1.00196493	0.90780139
0.00491520	0.00000000	0.84336507	0.99620610	0.99926281	1.00171959	1.00748324	0.96894348	0.51874369
0.00532480	0.00000000	0.91670114	0.99440455	0.99229050	1.00085020	0.99990362	0.98920375	0.77811551
0.00573440	0.00000000	0.91670114	0.99436057	0.99719572	1.00334775	1.00120723	0.99392325	1.03748739
0.00614400	0.00000000	0.88003308	0.99641806	1.00076854	1.00013399	1.00287175	0.98542821	1.16717327
0.00655360	0.00000000	1.35671771	0.99402106	0.99549198	0.99751258	0.99501801	0.95565593	1.42654514
0.00737280	0.00000000	1.08170736	0.99927354	1.00389576	1.00420952	0.99791676	1.02457488	0.78643757
0.00819200	0.00000000	1.22837949	1.00025713	1.00236142	1.00137877	1.00263941	1.01984894	1.31072927
0.00901120	0.00000000	1.13349843	0.99289501	0.99862909	0.99577361	1.00059164	0.99956781	0.98304701
0.00983040	0.00000000	1.35288513	0.99810523	0.99515533	1.00288332	0.99886608	1.01985991	0.91751051
0.01064960	0.00000000	1.06337333	0.99744719	1.00082195	1.00056946	0.99773490	1.02411127	0.98304701
0.01146880	0.00000000	1.04503930	1.00007355	1.00152469	0.99917656	0.99529469	1.00568855	1.24519289
0.01228800	0.00000000	0.97170323	1.00131643	0.99818504	0.99879599	1.00340366	1.01041234	1.36894524
0.01310720	0.00000000	0.88003308	0.99710166	1.00121975	1.00030065	0.99873549	1.02315712	1.23856950
0.01474560	0.00000000	0.95824474	1.00058019	1.00209892	0.99793786	1.00075924	1.00795233	1.14078772
0.01638400	0.00000000	0.96728480	1.00186312	0.99960721	0.99766386	0.99758720	1.01574135	1.14078772
0.01802240	0.00000000	0.82264405	1.00308919	1.00033379	1.00213420	0.99704593	1.00862992	1.04300594
0.01966080	0.00000000	0.94920468	0.99948889	0.99857146	0.99776477	1.00524378	1.00516438	1.01581526
0.02129920	0.00000000	1.08174098	0.99553961	0.99891841	1.00048327	0.99733329	1.02055955	1.17965639
0.02293760	0.00000000	0.96728480	0.99996632	0.99936759	0.99961507	0.99910539	1.00636435	1.24519289
0.02457600	0.00000000	0.93112457	1.00038338	0.99923670	0.99901885	1.00319242	1.00021791	0.65187865
0.02621440	0.00000000	0.91947979	1.00085306	1.00020123	1.00097179	0.99894387	0.97708118	0.61928475
0.02949120	0.00000000	1.07138193	0.99801171	1.00099993	1.00039101	1.00345755	1.00986350	1.04300594
0.03276800	0.00000000	0.95660269	0.99900150	1.00037384	1.00009942	1.00289416	0.99085599	1.22880876
0.03604480	0.00000000	1.05345082	1.00105011	0.99922532	0.99869233	0.99810314	0.99401927	1.04300594
0.03932160	0.00000000	0.98065317	1.00027442	1.00005245	0.99998182	0.99871325	1.00145578	0.85916919
0.04259840	0.00000000	0.97789848	1.00193512	1.00097704	1.00083625	0.99949241	1.00039351	0.90780139
0.04587520	0.00000000	0.98678851	0.99961311	0.99802017	0.99997908	0.99868530	1.02170956	1.02127659
0.04915200	0.00000000	0.99123347	0.99991077	1.00073159	1.00075674	1.00277817	1.00015783	0.92401218
0.05242880	0.00000000	0.89094096	0.99972308	0.99861014	1.00043023	1.00010395	0.96896094	0.94522411
0.05898240	0.00000000	0.99345601	1.00147128	1.00080717	0.99938077	1.00003183	1.00386465	1.11043561
0.06553600	0.00000000	0.92823380	1.00021636	1.00019872	0.99895769	1.00027096	0.99032468	1.05677557
0.07208960	0.00000000	0.95429921	0.99932075	1.00175309	0.99938554	0.99922156	1.00011754	1.05115438
0.07864320	0.00000000	1.04315794	1.00178480	0.99960333	1.00023139	0.99950260	0.98606926	1.04039145
0.08519680	0.00000000	0.97906566	0.99735034	1.00072920	1.00054634	0.99893439	0.99631524	0.95027876
0.09175040	0.00000000	1.07188904	0.99894118	0.99969685	1.00010836	0.99958920	1.00494826	0.98833221
0.09830400	0.00000000	1.01221681	1.00048065	0.99830610	0.99762923	1.00021493	1.00437808	0.94399083
0.10485760	0.00000000	1.05124092	1.00000489	0.99970937	1.00002944	0.99837077	0.99774307	1.01851642
0.11796480	0.00000000	0.94456106	1.00089121	1.00034869	1.00022590	0.99925083	0.99067760	0.88597548
0.13107200	0.00000000	1.02849519	1.00021493	1.00016558	0.99986106	0.99949294	0.99920821	0.99988246
0.14417920	0.00000000	0.98160315	0.99955761	0.99974477	0.99942118	0.99853003	0.99744403	0.90391546
0.15728641	0.00000000	1.00154245	0.99825513	1.00027740	1.00012064	0.99926484	0.98883116	0.92216283
0.17039360	0.00000000	0.98782611	1.00056219	0.99946499	0.99883360	0.99949592	0.99427950	0.92677593
0.18350080	0.00000000	0.97352719	1.00096190	0.99965429	0.99946636	1.00089240	0.98921615	0.90445054
0.19660801	0.00000000	0.99795336	1.00023139	1.00003445	1.00026965	0.99954331	1.00156307	0.95895278
0.20971520	0.00000000	1.00939310	0.99923867	0.99980694	0.99966103	1.00101805	1.00405598	0.98436177
0.23592959	0.00000000	0.98112035	0.99979341	0.99996364	0.99980617	0.99966806	1.00712454	1.02710164
0.26214400	0.00000000	0.96722347	0.99950522	1.00033784	1.00030494	0.99958181	1.00107396	0.95883232
0.28835839	0.00000000	1.06002641	0.99982381	1.00010681	1.00046384	0.99970371	1.00249875	0.96450728
0.31457281	0.00000000	1.00514472	1.00029325	1.00052381	1.00013673	1.00035894	0.99771035	1.07034171
0.34078720	0.00000000	0.93254429	0.99936908	0.99947244	1.00002968	1.00132573	0.99856907	1.04160607
0.36700159	0.00000000	0.99346405	1.00091505	1.00030792	1.00011420	1.00003171	0.99798739	1.00305247
0.39321601	0.00000000	1.02332163	0.99921399	1.00049853	1.00029206	0.99997300	0.99606752	1.01395953
0.41943040	0.00000000	0.97558171	1.00009656	1.00018704	1.00037992	1.00011349	0.99369431	1.03461206
0.47185919	0.00000000	1.00813007	1.00018084	0.99992245	0.99949813	0.99956548	1.00474095	1.02801931
0.52428800	0.00000000	1.00138199	1.00005305	1.00016451	0.99994218	1.00072014	0.99691403	0.96164382
0.57671678	0.00000000	1.01049280	0.99992734	0.99973118	0.99999726	0.99945861	0.99784821	0.97560978
0.62914562	0.00000000	0.98037678	1.00001585	0.99959928	0.99971497	0.99953407	0.99484926	0.91726619
0.68157440	0.00000000	1.01933587	0.99992126	1.00002313	1.00039983	1.00037527	1.00919843	1.05172741
0.73400319	0.00000000	0.99198121	0.99980628	0.99996054	1.00037825	0.99982554	1.00263000	1.03032172
0.78643203	0.00000000	0.99171472	0.99973184	0.99976504	1.00013864	0.99953878	0.99486876	1.08689332
0.83886081	0.00000000	1.01642382	0.99929422	1.00035048	0.99967569	1.00041509	0.99917608	0.93179512
0.94371837	0.00000000	1.01851273	1.00018775	0.99990463	1.00003874	0.99980754	1.00236714	0.92801964
1.04857600	0.00000000	0.99644816	0.99972534	0.99972826	1.00031292	0.99971187	0.99899083	1.09557104
1.15343356	0.00000000	1.00365293	1.00047386	0.99974620	0.99938613	0.99985087	1.00139391	1.03180873
1.25829124	0.00000000	0.95987922	0.99991435	1.00070548	1.00022900	1.00098622	0.99614960	0.96528924
1.36314881	0.00000000	0.99891102	1.00035143	1.00002277	1.00016785	0.99834597	1.00000000	0.90557796
1.46800637	0.00000000	1.02185524	0.99923664	0.99921590	0.99963385	1.00057566	1.00628591	1.14582253
1.57286406	0.00000000	1.01171875	0.99990493	1.00084186	0.99998790	1.00055575	0.99050468	0.98958331
1.67772162	0.00000000	1.01985252	1.00087667	1.00045598	0.99995309	0.99976414	1.00819671	0.90823531
1.88743675	0.00000000	0.00000000	0.00000000	0.00000000	0.00000000	0.00000000	0.00000000	0.00000000
2.09715199	0.00000000	0.00000000	0.00000000	0.00000000	0.00000000	0.00000000	0.00000000	0.00000000
2.30686712	0.00000000	0.00000000	0.00000000	0.00000000	0.00000000	0.00000000	0.00000000	0.00000000
2.51658249	0.00000000	0.00000000	0.00000000	0.00000000	0.00000000	0.00000000	0.00000000	0.00000000
2.72629762	0.00000000	0.00000000	0.00000000	0.00000000	0.00000000	0.00000000	0.00000000	0.00000000
2.93601274	0.00000000	0.00000000	0.00000000	0.00000000	0.00000000	0.00000000	0.00000000	0.00000000
3.14572811	0.00000000	0.00000000	0.00000000	0.00000000	0.00000000	0.00000000	0.00000000	0.00000000
3.35544324	0.00000000	0.00000000	0.00000000	0.00000000	0.00000000	0.00000000	0.00000000	0.00000000
3.77487350	0.00000000	0.00000000	0.00000000	0.00000000	0.00000000	0.00000000	0.00000000	0.00000000
4.19430399	0.00000000	0.00000000	0.00000000	0.00000000	0.00000000	0.00000000	0.00000000	0.00000000
4.61373425	0.00000000	0.00000000	0.00000000	0.00000000	0.00000000	0.00000000	0.00000000	0.00000000
5.03316498	0.00000000	0.00000000	0.00000000	0.00000000	0.00000000	0.00000000	0.00000000	0.00000000
5.45259523	0.00000000	0.00000000	0.00000000	0.00000000	0.00000000	0.00000000	0.00000000	0.00000000
5.87202549	0.00000000	0.00000000	0.00000000	0.00000000	0.00000000	0.00000000	0.00000000	0.00000000
6.29145622	0.00000000	0.00000000	0.00000000	0.00000000	0.00000000	0.00000000	0.00000000	0.00000000
6.71088648	0.00000000	0.00000000	0.00000000	0.00000000	0.00000000	0.00000000	0.00000000	0.00000000
7.54974699	0.00000000	0.00000000	0.00000000	0.00000000	0.00000000	0.00000000	0.00000000	0.00000000
8.38860798	0.00000000	0.00000000	0.00000000	0.00000000	0.00000000	0.00000000	0.00000000	0.00000000
9.22746849	0.00000000	0.00000000	0.00000000	0.00000000	0.00000000	0.00000000	0.00000000	0.00000000
10.06632996	0.00000000	0.00000000	0.00000000	0.00000000	0.00000000	0.00000000	0.00000000	0.00000000
10.90519047	0.00000000	0.00000000	0.00000000	0.00000000	0.00000000	0.00000000	0.00000000	0.00000000
11.74405098	0.00000000	0.00000000	0.00000000	0.00000000	0.00000000	0.00000000	0.00000000	0.00000000
12.58291245	0.00000000	0.00000000	0.00000000	0.00000000	0.00000000	0.00000000	0.00000000	0.00000000
13.42177296	0.00000000	0.00000000	0.00000000	0.00000000	0.00000000	0.00000000	0.00000000	0.00000000
15.09949398	0.00000000	0.00000000	0.00000000	0.00000000	0.00000000	0.00000000	0.00000000	0.00000000
16.77721596	0.00000000	0.00000000	0.00000000	0.00000000	0.00000000	0.00000000	0.00000000	0.00000000
18.45493698	0.00000000	0.00000000	0.00000000	0.00000000	0.00000000	0.00000000	0.00000000	0.00000000
20.13265991	0.00000000	0.00000000	0.00000000	0.00000000	0.00000000	0.00000000	0.00000000	0.00000000
21.81038094	0.00000000	0.00000000	0.00000000	0.00000000	0.00000000	0.00000000	0.00000000	0.00000000
23.48810196	0.00000000	0.00000000	0.00000000	0.00000000	0.00000000	0.00000000	0.00000000	0.00000000
25.16582489	0.00000000	0.00000000	0.00000000	0.00000000	0.00000000	0.00000000	0.00000000	0.00000000
26.84354591	0.00000000	0.00000000	0.00000000	0.00000000	0.00000000	0.00000000	0.00000000	0.00000000
30.19898796	0.00000000	0.00000000	0.00000000	0.00000000	0.00000000	0.00000000	0.00000000	0.00000000
33.55443192	0.00000000	0.00000000	0.00000000	0.00000000	0.00000000	0.00000000	0.00000000	0.00000000
36.90987396	0.00000000	0.00000000	0.00000000	0.00000000	0.00000000	0.00000000	0.00000000	0.00000000
40.26531982	0.00000000	0.00000000	0.00000000	0.00000000	0.00000000	0.00000000	0.00000000	0.00000000
43.62076187	0.00000000	0.00000000	0.00000000	0.00000000	0.00000000	0.00000000	0.00000000	0.00000000
46.97620392	0.00000000	0.00000000	0.00000000	0.00000000	0.00000000	0.00000000	0.00000000	0.00000000
50.33164978	0.00000000	0.00000000	0.00000000	0.00000000	0.00000000	0.00000000	0.00000000	0.00000000
53.68709183	0.00000000	0.00000000	0.00000000	0.00000000	0.00000000	0.00000000	0.00000000	0.00000000
60.39797592	0.00000000	0.00000000	0.00000000	0.00000000	0.00000000	0.00000000	0.00000000	0.00000000
67.10886383	0.00000000	0.00000000	0.00000000	0.00000000	0.00000000	0.00000000	0.00000000	0.00000000
73.81974792	0.00000000	0.00000000	0.00000000	0.00000000	0.00000000	0.00000000	0.00000000	0.00000000
80.53063965	0.00000000	0.00000000	0.00000000	0.00000000	0.00000000	0.00000000	0.00000000	0.00000000
87.24152374	0.00000000	0.00000000	0.00000000	0.00000000	0.00000000	0.00000000	0.00000000	0.00000000
93.95240784	0.00000000	0.00000000	0.00000000	0.00000000	0.00000000	0.00000000	0.00000000	0.00000000
100.66329956	0.00000000	0.00000000	0.00000000	0.00000000	0.00000000	0.00000000	0.00000000	0.00000000
107.37418365	0.00000000	0.00000000	0.00000000	0.00000000	0.00000000	0.00000000	0.00000000	0.00000000
120.79595184	0.00000000	0.00000000	0.00000000	0.00000000	0.00000000	0.00000000	0.00000000	0.00000000
134.21772766	0.00000000	0.00000000	0.00000000	0.00000000	0.00000000	0.00000000	0.00000000	0.00000000
147.63949585	0.00000000	0.00000000	0.00000000	0.00000000	0.00000000	0.00000000	0.00000000	0.00000000
161.06127930	0.00000000	0.00000000	0.00000000	0.00000000	0.00000000	0.00000000	0.00000000	0.00000000
174.48304749	0.00000000	0.00000000	0.00000000	0.00000000	0.00000000	0.00000000	0.00000000	0.00000000
187.90481567	0.00000000	0.00000000	0.00000000	0.00000000	0.00000000	0.00000000	0.00000000	0.00000000
201.32659912	0.00000000	0.00000000	0.00000000	0.00000000	0.00000000	0.00000000	0.00000000	0.00000000
214.74836731	0.00000000	0.00000000	0.00000000	0.00000000	0.00000000	0.00000000	0.00000000	0.00000000
241.59190369	0.00000000	0.00000000	0.00000000	0.00000000	0.00000000	0.00000000	0.00000000	0.00000000
268.43545532	0.00000000	0.00000000	0.00000000	0.00000000	0.00000000	0.00000000	0.00000000	0.00000000
295.27899170	0.00000000	0.00000000	0.00000000	0.00000000	0.00000000	0.00000000	0.00000000	0.00000000
322.12255859	0.00000000	0.00000000	0.00000000	0.00000000	0.00000000	0.00000000	0.00000000	0.00000000
348.96609497	0.00000000	0.00000000	0.00000000	0.00000000	0.00000000	0.00000000	0.00000000	0.00000000
375.80963135	0.00000000	0.00000000	0.00000000	0.00000000	0.00000000	0.00000000	0.00000000	0.00000000
402.65319824	0.00000000	0.00000000	0.00000000	0.00000000	0.00000000	0.00000000	0.00000000	0.00000000
429.49673462	0.00000000	0.00000000	0.00000000	0.00000000	0.00000000	0.00000000	0.00000000	0.00000000
483.18380737	0.00000000	0.00000000	0.00000000	0.00000000	0.00000000	0.00000000	0.00000000	0.00000000
536.87091064	0.00000000	0.00000000	0.00000000	0.00000000	0.00000000	0.00000000	0.00000000	0.00000000
590.55798340	0.00000000	0.00000000	0.00000000	0.00000000	0.00000000	0.00000000	0.00000000	0.00000000
644.24511719	0.00000000	0.00000000	0.00000000	0.00000000	0.00000000	0.00000000	0.00000000	0.00000000
697.93218994	0.00000000	0.00000000	0.00000000	0.00000000	0.00000000	0.00000000	0.00000000	0.00000000
751.61926270	0.00000000	0.00000000	0.00000000	0.00000000	0.00000000	0.00000000	0.00000000	0.00000000
805.30639648	0.00000000	0.00000000	0.00000000	0.00000000	0.00000000	0.00000000	0.00000000	0.00000000
858.99346924	0.00000000	0.00000000	0.00000000	0.00000000	0.00000000	0.00000000	0.00000000	0.00000000
966.36761475	0.00000000	0.00000000	0.00000000	0.00000000	0.00000000	0.00000000	0.00000000	0.00000000
1073.74182129	0.00000000	0.00000000	0.00000000	0.00000000	0.00000000	0.00000000	0.00000000	0.00000000
1181.11596680	0.00000000	0.00000000	0.00000000	0.00000000	0.00000000	0.00000000	0.00000000	0.00000000
1288.49023437	0.00000000	0.00000000	0.00000000	0.00000000	0.00000000	0.00000000	0.00000000	0.00000000
1395.86437988	0.00000000	0.00000000	0.00000000	0.00000000	0.00000000	0.00000000	0.00000000	0.00000000
1503.23852539	0.00000000	0.00000000	0.00000000	0.00000000	0.00000000	0.00000000	0.00000000	0.00000000
1610.61279297	0.00000000	0.00000000	0.00000000	0.00000000	0.00000000	0.00000000	0.00000000	0.00000000
1717.98693848	0.00000000	0.00000000	0.00000000	0.00000000	0.00000000	0.00000000	0.00000000	0.00000000
1932.73522949	0.00000000	0.00000000	0.00000000	0.00000000	0.00000000	0.00000000	0.00000000	0.00000000
2147.48364258	0.00000000	0.00000000	0.00000000	0.00000000	0.00000000	0.00000000	0.00000000	0.00000000
2362.23193359	0.00000000	0.00000000	0.00000000	0.00000000	0.00000000	0.00000000	0.00000000	0.00000000
2576.98046875	0.00000000	0.00000000	0.00000000	0.00000000	0.00000000	0.00000000	0.00000000	0.00000000
2791.72875977	0.00000000	0.00000000	0.00000000	0.00000000	0.00000000	0.00000000	0.00000000	0.00000000
3006.47705078	0.00000000	0.00000000	0.00000000	0.00000000	0.00000000	0.00000000	0.00000000	0.00000000
3221.22558594	0.00000000	0.00000000	0.00000000	0.00000000	0.00000000	0.00000000	0.00000000	0.00000000
3435.97387695	0.00000000	0.00000000	0.00000000	0.00000000	0.00000000	0.00000000	0.00000000	0.00000000
0	0	0	0	0	0	0	0	0
