%4/2/2019 3:35:34 PM
%Duration	ID1		ID2		ID3		ID4		ID5		ID6		ID7		ID8
1000.000000	0.000000	0.400543	502.223969	224.914551	94.203949	34.847260	0.476837	0.162125
%Tau		Tau1		Tau2		Tau3		Tau4		Tau5		Tau6		Tau7		Tau8
%		0.000000	0.000001	0.000128	0.000083	0.000051	0.000032	0.000001	0.000001
%Delaytime	D1		D2		D3		D4		D5		D6		D7		D8
0.00000020	0.00000000	307.07205200	1.51729977	1.48745656	1.62136757	4.16757584	50.80282593	0.00000000
0.00000040	0.00000000	61.41440964	1.48469234	1.52390718	1.45646405	1.77828729	152.40847778	0.00000000
0.00000060	0.00000000	0.00000000	1.47688890	1.47634590	1.59591269	1.48646569	0.00000000	0.00000000
0.00000080	0.00000000	0.00000000	1.47872031	1.49193978	1.42879558	1.41351032	0.00000000	0.00000000
0.00000100	0.00000000	0.00000000	1.46944368	1.49057531	1.55385673	1.51382399	0.00000000	0.00000000
0.00000120	0.00000000	0.00000000	1.47617221	1.46991348	1.56381738	1.55030167	0.00000000	0.00000000
0.00000140	0.00000000	0.00000000	1.47919810	1.48901594	1.48855937	1.69621241	0.00000000	0.00000000
0.00000160	0.00000000	0.00000000	1.47477877	1.49038041	1.44982362	1.46822691	0.00000000	0.00000000
0.00000180	0.00000000	0.00000000	1.46299386	1.48238850	1.49852002	1.63237655	0.00000000	0.00000000
0.00000200	0.00000000	0.00000000	1.46769190	1.50480473	1.44650340	1.39527154	0.00000000	0.00000000
0.00000220	0.00000000	0.00000000	1.46976221	1.46582007	1.46089101	1.45910752	0.00000000	0.00000000
0.00000240	0.00000000	0.00000000	1.47191215	1.47790527	1.47417176	1.54118228	0.00000000	0.00000000
0.00000260	0.00000000	0.00000000	1.47163343	1.46854901	1.52508163	1.34967446	0.00000000	0.00000000
0.00000280	0.00000000	0.00000000	1.46307349	1.47166777	1.44318318	1.46822691	0.00000000	0.00000000
0.00000300	0.00000000	0.00000000	1.46375036	1.45626891	1.45757079	1.62325704	0.00000000	0.00000000
0.00000320	0.00000000	0.00000000	1.46028662	1.48336315	1.48966610	1.55030167	0.00000000	0.00000000
0.00000360	0.00000000	0.00000000	1.46799052	1.46406579	1.51622772	1.49102545	0.00000000	0.00000000
0.00000400	0.00000000	0.00000000	1.45953012	1.45548916	1.44871688	1.37703264	0.00000000	0.00000000
0.00000440	0.00000000	0.00000000	1.45859456	1.46689224	1.48302567	1.42718947	0.00000000	0.00000000
0.00000480	0.00000000	0.00000000	1.46514380	1.47722316	1.40555418	1.45454776	0.00000000	0.00000000
0.00000520	0.00000000	0.00000000	1.45873380	1.45714605	1.46310449	1.39983130	0.00000000	0.00000000
0.00000560	0.00000000	0.00000000	1.45734036	1.44856942	1.46089101	1.64605558	0.00000000	0.00000000
0.00000600	0.00000000	0.00000000	1.45248306	1.45841300	1.49132621	1.53662252	0.00000000	0.00000000
0.00000640	0.00000000	0.00000000	1.45875371	1.46630740	1.50682044	1.50926435	0.00000000	0.00000000
0.00000720	0.00000000	0.00000000	1.45104980	1.44155216	1.43543601	1.44770825	0.00000000	0.00000000
0.00000800	0.00000000	15.35360241	1.44750643	1.45436835	1.40057385	1.35651398	0.00000000	0.00000000
0.00000880	0.00000000	15.35360241	1.44364440	1.44145477	1.42215526	1.34511471	0.00000000	0.00000000
0.00000960	0.00000000	0.00000000	1.44668031	1.44247806	1.39808369	1.31319678	0.00000000	0.00000000
0.00001040	0.00000000	0.00000000	1.43861794	1.43477869	1.45037699	1.37703264	0.00000000	0.00000000
0.00001120	0.00000000	0.00000000	1.43928492	1.43453503	1.40776765	1.29723775	0.00000000	0.00000000
0.00001200	0.00000000	15.35360241	1.43825960	1.43453503	1.39559352	1.36107373	0.00000000	0.00000000
0.00001280	0.00000000	0.00000000	1.43392003	1.43721521	1.39061320	1.29723775	0.00000000	0.00000000
0.00001440	0.00000000	0.00000000	1.42462349	1.42349744	1.40596926	1.37817264	0.00000000	0.00000000
0.00001600	0.00000000	0.00000000	1.42456377	1.40619802	1.36405158	1.41009057	0.00000000	0.00000000
0.00001760	0.00000000	0.00000000	1.42297125	1.40190971	1.38203609	1.32687581	0.00000000	0.00000000
0.00001920	0.00000000	0.00000000	1.41539669	1.39194429	1.36073136	1.31319678	0.00000000	0.00000000
0.00002080	0.00000000	0.00000000	1.40812075	1.37637484	1.36944687	1.27557909	0.00000000	0.00000000
0.00002240	0.00000000	0.00000000	1.40025246	1.36477697	1.37428892	1.27443922	0.00000000	0.00000000
0.00002400	0.00000000	0.00000000	1.40324855	1.37033224	1.35810292	1.33485532	0.00000000	0.00000000
0.00002560	0.00000000	0.00000000	1.39808261	1.36882162	1.34579051	1.30749714	0.00000000	0.00000000
0.00002880	0.00000000	0.00000000	1.38564324	1.34687912	1.31791890	1.28586507	0.00000000	0.00000000
0.00003200	0.00000000	0.00000000	1.37487745	1.33230519	1.30638814	1.27615392	0.00000000	0.00000000
0.00003520	0.00000000	0.00000000	1.37085485	1.31792474	1.27728355	1.20988989	0.00000000	0.00000000
0.00003840	0.00000000	3.64981055	1.35941017	1.31141829	1.25679326	1.24698174	6.20553827	0.00000000
0.00004160	0.00000000	0.00000000	1.35315490	1.30088687	1.25361323	1.22584653	0.00000000	0.00000000
0.00004480	0.00000000	0.00000000	1.34013891	1.29219592	1.23045444	1.23270118	3.10276914	0.00000000
0.00004800	0.00000000	0.00000000	1.33495879	1.27994597	1.23060608	1.17618668	0.00000000	0.00000000
0.00005120	0.00000000	0.00000000	1.32689178	1.27447462	1.21940684	1.16876054	6.20553827	0.00000000
0.00005760	0.00000000	5.55735207	1.31008148	1.24559677	1.20393670	1.14909053	0.00000000	0.00000000
0.00006400	0.00000000	1.85245073	1.29620063	1.23294687	1.17819309	1.10446560	3.10276914	0.00000000
0.00007040	0.00000000	0.00000000	1.28147876	1.21543872	1.16312695	1.11705220	3.10276914	0.00000000
0.00007680	0.00000000	0.00000000	1.26387000	1.19999301	1.14951229	1.11276126	0.00000000	0.00000000
0.00008320	0.00000000	0.00000000	1.25082147	1.19111168	1.13199282	1.07271338	1.55138457	0.00000000
0.00008960	0.00000000	0.00000000	1.23838127	1.17524850	1.11176753	1.04868460	1.55138457	8.61685944
0.00009600	0.00000000	1.85245073	1.22575438	1.16852701	1.11210108	1.05125904	0.00000000	0.00000000
0.00010240	0.00000000	0.00000000	1.21489215	1.15446079	1.09447777	1.03638411	1.55138457	0.00000000
0.00011520	0.00000000	0.00000000	1.19160700	1.13605845	1.08131647	1.04594862	4.65415382	8.52445412
0.00012800	0.00000000	0.00000000	1.17448366	1.12040424	1.07670653	1.06169009	0.77569228	0.00000000
0.00014080	0.00000000	1.89015865	1.15290403	1.09939277	1.05903196	1.04462814	0.77569228	0.00000000
0.00015360	0.00000000	0.00000000	1.14119232	1.09175861	1.04842865	1.01586509	1.55138457	0.00000000
0.00016640	0.00000000	0.00000000	1.12658381	1.07873404	1.04459596	1.02759922	0.00000000	0.00000000
0.00017920	0.00000000	0.00000000	1.11430192	1.06903112	1.03494895	1.01300311	1.55138457	0.00000000
0.00019200	0.00000000	0.94507933	1.10185397	1.06467819	1.02758396	1.00384474	0.00000000	4.26222706
0.00020480	0.00000000	0.94507933	1.09432507	1.05413318	1.02081931	0.99110883	1.55138457	0.00000000
0.00023040	0.00000000	0.47736147	1.07573593	1.04270196	1.01779175	1.00516295	0.77214628	0.00000000
0.00025600	0.00000000	0.00000000	1.06150401	1.03220046	1.00905311	1.01657069	1.54429257	0.00000000
0.00028160	0.00000000	0.47736147	1.05069923	1.02158260	1.00866616	1.01503885	0.00000000	0.00000000
0.00030720	0.00000000	0.00000000	1.04219866	1.02002835	1.00952482	0.99591547	0.38607314	2.15421486
0.00033280	0.00000000	1.43208432	1.03378475	1.01272690	1.00944459	1.00366259	0.77214628	0.00000000
0.00035840	0.00000000	2.86416864	1.02667451	1.01124716	1.01061237	1.00915527	1.54429257	0.00000000
0.00038400	0.00000000	0.95472294	1.02180135	1.00876260	1.00926077	1.00318468	0.00000000	2.15421486
0.00040960	0.00000000	0.47736147	1.01779532	1.00744534	1.00162745	1.00411355	0.77214628	2.15421486
0.00046080	0.00000000	0.71970010	1.01210535	1.00514877	0.99826670	0.99880052	0.58714348	1.10077941
0.00051200	0.00000000	0.95960015	1.00936007	1.00599861	0.99838787	0.99218631	0.78285801	5.50389671
0.00056320	0.00000000	1.43940020	1.00711203	1.00292158	0.99923861	0.99998474	0.97857249	0.00000000
0.00061440	0.00000000	1.19950020	1.00515282	0.99789298	1.00099421	0.98866093	0.78285801	0.00000000
0.00066560	0.00000000	0.95960015	1.00532925	0.99716663	0.99811733	0.99781716	1.56571603	1.10077941
0.00071680	0.00000000	0.71970010	1.00410640	0.99689049	0.99714977	0.99268955	0.39142901	0.00000000
0.00076800	0.00000000	1.19950020	1.00326765	0.99740678	1.00290525	0.99738985	1.37000144	2.20155883
0.00081920	0.00000000	1.43940020	1.00362790	0.99225020	1.00293779	1.01725531	0.78285801	1.10077941
0.00092160	0.00000000	0.72896975	1.00182807	0.98926044	1.00142026	0.99594992	1.64081085	1.66936362
0.00102400	0.00000000	1.33644450	1.00520492	0.99085867	1.00478780	0.99996179	0.48259142	1.66936362
0.00112640	0.00000000	1.21494961	1.00759792	0.99376690	1.00776482	1.00213909	1.35125601	1.11290908
0.00122880	0.00000000	0.72896975	1.00801349	0.99476105	0.99520689	1.00729454	1.15821934	1.11290908
0.00133120	0.00000000	0.97195965	1.00942326	0.99709368	0.99287415	1.00610137	0.38607314	1.11290908
0.00143360	0.00000000	0.85046470	1.00667715	0.99877572	0.99760902	0.98746431	1.15821934	0.00000000
0.00153600	0.00000000	1.33644450	1.00508213	0.99835116	1.00372410	0.99685436	1.44777429	2.22581816
0.00163840	0.00000000	1.45793951	1.00356102	0.99343830	0.99660695	0.99994427	0.96518284	1.11290908
0.00184320	0.00000000	1.01439309	1.00705969	1.00042105	0.99410164	0.99478251	1.33289945	0.55038971
0.00204800	0.00000000	0.83538258	1.00299430	1.00268328	0.99122542	0.98941195	0.66644973	1.65116906
0.00225280	0.00000000	0.71604216	0.99982148	0.99883026	0.99376118	0.99531585	0.80926037	1.10077941
0.00245760	0.00000000	0.65637201	0.99573606	0.99963754	1.00365186	1.00153422	1.38050294	1.10077941
0.00266240	0.00000000	1.31274402	0.99479544	0.99382782	1.00344038	0.99741906	1.52331364	0.82558453
0.00286720	0.00000000	1.13373351	0.99870598	0.99448049	1.00021505	1.01384079	0.71243042	1.10077941
0.00307200	0.00000000	0.95472294	1.00029397	1.00537026	1.00046146	0.99453896	1.18738401	0.82558453
0.00327680	0.00000000	1.07406330	1.00105429	1.00125384	1.00105882	0.99621171	0.85491651	0.55038971
0.00368640	0.00000000	1.22948766	0.99745595	1.00341856	0.99864149	1.00276232	1.02347112	1.77904487
0.00409600	0.00000000	1.13952518	0.99838549	1.00649869	0.99987131	1.00238407	1.11867774	0.54739845
0.00450560	0.00000000	1.19950020	1.00056779	1.00052130	1.00115573	1.00024021	0.73953199	1.64219534
0.00491520	0.00000000	0.83965015	1.00102401	1.00580943	1.00030506	0.99754173	0.90652311	1.23837674
0.00532480	0.00000000	0.86963767	0.99421036	0.99735612	0.99881178	1.00317991	0.93037897	0.96318191
0.00573440	0.00000000	1.19950020	0.99459404	1.00034082	0.99861991	0.99538040	1.16893768	0.96318191
0.00614400	0.00000000	1.07955015	0.99784082	1.00292814	1.00252414	1.00458419	0.88266724	0.41279227
0.00655360	0.00000000	0.95960015	0.99651206	1.00054860	1.00338840	0.99899197	0.95423484	0.82558453
0.00737280	0.00000000	1.04423499	0.99768764	1.00234234	0.99772757	0.99496228	1.08615923	0.88468808
0.00819200	0.00000000	0.90997618	1.00063860	0.99903518	1.00078166	1.00120389	0.93755549	0.75267285
0.00901120	0.00000000	1.28291726	1.00054371	0.99891305	0.99961716	1.00232267	0.88681734	1.36849606
0.00983040	0.00000000	0.90997618	1.00038874	0.99622226	1.00015843	1.00290537	0.89896548	1.09479690
0.01064960	0.00000000	0.91230351	1.00184095	0.99734628	1.00068986	0.99739075	1.07871974	1.36849606
0.01146880	0.00000000	1.16357613	0.99369121	0.99878788	1.00200868	0.99750221	0.96522832	1.09479690
0.01228800	0.00000000	1.13374078	1.00056005	1.00112438	0.99612069	1.00338745	0.98935902	0.68424803
0.01310720	0.00000000	1.16357613	0.99772936	1.00072420	0.99622411	0.99460590	1.00142443	0.95274103
0.01474560	0.00000000	1.05169380	1.00054419	0.99781710	0.99968398	1.00134766	1.09333646	0.86476099
0.01638400	0.00000000	0.89962518	0.99631482	1.00088751	0.99872398	1.00087798	0.95363235	0.83017057
0.01802240	0.00000000	0.94460642	0.99828827	0.99844015	1.00433791	0.99585736	0.99007690	1.38361764
0.01966080	0.00000000	1.03456891	0.99609208	0.99979895	1.00083506	1.00044048	1.03022170	0.89935142
0.02129920	0.00000000	0.95210332	0.99802184	1.00082803	1.00128043	1.00072074	0.98328000	1.42595780
0.02293760	0.00000000	0.96957046	1.00174141	0.99938798	1.00254548	1.00069046	1.22177982	1.07816327
0.02457600	0.00000000	1.01957512	1.00244677	1.00200307	1.00328934	1.00381863	1.07243598	1.04338372
0.02621440	0.00000000	1.00458145	0.99812216	1.00046635	0.99910390	1.00224817	0.98256707	0.96853232
0.02949120	0.00000000	0.87186182	0.99974138	1.00037718	0.99997836	1.00428188	0.96857208	1.02608693
0.03276800	0.00000000	0.90568399	1.00074065	0.99915069	1.00053489	1.00121248	0.88582134	1.10163939
0.03604480	0.00000000	1.02594078	1.00287008	0.99811155	1.00112402	1.00065696	0.94931763	0.80437160
0.03932160	0.00000000	1.02856469	1.00101578	1.00087428	0.99838966	0.99989176	1.00071383	1.20000005
0.04259840	0.00000000	1.00339270	0.99743372	0.99885267	1.00041449	1.00077307	0.96360087	1.17158473
0.04587520	0.00000000	0.86058772	0.99906695	0.99929941	1.00147498	1.00146258	1.09141302	1.01420760
0.04915200	0.00000000	0.95210952	0.99906522	0.99849004	1.00084257	0.99683022	0.89890182	0.99672133
0.05242880	0.00000000	1.01583338	0.99683058	0.99934191	1.00133705	0.99866849	0.97652739	1.03169394
0.05898240	0.00000000	0.96964049	0.99895662	1.00059283	1.00077415	1.00037158	0.99550170	0.97712123
0.06553600	0.00000000	0.96964049	1.00210297	1.00051928	1.00083005	1.00034070	1.02143383	1.04629791
0.07208960	0.00000000	1.01917231	1.00217164	0.99954551	1.00004017	0.99916792	0.92204285	1.07813060
0.07864320	0.00000000	0.99776864	0.99721807	1.00126481	1.00155878	0.99836540	1.01537728	0.87335616
0.08519680	0.00000000	0.97211403	0.99983615	0.99997687	0.99982178	0.99798530	1.00539947	0.83876777
0.09175040	0.00000000	1.06643760	0.99975234	0.99802130	0.99900347	0.99875373	0.96161294	0.94945055
0.09830400	0.00000000	0.98269331	0.99983174	1.00018072	0.99985147	0.99969745	0.95109558	0.88102168
0.10485760	0.00000000	0.99761087	1.00078547	1.00095606	1.00072634	0.99980533	1.09274352	0.94434595
0.11796480	0.00000000	0.99984658	0.99892384	0.99895430	1.00043225	0.99902445	0.99465716	0.88216215
0.13107200	0.00000000	0.96394378	1.00029600	0.99933523	0.99998635	0.99975586	1.00545549	1.02604425
0.14417920	0.00000000	0.98949540	1.00057471	1.00092494	0.99976325	0.99954498	1.03765023	0.92636639
0.15728641	0.00000000	0.94800538	0.99981248	0.99959838	0.99950916	0.99943566	0.95682502	0.97375691
0.17039360	0.00000000	0.95407683	1.00112140	0.99996316	0.99929863	0.99999160	1.00398147	1.06143796
0.18350080	0.00000000	1.02685797	1.00012672	1.00057447	1.00023222	0.99949026	1.03380442	1.13639081
0.19660801	0.00000000	1.01724339	0.99921221	0.99826676	0.99952000	1.00050139	0.99352169	0.94277596
0.20971520	0.00000000	0.99509454	0.99854976	1.00112271	1.00032651	0.99981070	1.00081503	0.98911893
0.23592959	0.00000000	0.99240148	1.00008488	0.99986500	0.99992430	1.00036490	1.00623763	0.99654591
0.26214400	0.00000000	1.05328763	1.00034356	0.99959576	1.00015616	0.99989027	1.02037978	1.00750637
0.28835839	0.00000000	0.99427861	0.99952710	1.00018549	0.99948019	1.00047112	1.00580430	1.01113319
0.31457281	0.00000000	1.00005746	0.99981266	0.99947709	0.99985921	1.00061917	0.99556506	0.98862630
0.34078720	0.00000000	1.05410480	0.99983299	1.00020027	0.99969614	1.00011420	1.00211585	1.01621413
0.36700159	0.00000000	0.95684958	1.00049067	1.00021827	0.99986267	0.99967784	0.96255708	0.95533240
0.39321601	0.00000000	0.99730778	1.00040472	1.00064492	0.99979550	0.99883461	1.01947713	0.95884848
0.41943040	0.00000000	1.00711393	0.99844390	1.00011539	0.99969137	0.99913013	0.98477042	0.87634945
0.47185919	0.00000000	0.96655881	1.00052083	0.99967229	1.00011051	1.00005293	0.99743837	0.92721164
0.52428800	0.00000000	1.02319753	1.00002635	1.00003552	0.99977583	1.00068951	0.98662478	1.04858756
0.57671678	0.00000000	0.99651569	0.99998778	1.00003171	0.99942118	1.00042748	1.01981115	1.04947913
0.62914562	0.00000000	0.99414724	0.99984342	1.00020885	0.99947006	0.99957818	1.00856054	0.96581525
0.68157440	0.00000000	0.99939799	1.00002527	0.99991101	0.99946010	0.99928951	0.98992050	1.00328946
0.73400319	0.00000000	0.96947235	0.99998248	1.00019789	0.99994278	1.00003350	1.00298464	1.00840843
0.78643203	0.00000000	1.01329648	1.00002134	0.99994564	1.00020099	1.00039887	0.97147131	1.00557017
0.83886081	0.00000000	1.00434959	1.00045717	0.99990171	1.00022900	0.99969280	1.03287494	1.09158874
0.94371837	0.00000000	0.99171114	1.00019979	1.00000024	1.00057256	1.00071228	0.99630505	0.93732429
1.04857600	0.00000000	1.00313723	0.99984390	0.99978423	1.00020051	0.99940574	0.99499041	1.01940036
1.15343356	0.00000000	1.01757646	0.99971116	0.99996960	0.99996930	0.99992216	1.02113879	0.97794116
1.25829124	0.00000000	0.98471224	1.00012755	1.00021470	0.99983680	1.00021446	0.96616042	0.92528051
1.36314881	0.00000000	1.01686430	1.00017738	1.00040662	1.00037634	0.99973321	1.02176702	1.01651192
1.46800637	0.00000000	0.98757762	0.99998289	0.99926412	0.99916065	1.00023067	0.99730009	1.04930961
1.57286406	0.00000000	1.00770414	0.99988562	1.00061488	0.99967808	0.99960208	1.00174212	0.99780703
1.67772162	0.00000000	1.00000000	0.99971241	0.99975324	0.99928921	1.00030100	0.99207461	1.00190473
1.88743675	0.00000000	0.00000000	0.00000000	0.00000000	0.00000000	0.00000000	0.00000000	0.00000000
2.09715199	0.00000000	0.00000000	0.00000000	0.00000000	0.00000000	0.00000000	0.00000000	0.00000000
2.30686712	0.00000000	0.00000000	0.00000000	0.00000000	0.00000000	0.00000000	0.00000000	0.00000000
2.51658249	0.00000000	0.00000000	0.00000000	0.00000000	0.00000000	0.00000000	0.00000000	0.00000000
2.72629762	0.00000000	0.00000000	0.00000000	0.00000000	0.00000000	0.00000000	0.00000000	0.00000000
2.93601274	0.00000000	0.00000000	0.00000000	0.00000000	0.00000000	0.00000000	0.00000000	0.00000000
3.14572811	0.00000000	0.00000000	0.00000000	0.00000000	0.00000000	0.00000000	0.00000000	0.00000000
3.35544324	0.00000000	0.00000000	0.00000000	0.00000000	0.00000000	0.00000000	0.00000000	0.00000000
3.77487350	0.00000000	0.00000000	0.00000000	0.00000000	0.00000000	0.00000000	0.00000000	0.00000000
4.19430399	0.00000000	0.00000000	0.00000000	0.00000000	0.00000000	0.00000000	0.00000000	0.00000000
4.61373425	0.00000000	0.00000000	0.00000000	0.00000000	0.00000000	0.00000000	0.00000000	0.00000000
5.03316498	0.00000000	0.00000000	0.00000000	0.00000000	0.00000000	0.00000000	0.00000000	0.00000000
5.45259523	0.00000000	0.00000000	0.00000000	0.00000000	0.00000000	0.00000000	0.00000000	0.00000000
5.87202549	0.00000000	0.00000000	0.00000000	0.00000000	0.00000000	0.00000000	0.00000000	0.00000000
6.29145622	0.00000000	0.00000000	0.00000000	0.00000000	0.00000000	0.00000000	0.00000000	0.00000000
6.71088648	0.00000000	0.00000000	0.00000000	0.00000000	0.00000000	0.00000000	0.00000000	0.00000000
7.54974699	0.00000000	0.00000000	0.00000000	0.00000000	0.00000000	0.00000000	0.00000000	0.00000000
8.38860798	0.00000000	0.00000000	0.00000000	0.00000000	0.00000000	0.00000000	0.00000000	0.00000000
9.22746849	0.00000000	0.00000000	0.00000000	0.00000000	0.00000000	0.00000000	0.00000000	0.00000000
10.06632996	0.00000000	0.00000000	0.00000000	0.00000000	0.00000000	0.00000000	0.00000000	0.00000000
10.90519047	0.00000000	0.00000000	0.00000000	0.00000000	0.00000000	0.00000000	0.00000000	0.00000000
11.74405098	0.00000000	0.00000000	0.00000000	0.00000000	0.00000000	0.00000000	0.00000000	0.00000000
12.58291245	0.00000000	0.00000000	0.00000000	0.00000000	0.00000000	0.00000000	0.00000000	0.00000000
13.42177296	0.00000000	0.00000000	0.00000000	0.00000000	0.00000000	0.00000000	0.00000000	0.00000000
15.09949398	0.00000000	0.00000000	0.00000000	0.00000000	0.00000000	0.00000000	0.00000000	0.00000000
16.77721596	0.00000000	0.00000000	0.00000000	0.00000000	0.00000000	0.00000000	0.00000000	0.00000000
18.45493698	0.00000000	0.00000000	0.00000000	0.00000000	0.00000000	0.00000000	0.00000000	0.00000000
20.13265991	0.00000000	0.00000000	0.00000000	0.00000000	0.00000000	0.00000000	0.00000000	0.00000000
21.81038094	0.00000000	0.00000000	0.00000000	0.00000000	0.00000000	0.00000000	0.00000000	0.00000000
23.48810196	0.00000000	0.00000000	0.00000000	0.00000000	0.00000000	0.00000000	0.00000000	0.00000000
25.16582489	0.00000000	0.00000000	0.00000000	0.00000000	0.00000000	0.00000000	0.00000000	0.00000000
26.84354591	0.00000000	0.00000000	0.00000000	0.00000000	0.00000000	0.00000000	0.00000000	0.00000000
30.19898796	0.00000000	0.00000000	0.00000000	0.00000000	0.00000000	0.00000000	0.00000000	0.00000000
33.55443192	0.00000000	0.00000000	0.00000000	0.00000000	0.00000000	0.00000000	0.00000000	0.00000000
36.90987396	0.00000000	0.00000000	0.00000000	0.00000000	0.00000000	0.00000000	0.00000000	0.00000000
40.26531982	0.00000000	0.00000000	0.00000000	0.00000000	0.00000000	0.00000000	0.00000000	0.00000000
43.62076187	0.00000000	0.00000000	0.00000000	0.00000000	0.00000000	0.00000000	0.00000000	0.00000000
46.97620392	0.00000000	0.00000000	0.00000000	0.00000000	0.00000000	0.00000000	0.00000000	0.00000000
50.33164978	0.00000000	0.00000000	0.00000000	0.00000000	0.00000000	0.00000000	0.00000000	0.00000000
53.68709183	0.00000000	0.00000000	0.00000000	0.00000000	0.00000000	0.00000000	0.00000000	0.00000000
60.39797592	0.00000000	0.00000000	0.00000000	0.00000000	0.00000000	0.00000000	0.00000000	0.00000000
67.10886383	0.00000000	0.00000000	0.00000000	0.00000000	0.00000000	0.00000000	0.00000000	0.00000000
73.81974792	0.00000000	0.00000000	0.00000000	0.00000000	0.00000000	0.00000000	0.00000000	0.00000000
80.53063965	0.00000000	0.00000000	0.00000000	0.00000000	0.00000000	0.00000000	0.00000000	0.00000000
87.24152374	0.00000000	0.00000000	0.00000000	0.00000000	0.00000000	0.00000000	0.00000000	0.00000000
93.95240784	0.00000000	0.00000000	0.00000000	0.00000000	0.00000000	0.00000000	0.00000000	0.00000000
100.66329956	0.00000000	0.00000000	0.00000000	0.00000000	0.00000000	0.00000000	0.00000000	0.00000000
107.37418365	0.00000000	0.00000000	0.00000000	0.00000000	0.00000000	0.00000000	0.00000000	0.00000000
120.79595184	0.00000000	0.00000000	0.00000000	0.00000000	0.00000000	0.00000000	0.00000000	0.00000000
134.21772766	0.00000000	0.00000000	0.00000000	0.00000000	0.00000000	0.00000000	0.00000000	0.00000000
147.63949585	0.00000000	0.00000000	0.00000000	0.00000000	0.00000000	0.00000000	0.00000000	0.00000000
161.06127930	0.00000000	0.00000000	0.00000000	0.00000000	0.00000000	0.00000000	0.00000000	0.00000000
174.48304749	0.00000000	0.00000000	0.00000000	0.00000000	0.00000000	0.00000000	0.00000000	0.00000000
187.90481567	0.00000000	0.00000000	0.00000000	0.00000000	0.00000000	0.00000000	0.00000000	0.00000000
201.32659912	0.00000000	0.00000000	0.00000000	0.00000000	0.00000000	0.00000000	0.00000000	0.00000000
214.74836731	0.00000000	0.00000000	0.00000000	0.00000000	0.00000000	0.00000000	0.00000000	0.00000000
241.59190369	0.00000000	0.00000000	0.00000000	0.00000000	0.00000000	0.00000000	0.00000000	0.00000000
268.43545532	0.00000000	0.00000000	0.00000000	0.00000000	0.00000000	0.00000000	0.00000000	0.00000000
295.27899170	0.00000000	0.00000000	0.00000000	0.00000000	0.00000000	0.00000000	0.00000000	0.00000000
322.12255859	0.00000000	0.00000000	0.00000000	0.00000000	0.00000000	0.00000000	0.00000000	0.00000000
348.96609497	0.00000000	0.00000000	0.00000000	0.00000000	0.00000000	0.00000000	0.00000000	0.00000000
375.80963135	0.00000000	0.00000000	0.00000000	0.00000000	0.00000000	0.00000000	0.00000000	0.00000000
402.65319824	0.00000000	0.00000000	0.00000000	0.00000000	0.00000000	0.00000000	0.00000000	0.00000000
429.49673462	0.00000000	0.00000000	0.00000000	0.00000000	0.00000000	0.00000000	0.00000000	0.00000000
483.18380737	0.00000000	0.00000000	0.00000000	0.00000000	0.00000000	0.00000000	0.00000000	0.00000000
536.87091064	0.00000000	0.00000000	0.00000000	0.00000000	0.00000000	0.00000000	0.00000000	0.00000000
590.55798340	0.00000000	0.00000000	0.00000000	0.00000000	0.00000000	0.00000000	0.00000000	0.00000000
644.24511719	0.00000000	0.00000000	0.00000000	0.00000000	0.00000000	0.00000000	0.00000000	0.00000000
697.93218994	0.00000000	0.00000000	0.00000000	0.00000000	0.00000000	0.00000000	0.00000000	0.00000000
751.61926270	0.00000000	0.00000000	0.00000000	0.00000000	0.00000000	0.00000000	0.00000000	0.00000000
805.30639648	0.00000000	0.00000000	0.00000000	0.00000000	0.00000000	0.00000000	0.00000000	0.00000000
858.99346924	0.00000000	0.00000000	0.00000000	0.00000000	0.00000000	0.00000000	0.00000000	0.00000000
966.36761475	0.00000000	0.00000000	0.00000000	0.00000000	0.00000000	0.00000000	0.00000000	0.00000000
1073.74182129	0.00000000	0.00000000	0.00000000	0.00000000	0.00000000	0.00000000	0.00000000	0.00000000
1181.11596680	0.00000000	0.00000000	0.00000000	0.00000000	0.00000000	0.00000000	0.00000000	0.00000000
1288.49023437	0.00000000	0.00000000	0.00000000	0.00000000	0.00000000	0.00000000	0.00000000	0.00000000
1395.86437988	0.00000000	0.00000000	0.00000000	0.00000000	0.00000000	0.00000000	0.00000000	0.00000000
1503.23852539	0.00000000	0.00000000	0.00000000	0.00000000	0.00000000	0.00000000	0.00000000	0.00000000
1610.61279297	0.00000000	0.00000000	0.00000000	0.00000000	0.00000000	0.00000000	0.00000000	0.00000000
1717.98693848	0.00000000	0.00000000	0.00000000	0.00000000	0.00000000	0.00000000	0.00000000	0.00000000
1932.73522949	0.00000000	0.00000000	0.00000000	0.00000000	0.00000000	0.00000000	0.00000000	0.00000000
2147.48364258	0.00000000	0.00000000	0.00000000	0.00000000	0.00000000	0.00000000	0.00000000	0.00000000
2362.23193359	0.00000000	0.00000000	0.00000000	0.00000000	0.00000000	0.00000000	0.00000000	0.00000000
2576.98046875	0.00000000	0.00000000	0.00000000	0.00000000	0.00000000	0.00000000	0.00000000	0.00000000
2791.72875977	0.00000000	0.00000000	0.00000000	0.00000000	0.00000000	0.00000000	0.00000000	0.00000000
3006.47705078	0.00000000	0.00000000	0.00000000	0.00000000	0.00000000	0.00000000	0.00000000	0.00000000
3221.22558594	0.00000000	0.00000000	0.00000000	0.00000000	0.00000000	0.00000000	0.00000000	0.00000000
3435.97387695	0.00000000	0.00000000	0.00000000	0.00000000	0.00000000	0.00000000	0.00000000	0.00000000
0	0	0	0	0	0	0	0	0
