%4/2/2019 3:34:16 PM
%Duration	ID1		ID2		ID3		ID4		ID5		ID6		ID7		ID8
1000.000000	0.000000	0.486374	514.450073	229.730606	97.112656	34.818649	0.543594	0.200272
%Tau		Tau1		Tau2		Tau3		Tau4		Tau5		Tau6		Tau7		Tau8
%		0.000000	0.000001	0.000128	0.000083	0.000058	0.000022	0.000001	0.000001
%Delaytime	D1		D2		D3		D4		D5		D6		D7		D8
0.00000020	0.00000000	162.03585815	1.49837971	1.45199943	1.63048458	3.89353108	139.19082642	0.00000000
0.00000040	0.00000000	0.00000000	1.47068000	1.50369000	1.51128745	1.84527540	0.00000000	0.00000000
0.00000060	0.00000000	0.00000000	1.46612990	1.45957816	1.57471347	1.37473011	0.00000000	0.00000000
0.00000080	0.00000000	0.00000000	1.46640933	1.45821786	1.54409397	1.50389946	0.00000000	0.00000000
0.00000100	0.00000000	54.01195145	1.46636939	1.46191013	1.52769077	1.32859826	0.00000000	0.00000000
0.00000120	0.00000000	0.00000000	1.46122062	1.48794973	1.53097141	1.48544669	0.00000000	0.00000000
0.00000140	0.00000000	0.00000000	1.46501231	1.45316541	1.44567442	1.43008840	0.00000000	0.00000000
0.00000160	0.00000000	0.00000000	1.46545136	1.46676826	1.43801951	1.32859826	0.00000000	0.00000000
0.00000180	0.00000000	0.00000000	1.45499408	1.44053423	1.51784885	1.31937182	0.00000000	0.00000000
0.00000200	0.00000000	0.00000000	1.45459497	1.45335972	1.46973252	1.48544669	0.00000000	0.00000000
0.00000220	0.00000000	0.00000000	1.44908702	1.46540797	1.51019394	1.47622025	0.00000000	0.00000000
0.00000240	0.00000000	0.00000000	1.46976197	1.44053423	1.53862631	1.54080486	0.00000000	0.00000000
0.00000260	0.00000000	0.00000000	1.46756673	1.47220933	1.46535838	1.44854116	0.00000000	0.00000000
0.00000280	0.00000000	0.00000000	1.46118069	1.48620069	1.47957456	1.43008840	0.00000000	0.00000000
0.00000300	0.00000000	0.00000000	1.46337593	1.45374835	1.52331650	1.45776749	0.00000000	0.00000000
0.00000320	0.00000000	0.00000000	1.44980538	1.45083356	1.39974535	1.78991711	0.00000000	0.00000000
0.00000360	0.00000000	0.00000000	1.44751036	1.43363571	1.43692601	1.44854116	0.00000000	0.00000000
0.00000400	0.00000000	0.00000000	1.45804751	1.44247758	1.51347458	1.48544669	0.00000000	0.00000000
0.00000440	0.00000000	0.00000000	1.45427573	1.43188679	1.43473887	1.30553234	0.00000000	0.00000000
0.00000480	0.00000000	0.00000000	1.44778979	1.42790318	1.45606315	1.43470156	0.00000000	0.00000000
0.00000520	0.00000000	0.00000000	1.45367694	1.44218600	1.44075346	1.33321142	0.00000000	0.00000000
0.00000560	0.00000000	0.00000000	1.45086312	1.44383776	1.40958726	1.44854116	0.00000000	0.00000000
0.00000600	0.00000000	0.00000000	1.44433725	1.45656610	1.42763078	1.43008840	0.00000000	0.00000000
0.00000640	0.00000000	0.00000000	1.43649435	1.43451023	1.41669536	1.50389946	0.00000000	0.00000000
0.00000720	0.00000000	0.00000000	1.44487619	1.43844533	1.43282521	1.36781037	0.00000000	0.00000000
0.00000800	0.00000000	0.00000000	1.43581581	1.42377377	1.44594777	1.43239498	0.00000000	0.00000000
0.00000880	0.00000000	0.00000000	1.43765187	1.43630767	1.38662267	1.43931472	11.59923458	0.00000000
0.00000960	0.00000000	0.00000000	1.42614686	1.43353856	1.39427757	1.38164997	11.59923458	0.00000000
0.00001040	0.00000000	0.00000000	1.42900074	1.41007376	1.44294059	1.44162142	0.00000000	0.00000000
0.00001120	0.00000000	0.00000000	1.42348266	1.40594435	1.40138566	1.43470156	0.00000000	0.00000000
0.00001200	0.00000000	0.00000000	1.42090833	1.40861630	1.42571712	1.41394222	0.00000000	0.00000000
0.00001280	0.00000000	0.00000000	1.42130744	1.40832484	1.41696870	1.39779603	0.00000000	0.00000000
0.00001440	0.00000000	6.75149393	1.41802955	1.41017091	1.39810491	1.39894938	0.00000000	0.00000000
0.00001600	0.00000000	6.75149393	1.40910900	1.39506209	1.36283791	1.32629168	0.00000000	0.00000000
0.00001760	0.00000000	0.00000000	1.40992713	1.37878740	1.37541378	1.35743070	5.79961729	36.81682968
0.00001920	0.00000000	0.00000000	1.40216410	1.37460935	1.33344877	1.23633444	0.00000000	0.00000000
0.00002080	0.00000000	0.00000000	1.39807796	1.36066651	1.34602463	1.28823280	0.00000000	0.00000000
0.00002240	0.00000000	0.00000000	1.39613724	1.36943543	1.33795965	1.31591201	0.00000000	0.00000000
0.00002400	0.00000000	0.00000000	1.39634669	1.36316848	1.32005274	1.26401365	0.00000000	0.00000000
0.00002560	0.00000000	0.00000000	1.38276625	1.34271574	1.31431162	1.35281754	0.00000000	0.00000000
0.00002880	0.00000000	0.00000000	1.37287307	1.33633578	1.30506194	1.24430859	0.00000000	0.00000000
0.00003200	0.00000000	0.00000000	1.36373675	1.33430302	1.29339027	1.26901090	3.01910281	0.00000000
0.00003520	0.00000000	0.00000000	1.35947335	1.31945682	1.27743757	1.24373412	0.00000000	0.00000000
0.00003840	0.00000000	0.00000000	1.34711218	1.30698228	1.27798295	1.22075522	0.00000000	0.00000000
0.00004160	0.00000000	0.00000000	1.33688295	1.29404199	1.26494825	1.15695262	0.00000000	0.00000000
0.00004480	0.00000000	0.00000000	1.32977486	1.28171253	1.23848379	1.20693016	0.00000000	0.00000000
0.00004800	0.00000000	0.00000000	1.32222176	1.28202093	1.22135949	1.20980251	0.00000000	0.00000000
0.00005120	0.00000000	0.00000000	1.31304789	1.26018119	1.22408628	1.24943984	6.03820562	0.00000000
0.00005760	0.00000000	0.00000000	1.29531336	1.24738169	1.19445801	1.18905103	0.00000000	0.00000000
0.00006400	0.00000000	1.72064698	1.28371418	1.23343968	1.17600036	1.11342835	2.96519136	0.00000000
0.00007040	0.00000000	0.00000000	1.26800358	1.21473086	1.16451526	1.10852420	1.48259568	0.00000000
0.00007680	0.00000000	1.72064698	1.25295532	1.20141065	1.14363503	1.12198687	2.96519136	0.00000000
0.00008320	0.00000000	0.00000000	1.23967838	1.18499970	1.14264560	1.07908809	0.00000000	0.00000000
0.00008960	0.00000000	0.00000000	1.22849131	1.17118979	1.13159132	1.08911419	0.00000000	0.00000000
0.00009600	0.00000000	1.72064698	1.21411955	1.16333687	1.11333823	1.06848919	2.96519136	9.00192261
0.00010240	0.00000000	0.00000000	1.20248854	1.15296185	1.10813010	1.10598075	4.44778681	0.00000000
0.00011520	0.00000000	0.00000000	1.18170190	1.13065219	1.08686006	1.04316783	0.00000000	4.50096130
0.00012800	0.00000000	1.72064698	1.16418350	1.11465049	1.07352293	1.05335140	0.74799126	4.50096130
0.00014080	0.00000000	2.58097029	1.14640927	1.10038245	1.05830669	1.03162909	2.24397373	0.00000000
0.00015360	0.00000000	0.86032349	1.13146079	1.08203733	1.04906416	1.03177249	1.49598253	0.00000000
0.00016640	0.00000000	0.86032349	1.11711311	1.07439804	1.04188871	1.04550827	0.00000000	0.00000000
0.00017920	0.00000000	0.86032349	1.10586917	1.06160259	1.04088664	1.02155769	0.74799126	0.00000000
0.00019200	0.00000000	1.72064698	1.09641099	1.05604184	1.02209401	1.01822734	0.00000000	0.00000000
0.00020480	0.00000000	0.86032349	1.08575201	1.05331290	1.01767540	0.99722695	0.74799126	0.00000000
0.00023040	0.00000000	0.86869639	1.06926513	1.04080379	1.01327825	1.02280891	1.13730395	2.30105186
0.00025600	0.00000000	0.43434820	1.05557454	1.03217793	1.00871158	1.02539849	1.51640522	0.00000000
0.00028160	0.00000000	0.86659300	1.04393768	1.02292466	1.01048565	1.00328386	0.75820261	2.30105186
0.00030720	0.00000000	0.00000000	1.03459942	1.01456606	1.00647056	0.98714060	0.75820261	0.00000000
0.00033280	0.00000000	2.16648245	1.02764249	1.01387167	1.00579667	1.01378560	2.27460790	0.00000000
0.00035840	0.00000000	0.86659300	1.02147973	1.01093912	1.00577331	0.99882418	1.13473082	0.00000000
0.00038400	0.00000000	1.29988956	1.01738012	1.00984430	1.00371766	0.99001771	1.13473082	0.00000000
0.00040960	0.00000000	0.43329650	1.01303780	1.00712860	1.00379443	1.00734341	1.51297438	0.00000000
0.00046080	0.00000000	0.43016174	1.00637579	1.00106454	1.00480843	1.01267111	0.37315518	1.15052593
0.00051200	0.00000000	0.86032349	1.00384152	1.00311530	0.99874884	0.99773079	1.67919827	0.00000000
0.00056320	0.00000000	0.64524257	1.00370598	1.00344872	1.00308263	0.97824335	0.74631035	0.00000000
0.00061440	0.00000000	0.86032349	1.00261617	1.00551319	1.00008714	0.99337286	0.37315518	3.45157766
0.00066560	0.00000000	1.07540429	1.00176263	1.00752020	1.00141883	1.00368214	0.37315518	2.30105186
0.00071680	0.00000000	0.86032349	0.99952191	1.00414860	0.99961120	1.00967944	0.55973279	0.00000000
0.00076800	0.00000000	0.64524257	0.99865329	1.00097942	0.99717861	0.99026722	0.74631035	1.15052593
0.00081920	0.00000000	0.86032349	0.99977082	0.99732876	1.00253844	0.99195141	1.11946559	1.15052593
0.00092160	0.00000000	0.97728342	0.99935287	0.99508452	0.99876571	1.00401032	1.46611512	1.16348946
0.00102400	0.00000000	1.08587050	0.99616140	0.99703342	1.00233877	0.99761021	0.64142537	0.00000000
0.00112640	0.00000000	0.86869639	0.99799651	1.00138378	0.99862421	1.00225651	1.28285074	1.74523413
0.00122880	0.00000000	1.41163158	0.99909061	1.00207818	1.00069022	0.99836367	0.82468981	1.74523413
0.00133120	0.00000000	0.43434820	0.99988890	0.99884987	0.99886429	1.00032377	1.00795424	1.16348946
0.00143360	0.00000000	1.73739278	0.99746352	0.99853259	1.00309098	0.99573010	1.00795424	1.16348946
0.00153600	0.00000000	0.65152228	0.99759322	0.99676830	1.00304878	1.01539350	1.19121861	2.90872359
0.00163840	0.00000000	0.32497239	0.99896896	0.99457747	1.00015593	1.00679970	1.09958637	1.74523413
0.00184320	0.00000000	0.79498988	1.00330114	0.99408418	0.99701285	1.00483012	1.13273776	1.16348946
0.00204800	0.00000000	1.11566126	1.00523853	0.99657845	0.99726272	1.00033438	1.08742833	1.16348946
0.00225280	0.00000000	0.85002768	0.99793828	1.00026500	0.99806833	0.99748802	0.99680924	0.29087237
0.00245760	0.00000000	0.90533066	0.99484330	1.00004375	0.99822873	1.00334966	1.26866639	0.00000000
0.00266240	0.00000000	0.53254747	0.99610633	1.00131309	1.00008178	1.00068474	0.86088073	2.32697892
0.00286720	0.00000000	0.90533066	0.99759930	1.00125074	1.00274503	1.00601459	1.13273776	0.87261707
0.00307200	0.00000000	0.90533066	1.00049996	1.00183749	1.00406861	0.99896044	0.81557119	0.58174473
0.00327680	0.00000000	1.33136868	1.00066829	0.99922985	1.00129879	0.99818015	0.86088073	0.87261707
0.00368640	0.00000000	1.13852525	0.99999815	0.99963796	0.99975675	1.00379109	1.19012320	1.02380502
0.00409600	0.00000000	0.85389400	0.99552053	0.99741620	0.99763882	1.00094926	1.01048195	1.60883641
0.00450560	0.00000000	1.03502297	1.00066113	0.99874270	0.99706459	0.99858320	1.07784748	0.87754714
0.00491520	0.00000000	1.32279634	0.99253154	1.00132346	1.00213730	0.99794501	0.96557170	0.58503145
0.00532480	0.00000000	0.82998985	0.99687338	1.00245237	1.00196505	0.99655592	1.05539227	0.87754714
0.00573440	0.00000000	0.95967579	1.00513029	0.99690425	1.00217235	0.99809211	0.89820623	0.43877357
0.00614400	0.00000000	0.90780139	0.99743277	0.99954820	1.00182831	0.99794477	1.05539227	1.60883641
0.00655360	0.00000000	1.01155019	0.99555385	1.00036263	1.00354052	1.00373316	0.78593045	0.58503145
0.00737280	0.00000000	1.17273128	1.00469077	0.99766546	1.00172567	1.00025547	1.04211879	0.50902665
0.00819200	0.00000000	1.09196162	1.00158596	1.00001955	1.00079787	0.99517083	0.95149976	0.87261707
0.00901120	0.00000000	0.80597168	1.00359690	1.00174797	0.99760616	1.00305045	0.96282715	1.09077132
0.00983040	0.00000000	0.97727609	0.99913198	1.00254405	0.99929798	1.00546181	0.92679000	0.87261707
0.01064960	0.00000000	1.14667058	0.99734622	0.99889600	1.00042546	0.99728751	1.15539253	0.87261707
0.01146880	0.00000000	1.03996348	1.00004721	1.00021315	1.00047779	1.00237072	0.91346675	0.65446281
0.01228800	0.00000000	0.90996802	0.99860406	1.00294864	1.00292957	0.99891448	0.98113096	1.01805329
0.01310720	0.00000000	0.92296755	1.00690877	0.99850911	1.00006759	0.99788249	1.06007254	1.16348946
0.01474560	0.00000000	1.05241525	1.00026429	1.00453520	0.99930322	1.00506604	0.87234718	0.83158624
0.01638400	0.00000000	0.88376695	0.99657434	1.00036514	0.99949682	0.99963760	1.08900857	0.75927436
0.01802240	0.00000000	1.04335344	0.99851453	1.00002313	0.99966872	0.99845499	0.90655684	0.90389806
0.01966080	0.00000000	1.03433466	1.00026536	1.00270164	0.99841624	0.99935222	0.95787138	1.26545727
0.02129920	0.00000000	0.79677534	1.00232732	0.99899578	1.00198138	1.00035620	1.06050050	1.26545727
0.02293760	0.00000000	1.06706667	0.99887085	0.99966949	1.00104845	1.00148523	1.02058911	1.08467770
0.02457600	0.00000000	0.97311085	1.00007415	0.99824983	0.99954969	1.00260770	0.92526019	1.37392509
0.02621440	0.00000000	0.97311085	0.99960399	1.00292766	0.99856949	1.00039124	1.04446542	1.12083364
0.02949120	0.00000000	1.01794541	1.00112092	1.00147152	0.99807841	1.00240016	1.07980788	0.90389806
0.03276800	0.00000000	0.99684411	1.00130212	0.99919289	1.00100720	0.99956459	1.01214373	1.04852176
0.03604480	0.00000000	1.01964772	0.99932879	0.99962372	0.99970824	0.99878532	1.02170956	0.99428785
0.03932160	0.00000000	0.99920630	1.00113976	1.00294185	1.00098157	0.99867880	0.94664061	0.97620988
0.04259840	0.00000000	0.95146960	0.99921358	0.99854040	1.00084460	1.00021625	0.90662688	1.07262576
0.04587520	0.00000000	1.02609313	0.99927270	0.99882048	1.00029886	1.00139844	0.90581959	1.17013717
0.04915200	0.00000000	1.07140410	0.99971861	1.00085521	1.00201988	1.00005436	0.95293754	0.89082474
0.05242880	0.00000000	1.01273990	1.00201726	1.00022757	0.99902344	0.99779344	1.05725324	1.10275567
0.05898240	0.00000000	0.99796909	0.99956083	1.00102365	1.00110555	0.99853712	1.03733921	1.04028893
0.06553600	0.00000000	1.06523597	1.00033712	1.00052810	1.00052226	0.99995607	1.02200449	1.06096888
0.07208960	0.00000000	1.01082635	1.00016022	0.99921995	0.99999970	0.99956822	0.97496659	1.00792038
0.07864320	0.00000000	0.99852645	0.99928844	1.00088990	0.99873561	0.99992192	1.01165915	1.06981027
0.08519680	0.00000000	1.01928890	1.00082314	0.99891019	0.99958581	1.00009120	0.98582959	0.99349755
0.09175040	0.00000000	1.02342916	0.99983078	0.99991685	1.00031877	1.00117493	1.10190046	0.88414073
0.09830400	0.00000000	1.00076830	1.00065815	1.00048018	0.99909854	1.00086272	0.96798187	0.84403336
0.10485760	0.00000000	0.98091960	0.99983984	1.00067210	1.00009644	1.00009489	0.99603605	0.86557376
0.11796480	0.00000000	0.98023713	0.99917960	1.00104868	1.00004053	1.00019825	1.00726831	0.91558379
0.13107200	0.00000000	1.01208961	0.99995697	1.00045276	0.99947470	1.00010252	1.02091503	1.02203429
0.14417920	0.00000000	0.98453867	1.00082493	0.99957675	0.99886131	0.99899995	0.96242601	0.91106999
0.15728641	0.00000000	1.00384736	1.00050592	1.00013542	0.99937314	0.99888086	0.95994693	0.91163790
0.17039360	0.00000000	1.01908100	0.99986440	1.00005817	1.00027752	0.99990505	0.99286067	0.93333334
0.18350080	0.00000000	0.97625047	0.99969459	0.99909252	1.00038493	1.00105047	1.01806998	0.92498487
0.19660801	0.00000000	1.02459800	1.00035477	0.99873924	0.99948627	1.00044215	0.99297416	1.08860934
0.20971520	0.00000000	0.98635948	0.99853873	1.00015759	1.00061667	1.00170362	0.98162663	0.97574317
0.23592959	0.00000000	1.01287997	0.99958092	1.00074279	1.00016999	1.00057709	1.00059497	0.97679478
0.26214400	0.00000000	0.98464257	1.00047266	1.00010538	1.00029361	1.00087476	0.97536355	1.05200922
0.28835839	0.00000000	1.00255430	0.99996310	1.00105345	0.99970996	1.00046468	0.99214822	1.08115935
0.31457281	0.00000000	0.99141228	0.99987686	1.00025403	1.00018394	0.99953961	0.99528551	0.99378884
0.34078720	0.00000000	0.98268932	1.00009835	1.00129402	0.99936664	0.99957144	0.99306512	1.00746834
0.36700159	0.00000000	1.01391149	0.99924344	1.00035942	1.00008130	0.99977529	0.99632263	1.00845981
0.39321601	0.00000000	0.97549415	0.99961710	1.00018394	0.99974275	0.99910933	0.97381949	0.97220761
0.41943040	0.00000000	0.99684161	0.99980146	0.99994206	1.00087631	0.99983543	1.00326085	0.99506581
0.47185919	0.00000000	0.97641528	0.99932188	1.00043190	0.99996489	1.00105536	0.98976636	0.95084769
0.52428800	0.00000000	0.98805237	0.99970078	0.99953550	1.00030887	1.00015664	0.98414093	0.94863278
0.57671678	0.00000000	1.00055742	0.99996299	0.99974847	0.99965554	0.99948615	1.01462805	1.01777101
0.62914562	0.00000000	1.01914012	1.00064981	1.00036669	0.99957418	1.00018764	0.98412699	1.01943076
0.68157440	0.00000000	1.01089633	0.99984175	0.99962717	0.99957693	0.99950480	1.03359079	1.02105641
0.73400319	0.00000000	1.00190413	1.00068212	1.00023925	0.99981135	1.00156760	0.99630904	0.96366197
0.78643203	0.00000000	0.98966944	0.99993211	1.00023913	1.00051665	0.99967831	1.02944183	0.94766355
0.83886081	0.00000000	1.00213909	1.00072205	0.99948102	0.99979526	1.00014222	0.99233717	1.03960395
0.94371837	0.00000000	1.01543391	1.00025403	1.00001550	0.99990320	1.00003231	0.97570956	1.00674152
1.04857600	0.00000000	0.98885584	0.99987912	0.99981934	0.99984324	0.99995464	1.00203431	0.99512196
1.15343356	0.00000000	0.99033344	0.99952304	0.99949217	1.00008035	0.99944282	1.00718153	1.05507243
1.25829124	0.00000000	1.00764787	0.99973500	0.99960953	1.00038469	1.00014651	0.99155408	0.98026317
1.36314881	0.00000000	1.00198495	0.99996263	1.00012612	1.00003064	0.99964273	0.99410647	1.00644124
1.46800637	0.00000000	1.00162256	1.00018287	0.99961400	0.99964964	0.99992728	1.00666797	1.01470590
1.57286406	0.00000000	1.00907028	1.00014925	1.00004733	0.99980825	1.00018311	1.00450134	0.99365079
1.67772162	0.00000000	1.00000000	1.00001240	0.99999148	1.00000548	0.99970239	0.99445063	1.00000000
1.88743675	0.00000000	0.00000000	0.00000000	0.00000000	0.00000000	0.00000000	0.00000000	0.00000000
2.09715199	0.00000000	0.00000000	0.00000000	0.00000000	0.00000000	0.00000000	0.00000000	0.00000000
2.30686712	0.00000000	0.00000000	0.00000000	0.00000000	0.00000000	0.00000000	0.00000000	0.00000000
2.51658249	0.00000000	0.00000000	0.00000000	0.00000000	0.00000000	0.00000000	0.00000000	0.00000000
2.72629762	0.00000000	0.00000000	0.00000000	0.00000000	0.00000000	0.00000000	0.00000000	0.00000000
2.93601274	0.00000000	0.00000000	0.00000000	0.00000000	0.00000000	0.00000000	0.00000000	0.00000000
3.14572811	0.00000000	0.00000000	0.00000000	0.00000000	0.00000000	0.00000000	0.00000000	0.00000000
3.35544324	0.00000000	0.00000000	0.00000000	0.00000000	0.00000000	0.00000000	0.00000000	0.00000000
3.77487350	0.00000000	0.00000000	0.00000000	0.00000000	0.00000000	0.00000000	0.00000000	0.00000000
4.19430399	0.00000000	0.00000000	0.00000000	0.00000000	0.00000000	0.00000000	0.00000000	0.00000000
4.61373425	0.00000000	0.00000000	0.00000000	0.00000000	0.00000000	0.00000000	0.00000000	0.00000000
5.03316498	0.00000000	0.00000000	0.00000000	0.00000000	0.00000000	0.00000000	0.00000000	0.00000000
5.45259523	0.00000000	0.00000000	0.00000000	0.00000000	0.00000000	0.00000000	0.00000000	0.00000000
5.87202549	0.00000000	0.00000000	0.00000000	0.00000000	0.00000000	0.00000000	0.00000000	0.00000000
6.29145622	0.00000000	0.00000000	0.00000000	0.00000000	0.00000000	0.00000000	0.00000000	0.00000000
6.71088648	0.00000000	0.00000000	0.00000000	0.00000000	0.00000000	0.00000000	0.00000000	0.00000000
7.54974699	0.00000000	0.00000000	0.00000000	0.00000000	0.00000000	0.00000000	0.00000000	0.00000000
8.38860798	0.00000000	0.00000000	0.00000000	0.00000000	0.00000000	0.00000000	0.00000000	0.00000000
9.22746849	0.00000000	0.00000000	0.00000000	0.00000000	0.00000000	0.00000000	0.00000000	0.00000000
10.06632996	0.00000000	0.00000000	0.00000000	0.00000000	0.00000000	0.00000000	0.00000000	0.00000000
10.90519047	0.00000000	0.00000000	0.00000000	0.00000000	0.00000000	0.00000000	0.00000000	0.00000000
11.74405098	0.00000000	0.00000000	0.00000000	0.00000000	0.00000000	0.00000000	0.00000000	0.00000000
12.58291245	0.00000000	0.00000000	0.00000000	0.00000000	0.00000000	0.00000000	0.00000000	0.00000000
13.42177296	0.00000000	0.00000000	0.00000000	0.00000000	0.00000000	0.00000000	0.00000000	0.00000000
15.09949398	0.00000000	0.00000000	0.00000000	0.00000000	0.00000000	0.00000000	0.00000000	0.00000000
16.77721596	0.00000000	0.00000000	0.00000000	0.00000000	0.00000000	0.00000000	0.00000000	0.00000000
18.45493698	0.00000000	0.00000000	0.00000000	0.00000000	0.00000000	0.00000000	0.00000000	0.00000000
20.13265991	0.00000000	0.00000000	0.00000000	0.00000000	0.00000000	0.00000000	0.00000000	0.00000000
21.81038094	0.00000000	0.00000000	0.00000000	0.00000000	0.00000000	0.00000000	0.00000000	0.00000000
23.48810196	0.00000000	0.00000000	0.00000000	0.00000000	0.00000000	0.00000000	0.00000000	0.00000000
25.16582489	0.00000000	0.00000000	0.00000000	0.00000000	0.00000000	0.00000000	0.00000000	0.00000000
26.84354591	0.00000000	0.00000000	0.00000000	0.00000000	0.00000000	0.00000000	0.00000000	0.00000000
30.19898796	0.00000000	0.00000000	0.00000000	0.00000000	0.00000000	0.00000000	0.00000000	0.00000000
33.55443192	0.00000000	0.00000000	0.00000000	0.00000000	0.00000000	0.00000000	0.00000000	0.00000000
36.90987396	0.00000000	0.00000000	0.00000000	0.00000000	0.00000000	0.00000000	0.00000000	0.00000000
40.26531982	0.00000000	0.00000000	0.00000000	0.00000000	0.00000000	0.00000000	0.00000000	0.00000000
43.62076187	0.00000000	0.00000000	0.00000000	0.00000000	0.00000000	0.00000000	0.00000000	0.00000000
46.97620392	0.00000000	0.00000000	0.00000000	0.00000000	0.00000000	0.00000000	0.00000000	0.00000000
50.33164978	0.00000000	0.00000000	0.00000000	0.00000000	0.00000000	0.00000000	0.00000000	0.00000000
53.68709183	0.00000000	0.00000000	0.00000000	0.00000000	0.00000000	0.00000000	0.00000000	0.00000000
60.39797592	0.00000000	0.00000000	0.00000000	0.00000000	0.00000000	0.00000000	0.00000000	0.00000000
67.10886383	0.00000000	0.00000000	0.00000000	0.00000000	0.00000000	0.00000000	0.00000000	0.00000000
73.81974792	0.00000000	0.00000000	0.00000000	0.00000000	0.00000000	0.00000000	0.00000000	0.00000000
80.53063965	0.00000000	0.00000000	0.00000000	0.00000000	0.00000000	0.00000000	0.00000000	0.00000000
87.24152374	0.00000000	0.00000000	0.00000000	0.00000000	0.00000000	0.00000000	0.00000000	0.00000000
93.95240784	0.00000000	0.00000000	0.00000000	0.00000000	0.00000000	0.00000000	0.00000000	0.00000000
100.66329956	0.00000000	0.00000000	0.00000000	0.00000000	0.00000000	0.00000000	0.00000000	0.00000000
107.37418365	0.00000000	0.00000000	0.00000000	0.00000000	0.00000000	0.00000000	0.00000000	0.00000000
120.79595184	0.00000000	0.00000000	0.00000000	0.00000000	0.00000000	0.00000000	0.00000000	0.00000000
134.21772766	0.00000000	0.00000000	0.00000000	0.00000000	0.00000000	0.00000000	0.00000000	0.00000000
147.63949585	0.00000000	0.00000000	0.00000000	0.00000000	0.00000000	0.00000000	0.00000000	0.00000000
161.06127930	0.00000000	0.00000000	0.00000000	0.00000000	0.00000000	0.00000000	0.00000000	0.00000000
174.48304749	0.00000000	0.00000000	0.00000000	0.00000000	0.00000000	0.00000000	0.00000000	0.00000000
187.90481567	0.00000000	0.00000000	0.00000000	0.00000000	0.00000000	0.00000000	0.00000000	0.00000000
201.32659912	0.00000000	0.00000000	0.00000000	0.00000000	0.00000000	0.00000000	0.00000000	0.00000000
214.74836731	0.00000000	0.00000000	0.00000000	0.00000000	0.00000000	0.00000000	0.00000000	0.00000000
241.59190369	0.00000000	0.00000000	0.00000000	0.00000000	0.00000000	0.00000000	0.00000000	0.00000000
268.43545532	0.00000000	0.00000000	0.00000000	0.00000000	0.00000000	0.00000000	0.00000000	0.00000000
295.27899170	0.00000000	0.00000000	0.00000000	0.00000000	0.00000000	0.00000000	0.00000000	0.00000000
322.12255859	0.00000000	0.00000000	0.00000000	0.00000000	0.00000000	0.00000000	0.00000000	0.00000000
348.96609497	0.00000000	0.00000000	0.00000000	0.00000000	0.00000000	0.00000000	0.00000000	0.00000000
375.80963135	0.00000000	0.00000000	0.00000000	0.00000000	0.00000000	0.00000000	0.00000000	0.00000000
402.65319824	0.00000000	0.00000000	0.00000000	0.00000000	0.00000000	0.00000000	0.00000000	0.00000000
429.49673462	0.00000000	0.00000000	0.00000000	0.00000000	0.00000000	0.00000000	0.00000000	0.00000000
483.18380737	0.00000000	0.00000000	0.00000000	0.00000000	0.00000000	0.00000000	0.00000000	0.00000000
536.87091064	0.00000000	0.00000000	0.00000000	0.00000000	0.00000000	0.00000000	0.00000000	0.00000000
590.55798340	0.00000000	0.00000000	0.00000000	0.00000000	0.00000000	0.00000000	0.00000000	0.00000000
644.24511719	0.00000000	0.00000000	0.00000000	0.00000000	0.00000000	0.00000000	0.00000000	0.00000000
697.93218994	0.00000000	0.00000000	0.00000000	0.00000000	0.00000000	0.00000000	0.00000000	0.00000000
751.61926270	0.00000000	0.00000000	0.00000000	0.00000000	0.00000000	0.00000000	0.00000000	0.00000000
805.30639648	0.00000000	0.00000000	0.00000000	0.00000000	0.00000000	0.00000000	0.00000000	0.00000000
858.99346924	0.00000000	0.00000000	0.00000000	0.00000000	0.00000000	0.00000000	0.00000000	0.00000000
966.36761475	0.00000000	0.00000000	0.00000000	0.00000000	0.00000000	0.00000000	0.00000000	0.00000000
1073.74182129	0.00000000	0.00000000	0.00000000	0.00000000	0.00000000	0.00000000	0.00000000	0.00000000
1181.11596680	0.00000000	0.00000000	0.00000000	0.00000000	0.00000000	0.00000000	0.00000000	0.00000000
1288.49023437	0.00000000	0.00000000	0.00000000	0.00000000	0.00000000	0.00000000	0.00000000	0.00000000
1395.86437988	0.00000000	0.00000000	0.00000000	0.00000000	0.00000000	0.00000000	0.00000000	0.00000000
1503.23852539	0.00000000	0.00000000	0.00000000	0.00000000	0.00000000	0.00000000	0.00000000	0.00000000
1610.61279297	0.00000000	0.00000000	0.00000000	0.00000000	0.00000000	0.00000000	0.00000000	0.00000000
1717.98693848	0.00000000	0.00000000	0.00000000	0.00000000	0.00000000	0.00000000	0.00000000	0.00000000
1932.73522949	0.00000000	0.00000000	0.00000000	0.00000000	0.00000000	0.00000000	0.00000000	0.00000000
2147.48364258	0.00000000	0.00000000	0.00000000	0.00000000	0.00000000	0.00000000	0.00000000	0.00000000
2362.23193359	0.00000000	0.00000000	0.00000000	0.00000000	0.00000000	0.00000000	0.00000000	0.00000000
2576.98046875	0.00000000	0.00000000	0.00000000	0.00000000	0.00000000	0.00000000	0.00000000	0.00000000
2791.72875977	0.00000000	0.00000000	0.00000000	0.00000000	0.00000000	0.00000000	0.00000000	0.00000000
3006.47705078	0.00000000	0.00000000	0.00000000	0.00000000	0.00000000	0.00000000	0.00000000	0.00000000
3221.22558594	0.00000000	0.00000000	0.00000000	0.00000000	0.00000000	0.00000000	0.00000000	0.00000000
3435.97387695	0.00000000	0.00000000	0.00000000	0.00000000	0.00000000	0.00000000	0.00000000	0.00000000
0	0	0	0	0	0	0	0	0
