%4/2/2019 3:33:10 PM
%Duration	ID1		ID2		ID3		ID4		ID5		ID6		ID7		ID8
1000.000000	0.000000	0.381470	479.774475	244.712830	102.491379	36.191940	1.192093	0.219345
%Tau		Tau1		Tau2		Tau3		Tau4		Tau5		Tau6		Tau7		Tau8
%		0.000000	0.000001	0.000128	0.000083	0.000058	0.000035	0.000001	0.000001
%Delaytime	D1		D2		D3		D4		D5		D6		D7		D8
0.00000020	0.00000000	63.66796494	1.48775065	1.47591364	1.64213550	3.71919250	108.92879486	0.00000000
0.00000040	0.00000000	0.00000000	1.47593141	1.51475811	1.58650362	1.58638537	11.46618938	0.00000000
0.00000060	0.00000000	0.00000000	1.45810819	1.50320971	1.59246409	1.50706613	0.00000000	0.00000000
0.00000080	0.00000000	0.00000000	1.46893454	1.48151278	1.53285849	1.43656015	0.00000000	0.00000000
0.00000100	0.00000000	0.00000000	1.45929003	1.49656069	1.50702941	1.50706613	0.00000000	0.00000000
0.00000120	0.00000000	0.00000000	1.44950378	1.47993803	1.53981245	1.73621070	0.00000000	0.00000000
0.00000140	0.00000000	0.00000000	1.46179569	1.47153926	1.49610162	1.59519863	0.00000000	0.00000000
0.00000160	0.00000000	0.00000000	1.45645344	1.47206414	1.55272698	1.27792156	0.00000000	0.00000000
0.00000180	0.00000000	0.00000000	1.46207941	1.46086574	1.52689791	1.45418656	0.00000000	0.00000000
0.00000200	0.00000000	0.00000000	1.45772994	1.47678852	1.50106883	1.48943961	5.73309469	0.00000000
0.00000220	0.00000000	0.00000000	1.45976281	1.43759418	1.51299000	1.56875885	0.00000000	0.00000000
0.00000240	0.00000000	0.00000000	1.46609795	1.45194209	1.41861439	1.27792156	0.00000000	0.00000000
0.00000260	0.00000000	0.00000000	1.45664251	1.44231844	1.46232510	1.42774689	0.00000000	0.00000000
0.00000280	0.00000000	0.00000000	1.44695079	1.46471524	1.52491105	1.49825287	0.00000000	0.00000000
0.00000300	0.00000000	0.00000000	1.46103930	1.49306118	1.57160211	1.35724080	0.00000000	0.00000000
0.00000320	0.00000000	0.00000000	1.45900643	1.44336832	1.49709511	1.49825287	0.00000000	0.00000000
0.00000360	0.00000000	0.00000000	1.44614708	1.46095324	1.45139742	1.34842753	2.86654735	0.00000000
0.00000400	0.00000000	31.83398247	1.44855821	1.48125041	1.47374952	1.36164749	2.86654735	0.00000000
0.00000440	0.00000000	0.00000000	1.45257676	1.44214344	1.48815429	1.42774689	0.00000000	0.00000000
0.00000480	0.00000000	0.00000000	1.44661987	1.45727885	1.46679556	1.35724080	2.86654735	0.00000000
0.00000520	0.00000000	0.00000000	1.45307314	1.45246696	1.46530545	1.39249384	0.00000000	0.00000000
0.00000560	0.00000000	0.00000000	1.43234229	1.43838155	1.45040405	1.48062634	0.00000000	0.00000000
0.00000600	0.00000000	0.00000000	1.43721187	1.46270299	1.45586789	1.45418656	2.86654735	0.00000000
0.00000640	0.00000000	0.00000000	1.43149137	1.44914246	1.46480870	1.42334020	0.00000000	0.00000000
0.00000720	0.00000000	0.00000000	1.43346512	1.43838155	1.45561945	1.31097126	0.00000000	0.00000000
0.00000800	0.00000000	0.00000000	1.43728280	1.43833780	1.40743828	1.31097126	0.00000000	0.00000000
0.00000880	0.00000000	0.00000000	1.43051040	1.43365717	1.38384438	1.31317461	0.00000000	0.00000000
0.00000960	0.00000000	0.00000000	1.43393791	1.43562567	1.46158004	1.42995012	0.00000000	0.00000000
0.00001040	0.00000000	0.00000000	1.43030941	1.42762053	1.46282184	1.41232371	0.00000000	0.00000000
0.00001120	0.00000000	0.00000000	1.42405713	1.40981686	1.43028712	1.29554808	0.00000000	0.00000000
0.00001200	0.00000000	0.00000000	1.41514540	1.42044663	1.40793502	1.33520770	1.43327367	0.00000000
0.00001280	0.00000000	0.00000000	1.42075956	1.41305387	1.39675891	1.51808274	0.00000000	0.00000000
0.00001440	0.00000000	0.00000000	1.41452491	1.40857017	1.39141929	1.34952927	1.43327367	0.00000000
0.00001600	0.00000000	0.00000000	1.41170609	1.40345216	1.38471365	1.30105639	1.43327367	0.00000000
0.00001760	0.00000000	0.00000000	1.40326118	1.39568758	1.37030888	1.32198787	0.71663684	38.08264542
0.00001920	0.00000000	0.00000000	1.39753485	1.38820744	1.37217164	1.33961439	1.43327367	0.00000000
0.00002080	0.00000000	0.00000000	1.39658344	1.37689972	1.35019207	1.24707520	2.14991045	0.00000000
0.00002240	0.00000000	0.00000000	1.39129436	1.37460315	1.34162366	1.37486732	0.00000000	0.00000000
0.00002400	0.00000000	0.00000000	1.38522518	1.36944139	1.34323800	1.34622431	2.86654735	0.00000000
0.00002560	0.00000000	0.00000000	1.38153172	1.34772265	1.34348643	1.23605859	0.71663684	0.00000000
0.00002880	0.00000000	0.00000000	1.38135040	1.35253537	1.31389070	1.26866639	1.03110075	0.00000000
0.00003200	0.00000000	0.00000000	1.36945403	1.32605934	1.28956962	1.27526546	0.34370026	0.00000000
0.00003520	0.00000000	0.00000000	1.35887015	1.32664049	1.28546619	1.18947780	0.34370026	0.00000000
0.00003840	0.00000000	0.00000000	1.34958744	1.31227875	1.27665281	1.26261723	0.00000000	0.00000000
0.00004160	0.00000000	3.79953098	1.34234726	1.30619419	1.26326644	1.27196586	0.68740052	18.82677460
0.00004480	0.00000000	0.00000000	1.33097756	1.29710567	1.24031091	1.17298019	0.34370026	0.00000000
0.00004800	0.00000000	7.59906197	1.32195377	1.28185594	1.23746014	1.21587396	1.37480104	0.00000000
0.00005120	0.00000000	0.00000000	1.31481063	1.27095306	1.23905873	1.18665576	0.34370026	0.00000000
0.00005760	0.00000000	0.00000000	1.30058420	1.25354362	1.20904374	1.16328394	1.21218657	0.00000000
0.00006400	0.00000000	3.83840060	1.28660536	1.23311174	1.19049847	1.13856244	0.51950854	0.00000000
0.00007040	0.00000000	0.00000000	1.27408338	1.21813822	1.16496384	1.09983218	1.21218657	0.00000000
0.00007680	0.00000000	0.00000000	1.25853801	1.19683540	1.16452181	1.09378910	2.07803416	0.00000000
0.00008320	0.00000000	3.83840060	1.24701357	1.18804860	1.13089037	1.08747137	1.38535607	0.00000000
0.00008960	0.00000000	0.00000000	1.23456705	1.17768574	1.12922442	1.09845877	0.69267803	0.00000000
0.00009600	0.00000000	0.00000000	1.22243583	1.15984952	1.11437523	1.07346249	0.69267803	0.00000000
0.00010240	0.00000000	1.91920030	1.20921683	1.14804161	1.09689939	1.08499920	1.03901708	0.00000000
0.00011520	0.00000000	0.00000000	1.19042861	1.13218355	1.08530974	1.04952192	1.11532235	0.00000000
0.00012800	0.00000000	0.00000000	1.17275393	1.11901212	1.06269073	1.03201437	0.77214628	0.00000000
0.00014080	0.00000000	0.95472294	1.15542400	1.10004985	1.06203830	1.02348304	1.28691041	0.00000000
0.00015360	0.00000000	0.95472294	1.14044690	1.08585072	1.05258691	1.01522696	0.85794032	4.81488991
0.00016640	0.00000000	2.86416864	1.12729943	1.07519186	1.04744017	1.00727677	1.37270451	0.00000000
0.00017920	0.00000000	0.00000000	1.11426902	1.06100941	1.03547823	1.02034938	1.11532235	0.00000000
0.00019200	0.00000000	0.95472294	1.10104847	1.05467463	1.03090608	1.04418719	0.85794032	0.00000000
0.00020480	0.00000000	1.90944588	1.09010935	1.04929674	1.02195275	1.02423370	0.42897016	4.81488991
0.00023040	0.00000000	0.47494137	1.07504559	1.03617525	1.01454139	1.01851964	0.98437762	0.00000000
0.00025600	0.00000000	1.42482412	1.06037223	1.02501047	1.01988637	1.00424767	0.89877957	0.00000000
0.00028160	0.00000000	0.00000000	1.04711139	1.02018750	1.00797665	1.00537860	1.11277473	0.00000000
0.00030720	0.00000000	0.00000000	1.03693163	1.01924360	1.00813127	1.00232220	0.94157857	0.00000000
0.00033280	0.00000000	0.00000000	1.02816033	1.01458168	1.00643706	1.00459146	1.32676983	2.30105186
0.00035840	0.00000000	0.47494137	1.02174544	1.01438057	1.00522447	0.99679053	1.06997561	0.00000000
0.00038400	0.00000000	0.47494137	1.01699054	1.01096177	1.00309265	0.98069996	0.94157857	0.00000000
0.00040960	0.00000000	1.42482412	1.01331723	1.00667644	1.00466061	1.00535524	0.77038246	0.00000000
0.00046080	0.00000000	0.48473373	1.00681520	0.99947828	1.00875497	0.98845178	1.50139546	4.50096130
0.00051200	0.00000000	1.45420122	1.00451314	0.99776560	1.00601542	0.99240011	0.90083730	2.25048065
0.00056320	0.00000000	1.45420122	1.00290215	0.99523640	1.00266862	1.00263870	0.85794032	0.00000000
0.00061440	0.00000000	1.21183431	1.00242233	0.99226773	1.00498402	0.99295408	1.22256494	1.12524033
0.00066560	0.00000000	1.21183431	1.00499272	0.99329084	1.00365353	1.00481510	1.09387386	1.12524033
0.00071680	0.00000000	0.96946746	1.00529480	0.99448609	1.00111890	0.98869652	0.81504327	1.12524033
0.00076800	0.00000000	1.93893492	1.00490701	0.99958169	1.00040972	0.98873091	1.20111644	1.12524033
0.00081920	0.00000000	0.96946746	1.00708973	1.00123632	0.99691147	0.98684067	0.85794032	2.25048065
0.00092160	0.00000000	1.46923161	1.00805902	1.00383914	0.99820727	1.00429451	0.94377768	1.13777781
0.00102400	0.00000000	1.59166753	1.00675333	1.00041080	1.00049806	0.99399942	0.80275345	0.56888890
0.00112640	0.00000000	0.97948772	1.00423515	0.99838650	1.00177026	0.99912894	0.96547371	2.27555561
0.00122880	0.00000000	0.85705173	1.00130129	0.99916697	0.99997264	0.99270135	1.05225790	0.56888890
0.00133120	0.00000000	1.22435963	0.99786937	0.99828553	0.99902803	0.99722522	0.85699356	2.27555561
0.00143360	0.00000000	1.34679568	0.99466407	0.99840921	1.00568581	0.99652058	0.95462573	0.00000000
0.00153600	0.00000000	0.73461580	0.99188507	0.99770558	1.00665975	0.99584639	0.81360143	1.13777781
0.00163840	0.00000000	1.22435963	0.99092507	1.00034451	1.00080884	1.00920296	1.17158616	1.70666671
0.00184320	0.00000000	0.97698271	0.99692392	1.00517035	1.00145292	0.99710447	0.92278987	0.28444445
0.00204800	0.00000000	1.16016698	0.99895900	1.00351501	1.00717854	1.00870919	0.87393630	0.28444445
0.00225280	0.00000000	0.54955280	0.99927545	1.00267315	1.00242543	0.99643517	1.02049696	1.70666671
0.00245760	0.00000000	0.97698271	0.99872339	0.99740309	0.99770105	0.99499756	1.05306602	1.42222226
0.00266240	0.00000000	0.85485989	0.99400795	0.99871504	0.99734896	1.00662684	0.96078706	0.28444445
0.00286720	0.00000000	1.16016698	0.99562716	0.99667275	1.00090730	1.00729978	0.95535892	1.13777781
0.00307200	0.00000000	0.85485989	1.00136817	1.00011313	1.00146687	0.99327803	0.98249978	1.99111116
0.00327680	0.00000000	1.28228986	1.00193644	1.00496888	1.00207090	0.99581808	1.02049696	1.42222226
0.00368640	0.00000000	1.49221790	0.99928105	1.00087774	1.00317776	1.00281346	1.02448392	0.71508378
0.00409600	0.00000000	1.05424941	0.99988788	1.00267291	0.99999946	1.00435269	0.90873539	0.71508378
0.00450560	0.00000000	0.96122736	0.99319178	0.99715221	0.99852771	0.99762416	0.98537570	1.43016756
0.00491520	0.00000000	0.99223471	0.99966079	0.99695063	1.00383103	1.00012827	1.10751438	0.85810053
0.00532480	0.00000000	0.93022007	1.00013030	1.00260413	0.99956501	1.00169885	0.97791648	1.84888887
0.00573440	0.00000000	0.95874357	0.99980217	1.00248206	1.00328422	0.99872291	0.90599823	0.71111113
0.00614400	0.00000000	1.02059805	0.99422997	0.99712110	1.00434053	0.99896032	1.05846465	1.70666671
0.00655360	0.00000000	1.02059805	0.99604523	0.99939662	1.00123167	1.00003862	0.99829358	1.99111116
0.00737280	0.00000000	0.90708661	0.99900723	1.00003123	0.99808669	1.00109649	1.00896442	1.16348946
0.00819200	0.00000000	0.89351803	0.99967629	0.99998599	0.99793303	0.99582875	0.94344145	0.94533521
0.00901120	0.00000000	1.03711915	1.00050890	0.99933660	0.99847734	1.00133181	1.01586568	1.45436180
0.00983040	0.00000000	1.12987983	0.99857557	0.99791962	1.00193286	0.99913108	0.97508484	0.65080661
0.01064960	0.00000000	1.15263152	0.99745965	0.99994534	0.99833363	1.00074005	1.02945733	0.79543030
0.01146880	0.00000000	1.21263158	0.99929088	1.00379610	1.00325918	0.99485815	0.98397934	0.72311842
0.01228800	0.00000000	0.99215311	1.00142288	1.00259066	0.99952060	0.99798661	0.92267579	1.15698957
0.01310720	0.00000000	0.96065617	1.00373912	1.00050867	1.00031149	1.00358188	0.95641690	0.93483144
0.01474560	0.00000000	1.02645433	1.00116169	1.00091791	0.99914682	1.00131798	1.02545631	0.87760282
0.01638400	0.00000000	0.98407274	0.99923515	1.00138354	0.99907333	1.00021946	1.03228414	0.84103608
0.01802240	0.00000000	0.88090384	0.99989653	0.99953425	0.99948913	1.00140953	1.00110781	0.98730320
0.01966080	0.00000000	1.05272710	0.99955243	1.00014424	1.00009334	1.00020671	1.00864136	0.95607764
0.02129920	0.00000000	1.15073025	0.99909931	1.00080884	1.00034010	1.00209832	0.98856550	0.95607764
0.02293760	0.00000000	0.85602093	0.99898356	1.00100458	0.99950719	0.99835861	0.98012787	0.80446929
0.02457600	0.00000000	1.01829064	1.00255227	0.99903697	1.00162768	0.99914527	0.96843344	1.24327075
0.02621440	0.00000000	1.05745566	0.99908477	1.00223613	0.99951017	0.99933505	1.00285506	0.94545454
0.02949120	0.00000000	1.02758718	1.00267100	0.99930757	1.00048113	0.99968517	0.99615711	0.93245304
0.03276800	0.00000000	1.04727268	1.00059366	1.00165248	0.99998170	0.99979854	1.00822425	1.04800820
0.03604480	0.00000000	1.01035583	1.00145686	1.00106585	0.99995577	0.99881822	0.99288529	1.02386999
0.03932160	0.00000000	1.08807552	1.00113440	0.99928278	0.99986058	1.00087392	1.03140390	0.96363634
0.04259840	0.00000000	0.84663242	0.99842596	0.99847126	0.99673384	1.00085068	0.99313736	1.16363633
0.04587520	0.00000000	0.96647537	0.99823248	1.00020611	0.99719548	0.99994248	1.00210941	0.94545454
0.04915200	0.00000000	1.02832985	1.00086224	0.99931788	1.00038373	0.99784780	1.04282868	0.98181820
0.05242880	0.00000000	1.00507498	1.00075543	0.99940962	1.00097775	0.99960935	0.98568827	0.76363635
0.05898240	0.00000000	1.00900030	1.00078666	0.99956232	0.99953830	1.00144064	1.02063835	0.99090910
0.06553600	0.00000000	1.00891113	1.00068867	0.99997455	0.99918890	1.00031769	0.99728668	1.03636360
0.07208960	0.00000000	0.87336993	0.99913388	1.00041223	0.99988151	0.99943149	0.99548846	1.08181822
0.07864320	0.00000000	1.00507498	1.00120747	1.00026464	1.00089192	1.00062239	1.01578128	0.95073640
0.08519680	0.00000000	0.97822177	1.00042093	0.99934840	1.00089920	0.99992323	1.01268208	1.03063786
0.09175040	0.00000000	0.97571993	0.99975836	0.99945605	1.00097072	1.00112283	0.99444962	1.00351584
0.09830400	0.00000000	0.94360870	1.00058305	1.00032008	0.99865407	0.99872386	1.01310694	1.09700358
0.10485760	0.00000000	0.99231380	0.99980855	0.99862689	0.99941885	0.99946362	1.00960207	1.00770414
0.11796480	0.00000000	0.97895575	0.99986029	0.99890345	0.99959165	0.99936551	0.99353349	1.01694918
0.13107200	0.00000000	0.99875140	1.00049996	0.99918157	0.99909908	1.00066674	1.00316000	0.93387753
0.14417920	0.00000000	1.03296006	0.99971980	0.99946272	1.00056255	0.99948341	0.99749827	0.92465115
0.15728641	0.00000000	0.98690361	1.00047743	1.00001037	0.99962044	0.99988854	0.98985505	1.00832081
0.17039360	0.00000000	0.98640585	1.00131965	1.00052047	1.00021815	0.99985236	0.99668998	0.96939480
0.18350080	0.00000000	1.01856804	0.99984753	1.00101733	0.99871922	0.99969167	1.00529277	0.92059463
0.19660801	0.00000000	1.03418326	1.00114071	1.00021040	1.00007522	0.99966985	0.98819339	1.03182137
0.20971520	0.00000000	0.97342473	1.00034416	1.00054467	0.99919045	0.99933523	1.00475430	0.90488112
0.23592959	0.00000000	1.01118684	1.00024688	1.00101674	0.99976659	1.00014484	0.99843657	0.96385276
0.26214400	0.00000000	0.99741852	1.00007427	1.00013518	1.00064182	1.00034106	0.99097818	1.01485920
0.28835839	0.00000000	0.98713475	0.99921966	0.99941730	0.99997222	0.99944967	0.99922687	0.94512194
0.31457281	0.00000000	0.99728560	0.99997962	1.00017595	1.00000334	1.00045800	1.01375055	0.96774191
0.34078720	0.00000000	1.04130435	0.99984950	0.99958402	0.99989355	1.00010097	0.98832017	0.97650641
0.36700159	0.00000000	0.98775327	1.00053036	0.99959505	1.00030875	0.99993813	1.00124478	1.05254221
0.39321601	0.00000000	0.98896343	1.00045705	1.00003350	0.99943793	1.00025332	1.00181413	1.04139638
0.41943040	0.00000000	0.98221320	0.99975455	1.00034952	1.00026798	0.99987608	1.00261378	0.97959185
0.47185919	0.00000000	0.99518764	1.00023317	0.99974781	0.99958247	0.99975467	0.99855894	1.09503973
0.52428800	0.00000000	0.99310344	0.99944848	0.99971747	1.00054359	0.99942636	0.99931467	1.00746274
0.57671678	0.00000000	1.01060069	0.99991620	0.99999124	0.99988699	0.99961925	1.00414109	0.95821840
0.62914562	0.00000000	1.01287651	0.99989605	0.99977499	1.00032938	0.99991113	0.99599844	1.04863656
0.68157440	0.00000000	1.00264251	0.99981469	0.99978089	0.99973524	0.99989861	0.99973530	0.90714288
0.73400319	0.00000000	0.96574038	1.00003350	1.00065517	0.99949700	0.99987954	0.99893981	0.98377037
0.78643203	0.00000000	0.99109578	0.99961168	1.00001585	1.00037754	1.00002015	0.99353361	0.95377868
0.83886081	0.00000000	1.00612748	0.99979359	0.99973965	0.99940932	0.99954581	0.99946755	0.96297300
0.94371837	0.00000000	1.00561798	0.99942285	0.99986047	1.00016582	1.00004053	0.99735063	1.00340140
1.04857600	0.00000000	0.99633509	0.99973786	0.99998432	0.99995929	0.99945366	0.99893075	1.02325583
1.15343356	0.00000000	1.01438260	0.99972934	1.00019372	0.99992341	1.00077021	1.00142753	0.97233832
1.25829124	0.00000000	0.98717034	0.99960947	0.99946374	1.00004768	1.00037634	1.01115716	0.96629757
1.36314881	0.00000000	1.00449848	0.99975002	1.00011730	0.99996191	1.00026643	0.98844630	1.00932181
1.46800637	0.00000000	0.98882115	1.00008988	1.00030839	1.00011003	0.99978989	0.99606913	1.04782605
1.57286406	0.00000000	1.00650108	1.00010443	1.00002587	0.99992269	1.00156939	1.01178384	0.96969700
1.67772162	0.00000000	1.00000000	1.00007594	0.99983460	1.00001144	0.99741358	0.99149537	0.96842104
1.88743675	0.00000000	0.00000000	0.00000000	0.00000000	0.00000000	0.00000000	0.00000000	0.00000000
2.09715199	0.00000000	0.00000000	0.00000000	0.00000000	0.00000000	0.00000000	0.00000000	0.00000000
2.30686712	0.00000000	0.00000000	0.00000000	0.00000000	0.00000000	0.00000000	0.00000000	0.00000000
2.51658249	0.00000000	0.00000000	0.00000000	0.00000000	0.00000000	0.00000000	0.00000000	0.00000000
2.72629762	0.00000000	0.00000000	0.00000000	0.00000000	0.00000000	0.00000000	0.00000000	0.00000000
2.93601274	0.00000000	0.00000000	0.00000000	0.00000000	0.00000000	0.00000000	0.00000000	0.00000000
3.14572811	0.00000000	0.00000000	0.00000000	0.00000000	0.00000000	0.00000000	0.00000000	0.00000000
3.35544324	0.00000000	0.00000000	0.00000000	0.00000000	0.00000000	0.00000000	0.00000000	0.00000000
3.77487350	0.00000000	0.00000000	0.00000000	0.00000000	0.00000000	0.00000000	0.00000000	0.00000000
4.19430399	0.00000000	0.00000000	0.00000000	0.00000000	0.00000000	0.00000000	0.00000000	0.00000000
4.61373425	0.00000000	0.00000000	0.00000000	0.00000000	0.00000000	0.00000000	0.00000000	0.00000000
5.03316498	0.00000000	0.00000000	0.00000000	0.00000000	0.00000000	0.00000000	0.00000000	0.00000000
5.45259523	0.00000000	0.00000000	0.00000000	0.00000000	0.00000000	0.00000000	0.00000000	0.00000000
5.87202549	0.00000000	0.00000000	0.00000000	0.00000000	0.00000000	0.00000000	0.00000000	0.00000000
6.29145622	0.00000000	0.00000000	0.00000000	0.00000000	0.00000000	0.00000000	0.00000000	0.00000000
6.71088648	0.00000000	0.00000000	0.00000000	0.00000000	0.00000000	0.00000000	0.00000000	0.00000000
7.54974699	0.00000000	0.00000000	0.00000000	0.00000000	0.00000000	0.00000000	0.00000000	0.00000000
8.38860798	0.00000000	0.00000000	0.00000000	0.00000000	0.00000000	0.00000000	0.00000000	0.00000000
9.22746849	0.00000000	0.00000000	0.00000000	0.00000000	0.00000000	0.00000000	0.00000000	0.00000000
10.06632996	0.00000000	0.00000000	0.00000000	0.00000000	0.00000000	0.00000000	0.00000000	0.00000000
10.90519047	0.00000000	0.00000000	0.00000000	0.00000000	0.00000000	0.00000000	0.00000000	0.00000000
11.74405098	0.00000000	0.00000000	0.00000000	0.00000000	0.00000000	0.00000000	0.00000000	0.00000000
12.58291245	0.00000000	0.00000000	0.00000000	0.00000000	0.00000000	0.00000000	0.00000000	0.00000000
13.42177296	0.00000000	0.00000000	0.00000000	0.00000000	0.00000000	0.00000000	0.00000000	0.00000000
15.09949398	0.00000000	0.00000000	0.00000000	0.00000000	0.00000000	0.00000000	0.00000000	0.00000000
16.77721596	0.00000000	0.00000000	0.00000000	0.00000000	0.00000000	0.00000000	0.00000000	0.00000000
18.45493698	0.00000000	0.00000000	0.00000000	0.00000000	0.00000000	0.00000000	0.00000000	0.00000000
20.13265991	0.00000000	0.00000000	0.00000000	0.00000000	0.00000000	0.00000000	0.00000000	0.00000000
21.81038094	0.00000000	0.00000000	0.00000000	0.00000000	0.00000000	0.00000000	0.00000000	0.00000000
23.48810196	0.00000000	0.00000000	0.00000000	0.00000000	0.00000000	0.00000000	0.00000000	0.00000000
25.16582489	0.00000000	0.00000000	0.00000000	0.00000000	0.00000000	0.00000000	0.00000000	0.00000000
26.84354591	0.00000000	0.00000000	0.00000000	0.00000000	0.00000000	0.00000000	0.00000000	0.00000000
30.19898796	0.00000000	0.00000000	0.00000000	0.00000000	0.00000000	0.00000000	0.00000000	0.00000000
33.55443192	0.00000000	0.00000000	0.00000000	0.00000000	0.00000000	0.00000000	0.00000000	0.00000000
36.90987396	0.00000000	0.00000000	0.00000000	0.00000000	0.00000000	0.00000000	0.00000000	0.00000000
40.26531982	0.00000000	0.00000000	0.00000000	0.00000000	0.00000000	0.00000000	0.00000000	0.00000000
43.62076187	0.00000000	0.00000000	0.00000000	0.00000000	0.00000000	0.00000000	0.00000000	0.00000000
46.97620392	0.00000000	0.00000000	0.00000000	0.00000000	0.00000000	0.00000000	0.00000000	0.00000000
50.33164978	0.00000000	0.00000000	0.00000000	0.00000000	0.00000000	0.00000000	0.00000000	0.00000000
53.68709183	0.00000000	0.00000000	0.00000000	0.00000000	0.00000000	0.00000000	0.00000000	0.00000000
60.39797592	0.00000000	0.00000000	0.00000000	0.00000000	0.00000000	0.00000000	0.00000000	0.00000000
67.10886383	0.00000000	0.00000000	0.00000000	0.00000000	0.00000000	0.00000000	0.00000000	0.00000000
73.81974792	0.00000000	0.00000000	0.00000000	0.00000000	0.00000000	0.00000000	0.00000000	0.00000000
80.53063965	0.00000000	0.00000000	0.00000000	0.00000000	0.00000000	0.00000000	0.00000000	0.00000000
87.24152374	0.00000000	0.00000000	0.00000000	0.00000000	0.00000000	0.00000000	0.00000000	0.00000000
93.95240784	0.00000000	0.00000000	0.00000000	0.00000000	0.00000000	0.00000000	0.00000000	0.00000000
100.66329956	0.00000000	0.00000000	0.00000000	0.00000000	0.00000000	0.00000000	0.00000000	0.00000000
107.37418365	0.00000000	0.00000000	0.00000000	0.00000000	0.00000000	0.00000000	0.00000000	0.00000000
120.79595184	0.00000000	0.00000000	0.00000000	0.00000000	0.00000000	0.00000000	0.00000000	0.00000000
134.21772766	0.00000000	0.00000000	0.00000000	0.00000000	0.00000000	0.00000000	0.00000000	0.00000000
147.63949585	0.00000000	0.00000000	0.00000000	0.00000000	0.00000000	0.00000000	0.00000000	0.00000000
161.06127930	0.00000000	0.00000000	0.00000000	0.00000000	0.00000000	0.00000000	0.00000000	0.00000000
174.48304749	0.00000000	0.00000000	0.00000000	0.00000000	0.00000000	0.00000000	0.00000000	0.00000000
187.90481567	0.00000000	0.00000000	0.00000000	0.00000000	0.00000000	0.00000000	0.00000000	0.00000000
201.32659912	0.00000000	0.00000000	0.00000000	0.00000000	0.00000000	0.00000000	0.00000000	0.00000000
214.74836731	0.00000000	0.00000000	0.00000000	0.00000000	0.00000000	0.00000000	0.00000000	0.00000000
241.59190369	0.00000000	0.00000000	0.00000000	0.00000000	0.00000000	0.00000000	0.00000000	0.00000000
268.43545532	0.00000000	0.00000000	0.00000000	0.00000000	0.00000000	0.00000000	0.00000000	0.00000000
295.27899170	0.00000000	0.00000000	0.00000000	0.00000000	0.00000000	0.00000000	0.00000000	0.00000000
322.12255859	0.00000000	0.00000000	0.00000000	0.00000000	0.00000000	0.00000000	0.00000000	0.00000000
348.96609497	0.00000000	0.00000000	0.00000000	0.00000000	0.00000000	0.00000000	0.00000000	0.00000000
375.80963135	0.00000000	0.00000000	0.00000000	0.00000000	0.00000000	0.00000000	0.00000000	0.00000000
402.65319824	0.00000000	0.00000000	0.00000000	0.00000000	0.00000000	0.00000000	0.00000000	0.00000000
429.49673462	0.00000000	0.00000000	0.00000000	0.00000000	0.00000000	0.00000000	0.00000000	0.00000000
483.18380737	0.00000000	0.00000000	0.00000000	0.00000000	0.00000000	0.00000000	0.00000000	0.00000000
536.87091064	0.00000000	0.00000000	0.00000000	0.00000000	0.00000000	0.00000000	0.00000000	0.00000000
590.55798340	0.00000000	0.00000000	0.00000000	0.00000000	0.00000000	0.00000000	0.00000000	0.00000000
644.24511719	0.00000000	0.00000000	0.00000000	0.00000000	0.00000000	0.00000000	0.00000000	0.00000000
697.93218994	0.00000000	0.00000000	0.00000000	0.00000000	0.00000000	0.00000000	0.00000000	0.00000000
751.61926270	0.00000000	0.00000000	0.00000000	0.00000000	0.00000000	0.00000000	0.00000000	0.00000000
805.30639648	0.00000000	0.00000000	0.00000000	0.00000000	0.00000000	0.00000000	0.00000000	0.00000000
858.99346924	0.00000000	0.00000000	0.00000000	0.00000000	0.00000000	0.00000000	0.00000000	0.00000000
966.36761475	0.00000000	0.00000000	0.00000000	0.00000000	0.00000000	0.00000000	0.00000000	0.00000000
1073.74182129	0.00000000	0.00000000	0.00000000	0.00000000	0.00000000	0.00000000	0.00000000	0.00000000
1181.11596680	0.00000000	0.00000000	0.00000000	0.00000000	0.00000000	0.00000000	0.00000000	0.00000000
1288.49023437	0.00000000	0.00000000	0.00000000	0.00000000	0.00000000	0.00000000	0.00000000	0.00000000
1395.86437988	0.00000000	0.00000000	0.00000000	0.00000000	0.00000000	0.00000000	0.00000000	0.00000000
1503.23852539	0.00000000	0.00000000	0.00000000	0.00000000	0.00000000	0.00000000	0.00000000	0.00000000
1610.61279297	0.00000000	0.00000000	0.00000000	0.00000000	0.00000000	0.00000000	0.00000000	0.00000000
1717.98693848	0.00000000	0.00000000	0.00000000	0.00000000	0.00000000	0.00000000	0.00000000	0.00000000
1932.73522949	0.00000000	0.00000000	0.00000000	0.00000000	0.00000000	0.00000000	0.00000000	0.00000000
2147.48364258	0.00000000	0.00000000	0.00000000	0.00000000	0.00000000	0.00000000	0.00000000	0.00000000
2362.23193359	0.00000000	0.00000000	0.00000000	0.00000000	0.00000000	0.00000000	0.00000000	0.00000000
2576.98046875	0.00000000	0.00000000	0.00000000	0.00000000	0.00000000	0.00000000	0.00000000	0.00000000
2791.72875977	0.00000000	0.00000000	0.00000000	0.00000000	0.00000000	0.00000000	0.00000000	0.00000000
3006.47705078	0.00000000	0.00000000	0.00000000	0.00000000	0.00000000	0.00000000	0.00000000	0.00000000
3221.22558594	0.00000000	0.00000000	0.00000000	0.00000000	0.00000000	0.00000000	0.00000000	0.00000000
3435.97387695	0.00000000	0.00000000	0.00000000	0.00000000	0.00000000	0.00000000	0.00000000	0.00000000
0	0	0	0	0	0	0	0	0
