%4/2/2019 3:34:21 PM
%Duration	ID1		ID2		ID3		ID4		ID5		ID6		ID7		ID8
1000.000000	0.000000	0.476837	510.797516	237.293243	97.579956	33.340454	0.486374	0.190735
%Tau		Tau1		Tau2		Tau3		Tau4		Tau5		Tau6		Tau7		Tau8
%		0.000000	0.000001	0.000128	0.000090	0.000058	0.000032	0.000001	0.000002
%Delaytime	D1		D2		D3		D4		D5		D6		D7		D8
0.00000020	0.00000000	125.37442780	1.50612915	1.49933326	1.64762652	4.06445742	292.78799438	0.00000000
0.00000040	0.00000000	62.68721390	1.48769712	1.50030482	1.54737413	1.72625279	0.00000000	0.00000000
0.00000060	0.00000000	0.00000000	1.49741077	1.48106766	1.46346724	1.58011496	0.00000000	0.00000000
0.00000080	0.00000000	0.00000000	1.49665427	1.44725680	1.52340078	1.69885194	0.00000000	0.00000000
0.00000100	0.00000000	0.00000000	1.49020517	1.48573124	1.50269639	1.39744270	0.00000000	0.00000000
0.00000120	0.00000000	0.00000000	1.46209931	1.46435654	1.52884924	1.68971837	0.00000000	0.00000000
0.00000140	0.00000000	0.00000000	1.48236251	1.46163619	1.49070978	1.53444695	0.00000000	0.00000000
0.00000160	0.00000000	0.00000000	1.47750580	1.47407234	1.50487590	1.53444695	0.00000000	0.00000000
0.00000180	0.00000000	0.00000000	1.48343742	1.47620976	1.52449048	1.37917554	0.00000000	0.00000000
0.00000200	0.00000000	0.00000000	1.47101676	1.47776425	1.49506855	1.49791241	0.00000000	264.19149780
0.00000220	0.00000000	0.00000000	1.46771252	1.50477409	1.45365989	1.31524026	0.00000000	0.00000000
0.00000240	0.00000000	0.00000000	1.46639884	1.49680710	1.51250374	1.42484355	0.00000000	0.00000000
0.00000260	0.00000000	0.00000000	1.47093713	1.46319067	1.45801878	1.55271411	0.00000000	0.00000000
0.00000280	0.00000000	0.00000000	1.48037207	1.48903453	1.49288917	1.59838223	0.00000000	0.00000000
0.00000300	0.00000000	0.00000000	1.47782421	1.47659838	1.53102863	1.51617968	0.00000000	0.00000000
0.00000320	0.00000000	0.00000000	1.46596086	1.45483518	1.45910847	1.43397713	0.00000000	0.00000000
0.00000360	0.00000000	0.00000000	1.47290766	1.46795142	1.46401215	1.50247931	0.00000000	0.00000000
0.00000400	0.00000000	0.00000000	1.47949624	1.47543252	1.49016488	1.41570997	0.00000000	0.00000000
0.00000440	0.00000000	0.00000000	1.47477877	1.48233068	1.41606534	1.42027676	0.00000000	0.00000000
0.00000480	0.00000000	0.00000000	1.47483850	1.47164333	1.46019816	1.48877883	0.00000000	0.00000000
0.00000520	0.00000000	0.00000000	1.47077787	1.44657671	1.45420480	1.51617968	0.00000000	0.00000000
0.00000560	0.00000000	0.00000000	1.46002924	1.46124756	1.44766665	1.41114318	0.00000000	0.00000000
0.00000600	0.00000000	0.00000000	1.45662546	1.45774984	1.46619153	1.40657628	0.00000000	0.00000000
0.00000640	0.00000000	0.00000000	1.46209931	1.44016433	1.43949389	1.32894063	0.00000000	0.00000000
0.00000720	0.00000000	0.00000000	1.45818794	1.44171894	1.43813169	1.41799331	0.00000000	0.00000000
0.00000800	0.00000000	0.00000000	1.45472455	1.43312049	1.42995894	1.43397713	0.00000000	0.00000000
0.00000880	0.00000000	0.00000000	1.45600843	1.44827700	1.46373963	1.37004185	10.45671368	0.00000000
0.00000960	0.00000000	0.00000000	1.44569767	1.44385636	1.38855040	1.41799331	0.00000000	0.00000000
0.00001040	0.00000000	0.00000000	1.44965875	1.43438351	1.41987920	1.37917554	0.00000000	0.00000000
0.00001120	0.00000000	0.00000000	1.45161939	1.43593800	1.45011842	1.44539416	0.00000000	0.00000000
0.00001200	0.00000000	15.67180347	1.44452322	1.42393911	1.41524804	1.54814732	0.00000000	0.00000000
0.00001280	0.00000000	0.00000000	1.43857169	1.42257893	1.39999223	1.31752360	0.00000000	0.00000000
0.00001440	0.00000000	0.00000000	1.43891501	1.41920269	1.36784601	1.34264100	0.00000000	0.00000000
0.00001600	0.00000000	0.00000000	1.43433189	1.39877534	1.38364673	1.31980705	10.45671368	0.00000000
0.00001760	0.00000000	0.00000000	1.42337918	1.41055560	1.37901545	1.41799331	0.00000000	0.00000000
0.00001920	0.00000000	0.00000000	1.41892540	1.38864660	1.33093250	1.41456819	0.00000000	0.00000000
0.00002080	0.00000000	7.83590174	1.41698468	1.38767505	1.36920822	1.30953169	0.00000000	0.00000000
0.00002240	0.00000000	7.83590174	1.41332221	1.37810504	1.34046733	1.28213084	0.00000000	0.00000000
0.00002400	0.00000000	0.00000000	1.41112769	1.36717486	1.33433783	1.36319172	0.00000000	0.00000000
0.00002560	0.00000000	0.00000000	1.40601707	1.35845494	1.34400892	1.32094872	0.00000000	0.00000000
0.00002880	0.00000000	0.00000000	1.39600122	1.34625447	1.31069636	1.24904561	0.00000000	0.00000000
0.00003200	0.00000000	0.00000000	1.38461578	1.33232141	1.29848826	1.28857231	7.90899706	0.00000000
0.00003520	0.00000000	0.00000000	1.37486959	1.32407641	1.28171074	1.22815287	0.00000000	0.00000000
0.00003840	0.00000000	4.00000000	1.36766493	1.31323230	1.26888883	1.20274282	2.63633227	0.00000000
0.00004160	0.00000000	0.00000000	1.35417879	1.30123961	1.24863303	1.18410873	0.00000000	0.00000000
0.00004480	0.00000000	0.00000000	1.34872818	1.29560590	1.24003959	1.17450941	0.00000000	0.00000000
0.00004800	0.00000000	0.00000000	1.34018457	1.28304505	1.22204757	1.17563879	2.63633227	0.00000000
0.00005120	0.00000000	0.00000000	1.33228683	1.27583981	1.22293413	1.14066470	0.00000000	0.00000000
0.00005760	0.00000000	4.00000000	1.31516349	1.24557078	1.20224690	1.17445850	1.32375753	0.00000000
0.00006400	0.00000000	0.00000000	1.30136216	1.23093009	1.18937373	1.14654887	2.64751506	0.00000000
0.00007040	0.00000000	2.00000000	1.28689063	1.21849024	1.16771400	1.08368182	0.00000000	0.00000000
0.00007680	0.00000000	0.00000000	1.27379119	1.20725882	1.16355920	1.10651696	3.97127271	0.00000000
0.00008320	0.00000000	0.00000000	1.26157093	1.19223189	1.14430523	1.12427759	0.00000000	0.00000000
0.00008960	0.00000000	2.00000000	1.24748182	1.17728829	1.13800490	1.10620081	0.00000000	0.00000000
0.00009600	0.00000000	0.00000000	1.23348641	1.16694701	1.11481297	1.06898916	2.64751506	8.00000000
0.00010240	0.00000000	0.00000000	1.22379625	1.15814662	1.09833002	1.07688260	0.00000000	0.00000000
0.00011520	0.00000000	1.01049864	1.20387983	1.13789451	1.08783519	1.04886901	0.65354460	0.00000000
0.00012800	0.00000000	0.00000000	1.18447316	1.12415743	1.07343578	1.05339849	3.26772308	0.00000000
0.00014080	0.00000000	1.01049864	1.16822779	1.10303152	1.05879819	1.01886082	3.26772308	0.00000000
0.00015360	0.00000000	2.02099729	1.15215063	1.09770238	1.05474639	1.01886082	1.30708921	0.00000000
0.00016640	0.00000000	1.01049864	1.13533759	1.08289874	1.04517555	1.02604795	0.00000000	4.17202377
0.00017920	0.00000000	3.03149581	1.12242496	1.07398152	1.02864087	1.00804079	0.65354460	0.00000000
0.00019200	0.00000000	1.01049864	1.10998499	1.06410480	1.02375698	1.00563455	0.65354460	0.00000000
0.00020480	0.00000000	1.01049864	1.09831464	1.05729377	1.02626789	1.03510678	0.00000000	0.00000000
0.00023040	0.00000000	1.00522876	1.07887030	1.04810905	1.01509845	1.02739477	1.29615128	0.00000000
0.00025600	0.00000000	0.00000000	1.06307912	1.04151034	1.01226556	1.00985634	1.29615128	0.00000000
0.00028160	0.00000000	0.50261438	1.05125165	1.02915621	1.00981700	1.00897455	0.64807564	2.17769384
0.00030720	0.00000000	1.50784314	1.04072988	1.02571619	1.01696897	0.99739099	2.26826477	0.00000000
0.00033280	0.00000000	1.50784314	1.03314888	1.02153385	1.01260531	0.98924065	1.29615128	0.00000000
0.00035840	0.00000000	0.50261438	1.02674580	1.01484478	1.01000798	0.98921001	0.32403782	0.00000000
0.00038400	0.00000000	2.51307178	1.02179742	1.01352036	1.00481546	1.00260448	0.97211343	0.00000000
0.00040960	0.00000000	1.00522876	1.01851535	1.00960135	1.00150418	0.99948621	1.62018907	4.35538769
0.00046080	0.00000000	1.53174520	1.01236117	1.00573909	1.00377262	0.99301672	0.00000000	0.00000000
0.00051200	0.00000000	0.51058173	1.00906277	1.00426590	1.00479889	1.01051068	1.61004877	2.16592240
0.00056320	0.00000000	0.51058173	1.00596666	1.00189543	0.99580622	0.99665362	0.64401954	3.24888372
0.00061440	0.00000000	1.02116346	1.00514352	1.00438249	0.99136049	1.00714040	0.80502439	2.16592240
0.00066560	0.00000000	1.27645433	1.00522494	1.00576806	0.99289054	1.00056112	2.09306359	0.00000000
0.00071680	0.00000000	0.25529087	1.00268030	1.00624108	0.99450082	0.99760926	1.28803909	1.08296120
0.00076800	0.00000000	2.29761767	1.00385749	1.00596178	0.99966294	1.00619316	0.64401954	1.08296120
0.00081920	0.00000000	1.02116346	1.00536239	1.00530076	0.99291772	1.00721157	0.96602929	0.00000000
0.00092160	0.00000000	2.23832679	1.00581312	1.00528479	0.99758506	1.00452507	0.96602929	1.06555676
0.00102400	0.00000000	0.87046045	1.00282121	1.00641692	1.00074708	1.00746191	1.04653180	1.59833503
0.00112640	0.00000000	0.62175745	0.99999595	1.00737739	0.99572313	1.00901651	0.56351709	3.19667006
0.00122880	0.00000000	0.74610895	0.99849004	1.00413644	0.99641442	0.99498630	1.28803909	0.00000000
0.00133120	0.00000000	1.11916339	0.99865520	1.00543773	1.00222456	1.00263202	0.96602929	0.53277838
0.00143360	0.00000000	0.87046045	0.99817735	1.00571823	1.00408685	1.00552905	1.04653180	1.06555676
0.00153600	0.00000000	0.87046045	0.99638528	1.00022995	0.99961030	0.99778038	1.36854148	3.19667006
0.00163840	0.00000000	1.61656940	0.99539226	0.99920946	0.99726760	0.99996632	0.88552684	2.66389179
0.00184320	0.00000000	1.57066989	0.99495387	0.99747258	0.99686313	1.00460207	0.84527564	0.79489392
0.00204800	0.00000000	1.44501638	0.99949932	0.99769092	0.99164104	1.00320840	0.76477319	0.79064316
0.00225280	0.00000000	0.75392157	0.99916750	0.99512672	0.99531829	1.00181007	1.12703419	0.52709544
0.00245760	0.00000000	1.06805551	0.99647349	0.99480945	0.99586594	1.00275993	1.20753658	0.52709544
0.00266240	0.00000000	1.31936276	0.99605584	0.99812841	0.99955249	1.00186324	0.92577809	1.31773853
0.00286720	0.00000000	0.94240195	0.99423569	0.99708688	1.00163102	1.00696409	1.04653180	0.79064316
0.00307200	0.00000000	1.19370914	0.99750018	0.99560702	0.99796116	0.99954575	0.88552684	0.79064316
0.00327680	0.00000000	0.81462139	0.99805319	0.99920475	0.99892181	0.99990535	0.88552684	0.79064316
0.00368640	0.00000000	0.98148990	1.00542235	1.00139749	1.00172675	0.99931180	0.95787704	1.31773853
0.00409600	0.00000000	1.07647276	1.00345039	0.99818879	1.00460589	1.00169468	0.83559489	0.65886927
0.00450560	0.00000000	1.07647276	1.00026536	0.99515975	0.99981314	1.00434828	0.69293231	1.71306014
0.00491520	0.00000000	0.63156599	0.99945760	0.99798161	0.99952400	0.99910319	1.03721941	1.44951248
0.00532480	0.00000000	1.38582683	1.00029147	0.99236083	1.00071287	1.00532973	1.07789469	0.65886927
0.00573440	0.00000000	0.85039371	1.00290382	0.99629259	0.99375105	0.99841994	0.93553126	0.65886927
0.00614400	0.00000000	1.10236216	1.00125790	1.00113237	0.99677610	1.00446701	1.05755711	1.05419087
0.00655360	0.00000000	0.91338581	1.00117135	1.00182498	0.99788022	1.00319219	0.56945384	0.65886927
0.00737280	0.00000000	0.95313144	0.99994093	1.00227368	0.99800622	1.00069988	1.11777461	0.96240604
0.00819200	0.00000000	0.96875656	0.99751633	0.99948794	0.99917686	0.99745405	0.94344276	0.90299821
0.00901120	0.00000000	1.09375739	0.99472409	0.99806637	0.99991977	0.99981672	1.19206786	0.83849835
0.00983040	0.00000000	0.71875489	1.00179541	1.00075424	0.99956930	1.00201464	0.97626245	0.64499873
0.01064960	0.00000000	0.81677061	1.00036120	0.99744767	0.99813956	1.00225270	0.92488027	1.09649789
0.01146880	0.00000000	0.95813477	0.99549508	0.99933505	0.99725562	0.99943495	0.87349802	1.10822511
0.01228800	0.00000000	1.02096331	0.99590099	0.99702168	1.00306129	0.99981123	1.10985625	1.17341483
0.01310720	0.00000000	0.81677061	0.99582404	0.99848419	1.00210726	0.99895060	0.92293310	0.84746623
0.01474560	0.00000000	0.86045355	1.00234020	0.99943244	1.00166225	1.00028205	1.05401731	0.90299821
0.01638400	0.00000000	1.05699480	1.00166273	1.00213194	1.00106692	1.00031614	1.09726489	0.93032581
0.01802240	0.00000000	0.90932643	1.00014091	0.99573290	0.99968684	0.99963146	0.98750168	1.12280703
0.01966080	0.00000000	0.88832372	1.00170135	0.99969321	0.99918842	1.00170720	1.09264493	0.99448621
0.02129920	0.00000000	0.97403914	0.99845535	0.99501336	0.99818742	1.00001168	0.99773484	1.19324768
0.02293760	0.00000000	0.92431968	0.99986237	1.00233674	0.99717021	0.99712878	0.98750168	0.96749812
0.02457600	0.00000000	1.05748439	0.99899983	1.00010180	0.99964643	0.99722582	0.95680213	0.97784567
0.02621440	0.00000000	1.08881724	0.99791253	0.99899364	0.99829859	1.00037873	0.99354267	1.07563031
0.02949120	0.00000000	1.01424873	0.99788553	0.99853784	0.99875182	0.99974358	1.05913389	0.82239640
0.03276800	0.00000000	0.92338914	0.99734563	0.99928176	1.00073123	0.99937069	0.96447700	0.66464031
0.03604480	0.00000000	0.96348578	1.00057626	1.00017822	1.00070131	0.99696374	1.01308465	0.93389463
0.03932160	0.00000000	0.94924450	0.99845958	0.99808806	0.99899852	0.99961281	1.05213618	0.85197407
0.04259840	0.00000000	1.04922283	0.99856609	0.99899000	1.00009179	1.00002098	0.91773587	1.11411989
0.04587520	0.00000000	0.97403914	1.00202966	1.00180078	1.00061929	0.99543971	1.01942408	1.03219938
0.04915200	0.00000000	0.99351996	0.99869668	1.00234270	0.99904037	0.99656874	0.97670114	0.78643757
0.05242880	0.00000000	0.97793531	1.00308716	0.99793667	1.00040805	0.99812597	1.00757277	0.81920582
0.05898240	0.00000000	0.99936420	1.00038576	1.00143015	0.99900007	0.99990821	0.96681911	0.89635855
0.06553600	0.00000000	1.00773835	0.99876535	0.99912173	0.99999571	1.00035024	0.99484283	0.94214028
0.07208960	0.00000000	1.03293180	1.00111902	0.99924117	1.00105155	0.99827361	0.98513907	0.94214028
0.07864320	0.00000000	1.02130413	1.00087690	0.99895936	0.99998069	1.00096178	0.95081806	0.92575526
0.08519680	0.00000000	0.98958278	0.99803281	0.99997771	1.00035322	1.00024986	1.07381880	1.08725870
0.09175040	0.00000000	1.07229471	1.00005412	1.00103569	0.99946594	0.99892229	0.97139895	0.86956519
0.09830400	0.00000000	1.06754696	1.00005031	0.99920791	0.99850088	1.00274873	1.04032874	1.08488607
0.10485760	0.00000000	0.95119768	0.99958235	0.99930805	1.00021672	1.00209701	0.96651608	1.06748152
0.11796480	0.00000000	1.02931702	0.99872947	0.99986494	1.00035346	1.00234282	1.04756463	1.01984131
0.13107200	0.00000000	0.97506905	0.99948937	1.00069273	0.99976134	0.99926108	0.96859723	0.88481677
0.14417920	0.00000000	0.98108518	1.00137269	0.99984431	0.99995476	0.99953520	0.96342391	1.03681898
0.15728641	0.00000000	1.04608905	0.99942726	0.99930423	1.00081360	0.99977350	0.96641445	1.04547894
0.17039360	0.00000000	0.98720527	0.99892837	0.99987096	0.99939340	0.99854225	0.97042388	0.92275673
0.18350080	0.00000000	1.01504087	1.00026178	1.00106084	0.99926180	1.00288725	1.00847244	0.99100047
0.19660801	0.00000000	0.97027320	1.00090826	0.99947429	1.00044990	1.00035655	0.99027389	1.02567565
0.20971520	0.00000000	0.96904767	1.00082421	0.99999958	0.99993789	0.99879473	0.97928983	1.07999647
0.23592959	0.00000000	1.02587032	0.99958473	0.99977779	0.99993467	1.00007463	0.99466223	1.06402612
0.26214400	0.00000000	0.98775512	0.99967879	0.99972522	0.99980187	1.00040972	0.99673879	0.96366280
0.28835839	0.00000000	1.02106893	0.99994099	1.00068200	1.00027955	0.99912596	1.01459110	0.92693228
0.31457281	0.00000000	0.93229848	0.99992269	0.99921507	0.99979228	0.99954802	1.00484848	1.01518500
0.34078720	0.00000000	1.05810082	1.00002980	1.00037324	0.99974251	1.00037122	0.97870398	1.03474987
0.36700159	0.00000000	0.99932039	1.00022507	0.99954528	0.99981248	1.00069261	0.98514849	1.01757956
0.39321601	0.00000000	0.95610219	1.00003994	1.00058365	1.00033677	0.99925160	1.02280891	1.00030863
0.41943040	0.00000000	1.02341330	1.00069070	0.99995679	1.00007403	0.99931920	0.99606884	0.93422383
0.47185919	0.00000000	1.01374853	1.00011814	0.99984765	1.00013101	1.00069690	0.98930562	0.99192941
0.52428800	0.00000000	1.01131940	1.00028992	1.00021529	1.00006604	0.99949431	0.99180675	1.00178576
0.57671678	0.00000000	0.99072683	1.00032198	1.00028753	0.99987036	1.00018287	0.96628350	1.00078773
0.62914562	0.00000000	1.01263964	0.99960864	0.99951929	0.99994367	1.00027514	0.99174464	1.01562047
0.68157440	0.00000000	1.01330245	1.00015163	0.99994808	1.00006902	0.99959028	1.02244031	0.94623655
0.73400319	0.00000000	0.98371297	0.99999958	1.00043988	0.99975026	1.00074089	1.00674880	1.03313005
0.78643203	0.00000000	1.01169360	0.99939239	0.99968338	1.00010145	0.99930346	1.02650976	1.00579834
0.83886081	0.00000000	0.97315860	0.99972773	0.99977505	0.99992830	1.00112438	1.00098908	0.94367993
0.94371837	0.00000000	1.00534558	1.00015700	0.99975294	1.00019789	1.00013888	1.00727844	0.99787235
1.04857600	0.00000000	0.99796420	1.00003958	0.99966818	0.99992841	0.99993598	0.98830903	1.00370371
1.15343356	0.00000000	1.01262558	1.00000012	1.00025213	1.00012732	0.99987739	1.01726401	0.97313434
1.25829124	0.00000000	0.98995697	0.99965817	1.00033998	1.00019908	1.00019503	0.98407644	1.00526321
1.36314881	0.00000000	0.98948222	0.99997419	0.99963385	0.99978745	0.99986982	0.98307294	0.99213690
1.46800637	0.00000000	1.01489365	1.00004399	0.99977726	0.99979383	0.99989408	0.99427611	1.02777779
1.57286406	0.00000000	0.99521530	0.99986809	0.99960649	1.00019109	1.00020838	1.02231658	0.94211823
1.67772162	0.00000000	0.99645388	1.00004816	1.00066948	1.00003755	1.00002921	0.98249513	1.01754391
1.88743675	0.00000000	0.00000000	0.00000000	0.00000000	0.00000000	0.00000000	0.00000000	0.00000000
2.09715199	0.00000000	0.00000000	0.00000000	0.00000000	0.00000000	0.00000000	0.00000000	0.00000000
2.30686712	0.00000000	0.00000000	0.00000000	0.00000000	0.00000000	0.00000000	0.00000000	0.00000000
2.51658249	0.00000000	0.00000000	0.00000000	0.00000000	0.00000000	0.00000000	0.00000000	0.00000000
2.72629762	0.00000000	0.00000000	0.00000000	0.00000000	0.00000000	0.00000000	0.00000000	0.00000000
2.93601274	0.00000000	0.00000000	0.00000000	0.00000000	0.00000000	0.00000000	0.00000000	0.00000000
3.14572811	0.00000000	0.00000000	0.00000000	0.00000000	0.00000000	0.00000000	0.00000000	0.00000000
3.35544324	0.00000000	0.00000000	0.00000000	0.00000000	0.00000000	0.00000000	0.00000000	0.00000000
3.77487350	0.00000000	0.00000000	0.00000000	0.00000000	0.00000000	0.00000000	0.00000000	0.00000000
4.19430399	0.00000000	0.00000000	0.00000000	0.00000000	0.00000000	0.00000000	0.00000000	0.00000000
4.61373425	0.00000000	0.00000000	0.00000000	0.00000000	0.00000000	0.00000000	0.00000000	0.00000000
5.03316498	0.00000000	0.00000000	0.00000000	0.00000000	0.00000000	0.00000000	0.00000000	0.00000000
5.45259523	0.00000000	0.00000000	0.00000000	0.00000000	0.00000000	0.00000000	0.00000000	0.00000000
5.87202549	0.00000000	0.00000000	0.00000000	0.00000000	0.00000000	0.00000000	0.00000000	0.00000000
6.29145622	0.00000000	0.00000000	0.00000000	0.00000000	0.00000000	0.00000000	0.00000000	0.00000000
6.71088648	0.00000000	0.00000000	0.00000000	0.00000000	0.00000000	0.00000000	0.00000000	0.00000000
7.54974699	0.00000000	0.00000000	0.00000000	0.00000000	0.00000000	0.00000000	0.00000000	0.00000000
8.38860798	0.00000000	0.00000000	0.00000000	0.00000000	0.00000000	0.00000000	0.00000000	0.00000000
9.22746849	0.00000000	0.00000000	0.00000000	0.00000000	0.00000000	0.00000000	0.00000000	0.00000000
10.06632996	0.00000000	0.00000000	0.00000000	0.00000000	0.00000000	0.00000000	0.00000000	0.00000000
10.90519047	0.00000000	0.00000000	0.00000000	0.00000000	0.00000000	0.00000000	0.00000000	0.00000000
11.74405098	0.00000000	0.00000000	0.00000000	0.00000000	0.00000000	0.00000000	0.00000000	0.00000000
12.58291245	0.00000000	0.00000000	0.00000000	0.00000000	0.00000000	0.00000000	0.00000000	0.00000000
13.42177296	0.00000000	0.00000000	0.00000000	0.00000000	0.00000000	0.00000000	0.00000000	0.00000000
15.09949398	0.00000000	0.00000000	0.00000000	0.00000000	0.00000000	0.00000000	0.00000000	0.00000000
16.77721596	0.00000000	0.00000000	0.00000000	0.00000000	0.00000000	0.00000000	0.00000000	0.00000000
18.45493698	0.00000000	0.00000000	0.00000000	0.00000000	0.00000000	0.00000000	0.00000000	0.00000000
20.13265991	0.00000000	0.00000000	0.00000000	0.00000000	0.00000000	0.00000000	0.00000000	0.00000000
21.81038094	0.00000000	0.00000000	0.00000000	0.00000000	0.00000000	0.00000000	0.00000000	0.00000000
23.48810196	0.00000000	0.00000000	0.00000000	0.00000000	0.00000000	0.00000000	0.00000000	0.00000000
25.16582489	0.00000000	0.00000000	0.00000000	0.00000000	0.00000000	0.00000000	0.00000000	0.00000000
26.84354591	0.00000000	0.00000000	0.00000000	0.00000000	0.00000000	0.00000000	0.00000000	0.00000000
30.19898796	0.00000000	0.00000000	0.00000000	0.00000000	0.00000000	0.00000000	0.00000000	0.00000000
33.55443192	0.00000000	0.00000000	0.00000000	0.00000000	0.00000000	0.00000000	0.00000000	0.00000000
36.90987396	0.00000000	0.00000000	0.00000000	0.00000000	0.00000000	0.00000000	0.00000000	0.00000000
40.26531982	0.00000000	0.00000000	0.00000000	0.00000000	0.00000000	0.00000000	0.00000000	0.00000000
43.62076187	0.00000000	0.00000000	0.00000000	0.00000000	0.00000000	0.00000000	0.00000000	0.00000000
46.97620392	0.00000000	0.00000000	0.00000000	0.00000000	0.00000000	0.00000000	0.00000000	0.00000000
50.33164978	0.00000000	0.00000000	0.00000000	0.00000000	0.00000000	0.00000000	0.00000000	0.00000000
53.68709183	0.00000000	0.00000000	0.00000000	0.00000000	0.00000000	0.00000000	0.00000000	0.00000000
60.39797592	0.00000000	0.00000000	0.00000000	0.00000000	0.00000000	0.00000000	0.00000000	0.00000000
67.10886383	0.00000000	0.00000000	0.00000000	0.00000000	0.00000000	0.00000000	0.00000000	0.00000000
73.81974792	0.00000000	0.00000000	0.00000000	0.00000000	0.00000000	0.00000000	0.00000000	0.00000000
80.53063965	0.00000000	0.00000000	0.00000000	0.00000000	0.00000000	0.00000000	0.00000000	0.00000000
87.24152374	0.00000000	0.00000000	0.00000000	0.00000000	0.00000000	0.00000000	0.00000000	0.00000000
93.95240784	0.00000000	0.00000000	0.00000000	0.00000000	0.00000000	0.00000000	0.00000000	0.00000000
100.66329956	0.00000000	0.00000000	0.00000000	0.00000000	0.00000000	0.00000000	0.00000000	0.00000000
107.37418365	0.00000000	0.00000000	0.00000000	0.00000000	0.00000000	0.00000000	0.00000000	0.00000000
120.79595184	0.00000000	0.00000000	0.00000000	0.00000000	0.00000000	0.00000000	0.00000000	0.00000000
134.21772766	0.00000000	0.00000000	0.00000000	0.00000000	0.00000000	0.00000000	0.00000000	0.00000000
147.63949585	0.00000000	0.00000000	0.00000000	0.00000000	0.00000000	0.00000000	0.00000000	0.00000000
161.06127930	0.00000000	0.00000000	0.00000000	0.00000000	0.00000000	0.00000000	0.00000000	0.00000000
174.48304749	0.00000000	0.00000000	0.00000000	0.00000000	0.00000000	0.00000000	0.00000000	0.00000000
187.90481567	0.00000000	0.00000000	0.00000000	0.00000000	0.00000000	0.00000000	0.00000000	0.00000000
201.32659912	0.00000000	0.00000000	0.00000000	0.00000000	0.00000000	0.00000000	0.00000000	0.00000000
214.74836731	0.00000000	0.00000000	0.00000000	0.00000000	0.00000000	0.00000000	0.00000000	0.00000000
241.59190369	0.00000000	0.00000000	0.00000000	0.00000000	0.00000000	0.00000000	0.00000000	0.00000000
268.43545532	0.00000000	0.00000000	0.00000000	0.00000000	0.00000000	0.00000000	0.00000000	0.00000000
295.27899170	0.00000000	0.00000000	0.00000000	0.00000000	0.00000000	0.00000000	0.00000000	0.00000000
322.12255859	0.00000000	0.00000000	0.00000000	0.00000000	0.00000000	0.00000000	0.00000000	0.00000000
348.96609497	0.00000000	0.00000000	0.00000000	0.00000000	0.00000000	0.00000000	0.00000000	0.00000000
375.80963135	0.00000000	0.00000000	0.00000000	0.00000000	0.00000000	0.00000000	0.00000000	0.00000000
402.65319824	0.00000000	0.00000000	0.00000000	0.00000000	0.00000000	0.00000000	0.00000000	0.00000000
429.49673462	0.00000000	0.00000000	0.00000000	0.00000000	0.00000000	0.00000000	0.00000000	0.00000000
483.18380737	0.00000000	0.00000000	0.00000000	0.00000000	0.00000000	0.00000000	0.00000000	0.00000000
536.87091064	0.00000000	0.00000000	0.00000000	0.00000000	0.00000000	0.00000000	0.00000000	0.00000000
590.55798340	0.00000000	0.00000000	0.00000000	0.00000000	0.00000000	0.00000000	0.00000000	0.00000000
644.24511719	0.00000000	0.00000000	0.00000000	0.00000000	0.00000000	0.00000000	0.00000000	0.00000000
697.93218994	0.00000000	0.00000000	0.00000000	0.00000000	0.00000000	0.00000000	0.00000000	0.00000000
751.61926270	0.00000000	0.00000000	0.00000000	0.00000000	0.00000000	0.00000000	0.00000000	0.00000000
805.30639648	0.00000000	0.00000000	0.00000000	0.00000000	0.00000000	0.00000000	0.00000000	0.00000000
858.99346924	0.00000000	0.00000000	0.00000000	0.00000000	0.00000000	0.00000000	0.00000000	0.00000000
966.36761475	0.00000000	0.00000000	0.00000000	0.00000000	0.00000000	0.00000000	0.00000000	0.00000000
1073.74182129	0.00000000	0.00000000	0.00000000	0.00000000	0.00000000	0.00000000	0.00000000	0.00000000
1181.11596680	0.00000000	0.00000000	0.00000000	0.00000000	0.00000000	0.00000000	0.00000000	0.00000000
1288.49023437	0.00000000	0.00000000	0.00000000	0.00000000	0.00000000	0.00000000	0.00000000	0.00000000
1395.86437988	0.00000000	0.00000000	0.00000000	0.00000000	0.00000000	0.00000000	0.00000000	0.00000000
1503.23852539	0.00000000	0.00000000	0.00000000	0.00000000	0.00000000	0.00000000	0.00000000	0.00000000
1610.61279297	0.00000000	0.00000000	0.00000000	0.00000000	0.00000000	0.00000000	0.00000000	0.00000000
1717.98693848	0.00000000	0.00000000	0.00000000	0.00000000	0.00000000	0.00000000	0.00000000	0.00000000
1932.73522949	0.00000000	0.00000000	0.00000000	0.00000000	0.00000000	0.00000000	0.00000000	0.00000000
2147.48364258	0.00000000	0.00000000	0.00000000	0.00000000	0.00000000	0.00000000	0.00000000	0.00000000
2362.23193359	0.00000000	0.00000000	0.00000000	0.00000000	0.00000000	0.00000000	0.00000000	0.00000000
2576.98046875	0.00000000	0.00000000	0.00000000	0.00000000	0.00000000	0.00000000	0.00000000	0.00000000
2791.72875977	0.00000000	0.00000000	0.00000000	0.00000000	0.00000000	0.00000000	0.00000000	0.00000000
3006.47705078	0.00000000	0.00000000	0.00000000	0.00000000	0.00000000	0.00000000	0.00000000	0.00000000
3221.22558594	0.00000000	0.00000000	0.00000000	0.00000000	0.00000000	0.00000000	0.00000000	0.00000000
3435.97387695	0.00000000	0.00000000	0.00000000	0.00000000	0.00000000	0.00000000	0.00000000	0.00000000
0	0	0	0	0	0	0	0	0
