%4/2/2019 3:34:37 PM
%Duration	ID1		ID2		ID3		ID4		ID5		ID6		ID7		ID8
1000.000000	0.000000	0.429153	522.327454	235.595703	98.648071	33.254623	0.448227	0.228882
%Tau		Tau1		Tau2		Tau3		Tau4		Tau5		Tau6		Tau7		Tau8
%		0.000000	0.000001	0.000128	0.000090	0.000058	0.000035	0.000001	0.000001
%Delaytime	D1		D2		D3		D4		D5		D6		D7		D8
0.00000020	0.00000000	509.34371948	1.47939289	1.44676721	1.67401707	3.82246470	203.10394287	0.00000000
0.00000040	0.00000000	0.00000000	1.45778930	1.48284423	1.44785702	1.64890635	0.00000000	278.74481201
0.00000060	0.00000000	0.00000000	1.46208608	1.48206830	1.55714965	1.42405546	0.00000000	0.00000000
0.00000080	0.00000000	0.00000000	1.45412898	1.48769331	1.48032022	1.63016868	40.62078857	0.00000000
0.00000100	0.00000000	0.00000000	1.44947410	1.47450376	1.51602972	1.51774335	0.00000000	0.00000000
0.00000120	0.00000000	0.00000000	1.45774949	1.45471966	1.44352865	1.53648090	0.00000000	0.00000000
0.00000140	0.00000000	0.00000000	1.44012439	1.48885703	1.41322970	1.50837457	0.00000000	0.00000000
0.00000160	0.00000000	0.00000000	1.44716644	1.46402979	1.45976019	1.62079990	0.00000000	0.00000000
0.00000180	0.00000000	0.00000000	1.44696748	1.48226237	1.45326757	1.48963690	0.00000000	0.00000000
0.00000200	0.00000000	0.00000000	1.45015037	1.47140038	1.48248446	1.48026812	0.00000000	0.00000000
0.00000220	0.00000000	0.00000000	1.45436764	1.48439586	1.48140228	1.48026812	0.00000000	0.00000000
0.00000240	0.00000000	0.00000000	1.43045640	1.48846912	1.54524660	1.32099879	0.00000000	0.00000000
0.00000260	0.00000000	0.00000000	1.43073499	1.47644341	1.45759606	1.32099879	0.00000000	0.00000000
0.00000280	0.00000000	0.00000000	1.43749857	1.47178829	1.45326757	1.39594913	0.00000000	0.00000000
0.00000300	0.00000000	0.00000000	1.44462013	1.47353399	1.46625280	1.48026812	0.00000000	0.00000000
0.00000320	0.00000000	0.00000000	1.44036305	1.47877097	1.53875387	1.44279301	0.00000000	0.00000000
0.00000360	0.00000000	0.00000000	1.43757808	1.47770417	1.48518968	1.52242768	0.00000000	0.00000000
0.00000400	0.00000000	0.00000000	1.42637837	1.47780120	1.44785702	1.41937101	0.00000000	0.00000000
0.00000440	0.00000000	0.00000000	1.42993927	1.45714414	1.43433070	1.44279301	0.00000000	0.00000000
0.00000480	0.00000000	0.00000000	1.43083441	1.44880378	1.47382760	1.28820801	0.00000000	0.00000000
0.00000520	0.00000000	0.00000000	1.43093383	1.46005356	1.46625280	1.47089934	0.00000000	0.00000000
0.00000560	0.00000000	31.83398247	1.43825448	1.45462263	1.49655175	1.33505201	0.00000000	0.00000000
0.00000600	0.00000000	0.00000000	1.43332100	1.44395471	1.47328651	1.40063345	0.00000000	0.00000000
0.00000640	0.00000000	0.00000000	1.43250537	1.43978453	1.45543182	1.43810868	0.00000000	0.00000000
0.00000720	0.00000000	0.00000000	1.42377245	1.44511843	1.43703604	1.32568324	0.00000000	0.00000000
0.00000800	0.00000000	0.00000000	1.42370284	1.44405162	1.46760547	1.26244390	0.00000000	0.00000000
0.00000880	0.00000000	0.00000000	1.42195225	1.42320073	1.44515181	1.41000223	0.00000000	0.00000000
0.00000960	0.00000000	0.00000000	1.41017568	1.43542039	1.41593492	1.41937101	10.15519714	0.00000000
0.00001040	0.00000000	0.00000000	1.41874945	1.43745697	1.41701710	1.37721157	0.00000000	0.00000000
0.00001120	0.00000000	0.00000000	1.41254294	1.41044760	1.41079497	1.44981956	0.00000000	0.00000000
0.00001200	0.00000000	0.00000000	1.40316343	1.42431593	1.40836024	1.32099879	0.00000000	0.00000000
0.00001280	0.00000000	0.00000000	1.40845490	1.41636348	1.39645708	1.25775945	0.00000000	0.00000000
0.00001440	0.00000000	0.00000000	1.40372539	1.41442394	1.40105605	1.41585779	0.00000000	0.00000000
0.00001600	0.00000000	0.00000000	1.39686739	1.39342749	1.40646648	1.32919645	5.07759857	0.00000000
0.00001760	0.00000000	0.00000000	1.38557816	1.40002215	1.35290229	1.37135601	0.00000000	0.00000000
0.00001920	0.00000000	0.00000000	1.38864160	1.37567985	1.39212859	1.35027623	0.00000000	0.00000000
0.00002080	0.00000000	0.00000000	1.38667727	1.38802075	1.35046756	1.29874790	0.00000000	0.00000000
0.00002240	0.00000000	7.95849562	1.37884939	1.36867297	1.37075710	1.31163001	0.00000000	0.00000000
0.00002400	0.00000000	0.00000000	1.37082255	1.37233400	1.33085442	1.25893056	0.00000000	0.00000000
0.00002560	0.00000000	0.00000000	1.37382150	1.35933852	1.34884441	1.29055023	0.00000000	0.00000000
0.00002880	0.00000000	0.00000000	1.36246848	1.34906626	1.31613004	1.30376053	0.00000000	0.00000000
0.00003200	0.00000000	0.00000000	1.35106564	1.33969283	1.30075216	1.25196326	0.00000000	0.00000000
0.00003520	0.00000000	0.00000000	1.34620690	1.32134986	1.28544199	1.28021634	0.00000000	0.00000000
0.00003840	0.00000000	0.00000000	1.33637846	1.31224775	1.27067387	1.20546341	2.51786089	0.00000000
0.00004160	0.00000000	0.00000000	1.32561278	1.29961944	1.25001192	1.20016599	2.51786089	0.00000000
0.00004480	0.00000000	3.89783311	1.32039738	1.29017401	1.23476958	1.18309641	0.00000000	0.00000000
0.00004800	0.00000000	0.00000000	1.31273806	1.28007138	1.22275269	1.20840645	0.00000000	0.00000000
0.00005120	0.00000000	0.00000000	1.30547762	1.26878095	1.22742689	1.18313384	0.00000000	0.00000000
0.00005760	0.00000000	0.00000000	1.28723061	1.25623286	1.19042170	1.13212991	1.26939964	0.00000000
0.00006400	0.00000000	3.95865655	1.27151442	1.23310101	1.17743540	1.14626312	1.26939964	0.00000000
0.00007040	0.00000000	1.97932827	1.25783086	1.22269857	1.17244291	1.13684094	1.26939964	0.00000000
0.00007680	0.00000000	0.00000000	1.24272358	1.21005225	1.15478253	1.12830210	3.80819893	0.00000000
0.00008320	0.00000000	0.00000000	1.23035872	1.19372916	1.13610339	1.09296906	1.26939964	0.00000000
0.00008960	0.00000000	1.97932827	1.21972656	1.18121529	1.12082040	1.11593556	0.00000000	0.00000000
0.00009600	0.00000000	3.95865655	1.20954788	1.16933048	1.11388016	1.04291391	1.26939964	0.00000000
0.00010240	0.00000000	0.00000000	1.19927502	1.15937543	1.09948039	1.07706916	1.26939964	0.00000000
0.00011520	0.00000000	0.00000000	1.17987454	1.14075172	1.08615911	1.05547917	0.63207436	0.00000000
0.00012800	0.00000000	1.00522876	1.16171241	1.12539530	1.06754053	1.04114807	0.63207436	4.40311766
0.00014080	0.00000000	0.00000000	1.14685452	1.11259973	1.05510211	1.01012194	0.00000000	0.00000000
0.00015360	0.00000000	3.01568627	1.12906063	1.09813344	1.05837846	1.02386200	1.89622319	0.00000000
0.00016640	0.00000000	1.00522876	1.11739695	1.08254838	1.04636335	0.99194944	1.26414871	0.00000000
0.00017920	0.00000000	1.00522876	1.10401118	1.07328701	1.03326368	1.00037086	0.63207436	0.00000000
0.00019200	0.00000000	0.00000000	1.09306908	1.06583202	1.03203249	1.02711236	1.26414871	4.40311766
0.00020480	0.00000000	0.00000000	1.08344853	1.05503881	1.02719176	1.02164590	0.00000000	0.00000000
0.00023040	0.00000000	0.00000000	1.07015538	1.04421508	1.00879943	0.99747789	0.31867081	0.00000000
0.00025600	0.00000000	0.50261438	1.05681467	1.02923024	1.00991178	1.01029611	0.31867081	0.00000000
0.00028160	0.00000000	0.00000000	1.04433775	1.01948869	1.01132381	0.98849225	0.00000000	2.15421486
0.00030720	0.00000000	0.00000000	1.03478968	1.01514590	1.00782371	0.99381387	0.31867081	0.00000000
0.00033280	0.00000000	0.00000000	1.02587903	1.00719261	1.00355065	0.99263132	0.31867081	0.00000000
0.00035840	0.00000000	1.50784314	1.01787281	1.00389218	1.00760722	0.99628448	1.27468324	0.00000000
0.00038400	0.00000000	1.50784314	1.01259935	0.99927324	1.00384474	0.99199748	0.95601249	0.00000000
0.00040960	0.00000000	1.50784314	1.01002848	0.99687618	1.00438523	0.99470079	0.63734162	2.15421486
0.00046080	0.00000000	0.50790852	1.00595224	0.99543434	1.00673175	1.00599265	1.58018589	1.10077941
0.00051200	0.00000000	1.26977134	1.00294733	0.99732679	1.00057149	0.99460632	0.31603718	2.20155883
0.00056320	0.00000000	2.03163409	1.00284719	0.99976051	1.00336289	1.00883794	0.79009295	1.10077941
0.00061440	0.00000000	1.52372551	1.00189841	1.00162721	1.00007153	1.00432479	1.10613012	1.10077941
0.00066560	0.00000000	0.25395426	1.00135732	0.99819922	0.99925071	1.00970984	0.94811159	1.10077941
0.00071680	0.00000000	1.01581705	1.00321889	0.99857497	0.99300617	1.00539124	0.63207436	0.00000000
0.00076800	0.00000000	0.50790852	1.00194645	0.99972796	0.99940079	1.00132632	0.47405580	0.00000000
0.00081920	0.00000000	0.76186275	0.99997276	0.99891520	0.99468517	1.00719690	1.10613012	2.20155883
0.00092160	0.00000000	0.76587260	0.99827814	0.99756747	0.99484473	0.99755114	0.79667705	0.55038971
0.00102400	0.00000000	1.02116346	0.99896955	1.00543678	1.00184917	0.99919343	1.43401873	1.10077941
0.00112640	0.00000000	0.51058173	0.99825943	1.00475514	1.00178230	0.99637371	1.03568017	0.00000000
0.00122880	0.00000000	0.38293630	0.99814326	1.00087547	1.00112236	1.01083434	1.11534786	1.10077941
0.00133120	0.00000000	0.89351803	0.99838871	1.00135207	1.00291491	1.01127779	0.79833680	1.65116906
0.00143360	0.00000000	1.65939057	1.00157201	1.00029016	0.99605614	0.99558884	0.47900209	0.00000000
0.00153600	0.00000000	0.63822716	1.00463915	1.00008404	1.00005507	0.99861485	0.95800418	0.55038971
0.00163840	0.00000000	0.38293630	1.00350428	1.00090325	0.99968648	0.99722850	1.51683986	1.10077941
0.00184320	0.00000000	0.38495973	1.00072920	1.00042856	1.00290632	0.99712080	0.68000001	1.10682762
0.00204800	0.00000000	1.53983891	0.99586004	1.00604391	1.00133848	0.99434745	0.88000000	1.10682762
0.00225280	0.00000000	1.02927506	1.00198853	0.99968696	1.00120437	1.00620484	0.56000000	0.83012068
0.00245760	0.00000000	0.77195626	0.99871677	0.99508238	1.00463426	0.99717468	0.95999998	1.38353455
0.00266240	0.00000000	0.57896721	0.99469906	0.99933243	1.00346053	0.99297625	0.88000000	0.83012068
0.00286720	0.00000000	1.09360468	0.99234897	0.99910712	1.00398231	0.99750137	1.48000002	0.82558453
0.00307200	0.00000000	0.96494532	0.99657142	1.00147843	0.99533361	0.99639052	0.83999997	0.27519485
0.00327680	0.00000000	1.29000652	0.99588722	0.99842912	0.99950671	0.99539089	1.12000000	0.82558453
0.00368640	0.00000000	1.18383563	1.00221503	1.00369632	1.00705314	1.00128627	0.78489882	1.23837674
0.00409600	0.00000000	1.11984444	0.99763089	0.99695963	1.00050390	1.00038564	1.38866711	0.68798709
0.00450560	0.00000000	1.24782670	1.00261271	1.00036538	1.00092876	1.00003862	1.02640617	1.10077941
0.00491520	0.00000000	0.73589778	0.99731439	0.99679172	1.00032711	1.00178981	0.96602929	1.92636383
0.00532480	0.00000000	1.21583116	1.00384450	0.99812335	0.99725324	1.00731075	1.12703419	0.96318191
0.00573440	0.00000000	0.60791558	1.00277567	0.99855542	0.99891263	1.00697243	0.94590366	0.68798709
0.00614400	0.00000000	0.89587557	1.00477481	0.99718177	1.00165737	1.00563431	0.90565246	1.23837674
0.00655360	0.00000000	1.11984444	1.00134385	0.99983668	1.00232458	1.00226068	0.90565246	0.96318191
0.00737280	0.00000000	0.98952204	1.00211477	1.00152791	1.00203502	0.99783874	1.17489028	1.09479690
0.00819200	0.00000000	1.11809492	0.99728352	0.99922699	0.99856710	0.99734670	0.92384535	0.95794725
0.00901120	0.00000000	0.97892725	0.99194545	0.99863940	0.99979258	0.99877506	0.95397073	0.75267285
0.00983040	0.00000000	1.10524046	0.99705172	0.99794197	1.00113547	1.00030732	0.96401256	1.16322172
0.01064960	0.00000000	0.88651919	0.99765790	1.00317621	0.99912012	0.99920148	1.08451414	0.75267285
0.01146880	0.00000000	0.88885826	1.00121891	0.99718899	0.99948263	1.00142276	1.07447231	0.54739845
0.01228800	0.00000000	0.93647569	0.99895138	0.99952996	0.99771833	1.00206459	1.11463952	1.02637208
0.01310720	0.00000000	0.90473074	0.99895871	0.99847507	1.00196278	1.00336301	1.05438876	0.88952243
0.01474560	0.00000000	0.94286990	0.99854106	1.00071990	1.00162685	0.99931061	1.04368377	1.22495270
0.01638400	0.00000000	1.02346528	0.99882436	0.99965626	0.99950367	1.00570679	1.00039470	0.65003562
0.01802240	0.00000000	1.00783980	0.99821788	1.00075603	1.00315046	1.00154817	1.12165475	0.99215966
0.01966080	0.00000000	1.10650849	0.99724483	0.99660993	1.00170815	1.00130367	1.05880964	1.09479690
0.02129920	0.00000000	0.95565253	1.00089419	0.99889952	0.99930131	0.99989444	1.00839007	1.06058443
0.02293760	0.00000000	0.87177527	1.00109708	1.00175476	0.99958938	1.00090992	0.93780279	0.88952243
0.02457600	0.00000000	1.10243762	0.99884641	1.00148988	1.00216389	0.99983054	0.94788671	0.85531002
0.02621440	0.00000000	1.05519021	0.99848890	0.99960196	0.99684155	0.99962300	0.95292866	0.61582321
0.02949120	0.00000000	0.98830807	0.99841696	1.00103831	0.99769759	1.00031090	1.00418413	1.01478100
0.03276800	0.00000000	0.95956916	0.99859416	1.00085652	1.00084078	1.00014031	0.94947809	0.89438325
0.03604480	0.00000000	0.99219382	0.99977827	0.99835837	1.00011063	0.99972451	0.95949894	1.01478100
0.03932160	0.00000000	0.98431927	1.00063467	0.99927127	0.99930799	1.00132143	1.05439329	1.21454024
0.04259840	0.00000000	0.89926368	1.00257432	0.99942642	0.99957699	0.99950165	1.01924682	0.89438325
0.04587520	0.00000000	1.00921738	1.00040710	1.00195074	0.99833041	1.00133491	1.02928865	1.00306249
0.04915200	0.00000000	1.10637486	1.00082922	0.99868983	0.99875677	0.99825114	1.01499999	1.03198063
0.05242880	0.00000000	0.89217865	0.99901509	1.00043869	1.00061154	1.00084436	0.98750001	1.16957808
0.05898240	0.00000000	0.98409307	1.00014412	0.99910766	0.99964529	0.99957663	1.07676351	0.87718356
0.06553600	0.00000000	0.95631629	0.99974084	1.00028813	0.99834251	0.99739403	1.01862478	0.97178179
0.07208960	0.00000000	1.00920713	1.00044703	1.00151813	1.00061750	0.99933165	1.00992918	0.98898149
0.07864320	0.00000000	0.97020465	1.00219035	0.99863851	1.00088561	0.99944574	0.99502248	1.02035666
0.08519680	0.00000000	0.98150337	1.00003970	0.99965954	1.00029695	0.99927366	1.00574732	0.98038161
0.09175040	0.00000000	0.99869454	1.00017059	0.99879891	1.00046384	1.00029898	0.98260021	0.98995239
0.09830400	0.00000000	0.91644907	0.99958676	0.99994868	0.99985242	0.99975526	1.03228927	0.96127605
0.10485760	0.00000000	0.98484820	0.99945146	0.99956393	0.99914998	0.99972564	0.98384243	1.12045622
0.11796480	0.00000000	0.95832044	0.99934328	0.99879360	0.99884647	0.99933165	1.00349510	1.00071275
0.13107200	0.00000000	1.00022495	1.00049019	1.00044417	0.99995947	1.00060523	0.99805206	0.97462922
0.14417920	0.00000000	0.98290098	1.00007069	1.00002015	0.99976087	1.00096822	1.00976264	0.90456784
0.15728641	0.00000000	1.04561925	1.00022256	1.00027800	1.00075078	1.00098836	0.96614194	0.99225283
0.17039360	0.00000000	1.03760338	1.00020278	0.99977309	1.00026679	1.00074995	0.99711502	1.06516850
0.18350080	0.00000000	1.00207722	1.00009108	1.00081420	0.99954468	1.00082409	1.03567493	1.05610752
0.19660801	0.00000000	0.95677781	0.99885964	0.99982113	1.00002873	0.99957198	0.98390579	0.98364210
0.20971520	0.00000000	0.98269606	0.99958062	1.00047064	0.99991781	0.99966085	1.01571536	1.06976986
0.23592959	0.00000000	0.99639523	0.99959332	0.99970204	0.99991578	1.00005090	1.00989568	0.93599665
0.26214400	0.00000000	1.05531549	0.99899179	0.99998385	1.00000453	0.99997401	0.99512064	0.96904761
0.28835839	0.00000000	1.00019217	1.00070083	1.00040698	0.99970180	0.99993050	0.98427606	0.97068059
0.31457281	0.00000000	1.03195262	1.00004387	0.99979621	0.99975848	0.99923527	0.97330374	1.00074816
0.34078720	0.00000000	0.99337715	0.99979252	0.99956346	0.99991184	0.99965721	1.00984144	0.99866629
0.36700159	0.00000000	0.93818527	1.00018299	1.00017190	1.00030792	0.99925625	0.99922669	1.03333330
0.39321601	0.00000000	0.95287311	0.99970472	1.00029135	0.99954712	1.00063813	0.95649636	1.03962934
0.41943040	0.00000000	1.02196121	0.99963313	0.99974281	0.99955493	1.00044966	0.97868311	0.99337751
0.47185919	0.00000000	1.01323485	0.99978334	1.00014949	0.99951279	0.99937791	0.98783785	0.99760193
0.52428800	0.00000000	1.01317430	0.99979335	0.99958807	1.00037861	1.00012314	1.01701772	0.98050243
0.57671678	0.00000000	0.99616051	0.99980819	0.99976945	1.00021541	0.99989140	1.00392246	1.00023675
0.62914562	0.00000000	0.97915399	1.00002515	1.00003231	0.99953651	0.99972528	0.99250787	0.94831896
0.68157440	0.00000000	0.98585933	0.99989468	0.99990880	1.00045669	1.00096071	0.99411905	1.00000000
0.73400319	0.00000000	1.00321054	0.99994731	0.99955034	1.00051391	1.00014770	1.02468681	0.99371976
0.78643203	0.00000000	1.01356995	0.99989843	0.99976283	0.99988317	0.99988562	1.01514280	0.98493874
0.83886081	0.00000000	0.99415177	1.00002396	1.00056756	0.99986732	1.00054896	0.99533165	1.01416123
0.94371837	0.00000000	0.99725902	1.00029755	0.99972022	1.00032067	1.00024354	1.00343108	1.00163662
1.04857600	0.00000000	1.01282215	1.00006306	0.99994624	0.99970108	0.99969298	1.01094174	0.99579477
1.15343356	0.00000000	0.98149234	1.00041509	1.00039005	0.99997175	0.99970603	0.98820812	0.99683547
1.25829124	0.00000000	1.03085554	1.00003350	1.00006652	0.99981153	0.99968964	0.98479015	1.01250005
1.36314881	0.00000000	0.97167486	0.99981445	0.99994200	1.00018263	0.99959207	0.98543125	1.02088952
1.46800637	0.00000000	1.00942516	0.99889237	1.00002468	0.99979120	0.99963057	1.00314271	0.99388003
1.57286406	0.00000000	1.01221168	1.00038457	1.00031078	1.00019932	1.00040758	0.98541117	0.99245691
1.67772162	0.00000000	0.99121952	0.99977809	0.99998826	1.00035465	0.99875385	1.01435411	1.00000000
1.88743675	0.00000000	0.00000000	0.00000000	0.00000000	0.00000000	0.00000000	0.00000000	0.00000000
2.09715199	0.00000000	0.00000000	0.00000000	0.00000000	0.00000000	0.00000000	0.00000000	0.00000000
2.30686712	0.00000000	0.00000000	0.00000000	0.00000000	0.00000000	0.00000000	0.00000000	0.00000000
2.51658249	0.00000000	0.00000000	0.00000000	0.00000000	0.00000000	0.00000000	0.00000000	0.00000000
2.72629762	0.00000000	0.00000000	0.00000000	0.00000000	0.00000000	0.00000000	0.00000000	0.00000000
2.93601274	0.00000000	0.00000000	0.00000000	0.00000000	0.00000000	0.00000000	0.00000000	0.00000000
3.14572811	0.00000000	0.00000000	0.00000000	0.00000000	0.00000000	0.00000000	0.00000000	0.00000000
3.35544324	0.00000000	0.00000000	0.00000000	0.00000000	0.00000000	0.00000000	0.00000000	0.00000000
3.77487350	0.00000000	0.00000000	0.00000000	0.00000000	0.00000000	0.00000000	0.00000000	0.00000000
4.19430399	0.00000000	0.00000000	0.00000000	0.00000000	0.00000000	0.00000000	0.00000000	0.00000000
4.61373425	0.00000000	0.00000000	0.00000000	0.00000000	0.00000000	0.00000000	0.00000000	0.00000000
5.03316498	0.00000000	0.00000000	0.00000000	0.00000000	0.00000000	0.00000000	0.00000000	0.00000000
5.45259523	0.00000000	0.00000000	0.00000000	0.00000000	0.00000000	0.00000000	0.00000000	0.00000000
5.87202549	0.00000000	0.00000000	0.00000000	0.00000000	0.00000000	0.00000000	0.00000000	0.00000000
6.29145622	0.00000000	0.00000000	0.00000000	0.00000000	0.00000000	0.00000000	0.00000000	0.00000000
6.71088648	0.00000000	0.00000000	0.00000000	0.00000000	0.00000000	0.00000000	0.00000000	0.00000000
7.54974699	0.00000000	0.00000000	0.00000000	0.00000000	0.00000000	0.00000000	0.00000000	0.00000000
8.38860798	0.00000000	0.00000000	0.00000000	0.00000000	0.00000000	0.00000000	0.00000000	0.00000000
9.22746849	0.00000000	0.00000000	0.00000000	0.00000000	0.00000000	0.00000000	0.00000000	0.00000000
10.06632996	0.00000000	0.00000000	0.00000000	0.00000000	0.00000000	0.00000000	0.00000000	0.00000000
10.90519047	0.00000000	0.00000000	0.00000000	0.00000000	0.00000000	0.00000000	0.00000000	0.00000000
11.74405098	0.00000000	0.00000000	0.00000000	0.00000000	0.00000000	0.00000000	0.00000000	0.00000000
12.58291245	0.00000000	0.00000000	0.00000000	0.00000000	0.00000000	0.00000000	0.00000000	0.00000000
13.42177296	0.00000000	0.00000000	0.00000000	0.00000000	0.00000000	0.00000000	0.00000000	0.00000000
15.09949398	0.00000000	0.00000000	0.00000000	0.00000000	0.00000000	0.00000000	0.00000000	0.00000000
16.77721596	0.00000000	0.00000000	0.00000000	0.00000000	0.00000000	0.00000000	0.00000000	0.00000000
18.45493698	0.00000000	0.00000000	0.00000000	0.00000000	0.00000000	0.00000000	0.00000000	0.00000000
20.13265991	0.00000000	0.00000000	0.00000000	0.00000000	0.00000000	0.00000000	0.00000000	0.00000000
21.81038094	0.00000000	0.00000000	0.00000000	0.00000000	0.00000000	0.00000000	0.00000000	0.00000000
23.48810196	0.00000000	0.00000000	0.00000000	0.00000000	0.00000000	0.00000000	0.00000000	0.00000000
25.16582489	0.00000000	0.00000000	0.00000000	0.00000000	0.00000000	0.00000000	0.00000000	0.00000000
26.84354591	0.00000000	0.00000000	0.00000000	0.00000000	0.00000000	0.00000000	0.00000000	0.00000000
30.19898796	0.00000000	0.00000000	0.00000000	0.00000000	0.00000000	0.00000000	0.00000000	0.00000000
33.55443192	0.00000000	0.00000000	0.00000000	0.00000000	0.00000000	0.00000000	0.00000000	0.00000000
36.90987396	0.00000000	0.00000000	0.00000000	0.00000000	0.00000000	0.00000000	0.00000000	0.00000000
40.26531982	0.00000000	0.00000000	0.00000000	0.00000000	0.00000000	0.00000000	0.00000000	0.00000000
43.62076187	0.00000000	0.00000000	0.00000000	0.00000000	0.00000000	0.00000000	0.00000000	0.00000000
46.97620392	0.00000000	0.00000000	0.00000000	0.00000000	0.00000000	0.00000000	0.00000000	0.00000000
50.33164978	0.00000000	0.00000000	0.00000000	0.00000000	0.00000000	0.00000000	0.00000000	0.00000000
53.68709183	0.00000000	0.00000000	0.00000000	0.00000000	0.00000000	0.00000000	0.00000000	0.00000000
60.39797592	0.00000000	0.00000000	0.00000000	0.00000000	0.00000000	0.00000000	0.00000000	0.00000000
67.10886383	0.00000000	0.00000000	0.00000000	0.00000000	0.00000000	0.00000000	0.00000000	0.00000000
73.81974792	0.00000000	0.00000000	0.00000000	0.00000000	0.00000000	0.00000000	0.00000000	0.00000000
80.53063965	0.00000000	0.00000000	0.00000000	0.00000000	0.00000000	0.00000000	0.00000000	0.00000000
87.24152374	0.00000000	0.00000000	0.00000000	0.00000000	0.00000000	0.00000000	0.00000000	0.00000000
93.95240784	0.00000000	0.00000000	0.00000000	0.00000000	0.00000000	0.00000000	0.00000000	0.00000000
100.66329956	0.00000000	0.00000000	0.00000000	0.00000000	0.00000000	0.00000000	0.00000000	0.00000000
107.37418365	0.00000000	0.00000000	0.00000000	0.00000000	0.00000000	0.00000000	0.00000000	0.00000000
120.79595184	0.00000000	0.00000000	0.00000000	0.00000000	0.00000000	0.00000000	0.00000000	0.00000000
134.21772766	0.00000000	0.00000000	0.00000000	0.00000000	0.00000000	0.00000000	0.00000000	0.00000000
147.63949585	0.00000000	0.00000000	0.00000000	0.00000000	0.00000000	0.00000000	0.00000000	0.00000000
161.06127930	0.00000000	0.00000000	0.00000000	0.00000000	0.00000000	0.00000000	0.00000000	0.00000000
174.48304749	0.00000000	0.00000000	0.00000000	0.00000000	0.00000000	0.00000000	0.00000000	0.00000000
187.90481567	0.00000000	0.00000000	0.00000000	0.00000000	0.00000000	0.00000000	0.00000000	0.00000000
201.32659912	0.00000000	0.00000000	0.00000000	0.00000000	0.00000000	0.00000000	0.00000000	0.00000000
214.74836731	0.00000000	0.00000000	0.00000000	0.00000000	0.00000000	0.00000000	0.00000000	0.00000000
241.59190369	0.00000000	0.00000000	0.00000000	0.00000000	0.00000000	0.00000000	0.00000000	0.00000000
268.43545532	0.00000000	0.00000000	0.00000000	0.00000000	0.00000000	0.00000000	0.00000000	0.00000000
295.27899170	0.00000000	0.00000000	0.00000000	0.00000000	0.00000000	0.00000000	0.00000000	0.00000000
322.12255859	0.00000000	0.00000000	0.00000000	0.00000000	0.00000000	0.00000000	0.00000000	0.00000000
348.96609497	0.00000000	0.00000000	0.00000000	0.00000000	0.00000000	0.00000000	0.00000000	0.00000000
375.80963135	0.00000000	0.00000000	0.00000000	0.00000000	0.00000000	0.00000000	0.00000000	0.00000000
402.65319824	0.00000000	0.00000000	0.00000000	0.00000000	0.00000000	0.00000000	0.00000000	0.00000000
429.49673462	0.00000000	0.00000000	0.00000000	0.00000000	0.00000000	0.00000000	0.00000000	0.00000000
483.18380737	0.00000000	0.00000000	0.00000000	0.00000000	0.00000000	0.00000000	0.00000000	0.00000000
536.87091064	0.00000000	0.00000000	0.00000000	0.00000000	0.00000000	0.00000000	0.00000000	0.00000000
590.55798340	0.00000000	0.00000000	0.00000000	0.00000000	0.00000000	0.00000000	0.00000000	0.00000000
644.24511719	0.00000000	0.00000000	0.00000000	0.00000000	0.00000000	0.00000000	0.00000000	0.00000000
697.93218994	0.00000000	0.00000000	0.00000000	0.00000000	0.00000000	0.00000000	0.00000000	0.00000000
751.61926270	0.00000000	0.00000000	0.00000000	0.00000000	0.00000000	0.00000000	0.00000000	0.00000000
805.30639648	0.00000000	0.00000000	0.00000000	0.00000000	0.00000000	0.00000000	0.00000000	0.00000000
858.99346924	0.00000000	0.00000000	0.00000000	0.00000000	0.00000000	0.00000000	0.00000000	0.00000000
966.36761475	0.00000000	0.00000000	0.00000000	0.00000000	0.00000000	0.00000000	0.00000000	0.00000000
1073.74182129	0.00000000	0.00000000	0.00000000	0.00000000	0.00000000	0.00000000	0.00000000	0.00000000
1181.11596680	0.00000000	0.00000000	0.00000000	0.00000000	0.00000000	0.00000000	0.00000000	0.00000000
1288.49023437	0.00000000	0.00000000	0.00000000	0.00000000	0.00000000	0.00000000	0.00000000	0.00000000
1395.86437988	0.00000000	0.00000000	0.00000000	0.00000000	0.00000000	0.00000000	0.00000000	0.00000000
1503.23852539	0.00000000	0.00000000	0.00000000	0.00000000	0.00000000	0.00000000	0.00000000	0.00000000
1610.61279297	0.00000000	0.00000000	0.00000000	0.00000000	0.00000000	0.00000000	0.00000000	0.00000000
1717.98693848	0.00000000	0.00000000	0.00000000	0.00000000	0.00000000	0.00000000	0.00000000	0.00000000
1932.73522949	0.00000000	0.00000000	0.00000000	0.00000000	0.00000000	0.00000000	0.00000000	0.00000000
2147.48364258	0.00000000	0.00000000	0.00000000	0.00000000	0.00000000	0.00000000	0.00000000	0.00000000
2362.23193359	0.00000000	0.00000000	0.00000000	0.00000000	0.00000000	0.00000000	0.00000000	0.00000000
2576.98046875	0.00000000	0.00000000	0.00000000	0.00000000	0.00000000	0.00000000	0.00000000	0.00000000
2791.72875977	0.00000000	0.00000000	0.00000000	0.00000000	0.00000000	0.00000000	0.00000000	0.00000000
3006.47705078	0.00000000	0.00000000	0.00000000	0.00000000	0.00000000	0.00000000	0.00000000	0.00000000
3221.22558594	0.00000000	0.00000000	0.00000000	0.00000000	0.00000000	0.00000000	0.00000000	0.00000000
3435.97387695	0.00000000	0.00000000	0.00000000	0.00000000	0.00000000	0.00000000	0.00000000	0.00000000
0	0	0	0	0	0	0	0	0
