%12/22/2018 5:53:58 PM
%Duration	ID1		ID2		ID3		ID4		ID5		ID6		ID7		ID8
13000.000000	2208.309326	452.232361	83.665848	11.930466	0.000000	0.000000	0.000000	0.000000
%Tau		Tau1		Tau2		Tau3		Tau4		Tau5		Tau6		Tau7		Tau8
%		0.000666	0.000333	0.000179	0.000090	0.000000	0.000000	0.000000	0.000000
%Delaytime	D1		D2		D3		D4		D5		D6		D7		D8
0.00000020	1.30686116	1.53681707	2.08897114	2.83951592	0.00000000	0.00000000	0.00000000	0.00000000
0.00000040	1.36574793	1.48739755	1.58058333	1.62187624	0.00000000	0.00000000	0.00000000	0.00000000
0.00000060	1.36408103	1.47443974	1.52420259	1.52821171	0.00000000	0.00000000	0.00000000	0.00000000
0.00000080	1.36446440	1.47117281	1.52452290	1.67117345	0.00000000	0.00000000	0.00000000	0.00000000
0.00000100	1.36303353	1.47261608	1.50519538	1.45426595	0.00000000	0.00000000	0.00000000	0.00000000
0.00000120	1.36332071	1.46987855	1.50305974	1.37539053	0.00000000	0.00000000	0.00000000	0.00000000
0.00000140	1.36297107	1.46905100	1.48885775	1.50849283	0.00000000	0.00000000	0.00000000	0.00000000
0.00000160	1.36222827	1.46735287	1.48907137	1.37046075	0.00000000	0.00000000	0.00000000	0.00000000
0.00000180	1.36359382	1.46813333	1.49110019	1.66624367	0.00000000	0.00000000	0.00000000	0.00000000
0.00000200	1.36265564	1.47135711	1.49579859	1.42961740	0.00000000	0.00000000	0.00000000	0.00000000
0.00000220	1.36263144	1.46936083	1.47049129	1.46412539	0.00000000	0.00000000	0.00000000	0.00000000
0.00000240	1.36248517	1.46887064	1.48127627	1.56271970	0.00000000	0.00000000	0.00000000	0.00000000
0.00000260	1.36291695	1.46551740	1.49942923	1.62187624	0.00000000	0.00000000	0.00000000	0.00000000
0.00000280	1.36245108	1.46612537	1.49857497	1.47891450	0.00000000	0.00000000	0.00000000	0.00000000
0.00000300	1.36263132	1.46907461	1.47956777	1.48384428	0.00000000	0.00000000	0.00000000	0.00000000
0.00000320	1.36199296	1.46547043	1.46963704	1.37046075	0.00000000	0.00000000	0.00000000	0.00000000
0.00000360	1.36172187	1.46611166	1.48960531	1.41236341	0.00000000	0.00000000	0.00000000	0.00000000
0.00000400	1.36174238	1.46878242	1.47631097	1.47644961	0.00000000	0.00000000	0.00000000	0.00000000
0.00000440	1.36136234	1.46358597	1.46691418	1.46905506	0.00000000	0.00000000	0.00000000	0.00000000
0.00000480	1.36097026	1.46623909	1.48394585	1.55286026	0.00000000	0.00000000	0.00000000	0.00000000
0.00000520	1.36155224	1.46404088	1.49537146	1.45180106	0.00000000	0.00000000	0.00000000	0.00000000
0.00000560	1.36128139	1.46174264	1.48234415	1.37539053	0.00000000	0.00000000	0.00000000	0.00000000
0.00000600	1.36070132	1.46289957	1.47919405	1.57011425	0.00000000	0.00000000	0.00000000	0.00000000
0.00000640	1.36006963	1.46464872	1.46702099	1.52328193	0.00000000	0.00000000	0.00000000	0.00000000
0.00000720	1.35993254	1.46020722	1.45970643	1.40250397	0.00000000	0.00000000	0.00000000	0.00000000
0.00000800	1.35906720	1.45860124	1.47131896	1.46042812	0.00000000	0.00000000	0.00000000	0.00000000
0.00000880	1.35911787	1.45818555	1.46822226	1.42592013	0.00000000	0.00000000	0.00000000	0.00000000
0.00000960	1.35869670	1.45716488	1.46501875	1.34581220	0.00000000	0.00000000	0.00000000	0.00000000
0.00001040	1.35833144	1.45621383	1.45901227	1.42345524	0.00000000	0.00000000	0.00000000	0.00000000
0.00001120	1.35781419	1.45333219	1.45829153	1.49863338	0.00000000	0.00000000	0.00000000	0.00000000
0.00001200	1.35718513	1.45233405	1.46552598	1.44810379	0.00000000	0.00000000	0.00000000	0.00000000
0.00001280	1.35714364	1.45273316	1.46133482	1.44810379	0.00000000	0.00000000	0.00000000	0.00000000
0.00001440	1.35609198	1.44984078	1.46128142	1.40312016	0.00000000	0.00000000	0.00000000	0.00000000
0.00001600	1.35530210	1.44678509	1.45663643	1.42592013	0.00000000	0.00000000	0.00000000	0.00000000
0.00001760	1.35467803	1.44475698	1.44298172	1.43516326	0.00000000	0.00000000	0.00000000	0.00000000
0.00001920	1.35366976	1.44595516	1.44227421	1.41852546	0.00000000	0.00000000	0.00000000	0.00000000
0.00002080	1.35282600	1.44398296	1.43692183	1.38956344	0.00000000	0.00000000	0.00000000	0.00000000
0.00002240	1.35200965	1.44116700	1.42959392	1.38771474	0.00000000	0.00000000	0.00000000	0.00000000
0.00002400	1.35110164	1.43733191	1.42837930	1.35443926	0.00000000	0.00000000	0.00000000	0.00000000
0.00002560	1.35039473	1.43761528	1.42816567	1.38278508	0.00000000	0.00000000	0.00000000	0.00000000
0.00002880	1.34920323	1.43256271	1.42840207	1.40715718	0.00000000	0.00000000	0.00000000	0.00000000
0.00003200	1.34754395	1.42832172	1.41601360	1.37729621	0.00000000	0.00000000	0.00000000	0.00000000
0.00003520	1.34607935	1.42419207	1.40810812	1.34097064	0.00000000	0.00000000	0.00000000	0.00000000
0.00003840	1.34425068	1.42019510	1.39850676	1.35482359	0.00000000	0.00000000	0.00000000	0.00000000
0.00004160	1.34277833	1.41642857	1.39779961	1.31572735	0.00000000	0.00000000	0.00000000	0.00000000
0.00004480	1.34120584	1.41196358	1.38726699	1.31819010	0.00000000	0.00000000	0.00000000	0.00000000
0.00004800	1.33968639	1.40867603	1.38952982	1.33173525	0.00000000	0.00000000	0.00000000	0.00000000
0.00005120	1.33791423	1.40548635	1.38035011	1.34281766	0.00000000	0.00000000	0.00000000	0.00000000
0.00005760	1.33484733	1.39833486	1.36737728	1.28975737	0.00000000	0.00000000	0.00000000	0.00000000
0.00006400	1.33176267	1.39048469	1.35554039	1.28329086	0.00000000	0.00000000	0.00000000	0.00000000
0.00007040	1.32867813	1.38398314	1.34316313	1.25865662	0.00000000	0.00000000	0.00000000	0.00000000
0.00007680	1.32573187	1.37579978	1.33539844	1.26851809	0.00000000	0.00000000	0.00000000	0.00000000
0.00008320	1.32268226	1.36934018	1.31994581	1.23402989	0.00000000	0.00000000	0.00000000	0.00000000
0.00008960	1.31959033	1.36266851	1.31391501	1.24988830	0.00000000	0.00000000	0.00000000	0.00000000
0.00009600	1.31669843	1.35553610	1.30158234	1.22448409	0.00000000	0.00000000	0.00000000	0.00000000
0.00010240	1.31358373	1.34902835	1.29350615	1.24034250	0.00000000	0.00000000	0.00000000	0.00000000
0.00011520	1.30792499	1.33677900	1.27662861	1.19324481	0.00000000	0.00000000	0.00000000	0.00000000
0.00012800	1.30205739	1.32440233	1.26090193	1.18939519	0.00000000	0.00000000	0.00000000	0.00000000
0.00014080	1.29647243	1.31279349	1.23909628	1.16983879	0.00000000	0.00000000	0.00000000	0.00000000
0.00015360	1.29081404	1.30098712	1.22750986	1.15097547	0.00000000	0.00000000	0.00000000	0.00000000
0.00016640	1.28535557	1.29023957	1.21450174	1.14643288	0.00000000	0.00000000	0.00000000	0.00000000
0.00017920	1.27994430	1.28002238	1.19803071	1.12271881	0.00000000	0.00000000	0.00000000	0.00000000
0.00019200	1.27457571	1.26944101	1.18633187	1.11209369	0.00000000	0.00000000	0.00000000	0.00000000
0.00020480	1.26936960	1.26023173	1.17647755	1.10439444	0.00000000	0.00000000	0.00000000	0.00000000
0.00023040	1.25901353	1.24251640	1.15446329	1.08058143	0.00000000	0.00000000	0.00000000	0.00000000
0.00025600	1.24915254	1.22543061	1.13557613	1.08516967	0.00000000	0.00000000	0.00000000	0.00000000
0.00028160	1.23963082	1.20942438	1.12030447	1.06992352	0.00000000	0.00000000	0.00000000	0.00000000
0.00030720	1.23033786	1.19547820	1.10363364	1.06318593	0.00000000	0.00000000	0.00000000	0.00000000
0.00033280	1.22138870	1.18210053	1.09291577	1.05078888	0.00000000	0.00000000	0.00000000	0.00000000
0.00035840	1.21276331	1.16953385	1.08284569	1.03423369	0.00000000	0.00000000	0.00000000	0.00000000
0.00038400	1.20439661	1.15763903	1.07258093	1.03293109	0.00000000	0.00000000	0.00000000	0.00000000
0.00040960	1.19619679	1.14629984	1.06304276	1.03878319	0.00000000	0.00000000	0.00000000	0.00000000
0.00046080	1.18081605	1.12697291	1.04965472	1.02688694	0.00000000	0.00000000	0.00000000	0.00000000
0.00051200	1.16628027	1.11028278	1.04024541	1.01952732	0.00000000	0.00000000	0.00000000	0.00000000
0.00056320	1.15277910	1.09551835	1.03132451	1.01092279	0.00000000	0.00000000	0.00000000	0.00000000
0.00061440	1.14009118	1.08293200	1.02608430	1.01409900	0.00000000	0.00000000	0.00000000	0.00000000
0.00066560	1.12820458	1.07156014	1.01918364	1.00470519	0.00000000	0.00000000	0.00000000	0.00000000
0.00071680	1.11720312	1.06200874	1.01512027	1.01049304	0.00000000	0.00000000	0.00000000	0.00000000
0.00076800	1.10697603	1.05434823	1.01252902	1.00502002	0.00000000	0.00000000	0.00000000	0.00000000
0.00081920	1.09749210	1.04758871	1.00947773	1.00831163	0.00000000	0.00000000	0.00000000	0.00000000
0.00092160	1.08086669	1.03650451	1.00529015	1.00918031	0.00000000	0.00000000	0.00000000	0.00000000
0.00102400	1.06680405	1.02786267	1.00492704	1.00047803	0.00000000	0.00000000	0.00000000	0.00000000
0.00112640	1.05502737	1.02163279	1.00350118	1.00352907	0.00000000	0.00000000	0.00000000	0.00000000
0.00122880	1.04526305	1.01700103	1.00407863	0.99914461	0.00000000	0.00000000	0.00000000	0.00000000
0.00133120	1.03717220	1.01286530	1.00111806	1.00666940	0.00000000	0.00000000	0.00000000	0.00000000
0.00143360	1.03043914	1.00923479	0.99970657	1.00169456	0.00000000	0.00000000	0.00000000	0.00000000
0.00153600	1.02498448	1.00599837	0.99845636	0.99590528	0.00000000	0.00000000	0.00000000	0.00000000
0.00163840	1.02051735	1.00369656	0.99806553	0.99979275	0.00000000	0.00000000	0.00000000	0.00000000
0.00184320	1.01382589	1.00245023	0.99889213	0.99693394	0.00000000	0.00000000	0.00000000	0.00000000
0.00204800	1.00931931	1.00152326	1.00027788	0.99341327	0.00000000	0.00000000	0.00000000	0.00000000
0.00225280	1.00606179	0.99877638	0.99990457	0.99501336	0.00000000	0.00000000	0.00000000	0.00000000
0.00245760	1.00374663	0.99683785	0.99960399	1.00106776	0.00000000	0.00000000	0.00000000	0.00000000
0.00266240	1.00253022	0.99722284	0.99946737	1.00037491	0.00000000	0.00000000	0.00000000	0.00000000
0.00286720	1.00201428	0.99831223	1.00203562	1.00199640	0.00000000	0.00000000	0.00000000	0.00000000
0.00307200	1.00178373	0.99974829	1.00116885	0.99560171	0.00000000	0.00000000	0.00000000	0.00000000
0.00327680	1.00162220	0.99979651	1.00219965	0.99452871	0.00000000	0.00000000	0.00000000	0.00000000
0.00368640	1.00074685	0.99992031	0.99935156	0.99839365	0.00000000	0.00000000	0.00000000	0.00000000
0.00409600	1.00053346	0.99878979	1.00010598	1.00071466	0.00000000	0.00000000	0.00000000	0.00000000
0.00450560	0.99959040	0.99796677	1.00052953	1.00069404	0.00000000	0.00000000	0.00000000	0.00000000
0.00491520	0.99899286	0.99832797	1.00098670	1.00047195	0.00000000	0.00000000	0.00000000	0.00000000
0.00532480	0.99892968	1.00020504	1.00181544	0.99786830	0.00000000	0.00000000	0.00000000	0.00000000
0.00573440	0.99897277	1.00087726	1.00175583	0.99503696	0.00000000	0.00000000	0.00000000	0.00000000
0.00614400	0.99976623	0.99935341	1.00050128	0.99855626	0.00000000	0.00000000	0.00000000	0.00000000
0.00655360	0.99890321	0.99945486	0.99759728	1.00265372	0.00000000	0.00000000	0.00000000	0.00000000
0.00737280	0.99973702	1.00156939	0.99831730	1.00206947	0.00000000	0.00000000	0.00000000	0.00000000
0.00819200	0.99999237	1.00199485	1.00084031	0.99848586	0.00000000	0.00000000	0.00000000	0.00000000
0.00901120	0.99979109	1.00123274	0.99910438	1.00315726	0.00000000	0.00000000	0.00000000	0.00000000
0.00983040	0.99976546	1.00089180	0.99946851	1.00104582	0.00000000	0.00000000	0.00000000	0.00000000
0.01064960	0.99923337	1.00008202	0.99905914	0.99715555	0.00000000	0.00000000	0.00000000	0.00000000
0.01146880	0.99931425	0.99828726	1.00168085	1.00288129	0.00000000	0.00000000	0.00000000	0.00000000
0.01228800	1.00128055	0.99856395	1.00019121	1.00059450	0.00000000	0.00000000	0.00000000	0.00000000
0.01310720	1.00073540	0.99810147	0.99856168	0.99964231	0.00000000	0.00000000	0.00000000	0.00000000
0.01474560	0.99994713	0.99717045	1.00055647	0.99894673	0.00000000	0.00000000	0.00000000	0.00000000
0.01638400	0.99798715	1.00041771	0.99805671	1.00250983	0.00000000	0.00000000	0.00000000	0.00000000
0.01802240	1.00033426	0.99802071	1.00092757	1.00059021	0.00000000	0.00000000	0.00000000	0.00000000
0.01966080	0.99842662	0.99768877	1.00150061	0.99914080	0.00000000	0.00000000	0.00000000	0.00000000
0.02129920	1.00062871	1.00186563	1.00158715	1.00156677	0.00000000	0.00000000	0.00000000	0.00000000
0.02293760	1.00247347	0.99940580	0.99913371	1.00025928	0.00000000	0.00000000	0.00000000	0.00000000
0.02457600	0.99841642	0.99902433	0.99987435	1.00019920	0.00000000	0.00000000	0.00000000	0.00000000
0.02621440	0.99948132	0.99858534	1.00022626	1.00057387	0.00000000	0.00000000	0.00000000	0.00000000
0.02949120	0.99941593	0.99905670	0.99967587	1.00127757	0.00000000	0.00000000	0.00000000	0.00000000
0.03276800	1.00055861	1.00098884	1.00003409	1.00073695	0.00000000	0.00000000	0.00000000	0.00000000
0.03604480	0.99928856	0.99918193	0.99881458	1.00170553	0.00000000	0.00000000	0.00000000	0.00000000
0.03932160	1.00168204	1.00013959	1.00009251	0.99848264	0.00000000	0.00000000	0.00000000	0.00000000
0.04259840	0.99967343	1.00023758	0.99956459	1.00051010	0.00000000	0.00000000	0.00000000	0.00000000
0.04587520	0.99858087	0.99781001	0.99957335	1.00108492	0.00000000	0.00000000	0.00000000	0.00000000
0.04915200	0.99743992	0.99997675	0.99972850	0.99851006	0.00000000	0.00000000	0.00000000	0.00000000
0.05242880	0.99783438	0.99808073	1.00034416	0.99912465	0.00000000	0.00000000	0.00000000	0.00000000
0.05898240	0.99991304	1.00056362	1.00006592	0.99916595	0.00000000	0.00000000	0.00000000	0.00000000
0.06553600	1.00230169	1.00159919	0.99918377	1.00086892	0.00000000	0.00000000	0.00000000	0.00000000
0.07208960	0.99982095	1.00045311	0.99940109	1.00151551	0.00000000	0.00000000	0.00000000	0.00000000
0.07864320	1.00107956	1.00002706	0.99943393	0.99883962	0.00000000	0.00000000	0.00000000	0.00000000
0.08519680	1.00073719	1.00036204	0.99925679	0.99994433	0.00000000	0.00000000	0.00000000	0.00000000
0.09175040	0.99956584	0.99969131	1.00067186	1.00046313	0.00000000	0.00000000	0.00000000	0.00000000
0.09830400	1.00055516	0.99900991	0.99977660	1.00002933	0.00000000	0.00000000	0.00000000	0.00000000
0.10485760	1.00056100	1.00069129	1.00016844	1.00006866	0.00000000	0.00000000	0.00000000	0.00000000
0.11796480	1.00039899	0.99982011	1.00013745	0.99992955	0.00000000	0.00000000	0.00000000	0.00000000
0.13107200	0.99956954	0.99971175	1.00006044	1.00035036	0.00000000	0.00000000	0.00000000	0.00000000
0.14417920	1.00097096	1.00013804	1.00113273	0.99965507	0.00000000	0.00000000	0.00000000	0.00000000
0.15728641	1.00047028	0.99994171	0.99996358	0.99948704	0.00000000	0.00000000	0.00000000	0.00000000
0.17039360	1.00026989	0.99989277	1.00024939	1.00015104	0.00000000	0.00000000	0.00000000	0.00000000
0.18350080	1.00034034	1.00027227	0.99977899	0.99985087	0.00000000	0.00000000	0.00000000	0.00000000
0.19660801	1.00130701	0.99941909	1.00005412	0.99968439	0.00000000	0.00000000	0.00000000	0.00000000
0.20971520	0.99961400	1.00021923	0.99970382	0.99909538	0.00000000	0.00000000	0.00000000	0.00000000
0.23592959	1.00020254	1.00030005	0.99982601	0.99990797	0.00000000	0.00000000	0.00000000	0.00000000
0.26214400	1.00041473	0.99987429	1.00010836	0.99982625	0.00000000	0.00000000	0.00000000	0.00000000
0.28835839	1.00010431	0.99911821	1.00011599	0.99983674	0.00000000	0.00000000	0.00000000	0.00000000
0.31457281	1.00001311	1.00051856	0.99975473	0.99976569	0.00000000	0.00000000	0.00000000	0.00000000
0.34078720	1.00067365	0.99987334	0.99994546	0.99989206	0.00000000	0.00000000	0.00000000	0.00000000
0.36700159	1.00090492	0.99948841	1.00023723	1.00061679	0.00000000	0.00000000	0.00000000	0.00000000
0.39321601	0.99932194	0.99993658	0.99955797	1.00027978	0.00000000	0.00000000	0.00000000	0.00000000
0.41943040	0.99961591	1.00021076	0.99976331	0.99945253	0.00000000	0.00000000	0.00000000	0.00000000
0.47185919	0.99969435	1.00000679	1.00013137	1.00009370	0.00000000	0.00000000	0.00000000	0.00000000
0.52428800	1.00020671	0.99998957	0.99989253	1.00025690	0.00000000	0.00000000	0.00000000	0.00000000
0.57671678	0.99958640	1.00046539	0.99976504	0.99942356	0.00000000	0.00000000	0.00000000	0.00000000
0.62914562	1.00026548	0.99979347	1.00029147	1.00008512	0.00000000	0.00000000	0.00000000	0.00000000
0.68157440	0.99993181	1.00008011	1.00015318	0.99978286	0.00000000	0.00000000	0.00000000	0.00000000
0.73400319	1.00027585	0.99995297	0.99983597	1.00006306	0.00000000	0.00000000	0.00000000	0.00000000
0.78643203	1.00067544	0.99990594	1.00011373	0.99965900	0.00000000	0.00000000	0.00000000	0.00000000
0.83886081	1.00020564	0.99963200	0.99999881	1.00014210	0.00000000	0.00000000	0.00000000	0.00000000
0.94371837	0.99959946	0.99974060	0.99997139	1.00002468	0.00000000	0.00000000	0.00000000	0.00000000
1.04857600	1.00032258	0.99988616	0.99992597	1.00034714	0.00000000	0.00000000	0.00000000	0.00000000
1.15343356	1.00002038	1.00023198	0.99986756	0.99973971	0.00000000	0.00000000	0.00000000	0.00000000
1.25829124	1.00017130	0.99975437	1.00001407	1.00035381	0.00000000	0.00000000	0.00000000	0.00000000
1.36314881	0.99998248	0.99971372	1.00007892	1.00004256	0.00000000	0.00000000	0.00000000	0.00000000
1.46800637	1.00023210	0.99978971	0.99994212	0.99985403	0.00000000	0.00000000	0.00000000	0.00000000
1.57286406	1.00035548	1.00030494	1.00002897	1.00020194	0.00000000	0.00000000	0.00000000	0.00000000
1.67772162	0.99992627	0.99967533	1.00011432	0.99997246	0.00000000	0.00000000	0.00000000	0.00000000
1.88743675	1.00021744	0.99990308	1.00004172	0.99993986	0.00000000	0.00000000	0.00000000	0.00000000
2.09715199	0.99996424	1.00002110	1.00005102	1.00015664	0.00000000	0.00000000	0.00000000	0.00000000
2.30686712	0.99990708	1.00010574	1.00002849	1.00001371	0.00000000	0.00000000	0.00000000	0.00000000
2.51658249	1.00006199	0.99996704	0.99990755	1.00014710	0.00000000	0.00000000	0.00000000	0.00000000
2.72629762	0.99999893	0.99997628	1.00006616	0.99997920	0.00000000	0.00000000	0.00000000	0.00000000
2.93601274	0.99993724	0.99995875	0.99994552	0.99974930	0.00000000	0.00000000	0.00000000	0.00000000
3.14572811	0.99995226	1.00023139	0.99996227	1.00004208	0.00000000	0.00000000	0.00000000	0.00000000
3.35544324	0.99963760	1.00008452	0.99994779	1.00012732	0.00000000	0.00000000	0.00000000	0.00000000
3.77487350	1.00027072	0.99989265	0.99993867	0.99985969	0.00000000	0.00000000	0.00000000	0.00000000
4.19430399	0.99985486	0.99995267	0.99998170	0.99987656	0.00000000	0.00000000	0.00000000	0.00000000
4.61373425	1.00003886	0.99994302	0.99989939	1.00006974	0.00000000	0.00000000	0.00000000	0.00000000
5.03316498	0.99995124	1.00009155	1.00003707	0.99987054	0.00000000	0.00000000	0.00000000	0.00000000
5.45259523	0.99978089	1.00010610	0.99991524	0.99999893	0.00000000	0.00000000	0.00000000	0.00000000
5.87202549	0.99983644	1.00005102	0.99993068	0.99992841	0.00000000	0.00000000	0.00000000	0.00000000
6.29145622	0.99996465	0.99993503	1.00002432	0.99983507	0.00000000	0.00000000	0.00000000	0.00000000
6.71088648	1.00015020	0.99992174	0.99996346	1.00014734	0.00000000	0.00000000	0.00000000	0.00000000
7.54974699	0.99983311	1.00001717	0.99992979	0.99990714	0.00000000	0.00000000	0.00000000	0.00000000
8.38860798	1.00003421	0.99997139	1.00003123	0.99987477	0.00000000	0.00000000	0.00000000	0.00000000
9.22746849	0.99975240	0.99998266	1.00002813	1.00005770	0.00000000	0.00000000	0.00000000	0.00000000
10.06632996	1.00006580	1.00000226	1.00008702	1.00006628	0.00000000	0.00000000	0.00000000	0.00000000
10.90519047	1.00005448	1.00000548	0.99997973	0.99993694	0.00000000	0.00000000	0.00000000	0.00000000
11.74405098	0.99978578	1.00003862	1.00004661	0.99995983	0.00000000	0.00000000	0.00000000	0.00000000
12.58291245	0.99987769	0.99990261	0.99990523	1.00011718	0.00000000	0.00000000	0.00000000	0.00000000
13.42177296	1.00001991	1.00009668	0.99995923	1.00012887	0.00000000	0.00000000	0.00000000	0.00000000
15.09949398	1.00011766	0.99999666	1.00006974	1.00003743	0.00000000	0.00000000	0.00000000	0.00000000
16.77721596	0.99998242	1.00003898	0.99988645	1.00000799	0.00000000	0.00000000	0.00000000	0.00000000
18.45493698	1.00006449	0.99995613	0.99997193	0.99997264	0.00000000	0.00000000	0.00000000	0.00000000
20.13265991	0.99997801	0.99998128	1.00016534	1.00002277	0.00000000	0.00000000	0.00000000	0.00000000
21.81038094	1.00000000	1.00000000	1.00000000	1.00000000	0.00000000	0.00000000	0.00000000	0.00000000
23.48810196	0.00000000	0.00000000	0.00000000	0.00000000	0.00000000	0.00000000	0.00000000	0.00000000
25.16582489	0.00000000	0.00000000	0.00000000	0.00000000	0.00000000	0.00000000	0.00000000	0.00000000
26.84354591	0.00000000	0.00000000	0.00000000	0.00000000	0.00000000	0.00000000	0.00000000	0.00000000
30.19898796	0.00000000	0.00000000	0.00000000	0.00000000	0.00000000	0.00000000	0.00000000	0.00000000
33.55443192	0.00000000	0.00000000	0.00000000	0.00000000	0.00000000	0.00000000	0.00000000	0.00000000
36.90987396	0.00000000	0.00000000	0.00000000	0.00000000	0.00000000	0.00000000	0.00000000	0.00000000
40.26531982	0.00000000	0.00000000	0.00000000	0.00000000	0.00000000	0.00000000	0.00000000	0.00000000
43.62076187	0.00000000	0.00000000	0.00000000	0.00000000	0.00000000	0.00000000	0.00000000	0.00000000
46.97620392	0.00000000	0.00000000	0.00000000	0.00000000	0.00000000	0.00000000	0.00000000	0.00000000
50.33164978	0.00000000	0.00000000	0.00000000	0.00000000	0.00000000	0.00000000	0.00000000	0.00000000
53.68709183	0.00000000	0.00000000	0.00000000	0.00000000	0.00000000	0.00000000	0.00000000	0.00000000
60.39797592	0.00000000	0.00000000	0.00000000	0.00000000	0.00000000	0.00000000	0.00000000	0.00000000
67.10886383	0.00000000	0.00000000	0.00000000	0.00000000	0.00000000	0.00000000	0.00000000	0.00000000
73.81974792	0.00000000	0.00000000	0.00000000	0.00000000	0.00000000	0.00000000	0.00000000	0.00000000
80.53063965	0.00000000	0.00000000	0.00000000	0.00000000	0.00000000	0.00000000	0.00000000	0.00000000
87.24152374	0.00000000	0.00000000	0.00000000	0.00000000	0.00000000	0.00000000	0.00000000	0.00000000
93.95240784	0.00000000	0.00000000	0.00000000	0.00000000	0.00000000	0.00000000	0.00000000	0.00000000
100.66329956	0.00000000	0.00000000	0.00000000	0.00000000	0.00000000	0.00000000	0.00000000	0.00000000
107.37418365	0.00000000	0.00000000	0.00000000	0.00000000	0.00000000	0.00000000	0.00000000	0.00000000
120.79595184	0.00000000	0.00000000	0.00000000	0.00000000	0.00000000	0.00000000	0.00000000	0.00000000
134.21772766	0.00000000	0.00000000	0.00000000	0.00000000	0.00000000	0.00000000	0.00000000	0.00000000
147.63949585	0.00000000	0.00000000	0.00000000	0.00000000	0.00000000	0.00000000	0.00000000	0.00000000
161.06127930	0.00000000	0.00000000	0.00000000	0.00000000	0.00000000	0.00000000	0.00000000	0.00000000
174.48304749	0.00000000	0.00000000	0.00000000	0.00000000	0.00000000	0.00000000	0.00000000	0.00000000
187.90481567	0.00000000	0.00000000	0.00000000	0.00000000	0.00000000	0.00000000	0.00000000	0.00000000
201.32659912	0.00000000	0.00000000	0.00000000	0.00000000	0.00000000	0.00000000	0.00000000	0.00000000
214.74836731	0.00000000	0.00000000	0.00000000	0.00000000	0.00000000	0.00000000	0.00000000	0.00000000
241.59190369	0.00000000	0.00000000	0.00000000	0.00000000	0.00000000	0.00000000	0.00000000	0.00000000
268.43545532	0.00000000	0.00000000	0.00000000	0.00000000	0.00000000	0.00000000	0.00000000	0.00000000
295.27899170	0.00000000	0.00000000	0.00000000	0.00000000	0.00000000	0.00000000	0.00000000	0.00000000
322.12255859	0.00000000	0.00000000	0.00000000	0.00000000	0.00000000	0.00000000	0.00000000	0.00000000
348.96609497	0.00000000	0.00000000	0.00000000	0.00000000	0.00000000	0.00000000	0.00000000	0.00000000
375.80963135	0.00000000	0.00000000	0.00000000	0.00000000	0.00000000	0.00000000	0.00000000	0.00000000
402.65319824	0.00000000	0.00000000	0.00000000	0.00000000	0.00000000	0.00000000	0.00000000	0.00000000
429.49673462	0.00000000	0.00000000	0.00000000	0.00000000	0.00000000	0.00000000	0.00000000	0.00000000
483.18380737	0.00000000	0.00000000	0.00000000	0.00000000	0.00000000	0.00000000	0.00000000	0.00000000
536.87091064	0.00000000	0.00000000	0.00000000	0.00000000	0.00000000	0.00000000	0.00000000	0.00000000
590.55798340	0.00000000	0.00000000	0.00000000	0.00000000	0.00000000	0.00000000	0.00000000	0.00000000
644.24511719	0.00000000	0.00000000	0.00000000	0.00000000	0.00000000	0.00000000	0.00000000	0.00000000
697.93218994	0.00000000	0.00000000	0.00000000	0.00000000	0.00000000	0.00000000	0.00000000	0.00000000
751.61926270	0.00000000	0.00000000	0.00000000	0.00000000	0.00000000	0.00000000	0.00000000	0.00000000
805.30639648	0.00000000	0.00000000	0.00000000	0.00000000	0.00000000	0.00000000	0.00000000	0.00000000
858.99346924	0.00000000	0.00000000	0.00000000	0.00000000	0.00000000	0.00000000	0.00000000	0.00000000
966.36761475	0.00000000	0.00000000	0.00000000	0.00000000	0.00000000	0.00000000	0.00000000	0.00000000
1073.74182129	0.00000000	0.00000000	0.00000000	0.00000000	0.00000000	0.00000000	0.00000000	0.00000000
1181.11596680	0.00000000	0.00000000	0.00000000	0.00000000	0.00000000	0.00000000	0.00000000	0.00000000
1288.49023437	0.00000000	0.00000000	0.00000000	0.00000000	0.00000000	0.00000000	0.00000000	0.00000000
1395.86437988	0.00000000	0.00000000	0.00000000	0.00000000	0.00000000	0.00000000	0.00000000	0.00000000
1503.23852539	0.00000000	0.00000000	0.00000000	0.00000000	0.00000000	0.00000000	0.00000000	0.00000000
1610.61279297	0.00000000	0.00000000	0.00000000	0.00000000	0.00000000	0.00000000	0.00000000	0.00000000
1717.98693848	0.00000000	0.00000000	0.00000000	0.00000000	0.00000000	0.00000000	0.00000000	0.00000000
1932.73522949	0.00000000	0.00000000	0.00000000	0.00000000	0.00000000	0.00000000	0.00000000	0.00000000
2147.48364258	0.00000000	0.00000000	0.00000000	0.00000000	0.00000000	0.00000000	0.00000000	0.00000000
2362.23193359	0.00000000	0.00000000	0.00000000	0.00000000	0.00000000	0.00000000	0.00000000	0.00000000
2576.98046875	0.00000000	0.00000000	0.00000000	0.00000000	0.00000000	0.00000000	0.00000000	0.00000000
2791.72875977	0.00000000	0.00000000	0.00000000	0.00000000	0.00000000	0.00000000	0.00000000	0.00000000
3006.47705078	0.00000000	0.00000000	0.00000000	0.00000000	0.00000000	0.00000000	0.00000000	0.00000000
3221.22558594	0.00000000	0.00000000	0.00000000	0.00000000	0.00000000	0.00000000	0.00000000	0.00000000
3435.97387695	0.00000000	0.00000000	0.00000000	0.00000000	0.00000000	0.00000000	0.00000000	0.00000000
0	0	0	0	0	0	0	0	0
