%3/28/2019 10:03:29 PM
%Duration	ID1		ID2		ID3		ID4		ID5		ID6		ID7		ID8
1000.000000	0.000000	0.000000	0.000000	0.000000	228.309631	243.959427	114.316940	31.986237
%Tau		Tau1		Tau2		Tau3		Tau4		Tau5		Tau6		Tau7		Tau8
%		0.000000	0.000000	0.000000	0.000000	0.000307	0.000230	0.000141	0.000083
%Delaytime	D1		D2		D3		D4		D5		D6		D7		D8
0.00000020	0.00000000	0.00000000	0.00000000	0.00000000	1.66796958	1.78264952	2.47103238	2.58612490
0.00000040	0.00000000	0.00000000	0.00000000	0.00000000	1.53356194	1.52875412	1.59390664	1.61770368
0.00000060	0.00000000	0.00000000	0.00000000	0.00000000	1.47415948	1.47771525	1.53473163	1.59569407
0.00000080	0.00000000	0.00000000	0.00000000	0.00000000	1.47359550	1.48662388	1.50132644	1.63971317
0.00000100	0.00000000	0.00000000	0.00000000	0.00000000	1.49615347	1.51130819	1.51755178	1.68373239
0.00000120	0.00000000	0.00000000	0.00000000	0.00000000	1.47773111	1.48346877	1.52900505	1.44162703
0.00000140	0.00000000	0.00000000	0.00000000	0.00000000	1.46250463	1.49924445	1.43547034	1.57368445
0.00000160	0.00000000	0.00000000	0.00000000	0.00000000	1.48167884	1.50258517	1.47173893	1.48564625
0.00000180	0.00000000	0.00000000	0.00000000	0.00000000	1.50893629	1.51483452	1.54713929	1.45263183
0.00000200	0.00000000	0.00000000	0.00000000	0.00000000	1.46363246	1.47715855	1.50609851	1.29856479
0.00000220	0.00000000	0.00000000	0.00000000	0.00000000	1.44878185	1.47456014	1.48414660	1.35358870
0.00000240	0.00000000	0.00000000	0.00000000	0.00000000	1.48619044	1.47214735	1.51946068	1.35358870
0.00000260	0.00000000	0.00000000	0.00000000	0.00000000	1.44276643	1.45971251	1.48128331	1.67272758
0.00000280	0.00000000	0.00000000	0.00000000	0.00000000	1.45423329	1.47418892	1.47651112	1.43062222
0.00000300	0.00000000	0.00000000	0.00000000	0.00000000	1.46588826	1.49070704	1.43165267	1.69473720
0.00000320	0.00000000	0.00000000	0.00000000	0.00000000	1.47660327	1.49813080	1.56431913	1.43062222
0.00000360	0.00000000	0.00000000	0.00000000	0.00000000	1.48910415	1.47548807	1.49989474	1.52966535
0.00000400	0.00000000	0.00000000	0.00000000	0.00000000	1.46419644	1.48142719	1.49655426	1.41411507
0.00000440	0.00000000	0.00000000	0.00000000	0.00000000	1.46156466	1.49395490	1.51373410	1.43612468
0.00000480	0.00000000	0.00000000	0.00000000	0.00000000	1.47904706	1.46398115	1.44501472	1.33708155
0.00000520	0.00000000	0.00000000	0.00000000	0.00000000	1.46306849	1.48727345	1.51516569	1.53516769
0.00000560	0.00000000	0.00000000	0.00000000	0.00000000	1.45949686	1.47316813	1.46887565	1.57368445
0.00000600	0.00000000	0.00000000	0.00000000	0.00000000	1.47528744	1.46778584	1.46314895	1.57368445
0.00000640	0.00000000	0.00000000	0.00000000	0.00000000	1.46974194	1.49432611	1.49846303	1.51315820
0.00000720	0.00000000	0.00000000	0.00000000	0.00000000	1.47204471	1.47210097	1.43547034	1.42511988
0.00000800	0.00000000	0.00000000	0.00000000	0.00000000	1.46499538	1.47460651	1.48366940	1.45263183
0.00000880	0.00000000	0.00000000	0.00000000	0.00000000	1.45879197	1.50272429	1.47531807	1.46913898
0.00000960	0.00000000	0.00000000	0.00000000	0.00000000	1.46391439	1.46922421	1.51421130	1.50765574
0.00001040	0.00000000	0.00000000	0.00000000	0.00000000	1.45479727	1.45080388	1.45551348	1.40311027
0.00001120	0.00000000	0.00000000	0.00000000	0.00000000	1.47162175	1.48003519	1.44262862	1.47189021
0.00001200	0.00000000	0.00000000	0.00000000	0.00000000	1.46161163	1.47033787	1.45933127	1.55442607
0.00001280	0.00000000	0.00000000	0.00000000	0.00000000	1.45592523	1.47938561	1.45026410	1.39485669
0.00001440	0.00000000	0.00000000	0.00000000	0.00000000	1.45430386	1.46490920	1.46314895	1.41136384
0.00001600	0.00000000	0.00000000	0.00000000	0.00000000	1.46271610	1.45618618	1.44274795	1.48014379
0.00001760	0.00000000	0.00000000	0.00000000	0.00000000	1.46041322	1.45010793	1.44596910	1.51315820
0.00001920	0.00000000	0.00000000	0.00000000	0.00000000	1.45087314	1.44407606	1.41375697	1.41549063
0.00002080	0.00000000	0.00000000	0.00000000	0.00000000	1.45127261	1.45555973	1.44000399	1.43199790
0.00002240	0.00000000	0.00000000	0.00000000	0.00000000	1.45684159	1.45066464	1.43010163	1.38247633
0.00002400	0.00000000	0.00000000	0.00000000	0.00000000	1.44410574	1.44502723	1.41029716	1.40448594
0.00002560	0.00000000	0.00000000	0.00000000	0.00000000	1.44680798	1.43600261	1.39419103	1.39485669
0.00002880	0.00000000	0.00000000	0.00000000	0.00000000	1.42817652	1.43610430	1.41169667	1.38678646
0.00003200	0.00000000	0.00000000	0.00000000	0.00000000	1.42726779	1.43809116	1.40439343	1.39781463
0.00003520	0.00000000	0.00000000	0.00000000	0.00000000	1.42874098	1.42163539	1.37069035	1.41435683
0.00003840	0.00000000	0.00000000	0.00000000	0.00000000	1.42341697	1.41264153	1.38619494	1.36059463
0.00004160	0.00000000	0.00000000	0.00000000	0.00000000	1.41739917	1.40656424	1.37176788	1.34060621
0.00004480	0.00000000	0.00000000	0.00000000	0.00000000	1.41374648	1.40287101	1.36658728	1.36266243
0.00004800	0.00000000	0.00000000	0.00000000	0.00000000	1.40231240	1.40354264	1.36104739	1.35645914
0.00005120	0.00000000	0.00000000	0.00000000	0.00000000	1.40672779	1.38590658	1.35093009	1.29373670
0.00005760	0.00000000	0.00000000	0.00000000	0.00000000	1.39077127	1.38549209	1.35198450	1.32729959
0.00006400	0.00000000	0.00000000	0.00000000	0.00000000	1.38914645	1.37489498	1.33988595	1.25671327
0.00007040	0.00000000	0.00000000	0.00000000	0.00000000	1.38338280	1.37219667	1.31565857	1.30757689
0.00007680	0.00000000	0.00000000	0.00000000	0.00000000	1.38286090	1.35884786	1.30097818	1.25801110
0.00008320	0.00000000	0.00000000	0.00000000	0.00000000	1.36678982	1.34900534	1.29080093	1.23552191
0.00008960	0.00000000	0.00000000	0.00000000	0.00000000	1.36446166	1.33948123	1.27891243	1.27492082
0.00009600	0.00000000	0.00000000	0.00000000	0.00000000	1.35232437	1.33168650	1.27073371	1.24477839
0.00010240	0.00000000	0.00000000	0.00000000	0.00000000	1.34939873	1.32102990	1.27544713	1.23543727
0.00011520	0.00000000	0.00000000	0.00000000	0.00000000	1.33619785	1.30337656	1.24983788	1.22358584
0.00012800	0.00000000	0.00000000	0.00000000	0.00000000	1.32235324	1.28529418	1.22547054	1.17019117
0.00014080	0.00000000	0.00000000	0.00000000	0.00000000	1.31390715	1.27433813	1.21130490	1.20229053
0.00015360	0.00000000	0.00000000	0.00000000	0.00000000	1.29616916	1.26055467	1.19577801	1.15321743
0.00016640	0.00000000	0.00000000	0.00000000	0.00000000	1.29073584	1.24450290	1.18681788	1.13403749
0.00017920	0.00000000	0.00000000	0.00000000	0.00000000	1.27422607	1.23655772	1.16743815	1.11623979
0.00019200	0.00000000	0.00000000	0.00000000	0.00000000	1.26778090	1.22486317	1.16524577	1.09235704
0.00020480	0.00000000	0.00000000	0.00000000	0.00000000	1.25640094	1.21112359	1.14209104	1.07895362
0.00023040	0.00000000	0.00000000	0.00000000	0.00000000	1.23473084	1.18991208	1.13021719	1.07798886
0.00025600	0.00000000	0.00000000	0.00000000	0.00000000	1.22069502	1.16856766	1.10750186	1.06585431
0.00028160	0.00000000	0.00000000	0.00000000	0.00000000	1.20253015	1.15603304	1.09345031	1.04218781
0.00030720	0.00000000	0.00000000	0.00000000	0.00000000	1.18508911	1.13453782	1.08309925	1.03034675
0.00033280	0.00000000	0.00000000	0.00000000	0.00000000	1.16809607	1.12155807	1.07422769	1.02292919
0.00035840	0.00000000	0.00000000	0.00000000	0.00000000	1.15234542	1.10521436	1.05618894	1.03157127
0.00038400	0.00000000	0.00000000	0.00000000	0.00000000	1.14025855	1.09510016	1.05221474	1.03088272
0.00040960	0.00000000	0.00000000	0.00000000	0.00000000	1.12768972	1.08349681	1.04600251	1.00876224
0.00046080	0.00000000	0.00000000	0.00000000	0.00000000	1.10764277	1.06483865	1.03608680	1.01998174
0.00051200	0.00000000	0.00000000	0.00000000	0.00000000	1.08926284	1.05348504	1.02514517	1.01431632
0.00056320	0.00000000	0.00000000	0.00000000	0.00000000	1.07141089	1.04079378	1.02194965	1.00568247
0.00061440	0.00000000	0.00000000	0.00000000	0.00000000	1.05853331	1.03450847	1.01469874	1.00016010
0.00066560	0.00000000	0.00000000	0.00000000	0.00000000	1.04358137	1.02891159	1.01281440	0.99838793
0.00071680	0.00000000	0.00000000	0.00000000	0.00000000	1.03420067	1.02082586	1.00864398	0.98074514
0.00076800	0.00000000	0.00000000	0.00000000	0.00000000	1.02663767	1.01575685	1.00991464	0.98161989
0.00081920	0.00000000	0.00000000	0.00000000	0.00000000	1.02156401	1.01196980	1.01286352	1.00556159
0.00092160	0.00000000	0.00000000	0.00000000	0.00000000	1.01206863	1.00463259	1.01111233	1.00935090
0.00102400	0.00000000	0.00000000	0.00000000	0.00000000	1.00531733	1.00384796	1.00221002	1.00170088
0.00112640	0.00000000	0.00000000	0.00000000	0.00000000	1.00485969	1.00591063	1.00323880	0.98951334
0.00122880	0.00000000	0.00000000	0.00000000	0.00000000	0.99973649	1.00280404	0.99801683	0.99238986
0.00133120	0.00000000	0.00000000	0.00000000	0.00000000	0.99627310	1.00113177	0.99991959	1.00158894
0.00143360	0.00000000	0.00000000	0.00000000	0.00000000	0.99554235	0.99933547	1.00512457	1.01433933
0.00153600	0.00000000	0.00000000	0.00000000	0.00000000	0.99459487	0.99733847	1.00751007	0.99008310
0.00163840	0.00000000	0.00000000	0.00000000	0.00000000	0.99380511	0.99444848	1.00932491	0.98892522
0.00184320	0.00000000	0.00000000	0.00000000	0.00000000	0.99869871	0.99212521	1.01403952	1.00629628
0.00204800	0.00000000	0.00000000	0.00000000	0.00000000	0.99972105	0.99009275	1.00731647	0.99738985
0.00225280	0.00000000	0.00000000	0.00000000	0.00000000	0.99868041	0.99307281	1.00364542	1.00074947
0.00245760	0.00000000	0.00000000	0.00000000	0.00000000	1.00206947	0.99358803	1.00498998	1.02287591
0.00266240	0.00000000	0.00000000	0.00000000	0.00000000	1.00560367	0.99291378	0.99814796	1.00911927
0.00286720	0.00000000	0.00000000	0.00000000	0.00000000	1.01346076	0.99447972	0.99944007	1.00704980
0.00307200	0.00000000	0.00000000	0.00000000	0.00000000	1.01477039	0.99818659	0.99980015	0.99483281
0.00327680	0.00000000	0.00000000	0.00000000	0.00000000	1.00606215	1.00018179	1.00003541	0.98912030
0.00368640	0.00000000	0.00000000	0.00000000	0.00000000	1.00370991	1.00197601	1.00219214	1.01022494
0.00409600	0.00000000	0.00000000	0.00000000	0.00000000	1.00539827	0.99818194	1.00468397	1.00934839
0.00450560	0.00000000	0.00000000	0.00000000	0.00000000	1.00582337	0.99761331	1.00366199	1.01096284
0.00491520	0.00000000	0.00000000	0.00000000	0.00000000	1.00904691	1.00272667	1.00554955	1.00119185
0.00532480	0.00000000	0.00000000	0.00000000	0.00000000	1.00530612	1.00314891	1.00515020	0.99926138
0.00573440	0.00000000	0.00000000	0.00000000	0.00000000	0.99794459	0.99492860	1.00170410	0.99012464
0.00614400	0.00000000	0.00000000	0.00000000	0.00000000	0.99033523	0.99924064	1.00124991	1.00234079
0.00655360	0.00000000	0.00000000	0.00000000	0.00000000	0.98909676	1.00470960	0.99869305	1.00000346
0.00737280	0.00000000	0.00000000	0.00000000	0.00000000	0.99623758	0.99823648	1.00138438	1.00291049
0.00819200	0.00000000	0.00000000	0.00000000	0.00000000	0.99684167	1.00391960	1.00078154	1.00218880
0.00901120	0.00000000	0.00000000	0.00000000	0.00000000	0.98783463	0.99532050	0.99624377	0.99489796
0.00983040	0.00000000	0.00000000	0.00000000	0.00000000	0.99954593	1.00263023	1.00438309	0.99511731
0.01064960	0.00000000	0.00000000	0.00000000	0.00000000	0.99263757	1.00351119	0.99745214	0.99638063
0.01146880	0.00000000	0.00000000	0.00000000	0.00000000	0.99942976	1.00301075	0.99561089	1.00149250
0.01228800	0.00000000	0.00000000	0.00000000	0.00000000	1.00960231	0.99192882	0.99875540	0.99885190
0.01310720	0.00000000	0.00000000	0.00000000	0.00000000	0.99531639	0.99323523	0.99494463	1.00845814
0.01474560	0.00000000	0.00000000	0.00000000	0.00000000	1.00102139	0.99657363	0.99899483	0.99594688
0.01638400	0.00000000	0.00000000	0.00000000	0.00000000	0.99466330	1.00193274	0.99820924	1.00162840
0.01802240	0.00000000	0.00000000	0.00000000	0.00000000	1.00134063	1.00238526	0.99987710	0.99672359
0.01966080	0.00000000	0.00000000	0.00000000	0.00000000	1.00068557	0.99776632	1.00156844	1.00330842
0.02129920	0.00000000	0.00000000	0.00000000	0.00000000	0.99561673	1.00059843	0.99756515	1.00705266
0.02293760	0.00000000	0.00000000	0.00000000	0.00000000	1.00268555	1.00163436	1.00368679	0.99661189
0.02457600	0.00000000	0.00000000	0.00000000	0.00000000	0.99906349	1.00008881	1.00155520	1.00087333
0.02621440	0.00000000	0.00000000	0.00000000	0.00000000	0.99868852	0.99424523	0.99712557	0.99536097
0.02949120	0.00000000	0.00000000	0.00000000	0.00000000	0.99552697	0.99496621	0.99900079	1.00165069
0.03276800	0.00000000	0.00000000	0.00000000	0.00000000	0.99942851	0.99878937	0.99974597	1.00268543
0.03604480	0.00000000	0.00000000	0.00000000	0.00000000	1.00446570	0.99985039	0.99661708	0.99945152
0.03932160	0.00000000	0.00000000	0.00000000	0.00000000	1.00719047	1.00000274	1.00039256	0.99781311
0.04259840	0.00000000	0.00000000	0.00000000	0.00000000	1.00103736	1.00033796	1.00296056	0.99552852
0.04587520	0.00000000	0.00000000	0.00000000	0.00000000	1.00226438	0.99850190	0.99990410	0.99859172
0.04915200	0.00000000	0.00000000	0.00000000	0.00000000	0.99912089	1.00000143	0.99980539	0.99361056
0.05242880	0.00000000	0.00000000	0.00000000	0.00000000	0.99974835	0.99991488	1.00038552	1.00100958
0.05898240	0.00000000	0.00000000	0.00000000	0.00000000	0.99870259	0.99918795	1.00004530	1.00248837
0.06553600	0.00000000	0.00000000	0.00000000	0.00000000	0.99727631	0.99833864	1.00395823	1.00208676
0.07208960	0.00000000	0.00000000	0.00000000	0.00000000	1.00287330	1.00046873	1.00103235	0.99808472
0.07864320	0.00000000	0.00000000	0.00000000	0.00000000	1.00348902	1.00240600	1.00045037	1.00035000
0.08519680	0.00000000	0.00000000	0.00000000	0.00000000	1.00113940	1.00376153	1.00044966	1.00051081
0.09175040	0.00000000	0.00000000	0.00000000	0.00000000	0.99967206	0.99827486	1.00209689	1.00147164
0.09830400	0.00000000	0.00000000	0.00000000	0.00000000	1.00067723	1.00037277	1.00085843	1.00204551
0.10485760	0.00000000	0.00000000	0.00000000	0.00000000	0.99628204	1.00155175	1.00046957	0.99784744
0.11796480	0.00000000	0.00000000	0.00000000	0.00000000	1.00132155	1.00138831	1.00041807	0.99871391
0.13107200	0.00000000	0.00000000	0.00000000	0.00000000	1.00018692	0.99881101	0.99941570	1.00020266
0.14417920	0.00000000	0.00000000	0.00000000	0.00000000	0.99954545	0.99844348	1.00039744	0.99922329
0.15728641	0.00000000	0.00000000	0.00000000	0.00000000	0.99911904	1.00046492	1.00040972	1.00006533
0.17039360	0.00000000	0.00000000	0.00000000	0.00000000	1.00140858	0.99816811	0.99956876	0.99997348
0.18350080	0.00000000	0.00000000	0.00000000	0.00000000	1.00042677	0.99847174	1.00188494	0.99970627
0.19660801	0.00000000	0.00000000	0.00000000	0.00000000	1.00003648	1.00075209	1.00226688	1.00150931
0.20971520	0.00000000	0.00000000	0.00000000	0.00000000	0.99945396	1.00014317	0.99947846	1.00125885
0.23592959	0.00000000	0.00000000	0.00000000	0.00000000	1.00147462	0.99984938	1.00009382	1.00016177
0.26214400	0.00000000	0.00000000	0.00000000	0.00000000	0.99900866	0.99934065	1.00164115	0.99771667
0.28835839	0.00000000	0.00000000	0.00000000	0.00000000	0.99797285	1.00072694	1.00085521	1.00173938
0.31457281	0.00000000	0.00000000	0.00000000	0.00000000	1.00191283	0.99952710	1.00049293	1.00057471
0.34078720	0.00000000	0.00000000	0.00000000	0.00000000	1.00095832	1.00096858	1.00048065	0.99970025
0.36700159	0.00000000	0.00000000	0.00000000	0.00000000	1.00035739	0.99961597	0.99846977	1.00130391
0.39321601	0.00000000	0.00000000	0.00000000	0.00000000	0.99998254	1.00082171	1.00065136	1.00148940
0.41943040	0.00000000	0.00000000	0.00000000	0.00000000	0.99848902	0.99978006	0.99911976	0.99729484
0.47185919	0.00000000	0.00000000	0.00000000	0.00000000	0.99880290	0.99993420	0.99893981	0.99948931
0.52428800	0.00000000	0.00000000	0.00000000	0.00000000	0.99901211	0.99989188	0.99997252	0.99873257
0.57671678	0.00000000	0.00000000	0.00000000	0.00000000	0.99948716	0.99965125	0.99909753	0.99846190
0.62914562	0.00000000	0.00000000	0.00000000	0.00000000	0.99833864	1.00046718	0.99972367	0.99973017
0.68157440	0.00000000	0.00000000	0.00000000	0.00000000	1.00101185	0.99899679	0.99912721	1.00039732
0.73400319	0.00000000	0.00000000	0.00000000	0.00000000	0.99900132	1.00054944	0.99918717	0.99956936
0.78643203	0.00000000	0.00000000	0.00000000	0.00000000	0.99965948	0.99863052	0.99913073	0.99898124
0.83886081	0.00000000	0.00000000	0.00000000	0.00000000	0.99826360	0.99958879	1.00011492	0.99964070
0.94371837	0.00000000	0.00000000	0.00000000	0.00000000	0.99990356	0.99990910	1.00000656	0.99980456
1.04857600	0.00000000	0.00000000	0.00000000	0.00000000	1.00114691	0.99998623	0.99946523	1.00049174
1.15343356	0.00000000	0.00000000	0.00000000	0.00000000	0.99999636	0.99932075	1.00009167	1.00058377
1.25829124	0.00000000	0.00000000	0.00000000	0.00000000	1.00008571	0.99973452	0.99920022	0.99997497
1.36314881	0.00000000	0.00000000	0.00000000	0.00000000	1.00174642	1.00016582	1.00035441	1.00132680
1.46800637	0.00000000	0.00000000	0.00000000	0.00000000	0.99881923	1.00027287	0.99842721	0.99968928
1.57286406	0.00000000	0.00000000	0.00000000	0.00000000	1.00033963	1.00017309	1.00087464	0.99935341
1.67772162	0.00000000	0.00000000	0.00000000	0.00000000	1.00073528	1.00033331	0.99918538	1.00069273
1.88743675	0.00000000	0.00000000	0.00000000	0.00000000	0.00000000	0.00000000	0.00000000	0.00000000
2.09715199	0.00000000	0.00000000	0.00000000	0.00000000	0.00000000	0.00000000	0.00000000	0.00000000
2.30686712	0.00000000	0.00000000	0.00000000	0.00000000	0.00000000	0.00000000	0.00000000	0.00000000
2.51658249	0.00000000	0.00000000	0.00000000	0.00000000	0.00000000	0.00000000	0.00000000	0.00000000
2.72629762	0.00000000	0.00000000	0.00000000	0.00000000	0.00000000	0.00000000	0.00000000	0.00000000
2.93601274	0.00000000	0.00000000	0.00000000	0.00000000	0.00000000	0.00000000	0.00000000	0.00000000
3.14572811	0.00000000	0.00000000	0.00000000	0.00000000	0.00000000	0.00000000	0.00000000	0.00000000
3.35544324	0.00000000	0.00000000	0.00000000	0.00000000	0.00000000	0.00000000	0.00000000	0.00000000
3.77487350	0.00000000	0.00000000	0.00000000	0.00000000	0.00000000	0.00000000	0.00000000	0.00000000
4.19430399	0.00000000	0.00000000	0.00000000	0.00000000	0.00000000	0.00000000	0.00000000	0.00000000
4.61373425	0.00000000	0.00000000	0.00000000	0.00000000	0.00000000	0.00000000	0.00000000	0.00000000
5.03316498	0.00000000	0.00000000	0.00000000	0.00000000	0.00000000	0.00000000	0.00000000	0.00000000
5.45259523	0.00000000	0.00000000	0.00000000	0.00000000	0.00000000	0.00000000	0.00000000	0.00000000
5.87202549	0.00000000	0.00000000	0.00000000	0.00000000	0.00000000	0.00000000	0.00000000	0.00000000
6.29145622	0.00000000	0.00000000	0.00000000	0.00000000	0.00000000	0.00000000	0.00000000	0.00000000
6.71088648	0.00000000	0.00000000	0.00000000	0.00000000	0.00000000	0.00000000	0.00000000	0.00000000
7.54974699	0.00000000	0.00000000	0.00000000	0.00000000	0.00000000	0.00000000	0.00000000	0.00000000
8.38860798	0.00000000	0.00000000	0.00000000	0.00000000	0.00000000	0.00000000	0.00000000	0.00000000
9.22746849	0.00000000	0.00000000	0.00000000	0.00000000	0.00000000	0.00000000	0.00000000	0.00000000
10.06632996	0.00000000	0.00000000	0.00000000	0.00000000	0.00000000	0.00000000	0.00000000	0.00000000
10.90519047	0.00000000	0.00000000	0.00000000	0.00000000	0.00000000	0.00000000	0.00000000	0.00000000
11.74405098	0.00000000	0.00000000	0.00000000	0.00000000	0.00000000	0.00000000	0.00000000	0.00000000
12.58291245	0.00000000	0.00000000	0.00000000	0.00000000	0.00000000	0.00000000	0.00000000	0.00000000
13.42177296	0.00000000	0.00000000	0.00000000	0.00000000	0.00000000	0.00000000	0.00000000	0.00000000
15.09949398	0.00000000	0.00000000	0.00000000	0.00000000	0.00000000	0.00000000	0.00000000	0.00000000
16.77721596	0.00000000	0.00000000	0.00000000	0.00000000	0.00000000	0.00000000	0.00000000	0.00000000
18.45493698	0.00000000	0.00000000	0.00000000	0.00000000	0.00000000	0.00000000	0.00000000	0.00000000
20.13265991	0.00000000	0.00000000	0.00000000	0.00000000	0.00000000	0.00000000	0.00000000	0.00000000
21.81038094	0.00000000	0.00000000	0.00000000	0.00000000	0.00000000	0.00000000	0.00000000	0.00000000
23.48810196	0.00000000	0.00000000	0.00000000	0.00000000	0.00000000	0.00000000	0.00000000	0.00000000
25.16582489	0.00000000	0.00000000	0.00000000	0.00000000	0.00000000	0.00000000	0.00000000	0.00000000
26.84354591	0.00000000	0.00000000	0.00000000	0.00000000	0.00000000	0.00000000	0.00000000	0.00000000
30.19898796	0.00000000	0.00000000	0.00000000	0.00000000	0.00000000	0.00000000	0.00000000	0.00000000
33.55443192	0.00000000	0.00000000	0.00000000	0.00000000	0.00000000	0.00000000	0.00000000	0.00000000
36.90987396	0.00000000	0.00000000	0.00000000	0.00000000	0.00000000	0.00000000	0.00000000	0.00000000
40.26531982	0.00000000	0.00000000	0.00000000	0.00000000	0.00000000	0.00000000	0.00000000	0.00000000
43.62076187	0.00000000	0.00000000	0.00000000	0.00000000	0.00000000	0.00000000	0.00000000	0.00000000
46.97620392	0.00000000	0.00000000	0.00000000	0.00000000	0.00000000	0.00000000	0.00000000	0.00000000
50.33164978	0.00000000	0.00000000	0.00000000	0.00000000	0.00000000	0.00000000	0.00000000	0.00000000
53.68709183	0.00000000	0.00000000	0.00000000	0.00000000	0.00000000	0.00000000	0.00000000	0.00000000
60.39797592	0.00000000	0.00000000	0.00000000	0.00000000	0.00000000	0.00000000	0.00000000	0.00000000
67.10886383	0.00000000	0.00000000	0.00000000	0.00000000	0.00000000	0.00000000	0.00000000	0.00000000
73.81974792	0.00000000	0.00000000	0.00000000	0.00000000	0.00000000	0.00000000	0.00000000	0.00000000
80.53063965	0.00000000	0.00000000	0.00000000	0.00000000	0.00000000	0.00000000	0.00000000	0.00000000
87.24152374	0.00000000	0.00000000	0.00000000	0.00000000	0.00000000	0.00000000	0.00000000	0.00000000
93.95240784	0.00000000	0.00000000	0.00000000	0.00000000	0.00000000	0.00000000	0.00000000	0.00000000
100.66329956	0.00000000	0.00000000	0.00000000	0.00000000	0.00000000	0.00000000	0.00000000	0.00000000
107.37418365	0.00000000	0.00000000	0.00000000	0.00000000	0.00000000	0.00000000	0.00000000	0.00000000
120.79595184	0.00000000	0.00000000	0.00000000	0.00000000	0.00000000	0.00000000	0.00000000	0.00000000
134.21772766	0.00000000	0.00000000	0.00000000	0.00000000	0.00000000	0.00000000	0.00000000	0.00000000
147.63949585	0.00000000	0.00000000	0.00000000	0.00000000	0.00000000	0.00000000	0.00000000	0.00000000
161.06127930	0.00000000	0.00000000	0.00000000	0.00000000	0.00000000	0.00000000	0.00000000	0.00000000
174.48304749	0.00000000	0.00000000	0.00000000	0.00000000	0.00000000	0.00000000	0.00000000	0.00000000
187.90481567	0.00000000	0.00000000	0.00000000	0.00000000	0.00000000	0.00000000	0.00000000	0.00000000
201.32659912	0.00000000	0.00000000	0.00000000	0.00000000	0.00000000	0.00000000	0.00000000	0.00000000
214.74836731	0.00000000	0.00000000	0.00000000	0.00000000	0.00000000	0.00000000	0.00000000	0.00000000
241.59190369	0.00000000	0.00000000	0.00000000	0.00000000	0.00000000	0.00000000	0.00000000	0.00000000
268.43545532	0.00000000	0.00000000	0.00000000	0.00000000	0.00000000	0.00000000	0.00000000	0.00000000
295.27899170	0.00000000	0.00000000	0.00000000	0.00000000	0.00000000	0.00000000	0.00000000	0.00000000
322.12255859	0.00000000	0.00000000	0.00000000	0.00000000	0.00000000	0.00000000	0.00000000	0.00000000
348.96609497	0.00000000	0.00000000	0.00000000	0.00000000	0.00000000	0.00000000	0.00000000	0.00000000
375.80963135	0.00000000	0.00000000	0.00000000	0.00000000	0.00000000	0.00000000	0.00000000	0.00000000
402.65319824	0.00000000	0.00000000	0.00000000	0.00000000	0.00000000	0.00000000	0.00000000	0.00000000
429.49673462	0.00000000	0.00000000	0.00000000	0.00000000	0.00000000	0.00000000	0.00000000	0.00000000
483.18380737	0.00000000	0.00000000	0.00000000	0.00000000	0.00000000	0.00000000	0.00000000	0.00000000
536.87091064	0.00000000	0.00000000	0.00000000	0.00000000	0.00000000	0.00000000	0.00000000	0.00000000
590.55798340	0.00000000	0.00000000	0.00000000	0.00000000	0.00000000	0.00000000	0.00000000	0.00000000
644.24511719	0.00000000	0.00000000	0.00000000	0.00000000	0.00000000	0.00000000	0.00000000	0.00000000
697.93218994	0.00000000	0.00000000	0.00000000	0.00000000	0.00000000	0.00000000	0.00000000	0.00000000
751.61926270	0.00000000	0.00000000	0.00000000	0.00000000	0.00000000	0.00000000	0.00000000	0.00000000
805.30639648	0.00000000	0.00000000	0.00000000	0.00000000	0.00000000	0.00000000	0.00000000	0.00000000
858.99346924	0.00000000	0.00000000	0.00000000	0.00000000	0.00000000	0.00000000	0.00000000	0.00000000
966.36761475	0.00000000	0.00000000	0.00000000	0.00000000	0.00000000	0.00000000	0.00000000	0.00000000
1073.74182129	0.00000000	0.00000000	0.00000000	0.00000000	0.00000000	0.00000000	0.00000000	0.00000000
1181.11596680	0.00000000	0.00000000	0.00000000	0.00000000	0.00000000	0.00000000	0.00000000	0.00000000
1288.49023437	0.00000000	0.00000000	0.00000000	0.00000000	0.00000000	0.00000000	0.00000000	0.00000000
1395.86437988	0.00000000	0.00000000	0.00000000	0.00000000	0.00000000	0.00000000	0.00000000	0.00000000
1503.23852539	0.00000000	0.00000000	0.00000000	0.00000000	0.00000000	0.00000000	0.00000000	0.00000000
1610.61279297	0.00000000	0.00000000	0.00000000	0.00000000	0.00000000	0.00000000	0.00000000	0.00000000
1717.98693848	0.00000000	0.00000000	0.00000000	0.00000000	0.00000000	0.00000000	0.00000000	0.00000000
1932.73522949	0.00000000	0.00000000	0.00000000	0.00000000	0.00000000	0.00000000	0.00000000	0.00000000
2147.48364258	0.00000000	0.00000000	0.00000000	0.00000000	0.00000000	0.00000000	0.00000000	0.00000000
2362.23193359	0.00000000	0.00000000	0.00000000	0.00000000	0.00000000	0.00000000	0.00000000	0.00000000
2576.98046875	0.00000000	0.00000000	0.00000000	0.00000000	0.00000000	0.00000000	0.00000000	0.00000000
2791.72875977	0.00000000	0.00000000	0.00000000	0.00000000	0.00000000	0.00000000	0.00000000	0.00000000
3006.47705078	0.00000000	0.00000000	0.00000000	0.00000000	0.00000000	0.00000000	0.00000000	0.00000000
3221.22558594	0.00000000	0.00000000	0.00000000	0.00000000	0.00000000	0.00000000	0.00000000	0.00000000
3435.97387695	0.00000000	0.00000000	0.00000000	0.00000000	0.00000000	0.00000000	0.00000000	0.00000000
0	0	0	0	0	0	0	0	0
