%3/28/2019 10:52:22 PM
%Duration	ID1		ID2		ID3		ID4		ID5		ID6		ID7		ID8
1000.000000	0.000000	0.000000	0.000000	0.000000	244.283676	247.392654	107.755661	30.221939
%Tau		Tau1		Tau2		Tau3		Tau4		Tau5		Tau6		Tau7		Tau8
%		0.000000	0.000000	0.000000	0.000000	0.000333	0.000230	0.000166	0.000077
%Delaytime	D1		D2		D3		D4		D5		D6		D7		D8
0.00000020	0.00000000	0.00000000	0.00000000	0.00000000	1.66413999	1.78170013	2.36567736	2.31507540
0.00000040	0.00000000	0.00000000	0.00000000	0.00000000	1.55970478	1.50750780	1.53330934	1.48492217
0.00000060	0.00000000	0.00000000	0.00000000	0.00000000	1.53032649	1.46461940	1.47781813	1.74215269
0.00000080	0.00000000	0.00000000	0.00000000	0.00000000	1.51023555	1.48606360	1.40577698	1.62522972
0.00000100	0.00000000	0.00000000	0.00000000	0.00000000	1.49317718	1.46040392	1.45932114	1.44984519
0.00000120	0.00000000	0.00000000	0.00000000	0.00000000	1.51364720	1.49082899	1.52065349	1.40307605
0.00000140	0.00000000	0.00000000	0.00000000	0.00000000	1.48730147	1.48349762	1.50312996	1.49661446
0.00000160	0.00000000	0.00000000	0.00000000	0.00000000	1.51649022	1.47873235	1.53428292	1.62522972
0.00000180	0.00000000	0.00000000	0.00000000	0.00000000	1.52407169	1.47360039	1.48171222	1.40307605
0.00000200	0.00000000	0.00000000	0.00000000	0.00000000	1.46133482	1.45912099	1.52454758	1.27446067
0.00000220	0.00000000	0.00000000	0.00000000	0.00000000	1.49222946	1.46388626	1.50507700	1.32122993
0.00000240	0.00000000	0.00000000	0.00000000	0.00000000	1.50075865	1.47561646	1.50312996	1.37969136
0.00000260	0.00000000	0.00000000	0.00000000	0.00000000	1.50606573	1.46810186	1.50118291	1.46153748
0.00000280	0.00000000	0.00000000	0.00000000	0.00000000	1.52047050	1.44005942	1.50702405	1.32122993
0.00000300	0.00000000	0.00000000	0.00000000	0.00000000	1.50625527	1.46040392	1.49826229	1.63692200
0.00000320	0.00000000	0.00000000	0.00000000	0.00000000	1.50435984	1.46645224	1.56154168	1.35630679
0.00000360	0.00000000	0.00000000	0.00000000	0.00000000	1.51241517	1.47250068	1.53233588	1.26861453
0.00000400	0.00000000	0.00000000	0.00000000	0.00000000	1.49801028	1.46122873	1.46516228	1.49076831
0.00000440	0.00000000	0.00000000	0.00000000	0.00000000	1.49260855	1.48560548	1.48511958	1.46153748
0.00000480	0.00000000	0.00000000	0.00000000	0.00000000	1.50123250	1.46672726	1.48657990	1.48492217
0.00000520	0.00000000	0.00000000	0.00000000	0.00000000	1.47327566	1.44216716	1.48025203	1.36215293
0.00000560	0.00000000	0.00000000	0.00000000	0.00000000	1.50843489	1.46746039	1.47684467	1.48492217
0.00000600	0.00000000	0.00000000	0.00000000	0.00000000	1.49033403	1.47451675	1.46759605	1.54922974
0.00000640	0.00000000	0.00000000	0.00000000	0.00000000	1.49393523	1.46480274	1.50118291	1.40307605
0.00000720	0.00000000	0.00000000	0.00000000	0.00000000	1.49331927	1.46242011	1.49996591	1.56676817
0.00000800	0.00000000	0.00000000	0.00000000	0.00000000	1.49322450	1.46425283	1.48950052	1.44399905
0.00000880	0.00000000	0.00000000	0.00000000	0.00000000	1.49673092	1.46842253	1.45834756	1.52876830
0.00000960	0.00000000	0.00000000	0.00000000	0.00000000	1.48943377	1.45508873	1.48268580	1.58430672
0.00001040	0.00000000	0.00000000	0.00000000	0.00000000	1.48758578	1.45504284	1.46248507	1.41184521
0.00001120	0.00000000	0.00000000	0.00000000	0.00000000	1.48967063	1.45930421	1.48779678	1.52584517
0.00001200	0.00000000	0.00000000	0.00000000	0.00000000	1.49881589	1.46622324	1.51505566	1.36507607
0.00001280	0.00000000	0.00000000	0.00000000	0.00000000	1.48445845	1.44876540	1.47733140	1.52876830
0.00001440	0.00000000	0.00000000	0.00000000	0.00000000	1.47154617	1.45962501	1.46370196	1.37822986
0.00001600	0.00000000	0.00000000	0.00000000	0.00000000	1.48325014	1.45032334	1.49448991	1.43230677
0.00001760	0.00000000	0.00000000	0.00000000	0.00000000	1.48099935	1.44496226	1.47501922	1.43961442
0.00001920	0.00000000	0.00000000	0.00000000	0.00000000	1.48038328	1.43921173	1.46564901	1.49222982
0.00002080	0.00000000	0.00000000	0.00000000	0.00000000	1.47202003	1.43717277	1.44824719	1.41915298
0.00002240	0.00000000	0.00000000	0.00000000	0.00000000	1.48370028	1.43068910	1.44654346	1.45130670
0.00002400	0.00000000	0.00000000	0.00000000	0.00000000	1.46600223	1.42764199	1.44423139	1.47761440
0.00002560	0.00000000	0.00000000	0.00000000	0.00000000	1.46574152	1.43561482	1.44131076	1.32853758
0.00002880	0.00000000	0.00000000	0.00000000	0.00000000	1.47015631	1.42876172	1.42156196	1.44013381
0.00003200	0.00000000	0.00000000	0.00000000	0.00000000	1.46603668	1.41954386	1.40603077	1.41364181
0.00003520	0.00000000	0.00000000	0.00000000	0.00000000	1.46750426	1.40456784	1.41147602	1.38494217
0.00003840	0.00000000	0.00000000	0.00000000	0.00000000	1.46732140	1.40148759	1.41809678	1.38126278
0.00004160	0.00000000	0.00000000	0.00000000	0.00000000	1.44851351	1.40698671	1.39291286	1.31871223
0.00004480	0.00000000	0.00000000	0.00000000	0.00000000	1.45203900	1.39659047	1.38963342	1.31944811
0.00004800	0.00000000	0.00000000	0.00000000	0.00000000	1.45136273	1.38893044	1.38678706	1.32239163
0.00005120	0.00000000	0.00000000	0.00000000	0.00000000	1.44721437	1.38796496	1.37026596	1.42762375
0.00005760	0.00000000	0.00000000	0.00000000	0.00000000	1.43793619	1.37676847	1.36506152	1.30882001
0.00006400	0.00000000	0.00000000	0.00000000	0.00000000	1.43407226	1.36898363	1.35441577	1.30845225
0.00007040	0.00000000	0.00000000	0.00000000	0.00000000	1.42470932	1.36152661	1.34680784	1.24777365
0.00007680	0.00000000	0.00000000	0.00000000	0.00000000	1.41842043	1.34698629	1.32625663	1.24818552
0.00008320	0.00000000	0.00000000	0.00000000	0.00000000	1.40794957	1.34255707	1.31971490	1.25595284
0.00008960	0.00000000	0.00000000	0.00000000	0.00000000	1.40215003	1.33231974	1.30552042	1.27581275
0.00009600	0.00000000	0.00000000	0.00000000	0.00000000	1.40086365	1.31998014	1.29823804	1.24565518
0.00010240	0.00000000	0.00000000	0.00000000	0.00000000	1.38941371	1.31042099	1.28654301	1.24087405
0.00011520	0.00000000	0.00000000	0.00000000	0.00000000	1.38232028	1.29415309	1.27262926	1.22253323
0.00012800	0.00000000	0.00000000	0.00000000	0.00000000	1.36947167	1.27543235	1.25251508	1.21858323
0.00014080	0.00000000	0.00000000	0.00000000	0.00000000	1.35285079	1.25862038	1.23150122	1.16138268
0.00015360	0.00000000	0.00000000	0.00000000	0.00000000	1.34768510	1.24690723	1.21499646	1.16395128
0.00016640	0.00000000	0.00000000	0.00000000	0.00000000	1.33356869	1.23615217	1.20774913	1.11056077
0.00017920	0.00000000	0.00000000	0.00000000	0.00000000	1.32072079	1.22069812	1.18696749	1.12303686
0.00019200	0.00000000	0.00000000	0.00000000	0.00000000	1.31012452	1.21205378	1.18265462	1.09364271
0.00020480	0.00000000	0.00000000	0.00000000	0.00000000	1.29916620	1.19481695	1.16919363	1.11529171
0.00023040	0.00000000	0.00000000	0.00000000	0.00000000	1.27790117	1.17555940	1.14270329	1.07525086
0.00025600	0.00000000	0.00000000	0.00000000	0.00000000	1.26070595	1.15523374	1.12385225	1.06643736
0.00028160	0.00000000	0.00000000	0.00000000	0.00000000	1.24382436	1.14028239	1.10370350	1.05147266
0.00030720	0.00000000	0.00000000	0.00000000	0.00000000	1.22705638	1.12288082	1.08958876	1.05977273
0.00033280	0.00000000	0.00000000	0.00000000	0.00000000	1.20757246	1.11208081	1.06960416	1.03869295
0.00035840	0.00000000	0.00000000	0.00000000	0.00000000	1.19127631	1.09764838	1.06484461	1.04594624
0.00038400	0.00000000	0.00000000	0.00000000	0.00000000	1.17858028	1.08637488	1.05568480	1.04209006
0.00040960	0.00000000	0.00000000	0.00000000	0.00000000	1.16597331	1.07813764	1.05008268	1.04157591
0.00046080	0.00000000	0.00000000	0.00000000	0.00000000	1.14168930	1.05945909	1.03866053	1.01425564
0.00051200	0.00000000	0.00000000	0.00000000	0.00000000	1.11895525	1.04516804	1.03089356	0.99409813
0.00056320	0.00000000	0.00000000	0.00000000	0.00000000	1.10275030	1.03223181	1.02143955	1.00487816
0.00061440	0.00000000	0.00000000	0.00000000	0.00000000	1.08948684	1.02192366	1.00529718	1.00037813
0.00066560	0.00000000	0.00000000	0.00000000	0.00000000	1.07747078	1.01423800	1.00729764	1.00845969
0.00071680	0.00000000	0.00000000	0.00000000	0.00000000	1.06805265	1.00753891	1.00304627	1.00622010
0.00076800	0.00000000	0.00000000	0.00000000	0.00000000	1.05900896	1.00609684	1.00031829	0.99507320
0.00081920	0.00000000	0.00000000	0.00000000	0.00000000	1.05063498	1.00438142	0.99871618	0.98598200
0.00092160	0.00000000	0.00000000	0.00000000	0.00000000	1.03795254	0.99595708	1.00346792	0.98990846
0.00102400	0.00000000	0.00000000	0.00000000	0.00000000	1.02830720	0.99144340	0.99758202	0.99854362
0.00112640	0.00000000	0.00000000	0.00000000	0.00000000	1.02238929	0.99038851	0.99637628	0.99644703
0.00122880	0.00000000	0.00000000	0.00000000	0.00000000	1.01666903	0.99016076	0.99655193	1.00404084
0.00133120	0.00000000	0.00000000	0.00000000	0.00000000	1.01561570	0.99642187	0.99467838	1.00271428
0.00143360	0.00000000	0.00000000	0.00000000	0.00000000	1.01388133	1.00093257	0.99685913	1.00767243
0.00153600	0.00000000	0.00000000	0.00000000	0.00000000	1.00874972	1.00426531	0.99691075	1.00529242
0.00163840	0.00000000	0.00000000	0.00000000	0.00000000	1.00592041	1.00569713	0.99592006	0.99473351
0.00184320	0.00000000	0.00000000	0.00000000	0.00000000	1.00874901	1.00598001	0.99895585	1.00230169
0.00204800	0.00000000	0.00000000	0.00000000	0.00000000	1.01149535	1.00554609	1.00152004	0.99784088
0.00225280	0.00000000	0.00000000	0.00000000	0.00000000	1.01213574	1.00317991	0.99923074	1.00384808
0.00245760	0.00000000	0.00000000	0.00000000	0.00000000	1.00753427	1.00245237	0.99676490	1.00355768
0.00266240	0.00000000	0.00000000	0.00000000	0.00000000	1.00834060	1.00343096	0.99785388	0.99687743
0.00286720	0.00000000	0.00000000	0.00000000	0.00000000	1.00697458	1.00294173	1.00370717	0.98557508
0.00307200	0.00000000	0.00000000	0.00000000	0.00000000	1.00392497	1.00252056	1.00298297	0.99510419
0.00327680	0.00000000	0.00000000	0.00000000	0.00000000	1.00582337	1.00100100	0.99181670	0.99032712
0.00368640	0.00000000	0.00000000	0.00000000	0.00000000	0.99552602	1.00163174	0.99953711	0.98937732
0.00409600	0.00000000	0.00000000	0.00000000	0.00000000	0.99251002	1.00068152	0.99654013	0.99452889
0.00450560	0.00000000	0.00000000	0.00000000	0.00000000	0.99581712	1.00130701	1.00795329	0.99250877
0.00491520	0.00000000	0.00000000	0.00000000	0.00000000	0.99211401	0.99875104	1.00004935	0.99793249
0.00532480	0.00000000	0.00000000	0.00000000	0.00000000	0.99345690	1.00317287	1.00075948	0.99723643
0.00573440	0.00000000	0.00000000	0.00000000	0.00000000	0.99576801	0.99735367	0.99785507	0.99314004
0.00614400	0.00000000	0.00000000	0.00000000	0.00000000	0.99928790	0.99558789	1.00020754	0.99934793
0.00655360	0.00000000	0.00000000	0.00000000	0.00000000	1.00061452	0.99785697	0.99975568	0.99603206
0.00737280	0.00000000	0.00000000	0.00000000	0.00000000	1.00259662	1.00179923	1.00231636	0.99681294
0.00819200	0.00000000	0.00000000	0.00000000	0.00000000	1.00257421	0.99872231	1.00352848	0.99932563
0.00901120	0.00000000	0.00000000	0.00000000	0.00000000	1.02295661	1.00413883	0.99995834	0.99877053
0.00983040	0.00000000	0.00000000	0.00000000	0.00000000	1.02181935	1.00075853	0.99905372	1.00066972
0.01064960	0.00000000	0.00000000	0.00000000	0.00000000	1.01155567	0.99444765	0.99342930	1.00179422
0.01146880	0.00000000	0.00000000	0.00000000	0.00000000	1.00574148	0.99548608	0.99478507	1.00375021
0.01228800	0.00000000	0.00000000	0.00000000	0.00000000	1.00447059	1.00596583	0.99959832	0.99854797
0.01310720	0.00000000	0.00000000	0.00000000	0.00000000	1.00150490	0.99404335	0.99673730	0.99867356
0.01474560	0.00000000	0.00000000	0.00000000	0.00000000	1.00817585	0.99277508	1.00661862	1.00203073
0.01638400	0.00000000	0.00000000	0.00000000	0.00000000	1.00559413	1.00146198	0.99889547	0.99878359
0.01802240	0.00000000	0.00000000	0.00000000	0.00000000	1.00163305	0.99982178	1.00088632	1.00501382
0.01966080	0.00000000	0.00000000	0.00000000	0.00000000	1.00318503	1.00182688	1.00544727	1.00694215
0.02129920	0.00000000	0.00000000	0.00000000	0.00000000	0.99288976	0.99624521	0.99808496	1.00001693
0.02293760	0.00000000	0.00000000	0.00000000	0.00000000	1.00281358	0.99283469	0.99643755	0.99424076
0.02457600	0.00000000	0.00000000	0.00000000	0.00000000	1.00193191	1.00185144	1.00035107	0.99038249
0.02621440	0.00000000	0.00000000	0.00000000	0.00000000	1.00789678	0.99963790	0.99725795	1.00643158
0.02949120	0.00000000	0.00000000	0.00000000	0.00000000	0.99905312	0.99992812	0.99696141	1.00165987
0.03276800	0.00000000	0.00000000	0.00000000	0.00000000	0.99927396	1.00092030	1.00018036	0.99956363
0.03604480	0.00000000	0.00000000	0.00000000	0.00000000	0.99780798	1.00254393	1.00128841	0.99889326
0.03932160	0.00000000	0.00000000	0.00000000	0.00000000	1.00300813	1.00137329	1.00180399	0.99956048
0.04259840	0.00000000	0.00000000	0.00000000	0.00000000	1.00502014	0.99956208	1.00023901	1.00161183
0.04587520	0.00000000	0.00000000	0.00000000	0.00000000	0.99619550	1.00124300	1.00001180	1.00168109
0.04915200	0.00000000	0.00000000	0.00000000	0.00000000	1.00489056	0.99888110	1.00197387	1.00210857
0.05242880	0.00000000	0.00000000	0.00000000	0.00000000	0.99951696	1.00307405	1.00133824	1.00001180
0.05898240	0.00000000	0.00000000	0.00000000	0.00000000	0.99743634	0.99676651	1.00098443	1.00043845
0.06553600	0.00000000	0.00000000	0.00000000	0.00000000	1.00285709	0.99943805	0.99718213	1.00019169
0.07208960	0.00000000	0.00000000	0.00000000	0.00000000	1.00404155	1.00245571	0.99725002	0.99895114
0.07864320	0.00000000	0.00000000	0.00000000	0.00000000	1.00341272	0.99874192	1.00076735	0.99903965
0.08519680	0.00000000	0.00000000	0.00000000	0.00000000	1.00439286	1.00142920	0.99985874	0.99855685
0.09175040	0.00000000	0.00000000	0.00000000	0.00000000	1.00225496	1.00207829	0.99992496	1.00167716
0.09830400	0.00000000	0.00000000	0.00000000	0.00000000	1.00620973	1.00220370	1.00049591	0.99973100
0.10485760	0.00000000	0.00000000	0.00000000	0.00000000	1.00498712	1.00400901	0.99964923	0.99953508
0.11796480	0.00000000	0.00000000	0.00000000	0.00000000	0.99838102	0.99890488	1.00043201	0.99832886
0.13107200	0.00000000	0.00000000	0.00000000	0.00000000	0.99856925	0.99953586	1.00046217	0.99882436
0.14417920	0.00000000	0.00000000	0.00000000	0.00000000	0.99762309	1.00214148	0.99897480	0.99989831
0.15728641	0.00000000	0.00000000	0.00000000	0.00000000	0.99738336	0.99709654	0.99884188	0.99843454
0.17039360	0.00000000	0.00000000	0.00000000	0.00000000	0.99918598	1.00136423	1.00117159	0.99673635
0.18350080	0.00000000	0.00000000	0.00000000	0.00000000	1.00475430	1.00231528	1.00181222	0.99896294
0.19660801	0.00000000	0.00000000	0.00000000	0.00000000	1.00290298	0.99889779	0.99925870	0.99915206
0.20971520	0.00000000	0.00000000	0.00000000	0.00000000	1.00294054	1.00065660	0.99891031	0.99768615
0.23592959	0.00000000	0.00000000	0.00000000	0.00000000	0.99829060	0.99948847	1.00153494	1.00164342
0.26214400	0.00000000	0.00000000	0.00000000	0.00000000	1.00018775	1.00207520	1.00010252	1.00014079
0.28835839	0.00000000	0.00000000	0.00000000	0.00000000	1.00444710	0.99969184	1.00052083	1.00110519
0.31457281	0.00000000	0.00000000	0.00000000	0.00000000	1.00196552	1.00043225	0.99859965	1.00081778
0.34078720	0.00000000	0.00000000	0.00000000	0.00000000	0.99626189	0.99878174	1.00099659	1.00069368
0.36700159	0.00000000	0.00000000	0.00000000	0.00000000	1.00060284	1.00201976	1.00007546	1.00141287
0.39321601	0.00000000	0.00000000	0.00000000	0.00000000	1.00101018	1.00008774	1.00013125	0.99873424
0.41943040	0.00000000	0.00000000	0.00000000	0.00000000	0.99818045	0.99936128	1.00000238	1.00051808
0.47185919	0.00000000	0.00000000	0.00000000	0.00000000	1.00132513	1.00030720	0.99925417	0.99839145
0.52428800	0.00000000	0.00000000	0.00000000	0.00000000	0.99858010	0.99916661	1.00033784	0.99966741
0.57671678	0.00000000	0.00000000	0.00000000	0.00000000	1.00058568	1.00048518	0.99955183	1.00130153
0.62914562	0.00000000	0.00000000	0.00000000	0.00000000	0.99609435	0.99974614	1.00027323	1.00081074
0.68157440	0.00000000	0.00000000	0.00000000	0.00000000	0.99953908	1.00117469	1.00079191	0.99957776
0.73400319	0.00000000	0.00000000	0.00000000	0.00000000	0.99607134	1.00032997	1.00021720	0.99950629
0.78643203	0.00000000	0.00000000	0.00000000	0.00000000	1.00063002	1.00055063	1.00016618	0.99906927
0.83886081	0.00000000	0.00000000	0.00000000	0.00000000	0.99681717	1.00035048	0.99979830	1.00101888
0.94371837	0.00000000	0.00000000	0.00000000	0.00000000	1.00063348	0.99942017	1.00039947	1.00120819
1.04857600	0.00000000	0.00000000	0.00000000	0.00000000	1.00327075	1.00075293	1.00086367	0.99890339
1.15343356	0.00000000	0.00000000	0.00000000	0.00000000	1.00039828	1.00043297	0.99970120	1.00126815
1.25829124	0.00000000	0.00000000	0.00000000	0.00000000	0.99992162	0.99953377	1.00030923	0.99985564
1.36314881	0.00000000	0.00000000	0.00000000	0.00000000	0.99980628	0.99954408	0.99895418	0.99877185
1.46800637	0.00000000	0.00000000	0.00000000	0.00000000	1.00015140	1.00015175	0.99987721	1.00053418
1.57286406	0.00000000	0.00000000	0.00000000	0.00000000	1.00106657	1.00070655	1.00010300	1.00117099
1.67772162	0.00000000	0.00000000	0.00000000	0.00000000	0.99853379	0.99953407	1.00083172	0.99996763
1.88743675	0.00000000	0.00000000	0.00000000	0.00000000	0.00000000	0.00000000	0.00000000	0.00000000
2.09715199	0.00000000	0.00000000	0.00000000	0.00000000	0.00000000	0.00000000	0.00000000	0.00000000
2.30686712	0.00000000	0.00000000	0.00000000	0.00000000	0.00000000	0.00000000	0.00000000	0.00000000
2.51658249	0.00000000	0.00000000	0.00000000	0.00000000	0.00000000	0.00000000	0.00000000	0.00000000
2.72629762	0.00000000	0.00000000	0.00000000	0.00000000	0.00000000	0.00000000	0.00000000	0.00000000
2.93601274	0.00000000	0.00000000	0.00000000	0.00000000	0.00000000	0.00000000	0.00000000	0.00000000
3.14572811	0.00000000	0.00000000	0.00000000	0.00000000	0.00000000	0.00000000	0.00000000	0.00000000
3.35544324	0.00000000	0.00000000	0.00000000	0.00000000	0.00000000	0.00000000	0.00000000	0.00000000
3.77487350	0.00000000	0.00000000	0.00000000	0.00000000	0.00000000	0.00000000	0.00000000	0.00000000
4.19430399	0.00000000	0.00000000	0.00000000	0.00000000	0.00000000	0.00000000	0.00000000	0.00000000
4.61373425	0.00000000	0.00000000	0.00000000	0.00000000	0.00000000	0.00000000	0.00000000	0.00000000
5.03316498	0.00000000	0.00000000	0.00000000	0.00000000	0.00000000	0.00000000	0.00000000	0.00000000
5.45259523	0.00000000	0.00000000	0.00000000	0.00000000	0.00000000	0.00000000	0.00000000	0.00000000
5.87202549	0.00000000	0.00000000	0.00000000	0.00000000	0.00000000	0.00000000	0.00000000	0.00000000
6.29145622	0.00000000	0.00000000	0.00000000	0.00000000	0.00000000	0.00000000	0.00000000	0.00000000
6.71088648	0.00000000	0.00000000	0.00000000	0.00000000	0.00000000	0.00000000	0.00000000	0.00000000
7.54974699	0.00000000	0.00000000	0.00000000	0.00000000	0.00000000	0.00000000	0.00000000	0.00000000
8.38860798	0.00000000	0.00000000	0.00000000	0.00000000	0.00000000	0.00000000	0.00000000	0.00000000
9.22746849	0.00000000	0.00000000	0.00000000	0.00000000	0.00000000	0.00000000	0.00000000	0.00000000
10.06632996	0.00000000	0.00000000	0.00000000	0.00000000	0.00000000	0.00000000	0.00000000	0.00000000
10.90519047	0.00000000	0.00000000	0.00000000	0.00000000	0.00000000	0.00000000	0.00000000	0.00000000
11.74405098	0.00000000	0.00000000	0.00000000	0.00000000	0.00000000	0.00000000	0.00000000	0.00000000
12.58291245	0.00000000	0.00000000	0.00000000	0.00000000	0.00000000	0.00000000	0.00000000	0.00000000
13.42177296	0.00000000	0.00000000	0.00000000	0.00000000	0.00000000	0.00000000	0.00000000	0.00000000
15.09949398	0.00000000	0.00000000	0.00000000	0.00000000	0.00000000	0.00000000	0.00000000	0.00000000
16.77721596	0.00000000	0.00000000	0.00000000	0.00000000	0.00000000	0.00000000	0.00000000	0.00000000
18.45493698	0.00000000	0.00000000	0.00000000	0.00000000	0.00000000	0.00000000	0.00000000	0.00000000
20.13265991	0.00000000	0.00000000	0.00000000	0.00000000	0.00000000	0.00000000	0.00000000	0.00000000
21.81038094	0.00000000	0.00000000	0.00000000	0.00000000	0.00000000	0.00000000	0.00000000	0.00000000
23.48810196	0.00000000	0.00000000	0.00000000	0.00000000	0.00000000	0.00000000	0.00000000	0.00000000
25.16582489	0.00000000	0.00000000	0.00000000	0.00000000	0.00000000	0.00000000	0.00000000	0.00000000
26.84354591	0.00000000	0.00000000	0.00000000	0.00000000	0.00000000	0.00000000	0.00000000	0.00000000
30.19898796	0.00000000	0.00000000	0.00000000	0.00000000	0.00000000	0.00000000	0.00000000	0.00000000
33.55443192	0.00000000	0.00000000	0.00000000	0.00000000	0.00000000	0.00000000	0.00000000	0.00000000
36.90987396	0.00000000	0.00000000	0.00000000	0.00000000	0.00000000	0.00000000	0.00000000	0.00000000
40.26531982	0.00000000	0.00000000	0.00000000	0.00000000	0.00000000	0.00000000	0.00000000	0.00000000
43.62076187	0.00000000	0.00000000	0.00000000	0.00000000	0.00000000	0.00000000	0.00000000	0.00000000
46.97620392	0.00000000	0.00000000	0.00000000	0.00000000	0.00000000	0.00000000	0.00000000	0.00000000
50.33164978	0.00000000	0.00000000	0.00000000	0.00000000	0.00000000	0.00000000	0.00000000	0.00000000
53.68709183	0.00000000	0.00000000	0.00000000	0.00000000	0.00000000	0.00000000	0.00000000	0.00000000
60.39797592	0.00000000	0.00000000	0.00000000	0.00000000	0.00000000	0.00000000	0.00000000	0.00000000
67.10886383	0.00000000	0.00000000	0.00000000	0.00000000	0.00000000	0.00000000	0.00000000	0.00000000
73.81974792	0.00000000	0.00000000	0.00000000	0.00000000	0.00000000	0.00000000	0.00000000	0.00000000
80.53063965	0.00000000	0.00000000	0.00000000	0.00000000	0.00000000	0.00000000	0.00000000	0.00000000
87.24152374	0.00000000	0.00000000	0.00000000	0.00000000	0.00000000	0.00000000	0.00000000	0.00000000
93.95240784	0.00000000	0.00000000	0.00000000	0.00000000	0.00000000	0.00000000	0.00000000	0.00000000
100.66329956	0.00000000	0.00000000	0.00000000	0.00000000	0.00000000	0.00000000	0.00000000	0.00000000
107.37418365	0.00000000	0.00000000	0.00000000	0.00000000	0.00000000	0.00000000	0.00000000	0.00000000
120.79595184	0.00000000	0.00000000	0.00000000	0.00000000	0.00000000	0.00000000	0.00000000	0.00000000
134.21772766	0.00000000	0.00000000	0.00000000	0.00000000	0.00000000	0.00000000	0.00000000	0.00000000
147.63949585	0.00000000	0.00000000	0.00000000	0.00000000	0.00000000	0.00000000	0.00000000	0.00000000
161.06127930	0.00000000	0.00000000	0.00000000	0.00000000	0.00000000	0.00000000	0.00000000	0.00000000
174.48304749	0.00000000	0.00000000	0.00000000	0.00000000	0.00000000	0.00000000	0.00000000	0.00000000
187.90481567	0.00000000	0.00000000	0.00000000	0.00000000	0.00000000	0.00000000	0.00000000	0.00000000
201.32659912	0.00000000	0.00000000	0.00000000	0.00000000	0.00000000	0.00000000	0.00000000	0.00000000
214.74836731	0.00000000	0.00000000	0.00000000	0.00000000	0.00000000	0.00000000	0.00000000	0.00000000
241.59190369	0.00000000	0.00000000	0.00000000	0.00000000	0.00000000	0.00000000	0.00000000	0.00000000
268.43545532	0.00000000	0.00000000	0.00000000	0.00000000	0.00000000	0.00000000	0.00000000	0.00000000
295.27899170	0.00000000	0.00000000	0.00000000	0.00000000	0.00000000	0.00000000	0.00000000	0.00000000
322.12255859	0.00000000	0.00000000	0.00000000	0.00000000	0.00000000	0.00000000	0.00000000	0.00000000
348.96609497	0.00000000	0.00000000	0.00000000	0.00000000	0.00000000	0.00000000	0.00000000	0.00000000
375.80963135	0.00000000	0.00000000	0.00000000	0.00000000	0.00000000	0.00000000	0.00000000	0.00000000
402.65319824	0.00000000	0.00000000	0.00000000	0.00000000	0.00000000	0.00000000	0.00000000	0.00000000
429.49673462	0.00000000	0.00000000	0.00000000	0.00000000	0.00000000	0.00000000	0.00000000	0.00000000
483.18380737	0.00000000	0.00000000	0.00000000	0.00000000	0.00000000	0.00000000	0.00000000	0.00000000
536.87091064	0.00000000	0.00000000	0.00000000	0.00000000	0.00000000	0.00000000	0.00000000	0.00000000
590.55798340	0.00000000	0.00000000	0.00000000	0.00000000	0.00000000	0.00000000	0.00000000	0.00000000
644.24511719	0.00000000	0.00000000	0.00000000	0.00000000	0.00000000	0.00000000	0.00000000	0.00000000
697.93218994	0.00000000	0.00000000	0.00000000	0.00000000	0.00000000	0.00000000	0.00000000	0.00000000
751.61926270	0.00000000	0.00000000	0.00000000	0.00000000	0.00000000	0.00000000	0.00000000	0.00000000
805.30639648	0.00000000	0.00000000	0.00000000	0.00000000	0.00000000	0.00000000	0.00000000	0.00000000
858.99346924	0.00000000	0.00000000	0.00000000	0.00000000	0.00000000	0.00000000	0.00000000	0.00000000
966.36761475	0.00000000	0.00000000	0.00000000	0.00000000	0.00000000	0.00000000	0.00000000	0.00000000
1073.74182129	0.00000000	0.00000000	0.00000000	0.00000000	0.00000000	0.00000000	0.00000000	0.00000000
1181.11596680	0.00000000	0.00000000	0.00000000	0.00000000	0.00000000	0.00000000	0.00000000	0.00000000
1288.49023437	0.00000000	0.00000000	0.00000000	0.00000000	0.00000000	0.00000000	0.00000000	0.00000000
1395.86437988	0.00000000	0.00000000	0.00000000	0.00000000	0.00000000	0.00000000	0.00000000	0.00000000
1503.23852539	0.00000000	0.00000000	0.00000000	0.00000000	0.00000000	0.00000000	0.00000000	0.00000000
1610.61279297	0.00000000	0.00000000	0.00000000	0.00000000	0.00000000	0.00000000	0.00000000	0.00000000
1717.98693848	0.00000000	0.00000000	0.00000000	0.00000000	0.00000000	0.00000000	0.00000000	0.00000000
1932.73522949	0.00000000	0.00000000	0.00000000	0.00000000	0.00000000	0.00000000	0.00000000	0.00000000
2147.48364258	0.00000000	0.00000000	0.00000000	0.00000000	0.00000000	0.00000000	0.00000000	0.00000000
2362.23193359	0.00000000	0.00000000	0.00000000	0.00000000	0.00000000	0.00000000	0.00000000	0.00000000
2576.98046875	0.00000000	0.00000000	0.00000000	0.00000000	0.00000000	0.00000000	0.00000000	0.00000000
2791.72875977	0.00000000	0.00000000	0.00000000	0.00000000	0.00000000	0.00000000	0.00000000	0.00000000
3006.47705078	0.00000000	0.00000000	0.00000000	0.00000000	0.00000000	0.00000000	0.00000000	0.00000000
3221.22558594	0.00000000	0.00000000	0.00000000	0.00000000	0.00000000	0.00000000	0.00000000	0.00000000
3435.97387695	0.00000000	0.00000000	0.00000000	0.00000000	0.00000000	0.00000000	0.00000000	0.00000000
0	0	0	0	0	0	0	0	0
