%3/28/2019 10:03:03 PM
%Duration	ID1		ID2		ID3		ID4		ID5		ID6		ID7		ID8
1000.000000	0.000000	0.000000	0.000000	0.000000	226.612091	242.586136	103.044510	30.088425
%Tau		Tau1		Tau2		Tau3		Tau4		Tau5		Tau6		Tau7		Tau8
%		0.000000	0.000000	0.000000	0.000000	0.000307	0.000205	0.000154	0.000083
%Delaytime	D1		D2		D3		D4		D5		D6		D7		D8
0.00000020	0.00000000	0.00000000	0.00000000	0.00000000	1.65041602	1.77758801	2.47870541	2.34581423
0.00000040	0.00000000	0.00000000	0.00000000	0.00000000	1.53859460	1.51772952	1.54871643	1.40527546
0.00000060	0.00000000	0.00000000	0.00000000	0.00000000	1.52065730	1.48448110	1.51455355	1.57125294
0.00000080	0.00000000	0.00000000	0.00000000	0.00000000	1.51817667	1.48801029	1.57244062	1.62657869
0.00000100	0.00000000	0.00000000	0.00000000	0.00000000	1.50863552	1.48448110	1.54681849	1.11758125
0.00000120	0.00000000	0.00000000	0.00000000	0.00000000	1.50863552	1.46144855	1.50221694	1.63764381
0.00000140	0.00000000	0.00000000	0.00000000	0.00000000	1.50939882	1.49655449	1.46710515	1.44953609
0.00000160	0.00000000	0.00000000	0.00000000	0.00000000	1.46837223	1.49748325	1.49747217	1.65977418
0.00000180	0.00000000	0.00000000	0.00000000	0.00000000	1.48039401	1.48633850	1.51929843	1.40527546
0.00000200	0.00000000	0.00000000	0.00000000	0.00000000	1.50634575	1.49469709	1.49272728	1.49379671
0.00000220	0.00000000	0.00000000	0.00000000	0.00000000	1.50596404	1.46386325	1.59236896	1.48273158
0.00000240	0.00000000	0.00000000	0.00000000	0.00000000	1.47104371	1.48968196	1.57718551	1.64870906
0.00000260	0.00000000	0.00000000	0.00000000	0.00000000	1.48268390	1.49265385	1.56105304	1.36101484
0.00000280	0.00000000	0.00000000	0.00000000	0.00000000	1.50043023	1.46553493	1.44907475	1.51592708
0.00000300	0.00000000	0.00000000	0.00000000	0.00000000	1.49642301	1.44435990	1.56484890	1.49379671
0.00000320	0.00000000	0.00000000	0.00000000	0.00000000	1.46989882	1.48503828	1.51075768	1.46060133
0.00000360	0.00000000	0.00000000	0.00000000	0.00000000	1.47753167	1.48262358	1.49937010	1.58231807
0.00000400	0.00000000	0.00000000	0.00000000	0.00000000	1.48230219	1.46897125	1.51882398	1.51592708
0.00000440	0.00000000	0.00000000	0.00000000	0.00000000	1.47934449	1.47872293	1.52499223	1.53252482
0.00000480	0.00000000	0.00000000	0.00000000	0.00000000	1.46980333	1.49023914	1.51170671	1.49379671
0.00000520	0.00000000	0.00000000	0.00000000	0.00000000	1.48583245	1.46061265	1.48181415	1.41080809
0.00000560	0.00000000	0.00000000	0.00000000	0.00000000	1.48592782	1.46748531	1.50553834	1.36654735
0.00000600	0.00000000	0.00000000	0.00000000	0.00000000	1.48669112	1.47110736	1.51218116	1.45506871
0.00000640	0.00000000	0.00000000	0.00000000	0.00000000	1.46884930	1.46042693	1.40684569	1.37207997
0.00000720	0.00000000	0.00000000	0.00000000	0.00000000	1.48320866	1.46813548	1.49438798	1.39421034
0.00000800	0.00000000	0.00000000	0.00000000	0.00000000	1.47824728	1.47793353	1.49462521	1.42187321
0.00000880	0.00000000	0.00000000	0.00000000	0.00000000	1.47185469	1.47417212	1.50387764	1.46336758
0.00000960	0.00000000	0.00000000	0.00000000	0.00000000	1.45902193	1.46697450	1.47090101	1.47443271
0.00001040	0.00000000	0.00000000	0.00000000	0.00000000	1.47552800	1.44751763	1.49913287	1.40250921
0.00001120	0.00000000	0.00000000	0.00000000	0.00000000	1.48215914	1.46808898	1.47896731	1.37761259
0.00001200	0.00000000	0.00000000	0.00000000	0.00000000	1.47423995	1.45494747	1.46781683	1.55742145
0.00001280	0.00000000	0.00000000	0.00000000	0.00000000	1.47905827	1.46948206	1.49937010	1.41080809
0.00001440	0.00000000	0.00000000	0.00000000	0.00000000	1.47242713	1.46778715	1.48335624	1.45921814
0.00001600	0.00000000	0.00000000	0.00000000	0.00000000	1.46503282	1.45241666	1.48074663	1.36931372
0.00001760	0.00000000	0.00000000	0.00000000	0.00000000	1.45646977	1.46892488	1.46117413	1.37484622
0.00001920	0.00000000	0.00000000	0.00000000	0.00000000	1.47140157	1.44781947	1.47493410	1.36793053
0.00002080	0.00000000	0.00000000	0.00000000	0.00000000	1.46877778	1.44415104	1.46769822	1.46475065
0.00002240	0.00000000	0.00000000	0.00000000	0.00000000	1.45957053	1.44545126	1.47730660	1.39835978
0.00002400	0.00000000	0.00000000	0.00000000	0.00000000	1.45680368	1.44113266	1.45298922	1.43293834
0.00002560	0.00000000	0.00000000	0.00000000	0.00000000	1.45255792	1.43990207	1.40862501	1.34994972
0.00002880	0.00000000	0.00000000	0.00000000	0.00000000	1.45510924	1.42827070	1.43859243	1.39519989
0.00003200	0.00000000	0.00000000	0.00000000	0.00000000	1.44411933	1.42129469	1.41662824	1.39104497
0.00003520	0.00000000	0.00000000	0.00000000	0.00000000	1.45163262	1.41558576	1.43071401	1.41363573
0.00003840	0.00000000	0.00000000	0.00000000	0.00000000	1.43876445	1.41152942	1.42123830	1.42253506
0.00004160	0.00000000	0.00000000	0.00000000	0.00000000	1.43888640	1.40414476	1.39891577	1.36503124
0.00004480	0.00000000	0.00000000	0.00000000	0.00000000	1.43620849	1.39639115	1.39987075	1.36982322
0.00004800	0.00000000	0.00000000	0.00000000	0.00000000	1.42622209	1.39077461	1.38078523	1.38967574
0.00005120	0.00000000	0.00000000	0.00000000	0.00000000	1.43028724	1.38671815	1.39445341	1.33422565
0.00005760	0.00000000	0.00000000	0.00000000	0.00000000	1.42376232	1.37369716	1.37613165	1.32476449
0.00006400	0.00000000	0.00000000	0.00000000	0.00000000	1.41678202	1.36693561	1.36054933	1.27735341
0.00007040	0.00000000	0.00000000	0.00000000	0.00000000	1.41074574	1.36239886	1.34916353	1.32923079
0.00007680	0.00000000	0.00000000	0.00000000	0.00000000	1.40625441	1.34633768	1.33618355	1.28456807
0.00008320	0.00000000	0.00000000	0.00000000	0.00000000	1.39133632	1.33231616	1.33116674	1.24608946
0.00008960	0.00000000	0.00000000	0.00000000	0.00000000	1.39109004	1.32878184	1.31644976	1.26670301
0.00009600	0.00000000	0.00000000	0.00000000	0.00000000	1.38625991	1.32191598	1.30760980	1.21001577
0.00010240	0.00000000	0.00000000	0.00000000	0.00000000	1.37007260	1.31300485	1.29763865	1.22891152
0.00011520	0.00000000	0.00000000	0.00000000	0.00000000	1.35971713	1.29288805	1.26435721	1.20949435
0.00012800	0.00000000	0.00000000	0.00000000	0.00000000	1.34603131	1.27315891	1.25136983	1.19094241
0.00014080	0.00000000	0.00000000	0.00000000	0.00000000	1.33481586	1.26289928	1.23577023	1.16529036
0.00015360	0.00000000	0.00000000	0.00000000	0.00000000	1.32444859	1.24872088	1.21580684	1.17243302
0.00016640	0.00000000	0.00000000	0.00000000	0.00000000	1.31145847	1.23371184	1.19786203	1.14780784
0.00017920	0.00000000	0.00000000	0.00000000	0.00000000	1.29775417	1.22209859	1.18328953	1.14148045
0.00019200	0.00000000	0.00000000	0.00000000	0.00000000	1.28666615	1.20443130	1.17323804	1.11244702
0.00020480	0.00000000	0.00000000	0.00000000	0.00000000	1.27618420	1.19477046	1.15691113	1.08149338
0.00023040	0.00000000	0.00000000	0.00000000	0.00000000	1.25600612	1.17327344	1.13632691	1.08347356
0.00025600	0.00000000	0.00000000	0.00000000	0.00000000	1.23529351	1.15725911	1.12410557	1.07723045
0.00028160	0.00000000	0.00000000	0.00000000	0.00000000	1.21742451	1.13913131	1.10391438	1.04194558
0.00030720	0.00000000	0.00000000	0.00000000	0.00000000	1.20151067	1.12416601	1.08844233	1.02282286
0.00033280	0.00000000	0.00000000	0.00000000	0.00000000	1.18444741	1.10918260	1.08189344	1.03548098
0.00035840	0.00000000	0.00000000	0.00000000	0.00000000	1.16876304	1.09771097	1.07450998	1.04711270
0.00038400	0.00000000	0.00000000	0.00000000	0.00000000	1.15518343	1.08629274	1.06189942	1.03505325
0.00040960	0.00000000	0.00000000	0.00000000	0.00000000	1.14286506	1.07734358	1.05439460	1.00862527
0.00046080	0.00000000	0.00000000	0.00000000	0.00000000	1.11978555	1.06217170	1.04407704	1.00572670
0.00051200	0.00000000	0.00000000	0.00000000	0.00000000	1.10198748	1.05080295	1.03074574	1.00600040
0.00056320	0.00000000	0.00000000	0.00000000	0.00000000	1.08543360	1.04277050	1.01944816	1.00731838
0.00061440	0.00000000	0.00000000	0.00000000	0.00000000	1.07164443	1.03552425	1.01271582	0.98639411
0.00066560	0.00000000	0.00000000	0.00000000	0.00000000	1.06026316	1.03043413	1.00248408	1.00447714
0.00071680	0.00000000	0.00000000	0.00000000	0.00000000	1.05039310	1.02486420	1.00022864	1.00673664
0.00076800	0.00000000	0.00000000	0.00000000	0.00000000	1.04089558	1.02278495	1.00293159	0.99718469
0.00081920	0.00000000	0.00000000	0.00000000	0.00000000	1.03531408	1.02123940	1.00155210	1.00029135
0.00092160	0.00000000	0.00000000	0.00000000	0.00000000	1.02489591	1.01277339	1.00334299	1.00122988
0.00102400	0.00000000	0.00000000	0.00000000	0.00000000	1.01456618	1.00985658	1.00394809	1.00450420
0.00112640	0.00000000	0.00000000	0.00000000	0.00000000	1.01009858	1.00889552	1.00242138	1.00405359
0.00122880	0.00000000	0.00000000	0.00000000	0.00000000	1.00638700	1.00803924	1.00124681	0.99872828
0.00133120	0.00000000	0.00000000	0.00000000	0.00000000	1.00598872	1.00849688	0.99912626	1.00080955
0.00143360	0.00000000	0.00000000	0.00000000	0.00000000	1.00507903	1.00848889	1.00350225	1.00503206
0.00153600	0.00000000	0.00000000	0.00000000	0.00000000	1.00512767	1.00666130	1.00193477	1.00129819
0.00163840	0.00000000	0.00000000	0.00000000	0.00000000	1.00559866	1.00582790	1.00464523	1.00412655
0.00184320	0.00000000	0.00000000	0.00000000	0.00000000	1.00600934	1.00764215	0.99799311	1.01898718
0.00204800	0.00000000	0.00000000	0.00000000	0.00000000	1.00163352	1.00554717	0.99396735	1.01080978
0.00225280	0.00000000	0.00000000	0.00000000	0.00000000	1.00128055	1.00182557	1.00029898	1.00760674
0.00245760	0.00000000	0.00000000	0.00000000	0.00000000	1.00367713	0.99746704	1.00668156	1.00406599
0.00266240	0.00000000	0.00000000	0.00000000	0.00000000	1.01058781	0.99809957	1.00960863	0.99835145
0.00286720	0.00000000	0.00000000	0.00000000	0.00000000	1.01529694	1.00413108	1.00875866	1.00494444
0.00307200	0.00000000	0.00000000	0.00000000	0.00000000	1.01525033	1.00297248	1.00670576	1.00565016
0.00327680	0.00000000	0.00000000	0.00000000	0.00000000	1.01336634	0.99363917	1.00267351	1.00131297
0.00368640	0.00000000	0.00000000	0.00000000	0.00000000	1.00244975	1.00013816	1.00379729	1.00156260
0.00409600	0.00000000	0.00000000	0.00000000	0.00000000	1.00122976	0.99797916	1.00971973	1.00623655
0.00450560	0.00000000	0.00000000	0.00000000	0.00000000	0.99880403	0.99766338	1.00119972	1.00493228
0.00491520	0.00000000	0.00000000	0.00000000	0.00000000	0.99582160	1.00062275	1.00055671	0.99843907
0.00532480	0.00000000	0.00000000	0.00000000	0.00000000	0.99952364	1.00260079	0.98981172	0.99590087
0.00573440	0.00000000	0.00000000	0.00000000	0.00000000	1.00486767	0.99912566	0.98580498	1.00230002
0.00614400	0.00000000	0.00000000	0.00000000	0.00000000	1.00714743	1.00234759	0.99559885	0.99569869
0.00655360	0.00000000	0.00000000	0.00000000	0.00000000	1.00071943	0.99959821	1.00028622	0.99920392
0.00737280	0.00000000	0.00000000	0.00000000	0.00000000	1.00299728	1.01083183	0.99385470	1.00069761
0.00819200	0.00000000	0.00000000	0.00000000	0.00000000	0.99899447	1.01061022	1.00387406	0.99994421
0.00901120	0.00000000	0.00000000	0.00000000	0.00000000	1.00282967	1.00989771	1.00372553	0.99794471
0.00983040	0.00000000	0.00000000	0.00000000	0.00000000	1.00340784	1.00169313	1.00088000	0.99835312
0.01064960	0.00000000	0.00000000	0.00000000	0.00000000	0.99954140	0.99639064	0.99683255	0.99290073
0.01146880	0.00000000	0.00000000	0.00000000	0.00000000	1.00139058	1.00019205	1.00334799	0.99744546
0.01228800	0.00000000	0.00000000	0.00000000	0.00000000	0.99554855	1.00337052	1.00012100	0.99689132
0.01310720	0.00000000	0.00000000	0.00000000	0.00000000	1.00178969	0.99778652	0.99614292	0.99833894
0.01474560	0.00000000	0.00000000	0.00000000	0.00000000	1.00152874	1.00494659	0.99671781	1.00087464
0.01638400	0.00000000	0.00000000	0.00000000	0.00000000	1.00505245	0.99724901	0.99882102	0.99769098
0.01802240	0.00000000	0.00000000	0.00000000	0.00000000	1.00380504	0.99724841	1.00026608	0.99594855
0.01966080	0.00000000	0.00000000	0.00000000	0.00000000	1.00099862	0.99783468	1.00046360	0.99643511
0.02129920	0.00000000	0.00000000	0.00000000	0.00000000	1.00127232	0.99890220	0.99722219	0.99564826
0.02293760	0.00000000	0.00000000	0.00000000	0.00000000	0.99409962	0.99781400	0.99488276	1.00365281
0.02457600	0.00000000	0.00000000	0.00000000	0.00000000	0.99418414	0.99545771	1.00187314	1.00514209
0.02621440	0.00000000	0.00000000	0.00000000	0.00000000	0.99354500	1.00513864	1.00101769	1.00856221
0.02949120	0.00000000	0.00000000	0.00000000	0.00000000	1.01097512	0.99913341	0.99918354	1.00217819
0.03276800	0.00000000	0.00000000	0.00000000	0.00000000	1.00192833	1.00090516	1.00156784	0.99735993
0.03604480	0.00000000	0.00000000	0.00000000	0.00000000	1.00581396	0.99861765	0.99896449	1.00105834
0.03932160	0.00000000	0.00000000	0.00000000	0.00000000	1.00209200	0.99868262	0.99873006	0.99786717
0.04259840	0.00000000	0.00000000	0.00000000	0.00000000	0.99431419	0.99978274	0.99965906	0.99575227
0.04587520	0.00000000	0.00000000	0.00000000	0.00000000	1.00272202	0.99923456	1.00277030	0.99591231
0.04915200	0.00000000	0.00000000	0.00000000	0.00000000	0.99760962	0.99979407	0.99856633	1.00235796
0.05242880	0.00000000	0.00000000	0.00000000	0.00000000	1.00388789	1.00378358	0.99845779	0.99647826
0.05898240	0.00000000	0.00000000	0.00000000	0.00000000	1.00706613	0.99507219	1.00123072	1.00079000
0.06553600	0.00000000	0.00000000	0.00000000	0.00000000	1.00160325	1.00092876	0.99987227	1.00144410
0.07208960	0.00000000	0.00000000	0.00000000	0.00000000	1.00035989	0.99919134	1.00039828	0.99921125
0.07864320	0.00000000	0.00000000	0.00000000	0.00000000	1.00354314	0.99988520	0.99945700	1.00269318
0.08519680	0.00000000	0.00000000	0.00000000	0.00000000	1.00236142	0.99461222	1.00241864	0.99998397
0.09175040	0.00000000	0.00000000	0.00000000	0.00000000	1.00270319	0.99917233	0.99713898	1.00106609
0.09830400	0.00000000	0.00000000	0.00000000	0.00000000	0.99982232	0.99917197	0.99952596	0.99953133
0.10485760	0.00000000	0.00000000	0.00000000	0.00000000	0.99958116	1.00056791	1.00377059	0.99810195
0.11796480	0.00000000	0.00000000	0.00000000	0.00000000	1.00219941	0.99944276	0.99959695	1.00050712
0.13107200	0.00000000	0.00000000	0.00000000	0.00000000	0.99941909	0.99788916	0.99849159	0.99834055
0.14417920	0.00000000	0.00000000	0.00000000	0.00000000	1.00362468	1.00022650	1.00217307	1.00241339
0.15728641	0.00000000	0.00000000	0.00000000	0.00000000	0.99603552	1.00018930	0.99777877	0.99868506
0.17039360	0.00000000	0.00000000	0.00000000	0.00000000	1.00170994	1.00036752	1.00219202	1.00170410
0.18350080	0.00000000	0.00000000	0.00000000	0.00000000	0.99685049	0.99778193	0.99922454	0.99729043
0.19660801	0.00000000	0.00000000	0.00000000	0.00000000	0.99997598	1.00034761	1.00026000	1.00094855
0.20971520	0.00000000	0.00000000	0.00000000	0.00000000	0.99994862	0.99912620	0.99999195	0.99756497
0.23592959	0.00000000	0.00000000	0.00000000	0.00000000	0.99864876	1.00112343	1.00111508	0.99890620
0.26214400	0.00000000	0.00000000	0.00000000	0.00000000	0.99862599	0.99873149	1.00118089	0.99922007
0.28835839	0.00000000	0.00000000	0.00000000	0.00000000	1.00014353	0.99879861	1.00100577	1.00116205
0.31457281	0.00000000	0.00000000	0.00000000	0.00000000	0.99896514	0.99883068	1.00034690	0.99938613
0.34078720	0.00000000	0.00000000	0.00000000	0.00000000	0.99868965	1.00014138	1.00020766	0.99895674
0.36700159	0.00000000	0.00000000	0.00000000	0.00000000	0.99819976	1.00170243	0.99946022	1.00079489
0.39321601	0.00000000	0.00000000	0.00000000	0.00000000	0.99898040	1.00110662	0.99937981	1.00061119
0.41943040	0.00000000	0.00000000	0.00000000	0.00000000	0.99802190	0.99874896	0.99906045	1.00033450
0.47185919	0.00000000	0.00000000	0.00000000	0.00000000	0.99788463	0.99872440	1.00003290	1.00031304
0.52428800	0.00000000	0.00000000	0.00000000	0.00000000	0.99941170	0.99925983	0.99982351	0.99997002
0.57671678	0.00000000	0.00000000	0.00000000	0.00000000	0.99849939	0.99946088	0.99987072	1.00018084
0.62914562	0.00000000	0.00000000	0.00000000	0.00000000	1.00041831	1.00199771	0.99931407	0.99987572
0.68157440	0.00000000	0.00000000	0.00000000	0.00000000	0.99792743	0.99995226	0.99789578	0.99840856
0.73400319	0.00000000	0.00000000	0.00000000	0.00000000	0.99889302	1.00029993	0.99938375	1.00000346
0.78643203	0.00000000	0.00000000	0.00000000	0.00000000	1.00066209	0.99951738	1.00047028	1.00067961
0.83886081	0.00000000	0.00000000	0.00000000	0.00000000	1.00309706	1.00145674	1.00031030	0.99943775
0.94371837	0.00000000	0.00000000	0.00000000	0.00000000	1.00190747	0.99999529	0.99867165	1.00026023
1.04857600	0.00000000	0.00000000	0.00000000	0.00000000	1.00018024	1.00090289	1.00064993	0.99961936
1.15343356	0.00000000	0.00000000	0.00000000	0.00000000	0.99912977	0.99869806	0.99956369	0.99994171
1.25829124	0.00000000	0.00000000	0.00000000	0.00000000	0.99901223	1.00018167	0.99990201	1.00001907
1.36314881	0.00000000	0.00000000	0.00000000	0.00000000	1.00095129	1.00120044	1.00039005	1.00024474
1.46800637	0.00000000	0.00000000	0.00000000	0.00000000	1.00131822	0.99857503	0.99894381	1.00069988
1.57286406	0.00000000	0.00000000	0.00000000	0.00000000	0.99904233	1.00042057	1.00136018	0.99972194
1.67772162	0.00000000	0.00000000	0.00000000	0.00000000	0.99986327	1.00079143	0.99914217	1.00001955
1.88743675	0.00000000	0.00000000	0.00000000	0.00000000	0.00000000	0.00000000	0.00000000	0.00000000
2.09715199	0.00000000	0.00000000	0.00000000	0.00000000	0.00000000	0.00000000	0.00000000	0.00000000
2.30686712	0.00000000	0.00000000	0.00000000	0.00000000	0.00000000	0.00000000	0.00000000	0.00000000
2.51658249	0.00000000	0.00000000	0.00000000	0.00000000	0.00000000	0.00000000	0.00000000	0.00000000
2.72629762	0.00000000	0.00000000	0.00000000	0.00000000	0.00000000	0.00000000	0.00000000	0.00000000
2.93601274	0.00000000	0.00000000	0.00000000	0.00000000	0.00000000	0.00000000	0.00000000	0.00000000
3.14572811	0.00000000	0.00000000	0.00000000	0.00000000	0.00000000	0.00000000	0.00000000	0.00000000
3.35544324	0.00000000	0.00000000	0.00000000	0.00000000	0.00000000	0.00000000	0.00000000	0.00000000
3.77487350	0.00000000	0.00000000	0.00000000	0.00000000	0.00000000	0.00000000	0.00000000	0.00000000
4.19430399	0.00000000	0.00000000	0.00000000	0.00000000	0.00000000	0.00000000	0.00000000	0.00000000
4.61373425	0.00000000	0.00000000	0.00000000	0.00000000	0.00000000	0.00000000	0.00000000	0.00000000
5.03316498	0.00000000	0.00000000	0.00000000	0.00000000	0.00000000	0.00000000	0.00000000	0.00000000
5.45259523	0.00000000	0.00000000	0.00000000	0.00000000	0.00000000	0.00000000	0.00000000	0.00000000
5.87202549	0.00000000	0.00000000	0.00000000	0.00000000	0.00000000	0.00000000	0.00000000	0.00000000
6.29145622	0.00000000	0.00000000	0.00000000	0.00000000	0.00000000	0.00000000	0.00000000	0.00000000
6.71088648	0.00000000	0.00000000	0.00000000	0.00000000	0.00000000	0.00000000	0.00000000	0.00000000
7.54974699	0.00000000	0.00000000	0.00000000	0.00000000	0.00000000	0.00000000	0.00000000	0.00000000
8.38860798	0.00000000	0.00000000	0.00000000	0.00000000	0.00000000	0.00000000	0.00000000	0.00000000
9.22746849	0.00000000	0.00000000	0.00000000	0.00000000	0.00000000	0.00000000	0.00000000	0.00000000
10.06632996	0.00000000	0.00000000	0.00000000	0.00000000	0.00000000	0.00000000	0.00000000	0.00000000
10.90519047	0.00000000	0.00000000	0.00000000	0.00000000	0.00000000	0.00000000	0.00000000	0.00000000
11.74405098	0.00000000	0.00000000	0.00000000	0.00000000	0.00000000	0.00000000	0.00000000	0.00000000
12.58291245	0.00000000	0.00000000	0.00000000	0.00000000	0.00000000	0.00000000	0.00000000	0.00000000
13.42177296	0.00000000	0.00000000	0.00000000	0.00000000	0.00000000	0.00000000	0.00000000	0.00000000
15.09949398	0.00000000	0.00000000	0.00000000	0.00000000	0.00000000	0.00000000	0.00000000	0.00000000
16.77721596	0.00000000	0.00000000	0.00000000	0.00000000	0.00000000	0.00000000	0.00000000	0.00000000
18.45493698	0.00000000	0.00000000	0.00000000	0.00000000	0.00000000	0.00000000	0.00000000	0.00000000
20.13265991	0.00000000	0.00000000	0.00000000	0.00000000	0.00000000	0.00000000	0.00000000	0.00000000
21.81038094	0.00000000	0.00000000	0.00000000	0.00000000	0.00000000	0.00000000	0.00000000	0.00000000
23.48810196	0.00000000	0.00000000	0.00000000	0.00000000	0.00000000	0.00000000	0.00000000	0.00000000
25.16582489	0.00000000	0.00000000	0.00000000	0.00000000	0.00000000	0.00000000	0.00000000	0.00000000
26.84354591	0.00000000	0.00000000	0.00000000	0.00000000	0.00000000	0.00000000	0.00000000	0.00000000
30.19898796	0.00000000	0.00000000	0.00000000	0.00000000	0.00000000	0.00000000	0.00000000	0.00000000
33.55443192	0.00000000	0.00000000	0.00000000	0.00000000	0.00000000	0.00000000	0.00000000	0.00000000
36.90987396	0.00000000	0.00000000	0.00000000	0.00000000	0.00000000	0.00000000	0.00000000	0.00000000
40.26531982	0.00000000	0.00000000	0.00000000	0.00000000	0.00000000	0.00000000	0.00000000	0.00000000
43.62076187	0.00000000	0.00000000	0.00000000	0.00000000	0.00000000	0.00000000	0.00000000	0.00000000
46.97620392	0.00000000	0.00000000	0.00000000	0.00000000	0.00000000	0.00000000	0.00000000	0.00000000
50.33164978	0.00000000	0.00000000	0.00000000	0.00000000	0.00000000	0.00000000	0.00000000	0.00000000
53.68709183	0.00000000	0.00000000	0.00000000	0.00000000	0.00000000	0.00000000	0.00000000	0.00000000
60.39797592	0.00000000	0.00000000	0.00000000	0.00000000	0.00000000	0.00000000	0.00000000	0.00000000
67.10886383	0.00000000	0.00000000	0.00000000	0.00000000	0.00000000	0.00000000	0.00000000	0.00000000
73.81974792	0.00000000	0.00000000	0.00000000	0.00000000	0.00000000	0.00000000	0.00000000	0.00000000
80.53063965	0.00000000	0.00000000	0.00000000	0.00000000	0.00000000	0.00000000	0.00000000	0.00000000
87.24152374	0.00000000	0.00000000	0.00000000	0.00000000	0.00000000	0.00000000	0.00000000	0.00000000
93.95240784	0.00000000	0.00000000	0.00000000	0.00000000	0.00000000	0.00000000	0.00000000	0.00000000
100.66329956	0.00000000	0.00000000	0.00000000	0.00000000	0.00000000	0.00000000	0.00000000	0.00000000
107.37418365	0.00000000	0.00000000	0.00000000	0.00000000	0.00000000	0.00000000	0.00000000	0.00000000
120.79595184	0.00000000	0.00000000	0.00000000	0.00000000	0.00000000	0.00000000	0.00000000	0.00000000
134.21772766	0.00000000	0.00000000	0.00000000	0.00000000	0.00000000	0.00000000	0.00000000	0.00000000
147.63949585	0.00000000	0.00000000	0.00000000	0.00000000	0.00000000	0.00000000	0.00000000	0.00000000
161.06127930	0.00000000	0.00000000	0.00000000	0.00000000	0.00000000	0.00000000	0.00000000	0.00000000
174.48304749	0.00000000	0.00000000	0.00000000	0.00000000	0.00000000	0.00000000	0.00000000	0.00000000
187.90481567	0.00000000	0.00000000	0.00000000	0.00000000	0.00000000	0.00000000	0.00000000	0.00000000
201.32659912	0.00000000	0.00000000	0.00000000	0.00000000	0.00000000	0.00000000	0.00000000	0.00000000
214.74836731	0.00000000	0.00000000	0.00000000	0.00000000	0.00000000	0.00000000	0.00000000	0.00000000
241.59190369	0.00000000	0.00000000	0.00000000	0.00000000	0.00000000	0.00000000	0.00000000	0.00000000
268.43545532	0.00000000	0.00000000	0.00000000	0.00000000	0.00000000	0.00000000	0.00000000	0.00000000
295.27899170	0.00000000	0.00000000	0.00000000	0.00000000	0.00000000	0.00000000	0.00000000	0.00000000
322.12255859	0.00000000	0.00000000	0.00000000	0.00000000	0.00000000	0.00000000	0.00000000	0.00000000
348.96609497	0.00000000	0.00000000	0.00000000	0.00000000	0.00000000	0.00000000	0.00000000	0.00000000
375.80963135	0.00000000	0.00000000	0.00000000	0.00000000	0.00000000	0.00000000	0.00000000	0.00000000
402.65319824	0.00000000	0.00000000	0.00000000	0.00000000	0.00000000	0.00000000	0.00000000	0.00000000
429.49673462	0.00000000	0.00000000	0.00000000	0.00000000	0.00000000	0.00000000	0.00000000	0.00000000
483.18380737	0.00000000	0.00000000	0.00000000	0.00000000	0.00000000	0.00000000	0.00000000	0.00000000
536.87091064	0.00000000	0.00000000	0.00000000	0.00000000	0.00000000	0.00000000	0.00000000	0.00000000
590.55798340	0.00000000	0.00000000	0.00000000	0.00000000	0.00000000	0.00000000	0.00000000	0.00000000
644.24511719	0.00000000	0.00000000	0.00000000	0.00000000	0.00000000	0.00000000	0.00000000	0.00000000
697.93218994	0.00000000	0.00000000	0.00000000	0.00000000	0.00000000	0.00000000	0.00000000	0.00000000
751.61926270	0.00000000	0.00000000	0.00000000	0.00000000	0.00000000	0.00000000	0.00000000	0.00000000
805.30639648	0.00000000	0.00000000	0.00000000	0.00000000	0.00000000	0.00000000	0.00000000	0.00000000
858.99346924	0.00000000	0.00000000	0.00000000	0.00000000	0.00000000	0.00000000	0.00000000	0.00000000
966.36761475	0.00000000	0.00000000	0.00000000	0.00000000	0.00000000	0.00000000	0.00000000	0.00000000
1073.74182129	0.00000000	0.00000000	0.00000000	0.00000000	0.00000000	0.00000000	0.00000000	0.00000000
1181.11596680	0.00000000	0.00000000	0.00000000	0.00000000	0.00000000	0.00000000	0.00000000	0.00000000
1288.49023437	0.00000000	0.00000000	0.00000000	0.00000000	0.00000000	0.00000000	0.00000000	0.00000000
1395.86437988	0.00000000	0.00000000	0.00000000	0.00000000	0.00000000	0.00000000	0.00000000	0.00000000
1503.23852539	0.00000000	0.00000000	0.00000000	0.00000000	0.00000000	0.00000000	0.00000000	0.00000000
1610.61279297	0.00000000	0.00000000	0.00000000	0.00000000	0.00000000	0.00000000	0.00000000	0.00000000
1717.98693848	0.00000000	0.00000000	0.00000000	0.00000000	0.00000000	0.00000000	0.00000000	0.00000000
1932.73522949	0.00000000	0.00000000	0.00000000	0.00000000	0.00000000	0.00000000	0.00000000	0.00000000
2147.48364258	0.00000000	0.00000000	0.00000000	0.00000000	0.00000000	0.00000000	0.00000000	0.00000000
2362.23193359	0.00000000	0.00000000	0.00000000	0.00000000	0.00000000	0.00000000	0.00000000	0.00000000
2576.98046875	0.00000000	0.00000000	0.00000000	0.00000000	0.00000000	0.00000000	0.00000000	0.00000000
2791.72875977	0.00000000	0.00000000	0.00000000	0.00000000	0.00000000	0.00000000	0.00000000	0.00000000
3006.47705078	0.00000000	0.00000000	0.00000000	0.00000000	0.00000000	0.00000000	0.00000000	0.00000000
3221.22558594	0.00000000	0.00000000	0.00000000	0.00000000	0.00000000	0.00000000	0.00000000	0.00000000
3435.97387695	0.00000000	0.00000000	0.00000000	0.00000000	0.00000000	0.00000000	0.00000000	0.00000000
0	0	0	0	0	0	0	0	0
