%3/28/2019 10:04:52 PM
%Duration	ID1		ID2		ID3		ID4		ID5		ID6		ID7		ID8
1000.000000	0.000000	0.000000	0.000000	0.000000	227.108002	245.132446	104.808807	29.802322
%Tau		Tau1		Tau2		Tau3		Tau4		Tau5		Tau6		Tau7		Tau8
%		0.000000	0.000000	0.000000	0.000000	0.000307	0.000205	0.000154	0.000090
%Delaytime	D1		D2		D3		D4		D5		D6		D7		D8
0.00000020	0.00000000	0.00000000	0.00000000	0.00000000	1.65644801	1.77790630	2.41142702	2.32849765
0.00000040	0.00000000	0.00000000	0.00000000	0.00000000	1.54043293	1.52386498	1.50111568	1.61113214
0.00000060	0.00000000	0.00000000	0.00000000	0.00000000	1.48420596	1.46054602	1.55688751	1.65817249
0.00000080	0.00000000	0.00000000	0.00000000	0.00000000	1.50069916	1.49880528	1.49733448	1.42297077
0.00000100	0.00000000	0.00000000	0.00000000	0.00000000	1.50519729	1.46819782	1.60982358	1.55233169
0.00000120	0.00000000	0.00000000	0.00000000	0.00000000	1.47652149	1.45576358	1.51624024	1.62289226
0.00000140	0.00000000	0.00000000	0.00000000	0.00000000	1.50669670	1.45652878	1.54459882	1.51705146
0.00000160	0.00000000	0.00000000	0.00000000	0.00000000	1.47408509	1.47298026	1.46708536	1.42297077
0.00000180	0.00000000	0.00000000	0.00000000	0.00000000	1.48176944	1.48484063	1.47842872	1.47001112
0.00000200	0.00000000	0.00000000	0.00000000	0.00000000	1.45852888	1.49134469	1.51718557	1.57585192
0.00000220	0.00000000	0.00000000	0.00000000	0.00000000	1.49451423	1.48579705	1.49260807	1.30536985
0.00000240	0.00000000	0.00000000	0.00000000	0.00000000	1.51082003	1.48139727	1.51245904	1.44649088
0.00000260	0.00000000	0.00000000	0.00000000	0.00000000	1.51269424	1.45346808	1.51151383	1.48177111
0.00000280	0.00000000	0.00000000	0.00000000	0.00000000	1.49957466	1.48407543	1.47275698	1.54057157
0.00000300	0.00000000	0.00000000	0.00000000	0.00000000	1.50032437	1.48350155	1.46424949	1.62289226
0.00000320	0.00000000	0.00000000	0.00000000	0.00000000	1.50182366	1.46934557	1.53609121	1.35241020
0.00000360	0.00000000	0.00000000	0.00000000	0.00000000	1.48739207	1.48723185	1.49024487	1.71697295
0.00000400	0.00000000	0.00000000	0.00000000	0.00000000	1.50238597	1.45748532	1.47559285	1.53469157
0.00000440	0.00000000	0.00000000	0.00000000	0.00000000	1.49498272	1.45069420	1.50725996	1.38769042
0.00000480	0.00000000	0.00000000	0.00000000	0.00000000	1.48195684	1.46762395	1.52522039	1.52293146
0.00000520	0.00000000	0.00000000	0.00000000	0.00000000	1.49245250	1.45863307	1.54081774	1.40533054
0.00000560	0.00000000	0.00000000	0.00000000	0.00000000	1.50754011	1.46475446	1.46803057	1.47001112
0.00000600	0.00000000	0.00000000	0.00000000	0.00000000	1.48533046	1.47164118	1.45763242	1.28772974
0.00000640	0.00000000	0.00000000	0.00000000	0.00000000	1.48242533	1.45633745	1.46944857	1.40533054
0.00000720	0.00000000	0.00000000	0.00000000	0.00000000	1.47980142	1.47068465	1.48717260	1.38181043
0.00000800	0.00000000	0.00000000	0.00000000	0.00000000	1.48823547	1.45351589	1.49119008	1.38475049
0.00000880	0.00000000	0.00000000	0.00000000	0.00000000	1.48973489	1.46188509	1.46330416	1.40533054
0.00000960	0.00000000	0.00000000	0.00000000	0.00000000	1.48247230	1.45810699	1.47299337	1.51705146
0.00001040	0.00000000	0.00000000	0.00000000	0.00000000	1.47197652	1.45198548	1.47701085	1.50529134
0.00001120	0.00000000	0.00000000	0.00000000	0.00000000	1.46171510	1.46011555	1.48693633	1.44355083
0.00001200	0.00000000	0.00000000	0.00000000	0.00000000	1.47207022	1.45007253	1.45739615	1.40827060
0.00001280	0.00000000	0.00000000	0.00000000	0.00000000	1.48303449	1.46456325	1.48197353	1.55527174
0.00001440	0.00000000	0.00000000	0.00000000	0.00000000	1.48209739	1.45119643	1.45196068	1.39210045
0.00001600	0.00000000	0.00000000	0.00000000	0.00000000	1.48301113	1.44222939	1.46625817	1.45237100
0.00001760	0.00000000	0.00000000	0.00000000	0.00000000	1.46984458	1.44560099	1.45385134	1.39063048
0.00001920	0.00000000	0.00000000	0.00000000	0.00000000	1.47101593	1.43225813	1.46413124	1.40386057
0.00002080	0.00000000	0.00000000	0.00000000	0.00000000	1.47125030	1.43821216	1.45456028	1.42150068
0.00002240	0.00000000	0.00000000	0.00000000	0.00000000	1.46305048	1.42513227	1.41663063	1.44355083
0.00002400	0.00000000	0.00000000	0.00000000	0.00000000	1.46679890	1.42838430	1.44168067	1.42444074
0.00002560	0.00000000	0.00000000	0.00000000	0.00000000	1.46194935	1.42188025	1.43045545	1.34359014
0.00002880	0.00000000	0.00000000	0.00000000	0.00000000	1.45120370	1.43476307	1.41639209	1.39403141
0.00003200	0.00000000	0.00000000	0.00000000	0.00000000	1.45294738	1.42158806	1.39860260	1.36818862
0.00003520	0.00000000	0.00000000	0.00000000	0.00000000	1.45042384	1.41757405	1.39959419	1.37261879
0.00003840	0.00000000	0.00000000	0.00000000	0.00000000	1.43839717	1.41612983	1.39783049	1.35194457
0.00004160	0.00000000	0.00000000	0.00000000	0.00000000	1.44651937	1.41276276	1.38482392	1.31281137
0.00004480	0.00000000	0.00000000	0.00000000	0.00000000	1.43407261	1.41187048	1.37455857	1.31797981
0.00004800	0.00000000	0.00000000	0.00000000	0.00000000	1.43730032	1.39977407	1.37415028	1.34234583
0.00005120	0.00000000	0.00000000	0.00000000	0.00000000	1.42184770	1.39813817	1.36744285	1.32388675
0.00005760	0.00000000	0.00000000	0.00000000	0.00000000	1.41706336	1.37923455	1.35090089	1.29150510
0.00006400	0.00000000	0.00000000	0.00000000	0.00000000	1.41180253	1.37150478	1.33434403	1.34363580
0.00007040	0.00000000	0.00000000	0.00000000	0.00000000	1.40318394	1.36086655	1.32518804	1.26042008
0.00007680	0.00000000	0.00000000	0.00000000	0.00000000	1.39380884	1.35146379	1.31796277	1.31925952
0.00008320	0.00000000	0.00000000	0.00000000	0.00000000	1.38718855	1.34883130	1.30708086	1.26634109
0.00008960	0.00000000	0.00000000	0.00000000	0.00000000	1.38357377	1.33231676	1.30128896	1.22900867
0.00009600	0.00000000	0.00000000	0.00000000	0.00000000	1.37714088	1.32343578	1.29034853	1.25269330
0.00010240	0.00000000	0.00000000	0.00000000	0.00000000	1.36982369	1.31241429	1.27700949	1.19533217
0.00011520	0.00000000	0.00000000	0.00000000	0.00000000	1.35530603	1.30352437	1.26241386	1.21516550
0.00012800	0.00000000	0.00000000	0.00000000	0.00000000	1.34700370	1.28272903	1.24349368	1.19683528
0.00014080	0.00000000	0.00000000	0.00000000	0.00000000	1.33482254	1.26573527	1.22395587	1.17517233
0.00015360	0.00000000	0.00000000	0.00000000	0.00000000	1.31877089	1.24959099	1.20986867	1.15499055
0.00016640	0.00000000	0.00000000	0.00000000	0.00000000	1.31464040	1.23667920	1.20099795	1.13939714
0.00017920	0.00000000	0.00000000	0.00000000	0.00000000	1.29582489	1.22494197	1.18284500	1.16865051
0.00019200	0.00000000	0.00000000	0.00000000	0.00000000	1.28904462	1.20736337	1.18016911	1.12306440
0.00020480	0.00000000	0.00000000	0.00000000	0.00000000	1.27414346	1.19676256	1.16631937	1.12510097
0.00023040	0.00000000	0.00000000	0.00000000	0.00000000	1.25119305	1.17586732	1.14689720	1.08976340
0.00025600	0.00000000	0.00000000	0.00000000	0.00000000	1.23460710	1.15642881	1.12541246	1.07084548
0.00028160	0.00000000	0.00000000	0.00000000	0.00000000	1.21644568	1.13796699	1.10982943	1.06346297
0.00030720	0.00000000	0.00000000	0.00000000	0.00000000	1.19587135	1.12176406	1.09610963	1.08140397
0.00033280	0.00000000	0.00000000	0.00000000	0.00000000	1.18090558	1.10659087	1.08947873	1.04502511
0.00035840	0.00000000	0.00000000	0.00000000	0.00000000	1.16462851	1.09500039	1.07407415	1.05028570
0.00038400	0.00000000	0.00000000	0.00000000	0.00000000	1.15074503	1.08392477	1.06205142	1.02208042
0.00040960	0.00000000	0.00000000	0.00000000	0.00000000	1.13930380	1.07541633	1.05534029	1.02835655
0.00046080	0.00000000	0.00000000	0.00000000	0.00000000	1.11794579	1.06117034	1.04258466	1.00906396
0.00051200	0.00000000	0.00000000	0.00000000	0.00000000	1.09495115	1.04619956	1.02862668	1.00947821
0.00056320	0.00000000	0.00000000	0.00000000	0.00000000	1.07800245	1.03810048	1.02310765	1.00768316
0.00061440	0.00000000	0.00000000	0.00000000	0.00000000	1.06453669	1.02949405	1.01103652	0.99410564
0.00066560	0.00000000	0.00000000	0.00000000	0.00000000	1.05355847	1.02622724	1.00347924	0.98432469
0.00071680	0.00000000	0.00000000	0.00000000	0.00000000	1.04342353	1.01971495	1.00048172	0.98721296
0.00076800	0.00000000	0.00000000	0.00000000	0.00000000	1.03795898	1.01722956	1.00078380	0.99282789
0.00081920	0.00000000	0.00000000	0.00000000	0.00000000	1.03261101	1.01351142	0.99962610	0.99191839
0.00092160	0.00000000	0.00000000	0.00000000	0.00000000	1.02444875	1.01349568	0.99749583	1.00402129
0.00102400	0.00000000	0.00000000	0.00000000	0.00000000	1.01787853	1.01090384	0.99577820	0.98618394
0.00112640	0.00000000	0.00000000	0.00000000	0.00000000	1.01269126	1.00876367	0.99099618	1.00498521
0.00122880	0.00000000	0.00000000	0.00000000	0.00000000	1.00510013	1.00760603	0.99347979	1.00662863
0.00133120	0.00000000	0.00000000	0.00000000	0.00000000	0.99794906	1.01193321	0.99778813	0.99896866
0.00143360	0.00000000	0.00000000	0.00000000	0.00000000	0.99487293	1.01294386	1.00313413	1.00413048
0.00153600	0.00000000	0.00000000	0.00000000	0.00000000	0.98965949	1.01075518	1.00282180	1.00681460
0.00163840	0.00000000	0.00000000	0.00000000	0.00000000	0.98733211	1.00871229	1.00018489	0.99731791
0.00184320	0.00000000	0.00000000	0.00000000	0.00000000	0.98089731	1.00549698	0.99458760	0.99840468
0.00204800	0.00000000	0.00000000	0.00000000	0.00000000	0.98489201	1.01073611	0.99749064	1.00502908
0.00225280	0.00000000	0.00000000	0.00000000	0.00000000	0.98852432	1.00771606	1.00091362	1.01189363
0.00245760	0.00000000	0.00000000	0.00000000	0.00000000	0.98868597	1.00258446	0.99896276	1.00298071
0.00266240	0.00000000	0.00000000	0.00000000	0.00000000	0.99021459	1.00208831	0.99596459	0.97998083
0.00286720	0.00000000	0.00000000	0.00000000	0.00000000	0.99303198	1.00383890	0.99359035	0.98626369
0.00307200	0.00000000	0.00000000	0.00000000	0.00000000	0.99692541	0.99670708	0.99626946	1.00035143
0.00327680	0.00000000	0.00000000	0.00000000	0.00000000	1.00298977	0.99462873	0.99452257	1.00116825
0.00368640	0.00000000	0.00000000	0.00000000	0.00000000	1.00211167	0.99937826	0.99604094	0.99299508
0.00409600	0.00000000	0.00000000	0.00000000	0.00000000	1.00367045	1.00209796	0.99875456	1.00506735
0.00450560	0.00000000	0.00000000	0.00000000	0.00000000	0.99917907	1.00616908	1.00430012	1.00961149
0.00491520	0.00000000	0.00000000	0.00000000	0.00000000	0.99412435	0.99981409	0.99201643	0.99279392
0.00532480	0.00000000	0.00000000	0.00000000	0.00000000	0.99326503	1.00154996	0.99361193	0.98697394
0.00573440	0.00000000	0.00000000	0.00000000	0.00000000	0.99637252	1.00602317	0.99836385	0.99698710
0.00614400	0.00000000	0.00000000	0.00000000	0.00000000	0.99541706	1.00177836	1.00072575	1.00079954
0.00655360	0.00000000	0.00000000	0.00000000	0.00000000	0.99046367	0.99923223	1.00246060	1.00421941
0.00737280	0.00000000	0.00000000	0.00000000	0.00000000	1.00049484	0.99995822	1.00045478	0.99823868
0.00819200	0.00000000	0.00000000	0.00000000	0.00000000	1.00927663	1.00193501	0.99122936	0.99767512
0.00901120	0.00000000	0.00000000	0.00000000	0.00000000	1.00592744	0.99849927	0.99615085	1.00384712
0.00983040	0.00000000	0.00000000	0.00000000	0.00000000	1.00248492	1.00247824	0.99337280	0.99853718
0.01064960	0.00000000	0.00000000	0.00000000	0.00000000	0.99426788	1.00873590	0.99458784	0.99530494
0.01146880	0.00000000	0.00000000	0.00000000	0.00000000	0.99941683	1.00245225	0.99961293	0.99606913
0.01228800	0.00000000	0.00000000	0.00000000	0.00000000	0.99229360	1.00313401	1.00556910	0.99679887
0.01310720	0.00000000	0.00000000	0.00000000	0.00000000	0.99523455	1.00011492	1.00120592	0.99665374
0.01474560	0.00000000	0.00000000	0.00000000	0.00000000	0.99627119	1.00742233	1.00292814	1.00092196
0.01638400	0.00000000	0.00000000	0.00000000	0.00000000	1.00473845	1.00346208	0.99783611	0.99505991
0.01802240	0.00000000	0.00000000	0.00000000	0.00000000	0.99788302	1.00124347	0.99683845	0.99851298
0.01966080	0.00000000	0.00000000	0.00000000	0.00000000	0.99731386	1.00059593	0.99712533	0.99736536
0.02129920	0.00000000	0.00000000	0.00000000	0.00000000	0.99523073	0.99809152	0.99489713	1.00165164
0.02293760	0.00000000	0.00000000	0.00000000	0.00000000	1.00290632	1.00090587	1.00497484	1.00002849
0.02457600	0.00000000	0.00000000	0.00000000	0.00000000	1.00280368	0.99887383	1.00073767	0.99754727
0.02621440	0.00000000	0.00000000	0.00000000	0.00000000	0.99598140	1.00549603	0.99471134	0.99506110
0.02949120	0.00000000	0.00000000	0.00000000	0.00000000	1.00632524	1.00222576	0.99744833	1.00042236
0.03276800	0.00000000	0.00000000	0.00000000	0.00000000	0.99685717	0.99715543	0.99836272	0.99811143
0.03604480	0.00000000	0.00000000	0.00000000	0.00000000	0.99402171	0.99912542	1.00179994	0.99847269
0.03932160	0.00000000	0.00000000	0.00000000	0.00000000	1.00166965	0.99647826	1.00259531	0.99905020
0.04259840	0.00000000	0.00000000	0.00000000	0.00000000	0.99476796	0.99994445	0.99433631	0.99732852
0.04587520	0.00000000	0.00000000	0.00000000	0.00000000	1.00446296	0.99506545	1.00178480	1.00212359
0.04915200	0.00000000	0.00000000	0.00000000	0.00000000	1.00566971	1.00176024	1.00289738	0.99939001
0.05242880	0.00000000	0.00000000	0.00000000	0.00000000	1.00477314	1.00264978	1.00077152	1.00302732
0.05898240	0.00000000	0.00000000	0.00000000	0.00000000	0.99810177	1.00247443	0.99971455	1.00184178
0.06553600	0.00000000	0.00000000	0.00000000	0.00000000	0.99805474	0.99987984	0.99983644	0.99840176
0.07208960	0.00000000	0.00000000	0.00000000	0.00000000	1.00063419	0.99718511	1.00158429	1.00134456
0.07864320	0.00000000	0.00000000	0.00000000	0.00000000	1.00013268	1.00069356	1.00081217	0.99618602
0.08519680	0.00000000	0.00000000	0.00000000	0.00000000	0.99675363	1.00421190	1.00032079	1.00095522
0.09175040	0.00000000	0.00000000	0.00000000	0.00000000	0.99894124	0.99657845	0.99905241	0.99996585
0.09830400	0.00000000	0.00000000	0.00000000	0.00000000	0.99969351	1.00389850	0.99983966	1.00068796
0.10485760	0.00000000	0.00000000	0.00000000	0.00000000	1.00150776	0.99880022	1.00216448	1.00115049
0.11796480	0.00000000	0.00000000	0.00000000	0.00000000	1.00691533	0.99897897	0.99951714	0.99981302
0.13107200	0.00000000	0.00000000	0.00000000	0.00000000	1.00169253	0.99878198	1.00010061	0.99915403
0.14417920	0.00000000	0.00000000	0.00000000	0.00000000	0.99854833	0.99781328	1.00070977	1.00102818
0.15728641	0.00000000	0.00000000	0.00000000	0.00000000	0.99668163	0.99782336	0.99934363	0.99832487
0.17039360	0.00000000	0.00000000	0.00000000	0.00000000	1.00287628	0.99823409	1.00009274	1.00081134
0.18350080	0.00000000	0.00000000	0.00000000	0.00000000	0.99786597	1.00133431	1.00050628	1.00135016
0.19660801	0.00000000	0.00000000	0.00000000	0.00000000	0.99674821	1.00174332	0.99901390	0.99948466
0.20971520	0.00000000	0.00000000	0.00000000	0.00000000	0.99884671	1.00040650	1.00044215	1.00006115
0.23592959	0.00000000	0.00000000	0.00000000	0.00000000	1.00093842	1.00094986	0.99999183	1.00131583
0.26214400	0.00000000	0.00000000	0.00000000	0.00000000	0.99788499	1.00161767	0.99905825	0.99956769
0.28835839	0.00000000	0.00000000	0.00000000	0.00000000	0.99952370	1.00077462	1.00049973	0.99926794
0.31457281	0.00000000	0.00000000	0.00000000	0.00000000	0.99963802	1.00234520	0.99902380	0.99964440
0.34078720	0.00000000	0.00000000	0.00000000	0.00000000	0.99960399	0.99985403	1.00009799	0.99972737
0.36700159	0.00000000	0.00000000	0.00000000	0.00000000	0.99949718	0.99845713	0.99980253	1.00109041
0.39321601	0.00000000	0.00000000	0.00000000	0.00000000	0.99833828	0.99855918	0.99965829	0.99995780
0.41943040	0.00000000	0.00000000	0.00000000	0.00000000	0.99853849	1.00082397	1.00007594	1.00117040
0.47185919	0.00000000	0.00000000	0.00000000	0.00000000	0.99966419	0.99795628	1.00039411	0.99989873
0.52428800	0.00000000	0.00000000	0.00000000	0.00000000	1.00008488	0.99988914	0.99979359	0.99928135
0.57671678	0.00000000	0.00000000	0.00000000	0.00000000	1.00124490	0.99944001	1.00054049	0.99889046
0.62914562	0.00000000	0.00000000	0.00000000	0.00000000	0.99945974	1.00044858	1.00069976	0.99970031
0.68157440	0.00000000	0.00000000	0.00000000	0.00000000	1.00067878	1.00006747	1.00050461	1.00093865
0.73400319	0.00000000	0.00000000	0.00000000	0.00000000	0.99948412	1.00025904	1.00052810	1.00029886
0.78643203	0.00000000	0.00000000	0.00000000	0.00000000	1.00132072	0.99821872	0.99971962	0.99915946
0.83886081	0.00000000	0.00000000	0.00000000	0.00000000	0.99902910	0.99821228	1.00013518	1.00044751
0.94371837	0.00000000	0.00000000	0.00000000	0.00000000	0.99923044	1.00024652	0.99987221	0.99924821
1.04857600	0.00000000	0.00000000	0.00000000	0.00000000	0.99998361	1.00095367	0.99960417	1.00078142
1.15343356	0.00000000	0.00000000	0.00000000	0.00000000	1.00130796	0.99990755	1.00043893	1.00057638
1.25829124	0.00000000	0.00000000	0.00000000	0.00000000	1.00027549	1.00076759	0.99999815	1.00007474
1.36314881	0.00000000	0.00000000	0.00000000	0.00000000	0.99897218	1.00130796	1.00050223	0.99990100
1.46800637	0.00000000	0.00000000	0.00000000	0.00000000	0.99817109	0.99938613	0.99974757	1.00018334
1.57286406	0.00000000	0.00000000	0.00000000	0.00000000	0.99955636	1.00133026	1.00083959	1.00097394
1.67772162	0.00000000	0.00000000	0.00000000	0.00000000	1.00003350	1.00020146	0.99889934	0.99885064
1.88743675	0.00000000	0.00000000	0.00000000	0.00000000	0.00000000	0.00000000	0.00000000	0.00000000
2.09715199	0.00000000	0.00000000	0.00000000	0.00000000	0.00000000	0.00000000	0.00000000	0.00000000
2.30686712	0.00000000	0.00000000	0.00000000	0.00000000	0.00000000	0.00000000	0.00000000	0.00000000
2.51658249	0.00000000	0.00000000	0.00000000	0.00000000	0.00000000	0.00000000	0.00000000	0.00000000
2.72629762	0.00000000	0.00000000	0.00000000	0.00000000	0.00000000	0.00000000	0.00000000	0.00000000
2.93601274	0.00000000	0.00000000	0.00000000	0.00000000	0.00000000	0.00000000	0.00000000	0.00000000
3.14572811	0.00000000	0.00000000	0.00000000	0.00000000	0.00000000	0.00000000	0.00000000	0.00000000
3.35544324	0.00000000	0.00000000	0.00000000	0.00000000	0.00000000	0.00000000	0.00000000	0.00000000
3.77487350	0.00000000	0.00000000	0.00000000	0.00000000	0.00000000	0.00000000	0.00000000	0.00000000
4.19430399	0.00000000	0.00000000	0.00000000	0.00000000	0.00000000	0.00000000	0.00000000	0.00000000
4.61373425	0.00000000	0.00000000	0.00000000	0.00000000	0.00000000	0.00000000	0.00000000	0.00000000
5.03316498	0.00000000	0.00000000	0.00000000	0.00000000	0.00000000	0.00000000	0.00000000	0.00000000
5.45259523	0.00000000	0.00000000	0.00000000	0.00000000	0.00000000	0.00000000	0.00000000	0.00000000
5.87202549	0.00000000	0.00000000	0.00000000	0.00000000	0.00000000	0.00000000	0.00000000	0.00000000
6.29145622	0.00000000	0.00000000	0.00000000	0.00000000	0.00000000	0.00000000	0.00000000	0.00000000
6.71088648	0.00000000	0.00000000	0.00000000	0.00000000	0.00000000	0.00000000	0.00000000	0.00000000
7.54974699	0.00000000	0.00000000	0.00000000	0.00000000	0.00000000	0.00000000	0.00000000	0.00000000
8.38860798	0.00000000	0.00000000	0.00000000	0.00000000	0.00000000	0.00000000	0.00000000	0.00000000
9.22746849	0.00000000	0.00000000	0.00000000	0.00000000	0.00000000	0.00000000	0.00000000	0.00000000
10.06632996	0.00000000	0.00000000	0.00000000	0.00000000	0.00000000	0.00000000	0.00000000	0.00000000
10.90519047	0.00000000	0.00000000	0.00000000	0.00000000	0.00000000	0.00000000	0.00000000	0.00000000
11.74405098	0.00000000	0.00000000	0.00000000	0.00000000	0.00000000	0.00000000	0.00000000	0.00000000
12.58291245	0.00000000	0.00000000	0.00000000	0.00000000	0.00000000	0.00000000	0.00000000	0.00000000
13.42177296	0.00000000	0.00000000	0.00000000	0.00000000	0.00000000	0.00000000	0.00000000	0.00000000
15.09949398	0.00000000	0.00000000	0.00000000	0.00000000	0.00000000	0.00000000	0.00000000	0.00000000
16.77721596	0.00000000	0.00000000	0.00000000	0.00000000	0.00000000	0.00000000	0.00000000	0.00000000
18.45493698	0.00000000	0.00000000	0.00000000	0.00000000	0.00000000	0.00000000	0.00000000	0.00000000
20.13265991	0.00000000	0.00000000	0.00000000	0.00000000	0.00000000	0.00000000	0.00000000	0.00000000
21.81038094	0.00000000	0.00000000	0.00000000	0.00000000	0.00000000	0.00000000	0.00000000	0.00000000
23.48810196	0.00000000	0.00000000	0.00000000	0.00000000	0.00000000	0.00000000	0.00000000	0.00000000
25.16582489	0.00000000	0.00000000	0.00000000	0.00000000	0.00000000	0.00000000	0.00000000	0.00000000
26.84354591	0.00000000	0.00000000	0.00000000	0.00000000	0.00000000	0.00000000	0.00000000	0.00000000
30.19898796	0.00000000	0.00000000	0.00000000	0.00000000	0.00000000	0.00000000	0.00000000	0.00000000
33.55443192	0.00000000	0.00000000	0.00000000	0.00000000	0.00000000	0.00000000	0.00000000	0.00000000
36.90987396	0.00000000	0.00000000	0.00000000	0.00000000	0.00000000	0.00000000	0.00000000	0.00000000
40.26531982	0.00000000	0.00000000	0.00000000	0.00000000	0.00000000	0.00000000	0.00000000	0.00000000
43.62076187	0.00000000	0.00000000	0.00000000	0.00000000	0.00000000	0.00000000	0.00000000	0.00000000
46.97620392	0.00000000	0.00000000	0.00000000	0.00000000	0.00000000	0.00000000	0.00000000	0.00000000
50.33164978	0.00000000	0.00000000	0.00000000	0.00000000	0.00000000	0.00000000	0.00000000	0.00000000
53.68709183	0.00000000	0.00000000	0.00000000	0.00000000	0.00000000	0.00000000	0.00000000	0.00000000
60.39797592	0.00000000	0.00000000	0.00000000	0.00000000	0.00000000	0.00000000	0.00000000	0.00000000
67.10886383	0.00000000	0.00000000	0.00000000	0.00000000	0.00000000	0.00000000	0.00000000	0.00000000
73.81974792	0.00000000	0.00000000	0.00000000	0.00000000	0.00000000	0.00000000	0.00000000	0.00000000
80.53063965	0.00000000	0.00000000	0.00000000	0.00000000	0.00000000	0.00000000	0.00000000	0.00000000
87.24152374	0.00000000	0.00000000	0.00000000	0.00000000	0.00000000	0.00000000	0.00000000	0.00000000
93.95240784	0.00000000	0.00000000	0.00000000	0.00000000	0.00000000	0.00000000	0.00000000	0.00000000
100.66329956	0.00000000	0.00000000	0.00000000	0.00000000	0.00000000	0.00000000	0.00000000	0.00000000
107.37418365	0.00000000	0.00000000	0.00000000	0.00000000	0.00000000	0.00000000	0.00000000	0.00000000
120.79595184	0.00000000	0.00000000	0.00000000	0.00000000	0.00000000	0.00000000	0.00000000	0.00000000
134.21772766	0.00000000	0.00000000	0.00000000	0.00000000	0.00000000	0.00000000	0.00000000	0.00000000
147.63949585	0.00000000	0.00000000	0.00000000	0.00000000	0.00000000	0.00000000	0.00000000	0.00000000
161.06127930	0.00000000	0.00000000	0.00000000	0.00000000	0.00000000	0.00000000	0.00000000	0.00000000
174.48304749	0.00000000	0.00000000	0.00000000	0.00000000	0.00000000	0.00000000	0.00000000	0.00000000
187.90481567	0.00000000	0.00000000	0.00000000	0.00000000	0.00000000	0.00000000	0.00000000	0.00000000
201.32659912	0.00000000	0.00000000	0.00000000	0.00000000	0.00000000	0.00000000	0.00000000	0.00000000
214.74836731	0.00000000	0.00000000	0.00000000	0.00000000	0.00000000	0.00000000	0.00000000	0.00000000
241.59190369	0.00000000	0.00000000	0.00000000	0.00000000	0.00000000	0.00000000	0.00000000	0.00000000
268.43545532	0.00000000	0.00000000	0.00000000	0.00000000	0.00000000	0.00000000	0.00000000	0.00000000
295.27899170	0.00000000	0.00000000	0.00000000	0.00000000	0.00000000	0.00000000	0.00000000	0.00000000
322.12255859	0.00000000	0.00000000	0.00000000	0.00000000	0.00000000	0.00000000	0.00000000	0.00000000
348.96609497	0.00000000	0.00000000	0.00000000	0.00000000	0.00000000	0.00000000	0.00000000	0.00000000
375.80963135	0.00000000	0.00000000	0.00000000	0.00000000	0.00000000	0.00000000	0.00000000	0.00000000
402.65319824	0.00000000	0.00000000	0.00000000	0.00000000	0.00000000	0.00000000	0.00000000	0.00000000
429.49673462	0.00000000	0.00000000	0.00000000	0.00000000	0.00000000	0.00000000	0.00000000	0.00000000
483.18380737	0.00000000	0.00000000	0.00000000	0.00000000	0.00000000	0.00000000	0.00000000	0.00000000
536.87091064	0.00000000	0.00000000	0.00000000	0.00000000	0.00000000	0.00000000	0.00000000	0.00000000
590.55798340	0.00000000	0.00000000	0.00000000	0.00000000	0.00000000	0.00000000	0.00000000	0.00000000
644.24511719	0.00000000	0.00000000	0.00000000	0.00000000	0.00000000	0.00000000	0.00000000	0.00000000
697.93218994	0.00000000	0.00000000	0.00000000	0.00000000	0.00000000	0.00000000	0.00000000	0.00000000
751.61926270	0.00000000	0.00000000	0.00000000	0.00000000	0.00000000	0.00000000	0.00000000	0.00000000
805.30639648	0.00000000	0.00000000	0.00000000	0.00000000	0.00000000	0.00000000	0.00000000	0.00000000
858.99346924	0.00000000	0.00000000	0.00000000	0.00000000	0.00000000	0.00000000	0.00000000	0.00000000
966.36761475	0.00000000	0.00000000	0.00000000	0.00000000	0.00000000	0.00000000	0.00000000	0.00000000
1073.74182129	0.00000000	0.00000000	0.00000000	0.00000000	0.00000000	0.00000000	0.00000000	0.00000000
1181.11596680	0.00000000	0.00000000	0.00000000	0.00000000	0.00000000	0.00000000	0.00000000	0.00000000
1288.49023437	0.00000000	0.00000000	0.00000000	0.00000000	0.00000000	0.00000000	0.00000000	0.00000000
1395.86437988	0.00000000	0.00000000	0.00000000	0.00000000	0.00000000	0.00000000	0.00000000	0.00000000
1503.23852539	0.00000000	0.00000000	0.00000000	0.00000000	0.00000000	0.00000000	0.00000000	0.00000000
1610.61279297	0.00000000	0.00000000	0.00000000	0.00000000	0.00000000	0.00000000	0.00000000	0.00000000
1717.98693848	0.00000000	0.00000000	0.00000000	0.00000000	0.00000000	0.00000000	0.00000000	0.00000000
1932.73522949	0.00000000	0.00000000	0.00000000	0.00000000	0.00000000	0.00000000	0.00000000	0.00000000
2147.48364258	0.00000000	0.00000000	0.00000000	0.00000000	0.00000000	0.00000000	0.00000000	0.00000000
2362.23193359	0.00000000	0.00000000	0.00000000	0.00000000	0.00000000	0.00000000	0.00000000	0.00000000
2576.98046875	0.00000000	0.00000000	0.00000000	0.00000000	0.00000000	0.00000000	0.00000000	0.00000000
2791.72875977	0.00000000	0.00000000	0.00000000	0.00000000	0.00000000	0.00000000	0.00000000	0.00000000
3006.47705078	0.00000000	0.00000000	0.00000000	0.00000000	0.00000000	0.00000000	0.00000000	0.00000000
3221.22558594	0.00000000	0.00000000	0.00000000	0.00000000	0.00000000	0.00000000	0.00000000	0.00000000
3435.97387695	0.00000000	0.00000000	0.00000000	0.00000000	0.00000000	0.00000000	0.00000000	0.00000000
0	0	0	0	0	0	0	0	0
