%3/28/2019 10:09:39 PM
%Duration	ID1		ID2		ID3		ID4		ID5		ID6		ID7		ID8
3000.000000	0.000000	0.000000	0.000000	0.000000	228.815079	240.335464	106.725693	28.181076
%Tau		Tau1		Tau2		Tau3		Tau4		Tau5		Tau6		Tau7		Tau8
%		0.000000	0.000000	0.000000	0.000000	0.000307	0.000230	0.000154	0.000096
%Delaytime	D1		D2		D3		D4		D5		D6		D7		D8
0.00000020	0.00000000	0.00000000	0.00000000	0.00000000	1.66131055	1.77454674	2.43895006	2.29688668
0.00000040	0.00000000	0.00000000	0.00000000	0.00000000	1.54757607	1.51452482	1.57775176	1.68783355
0.00000060	0.00000000	0.00000000	0.00000000	0.00000000	1.50630736	1.48015654	1.50588417	1.57239211
0.00000080	0.00000000	0.00000000	0.00000000	0.00000000	1.52423954	1.47694564	1.55167317	1.52462327
0.00000100	0.00000000	0.00000000	0.00000000	0.00000000	1.48769963	1.48247552	1.48829627	1.61219954
0.00000120	0.00000000	0.00000000	0.00000000	0.00000000	1.49138427	1.49008644	1.44857192	1.56443059
0.00000140	0.00000000	0.00000000	0.00000000	0.00000000	1.49218261	1.48229706	1.49981928	1.41714323
0.00000160	0.00000000	0.00000000	0.00000000	0.00000000	1.48438334	1.47849154	1.52134931	1.65598762
0.00000180	0.00000000	0.00000000	0.00000000	0.00000000	1.49777114	1.46309125	1.45675945	1.56443059
0.00000200	0.00000000	0.00000000	0.00000000	0.00000000	1.49052453	1.48057270	1.49466431	1.40122032
0.00000220	0.00000000	0.00000000	0.00000000	0.00000000	1.47824216	1.47022653	1.48435414	1.62812245
0.00000240	0.00000000	0.00000000	0.00000000	0.00000000	1.49912214	1.47962141	1.51316190	1.45695066
0.00000260	0.00000000	0.00000000	0.00000000	0.00000000	1.49789393	1.46606433	1.48738658	1.48083508
0.00000280	0.00000000	0.00000000	0.00000000	0.00000000	1.50256121	1.47825372	1.48617363	1.46889293
0.00000300	0.00000000	0.00000000	0.00000000	0.00000000	1.47842646	1.46755087	1.47798610	1.55248845
0.00000320	0.00000000	0.00000000	0.00000000	0.00000000	1.49684989	1.46600485	1.53408527	1.38927805
0.00000360	0.00000000	0.00000000	0.00000000	0.00000000	1.48456764	1.46998870	1.49663532	1.55447876
0.00000400	0.00000000	0.00000000	0.00000000	0.00000000	1.48708546	1.47459698	1.48010886	1.54054618
0.00000440	0.00000000	0.00000000	0.00000000	0.00000000	1.48005378	1.47266448	1.48450577	1.39723957
0.00000480	0.00000000	0.00000000	0.00000000	0.00000000	1.48779166	1.47135627	1.47222459	1.42311442
0.00000520	0.00000000	0.00000000	0.00000000	0.00000000	1.47897911	1.46853197	1.48071527	1.40321064
0.00000560	0.00000000	0.00000000	0.00000000	0.00000000	1.47526371	1.46026683	1.48647678	1.53059435
0.00000600	0.00000000	0.00000000	0.00000000	0.00000000	1.47750521	1.46829402	1.49436104	1.47088325
0.00000640	0.00000000	0.00000000	0.00000000	0.00000000	1.49915290	1.46755087	1.45751750	1.56443059
0.00000720	0.00000000	0.00000000	0.00000000	0.00000000	1.48281741	1.46597517	1.47404408	1.44202292
0.00000800	0.00000000	0.00000000	0.00000000	0.00000000	1.48228002	1.45671415	1.47055674	1.45794582
0.00000880	0.00000000	0.00000000	0.00000000	0.00000000	1.47409689	1.46624267	1.45880628	1.44301808
0.00000960	0.00000000	0.00000000	0.00000000	0.00000000	1.47971606	1.45730865	1.44948173	1.43406141
0.00001040	0.00000000	0.00000000	0.00000000	0.00000000	1.47621560	1.45656550	1.46282423	1.49874842
0.00001120	0.00000000	0.00000000	0.00000000	0.00000000	1.47025859	1.45498979	1.47366500	1.45595551
0.00001200	0.00000000	0.00000000	0.00000000	0.00000000	1.47853386	1.45487082	1.45979178	1.41614807
0.00001280	0.00000000	0.00000000	0.00000000	0.00000000	1.47062707	1.45779932	1.44743478	1.44600368
0.00001440	0.00000000	0.00000000	0.00000000	0.00000000	1.47143316	1.45738304	1.44891310	1.46590734
0.00001600	0.00000000	0.00000000	0.00000000	0.00000000	1.47359025	1.45227683	1.46111846	1.44202292
0.00001760	0.00000000	0.00000000	0.00000000	0.00000000	1.47554779	1.44290435	1.44553959	1.44053006
0.00001920	0.00000000	0.00000000	0.00000000	0.00000000	1.45882070	1.43995357	1.44667673	1.41415775
0.00002080	0.00000000	0.00000000	0.00000000	0.00000000	1.46896136	1.44162595	1.42889941	1.38927805
0.00002240	0.00000000	0.00000000	0.00000000	0.00000000	1.46667373	1.43436432	1.43378913	1.42908549
0.00002400	0.00000000	0.00000000	0.00000000	0.00000000	1.45420718	1.43790960	1.43492627	1.47337127
0.00002560	0.00000000	0.00000000	0.00000000	0.00000000	1.45729315	1.42870808	1.42783797	1.40221548
0.00002880	0.00000000	0.00000000	0.00000000	0.00000000	1.45885634	1.42670560	1.40712225	1.38926196
0.00003200	0.00000000	0.00000000	0.00000000	0.00000000	1.45148408	1.42205691	1.40269303	1.39697456
0.00003520	0.00000000	0.00000000	0.00000000	0.00000000	1.45038664	1.41557801	1.40750086	1.39821851
0.00003840	0.00000000	0.00000000	0.00000000	0.00000000	1.44541955	1.40847063	1.39854765	1.38055420
0.00004160	0.00000000	0.00000000	0.00000000	0.00000000	1.44411182	1.40664887	1.38666058	1.40941417
0.00004480	0.00000000	0.00000000	0.00000000	0.00000000	1.43942392	1.40102291	1.37392175	1.33527374
0.00004800	0.00000000	0.00000000	0.00000000	0.00000000	1.43487740	1.39411807	1.36695611	1.33280134
0.00005120	0.00000000	0.00000000	0.00000000	0.00000000	1.43575311	1.38764262	1.36004722	1.33875692
0.00005760	0.00000000	0.00000000	0.00000000	0.00000000	1.42463660	1.37916160	1.35072839	1.31052589
0.00006400	0.00000000	0.00000000	0.00000000	0.00000000	1.41574395	1.36920655	1.34606910	1.31714058
0.00007040	0.00000000	0.00000000	0.00000000	0.00000000	1.41055501	1.35807943	1.32959104	1.29385591
0.00007680	0.00000000	0.00000000	0.00000000	0.00000000	1.40728164	1.35137081	1.31623387	1.27752924
0.00008320	0.00000000	0.00000000	0.00000000	0.00000000	1.39559376	1.34026933	1.30702889	1.27267313
0.00008960	0.00000000	0.00000000	0.00000000	0.00000000	1.39020789	1.33622229	1.29086339	1.26495314
0.00009600	0.00000000	0.00000000	0.00000000	0.00000000	1.38228464	1.32278800	1.28386497	1.23942745
0.00010240	0.00000000	0.00000000	0.00000000	0.00000000	1.37687540	1.31579697	1.27389300	1.22448564
0.00011520	0.00000000	0.00000000	0.00000000	0.00000000	1.36198592	1.30087364	1.25481784	1.21929121
0.00012800	0.00000000	0.00000000	0.00000000	0.00000000	1.35025108	1.28273273	1.23814380	1.16851008
0.00014080	0.00000000	0.00000000	0.00000000	0.00000000	1.33459711	1.26894701	1.22461724	1.16708088
0.00015360	0.00000000	0.00000000	0.00000000	0.00000000	1.32303679	1.25253415	1.19994438	1.15204334
0.00016640	0.00000000	0.00000000	0.00000000	0.00000000	1.31228900	1.24017262	1.18745363	1.13874578
0.00017920	0.00000000	0.00000000	0.00000000	0.00000000	1.29860032	1.22779810	1.17176938	1.12238050
0.00019200	0.00000000	0.00000000	0.00000000	0.00000000	1.28833318	1.21280193	1.16129756	1.11765778
0.00020480	0.00000000	0.00000000	0.00000000	0.00000000	1.27597094	1.20166254	1.15088248	1.09895360
0.00023040	0.00000000	0.00000000	0.00000000	0.00000000	1.25438201	1.17868423	1.12817156	1.08096445
0.00025600	0.00000000	0.00000000	0.00000000	0.00000000	1.23448420	1.16055202	1.10681009	1.07301390
0.00028160	0.00000000	0.00000000	0.00000000	0.00000000	1.21610081	1.14273310	1.09094930	1.05807555
0.00030720	0.00000000	0.00000000	0.00000000	0.00000000	1.19636977	1.12624264	1.07787621	1.04748511
0.00033280	0.00000000	0.00000000	0.00000000	0.00000000	1.18036640	1.11196756	1.06806219	1.04757833
0.00035840	0.00000000	0.00000000	0.00000000	0.00000000	1.16417158	1.10017967	1.05862796	1.03498828
0.00038400	0.00000000	0.00000000	0.00000000	0.00000000	1.14919913	1.08680475	1.04689348	1.03293848
0.00040960	0.00000000	0.00000000	0.00000000	0.00000000	1.13565505	1.07709479	1.04343796	1.02017426
0.00046080	0.00000000	0.00000000	0.00000000	0.00000000	1.10936928	1.06001234	1.03300476	1.01260138
0.00051200	0.00000000	0.00000000	0.00000000	0.00000000	1.08835936	1.04612124	1.02425206	1.01875103
0.00056320	0.00000000	0.00000000	0.00000000	0.00000000	1.07093453	1.03764212	1.02132404	1.00557816
0.00061440	0.00000000	0.00000000	0.00000000	0.00000000	1.05570281	1.03027117	1.01481438	0.99736297
0.00066560	0.00000000	0.00000000	0.00000000	0.00000000	1.04475117	1.02439165	1.01254618	1.00042236
0.00071680	0.00000000	0.00000000	0.00000000	0.00000000	1.03607571	1.01880014	1.00911760	1.00480556
0.00076800	0.00000000	0.00000000	0.00000000	0.00000000	1.02754474	1.01305020	1.00780809	1.00396693
0.00081920	0.00000000	0.00000000	0.00000000	0.00000000	1.02249527	1.00963306	1.00710011	1.00312841
0.00092160	0.00000000	0.00000000	0.00000000	0.00000000	1.01262712	1.00606334	1.00498664	0.99830878
0.00102400	0.00000000	0.00000000	0.00000000	0.00000000	1.00705659	1.00463927	1.00292599	1.00795424
0.00112640	0.00000000	0.00000000	0.00000000	0.00000000	1.00634241	1.00227880	1.00662196	1.00290430
0.00122880	0.00000000	0.00000000	0.00000000	0.00000000	1.00584078	1.00008404	1.00502682	1.00412405
0.00133120	0.00000000	0.00000000	0.00000000	0.00000000	1.00473976	1.00015950	1.00267410	1.00728607
0.00143360	0.00000000	0.00000000	0.00000000	0.00000000	1.00427628	0.99904734	1.00360620	1.00112891
0.00153600	0.00000000	0.00000000	0.00000000	0.00000000	1.00339019	0.99993831	1.00361753	1.00327325
0.00163840	0.00000000	0.00000000	0.00000000	0.00000000	1.00412393	1.00211358	1.00420618	0.99873620
0.00184320	0.00000000	0.00000000	0.00000000	0.00000000	0.99902910	1.00471354	1.00522709	1.00391281
0.00204800	0.00000000	0.00000000	0.00000000	0.00000000	0.99737930	1.00481021	1.00673866	1.00005937
0.00225280	0.00000000	0.00000000	0.00000000	0.00000000	0.99824429	1.00367618	1.00784099	0.99588704
0.00245760	0.00000000	0.00000000	0.00000000	0.00000000	1.00011146	1.00149429	1.00101125	0.98641372
0.00266240	0.00000000	0.00000000	0.00000000	0.00000000	0.99942362	1.00127172	0.99980640	0.99147767
0.00286720	0.00000000	0.00000000	0.00000000	0.00000000	0.99842823	1.00040543	1.00247526	0.99838364
0.00307200	0.00000000	0.00000000	0.00000000	0.00000000	0.99852353	1.00035858	1.00146079	1.00342643
0.00327680	0.00000000	0.00000000	0.00000000	0.00000000	1.00045562	0.99987131	1.00228834	0.99538273
0.00368640	0.00000000	0.00000000	0.00000000	0.00000000	1.00248027	0.99560219	1.00312412	1.00354743
0.00409600	0.00000000	0.00000000	0.00000000	0.00000000	1.00435090	0.99579918	1.00064862	1.00052583
0.00450560	0.00000000	0.00000000	0.00000000	0.00000000	0.99875575	0.99442106	0.99906796	1.00605750
0.00491520	0.00000000	0.00000000	0.00000000	0.00000000	0.99884540	0.99416816	0.99846476	0.99787563
0.00532480	0.00000000	0.00000000	0.00000000	0.00000000	1.00045788	0.99875695	0.99757153	0.99939424
0.00573440	0.00000000	0.00000000	0.00000000	0.00000000	0.99990618	1.00606072	0.99607414	1.00003195
0.00614400	0.00000000	0.00000000	0.00000000	0.00000000	0.99942172	1.00026131	0.99788111	1.00198996
0.00655360	0.00000000	0.00000000	0.00000000	0.00000000	0.99638742	1.00042605	1.00324762	0.99633545
0.00737280	0.00000000	0.00000000	0.00000000	0.00000000	0.99908906	1.00152159	0.99970013	1.00076854
0.00819200	0.00000000	0.00000000	0.00000000	0.00000000	0.99920344	1.00075281	0.99999076	1.00078487
0.00901120	0.00000000	0.00000000	0.00000000	0.00000000	1.00193036	1.00341213	1.00120473	0.99990284
0.00983040	0.00000000	0.00000000	0.00000000	0.00000000	1.00131857	1.00254190	1.00160992	1.00048077
0.01064960	0.00000000	0.00000000	0.00000000	0.00000000	0.99700660	1.00060594	1.00240624	1.00151360
0.01146880	0.00000000	0.00000000	0.00000000	0.00000000	0.99740469	0.99712390	0.99946904	0.99822354
0.01228800	0.00000000	0.00000000	0.00000000	0.00000000	1.00290585	0.99823135	0.99876142	0.99914938
0.01310720	0.00000000	0.00000000	0.00000000	0.00000000	1.00591385	1.00227070	0.99834979	0.99815965
0.01474560	0.00000000	0.00000000	0.00000000	0.00000000	1.00380027	1.00168884	0.99897355	0.99665231
0.01638400	0.00000000	0.00000000	0.00000000	0.00000000	0.99812829	1.00082946	1.00016093	0.99784607
0.01802240	0.00000000	0.00000000	0.00000000	0.00000000	0.99772251	1.00190270	1.00002325	1.00120950
0.01966080	0.00000000	0.00000000	0.00000000	0.00000000	0.99996519	1.00180578	1.00107503	0.99949986
0.02129920	0.00000000	0.00000000	0.00000000	0.00000000	1.00270188	1.00094306	0.99876857	1.00043726
0.02293760	0.00000000	0.00000000	0.00000000	0.00000000	1.00045061	1.00054109	0.99629337	0.99904096
0.02457600	0.00000000	0.00000000	0.00000000	0.00000000	1.00045598	0.99951094	0.99773562	0.99745065
0.02621440	0.00000000	0.00000000	0.00000000	0.00000000	0.99904931	0.99858046	0.99784416	0.99771833
0.02949120	0.00000000	0.00000000	0.00000000	0.00000000	1.00027287	0.99920714	0.99931842	0.99858022
0.03276800	0.00000000	0.00000000	0.00000000	0.00000000	1.00031805	1.00297987	0.99994195	0.99979955
0.03604480	0.00000000	0.00000000	0.00000000	0.00000000	1.00017858	1.00003278	1.00138628	0.99977738
0.03932160	0.00000000	0.00000000	0.00000000	0.00000000	0.99704307	0.99887568	1.00071061	1.00166035
0.04259840	0.00000000	0.00000000	0.00000000	0.00000000	0.99771708	0.99977893	1.00179398	1.00083780
0.04587520	0.00000000	0.00000000	0.00000000	0.00000000	1.00112903	1.00321221	1.00000012	1.00044942
0.04915200	0.00000000	0.00000000	0.00000000	0.00000000	0.99906325	1.00103819	1.00025249	0.99941462
0.05242880	0.00000000	0.00000000	0.00000000	0.00000000	0.99739444	1.00047159	1.00291288	1.00170493
0.05898240	0.00000000	0.00000000	0.00000000	0.00000000	1.00022089	1.00149524	0.99814028	0.99930453
0.06553600	0.00000000	0.00000000	0.00000000	0.00000000	0.99794084	0.99919343	1.00009751	0.99906021
0.07208960	0.00000000	0.00000000	0.00000000	0.00000000	1.00127292	0.99917644	0.99982291	0.99807066
0.07864320	0.00000000	0.00000000	0.00000000	0.00000000	0.99985391	1.00221395	0.99892068	0.99999136
0.08519680	0.00000000	0.00000000	0.00000000	0.00000000	0.99761629	0.99913597	0.99770927	0.99938655
0.09175040	0.00000000	0.00000000	0.00000000	0.00000000	0.99958217	1.00215673	1.00183856	0.99855268
0.09830400	0.00000000	0.00000000	0.00000000	0.00000000	0.99982464	1.00104833	0.99982578	1.00034952
0.10485760	0.00000000	0.00000000	0.00000000	0.00000000	0.99932170	0.99799103	1.00144637	0.99951965
0.11796480	0.00000000	0.00000000	0.00000000	0.00000000	1.00195038	0.99979222	0.99943203	1.00011075
0.13107200	0.00000000	0.00000000	0.00000000	0.00000000	1.00059915	0.99954301	0.99999100	0.99883324
0.14417920	0.00000000	0.00000000	0.00000000	0.00000000	1.00094557	0.99996620	1.00045836	1.00068235
0.15728641	0.00000000	0.00000000	0.00000000	0.00000000	1.00012708	1.00009620	0.99824494	1.00077653
0.17039360	0.00000000	0.00000000	0.00000000	0.00000000	0.99762756	1.00051701	1.00018096	0.99984372
0.18350080	0.00000000	0.00000000	0.00000000	0.00000000	0.99895877	1.00002396	1.00100958	1.00024605
0.19660801	0.00000000	0.00000000	0.00000000	0.00000000	0.99890625	1.00098908	0.99939859	1.00031769
0.20971520	0.00000000	0.00000000	0.00000000	0.00000000	1.00077391	1.00047100	0.99891078	0.99990833
0.23592959	0.00000000	0.00000000	0.00000000	0.00000000	0.99955678	0.99903959	1.00074887	1.00058782
0.26214400	0.00000000	0.00000000	0.00000000	0.00000000	0.99940044	0.99981242	0.99988556	1.00004065
0.28835839	0.00000000	0.00000000	0.00000000	0.00000000	0.99895650	0.99922371	0.99947166	1.00051999
0.31457281	0.00000000	0.00000000	0.00000000	0.00000000	0.99964303	0.99922115	0.99903470	0.99924070
0.34078720	0.00000000	0.00000000	0.00000000	0.00000000	0.99996775	0.99911499	1.00016737	1.00080729
0.36700159	0.00000000	0.00000000	0.00000000	0.00000000	0.99949849	0.99974459	1.00041759	0.99907297
0.39321601	0.00000000	0.00000000	0.00000000	0.00000000	1.00009823	1.00042319	1.00036001	1.00011170
0.41943040	0.00000000	0.00000000	0.00000000	0.00000000	0.99921668	0.99975121	0.99952048	1.00051522
0.47185919	0.00000000	0.00000000	0.00000000	0.00000000	0.99950868	0.99921983	1.00022006	0.99989164
0.52428800	0.00000000	0.00000000	0.00000000	0.00000000	1.00128055	0.99945337	1.00028455	1.00042379
0.57671678	0.00000000	0.00000000	0.00000000	0.00000000	0.99863046	0.99954379	1.00015092	0.99987203
0.62914562	0.00000000	0.00000000	0.00000000	0.00000000	0.99984002	0.99970514	1.00031722	0.99897128
0.68157440	0.00000000	0.00000000	0.00000000	0.00000000	1.00121176	1.00014758	0.99986935	1.00073671
0.73400319	0.00000000	0.00000000	0.00000000	0.00000000	0.99952465	1.00038791	0.99968350	1.00059700
0.78643203	0.00000000	0.00000000	0.00000000	0.00000000	0.99949419	1.00044143	0.99955559	0.99917251
0.83886081	0.00000000	0.00000000	0.00000000	0.00000000	1.00031674	1.00002921	0.99947691	1.00019920
0.94371837	0.00000000	0.00000000	0.00000000	0.00000000	0.99970675	0.99981743	0.99965107	1.00026071
1.04857600	0.00000000	0.00000000	0.00000000	0.00000000	0.99990976	0.99982750	1.00015557	0.99965411
1.15343356	0.00000000	0.00000000	0.00000000	0.00000000	0.99979949	0.99981391	1.00019991	0.99989587
1.25829124	0.00000000	0.00000000	0.00000000	0.00000000	0.99966991	1.00018418	1.00001180	0.99990410
1.36314881	0.00000000	0.00000000	0.00000000	0.00000000	1.00012863	1.00006056	0.99936134	1.00034392
1.46800637	0.00000000	0.00000000	0.00000000	0.00000000	0.99982387	1.00046909	0.99990749	0.99958187
1.57286406	0.00000000	0.00000000	0.00000000	0.00000000	1.00039065	0.99978667	1.00047112	0.99961448
1.67772162	0.00000000	0.00000000	0.00000000	0.00000000	1.00039315	0.99942744	1.00007987	1.00032794
1.88743675	0.00000000	0.00000000	0.00000000	0.00000000	1.00007319	1.00001121	0.99975944	0.99998885
2.09715199	0.00000000	0.00000000	0.00000000	0.00000000	1.00034750	1.00049663	1.00023043	0.99994183
2.30686712	0.00000000	0.00000000	0.00000000	0.00000000	0.99975622	0.99984336	0.99988228	0.99997890
2.51658249	0.00000000	0.00000000	0.00000000	0.00000000	1.00011396	0.99991024	1.00009036	1.00007951
2.72629762	0.00000000	0.00000000	0.00000000	0.00000000	0.99996644	1.00049531	1.00029314	0.99983138
2.93601274	0.00000000	0.00000000	0.00000000	0.00000000	0.99993533	0.99986005	0.99990588	1.00021112
3.14572811	0.00000000	0.00000000	0.00000000	0.00000000	0.99956244	0.99909979	0.99985307	0.99985880
3.35544324	0.00000000	0.00000000	0.00000000	0.00000000	1.00009537	1.00018489	0.99982691	1.00011635
3.77487350	0.00000000	0.00000000	0.00000000	0.00000000	1.00000823	1.00003481	1.00010884	1.00003660
4.19430399	0.00000000	0.00000000	0.00000000	0.00000000	1.00033033	0.99973398	1.00020576	0.99998951
4.61373425	0.00000000	0.00000000	0.00000000	0.00000000	0.99944419	1.00014615	0.99996459	1.00002360
5.03316498	0.00000000	0.00000000	0.00000000	0.00000000	1.00000000	1.00000000	1.00000000	1.00000000
5.45259523	0.00000000	0.00000000	0.00000000	0.00000000	0.00000000	0.00000000	0.00000000	0.00000000
5.87202549	0.00000000	0.00000000	0.00000000	0.00000000	0.00000000	0.00000000	0.00000000	0.00000000
6.29145622	0.00000000	0.00000000	0.00000000	0.00000000	0.00000000	0.00000000	0.00000000	0.00000000
6.71088648	0.00000000	0.00000000	0.00000000	0.00000000	0.00000000	0.00000000	0.00000000	0.00000000
7.54974699	0.00000000	0.00000000	0.00000000	0.00000000	0.00000000	0.00000000	0.00000000	0.00000000
8.38860798	0.00000000	0.00000000	0.00000000	0.00000000	0.00000000	0.00000000	0.00000000	0.00000000
9.22746849	0.00000000	0.00000000	0.00000000	0.00000000	0.00000000	0.00000000	0.00000000	0.00000000
10.06632996	0.00000000	0.00000000	0.00000000	0.00000000	0.00000000	0.00000000	0.00000000	0.00000000
10.90519047	0.00000000	0.00000000	0.00000000	0.00000000	0.00000000	0.00000000	0.00000000	0.00000000
11.74405098	0.00000000	0.00000000	0.00000000	0.00000000	0.00000000	0.00000000	0.00000000	0.00000000
12.58291245	0.00000000	0.00000000	0.00000000	0.00000000	0.00000000	0.00000000	0.00000000	0.00000000
13.42177296	0.00000000	0.00000000	0.00000000	0.00000000	0.00000000	0.00000000	0.00000000	0.00000000
15.09949398	0.00000000	0.00000000	0.00000000	0.00000000	0.00000000	0.00000000	0.00000000	0.00000000
16.77721596	0.00000000	0.00000000	0.00000000	0.00000000	0.00000000	0.00000000	0.00000000	0.00000000
18.45493698	0.00000000	0.00000000	0.00000000	0.00000000	0.00000000	0.00000000	0.00000000	0.00000000
20.13265991	0.00000000	0.00000000	0.00000000	0.00000000	0.00000000	0.00000000	0.00000000	0.00000000
21.81038094	0.00000000	0.00000000	0.00000000	0.00000000	0.00000000	0.00000000	0.00000000	0.00000000
23.48810196	0.00000000	0.00000000	0.00000000	0.00000000	0.00000000	0.00000000	0.00000000	0.00000000
25.16582489	0.00000000	0.00000000	0.00000000	0.00000000	0.00000000	0.00000000	0.00000000	0.00000000
26.84354591	0.00000000	0.00000000	0.00000000	0.00000000	0.00000000	0.00000000	0.00000000	0.00000000
30.19898796	0.00000000	0.00000000	0.00000000	0.00000000	0.00000000	0.00000000	0.00000000	0.00000000
33.55443192	0.00000000	0.00000000	0.00000000	0.00000000	0.00000000	0.00000000	0.00000000	0.00000000
36.90987396	0.00000000	0.00000000	0.00000000	0.00000000	0.00000000	0.00000000	0.00000000	0.00000000
40.26531982	0.00000000	0.00000000	0.00000000	0.00000000	0.00000000	0.00000000	0.00000000	0.00000000
43.62076187	0.00000000	0.00000000	0.00000000	0.00000000	0.00000000	0.00000000	0.00000000	0.00000000
46.97620392	0.00000000	0.00000000	0.00000000	0.00000000	0.00000000	0.00000000	0.00000000	0.00000000
50.33164978	0.00000000	0.00000000	0.00000000	0.00000000	0.00000000	0.00000000	0.00000000	0.00000000
53.68709183	0.00000000	0.00000000	0.00000000	0.00000000	0.00000000	0.00000000	0.00000000	0.00000000
60.39797592	0.00000000	0.00000000	0.00000000	0.00000000	0.00000000	0.00000000	0.00000000	0.00000000
67.10886383	0.00000000	0.00000000	0.00000000	0.00000000	0.00000000	0.00000000	0.00000000	0.00000000
73.81974792	0.00000000	0.00000000	0.00000000	0.00000000	0.00000000	0.00000000	0.00000000	0.00000000
80.53063965	0.00000000	0.00000000	0.00000000	0.00000000	0.00000000	0.00000000	0.00000000	0.00000000
87.24152374	0.00000000	0.00000000	0.00000000	0.00000000	0.00000000	0.00000000	0.00000000	0.00000000
93.95240784	0.00000000	0.00000000	0.00000000	0.00000000	0.00000000	0.00000000	0.00000000	0.00000000
100.66329956	0.00000000	0.00000000	0.00000000	0.00000000	0.00000000	0.00000000	0.00000000	0.00000000
107.37418365	0.00000000	0.00000000	0.00000000	0.00000000	0.00000000	0.00000000	0.00000000	0.00000000
120.79595184	0.00000000	0.00000000	0.00000000	0.00000000	0.00000000	0.00000000	0.00000000	0.00000000
134.21772766	0.00000000	0.00000000	0.00000000	0.00000000	0.00000000	0.00000000	0.00000000	0.00000000
147.63949585	0.00000000	0.00000000	0.00000000	0.00000000	0.00000000	0.00000000	0.00000000	0.00000000
161.06127930	0.00000000	0.00000000	0.00000000	0.00000000	0.00000000	0.00000000	0.00000000	0.00000000
174.48304749	0.00000000	0.00000000	0.00000000	0.00000000	0.00000000	0.00000000	0.00000000	0.00000000
187.90481567	0.00000000	0.00000000	0.00000000	0.00000000	0.00000000	0.00000000	0.00000000	0.00000000
201.32659912	0.00000000	0.00000000	0.00000000	0.00000000	0.00000000	0.00000000	0.00000000	0.00000000
214.74836731	0.00000000	0.00000000	0.00000000	0.00000000	0.00000000	0.00000000	0.00000000	0.00000000
241.59190369	0.00000000	0.00000000	0.00000000	0.00000000	0.00000000	0.00000000	0.00000000	0.00000000
268.43545532	0.00000000	0.00000000	0.00000000	0.00000000	0.00000000	0.00000000	0.00000000	0.00000000
295.27899170	0.00000000	0.00000000	0.00000000	0.00000000	0.00000000	0.00000000	0.00000000	0.00000000
322.12255859	0.00000000	0.00000000	0.00000000	0.00000000	0.00000000	0.00000000	0.00000000	0.00000000
348.96609497	0.00000000	0.00000000	0.00000000	0.00000000	0.00000000	0.00000000	0.00000000	0.00000000
375.80963135	0.00000000	0.00000000	0.00000000	0.00000000	0.00000000	0.00000000	0.00000000	0.00000000
402.65319824	0.00000000	0.00000000	0.00000000	0.00000000	0.00000000	0.00000000	0.00000000	0.00000000
429.49673462	0.00000000	0.00000000	0.00000000	0.00000000	0.00000000	0.00000000	0.00000000	0.00000000
483.18380737	0.00000000	0.00000000	0.00000000	0.00000000	0.00000000	0.00000000	0.00000000	0.00000000
536.87091064	0.00000000	0.00000000	0.00000000	0.00000000	0.00000000	0.00000000	0.00000000	0.00000000
590.55798340	0.00000000	0.00000000	0.00000000	0.00000000	0.00000000	0.00000000	0.00000000	0.00000000
644.24511719	0.00000000	0.00000000	0.00000000	0.00000000	0.00000000	0.00000000	0.00000000	0.00000000
697.93218994	0.00000000	0.00000000	0.00000000	0.00000000	0.00000000	0.00000000	0.00000000	0.00000000
751.61926270	0.00000000	0.00000000	0.00000000	0.00000000	0.00000000	0.00000000	0.00000000	0.00000000
805.30639648	0.00000000	0.00000000	0.00000000	0.00000000	0.00000000	0.00000000	0.00000000	0.00000000
858.99346924	0.00000000	0.00000000	0.00000000	0.00000000	0.00000000	0.00000000	0.00000000	0.00000000
966.36761475	0.00000000	0.00000000	0.00000000	0.00000000	0.00000000	0.00000000	0.00000000	0.00000000
1073.74182129	0.00000000	0.00000000	0.00000000	0.00000000	0.00000000	0.00000000	0.00000000	0.00000000
1181.11596680	0.00000000	0.00000000	0.00000000	0.00000000	0.00000000	0.00000000	0.00000000	0.00000000
1288.49023437	0.00000000	0.00000000	0.00000000	0.00000000	0.00000000	0.00000000	0.00000000	0.00000000
1395.86437988	0.00000000	0.00000000	0.00000000	0.00000000	0.00000000	0.00000000	0.00000000	0.00000000
1503.23852539	0.00000000	0.00000000	0.00000000	0.00000000	0.00000000	0.00000000	0.00000000	0.00000000
1610.61279297	0.00000000	0.00000000	0.00000000	0.00000000	0.00000000	0.00000000	0.00000000	0.00000000
1717.98693848	0.00000000	0.00000000	0.00000000	0.00000000	0.00000000	0.00000000	0.00000000	0.00000000
1932.73522949	0.00000000	0.00000000	0.00000000	0.00000000	0.00000000	0.00000000	0.00000000	0.00000000
2147.48364258	0.00000000	0.00000000	0.00000000	0.00000000	0.00000000	0.00000000	0.00000000	0.00000000
2362.23193359	0.00000000	0.00000000	0.00000000	0.00000000	0.00000000	0.00000000	0.00000000	0.00000000
2576.98046875	0.00000000	0.00000000	0.00000000	0.00000000	0.00000000	0.00000000	0.00000000	0.00000000
2791.72875977	0.00000000	0.00000000	0.00000000	0.00000000	0.00000000	0.00000000	0.00000000	0.00000000
3006.47705078	0.00000000	0.00000000	0.00000000	0.00000000	0.00000000	0.00000000	0.00000000	0.00000000
3221.22558594	0.00000000	0.00000000	0.00000000	0.00000000	0.00000000	0.00000000	0.00000000	0.00000000
3435.97387695	0.00000000	0.00000000	0.00000000	0.00000000	0.00000000	0.00000000	0.00000000	0.00000000
0	0	0	0	0	0	0	0	0
