%3/28/2019 10:57:37 PM
%Duration	ID1		ID2		ID3		ID4		ID5		ID6		ID7		ID8
1000.000000	0.000000	0.000000	0.000000	0.000000	235.185623	242.729187	102.834702	31.471252
%Tau		Tau1		Tau2		Tau3		Tau4		Tau5		Tau6		Tau7		Tau8
%		0.000000	0.000000	0.000000	0.000000	0.000307	0.000230	0.000154	0.000090
%Delaytime	D1		D2		D3		D4		D5		D6		D7		D8
0.00000020	0.00000000	0.00000000	0.00000000	0.00000000	1.63108003	1.79525352	2.41389632	2.43415976
0.00000040	0.00000000	0.00000000	0.00000000	0.00000000	1.55033159	1.50508296	1.59774208	1.68604648
0.00000060	0.00000000	0.00000000	0.00000000	0.00000000	1.47434402	1.47269535	1.56797647	1.68604648
0.00000080	0.00000000	0.00000000	0.00000000	0.00000000	1.48130190	1.50696599	1.50172389	1.59671950
0.00000100	0.00000000	0.00000000	0.00000000	0.00000000	1.51389420	1.49981058	1.49596286	1.50739253
0.00000120	0.00000000	0.00000000	0.00000000	0.00000000	1.49869668	1.47664964	1.49884343	1.38456798
0.00000140	0.00000000	0.00000000	0.00000000	0.00000000	1.49796426	1.47118890	1.44219267	1.59671950
0.00000160	0.00000000	0.00000000	0.00000000	0.00000000	1.48294985	1.46704638	1.49212217	1.55205607
0.00000180	0.00000000	0.00000000	0.00000000	0.00000000	1.48386538	1.45104086	1.42586958	1.64138305
0.00000200	0.00000000	0.00000000	0.00000000	0.00000000	1.50052774	1.47005916	1.44987416	1.29524100
0.00000220	0.00000000	0.00000000	0.00000000	0.00000000	1.46537197	1.48060393	1.48252034	1.57438779
0.00000240	0.00000000	0.00000000	0.00000000	0.00000000	1.47123122	1.46779954	1.54397190	1.64138305
0.00000260	0.00000000	0.00000000	0.00000000	0.00000000	1.48294985	1.45894945	1.45755553	1.30640686
0.00000280	0.00000000	0.00000000	0.00000000	0.00000000	1.46482265	1.46346867	1.48540080	1.33990455
0.00000300	0.00000000	0.00000000	0.00000000	0.00000000	1.44999135	1.46874106	1.46523702	1.40689969
0.00000320	0.00000000	0.00000000	0.00000000	0.00000000	1.46720302	1.47947419	1.45083427	1.60788536
0.00000360	0.00000000	0.00000000	0.00000000	0.00000000	1.49247110	1.48474658	1.49020171	1.46831203
0.00000400	0.00000000	0.00000000	0.00000000	0.00000000	1.48221743	1.47052991	1.46859765	1.50739253
0.00000440	0.00000000	0.00000000	0.00000000	0.00000000	1.46894240	1.46996498	1.47195828	1.39015090
0.00000480	0.00000000	0.00000000	0.00000000	0.00000000	1.44596303	1.45650148	1.54349184	1.34548748
0.00000520	0.00000000	0.00000000	0.00000000	0.00000000	1.49768960	1.47260118	1.45995605	1.55763900
0.00000560	0.00000000	0.00000000	0.00000000	0.00000000	1.47086501	1.45179403	1.51660681	1.50739253
0.00000600	0.00000000	0.00000000	0.00000000	0.00000000	1.47223830	1.45838451	1.45755553	1.67488062
0.00000640	0.00000000	0.00000000	0.00000000	0.00000000	1.48432302	1.47787356	1.47003794	1.20033109
0.00000720	0.00000000	0.00000000	0.00000000	0.00000000	1.47342849	1.45852578	1.46067619	1.41248262
0.00000800	0.00000000	0.00000000	0.00000000	0.00000000	1.47004104	1.47020030	1.43979228	1.38177657
0.00000880	0.00000000	0.00000000	0.00000000	0.00000000	1.48198855	1.47495496	1.48804140	1.50739253
0.00000960	0.00000000	0.00000000	0.00000000	0.00000000	1.46628749	1.46064413	1.44555330	1.49343526
0.00001040	0.00000000	0.00000000	0.00000000	0.00000000	1.46779799	1.45640743	1.47843957	1.44318879
0.00001120	0.00000000	0.00000000	0.00000000	0.00000000	1.47319961	1.45687807	1.46091628	1.44877172
0.00001200	0.00000000	0.00000000	0.00000000	0.00000000	1.45791054	1.46417475	1.47147822	1.28686666
0.00001280	0.00000000	0.00000000	0.00000000	0.00000000	1.46688259	1.44327343	1.46859765	1.51855850
0.00001440	0.00000000	0.00000000	0.00000000	0.00000000	1.45763588	1.45014644	1.46775746	1.38735950
0.00001600	0.00000000	0.00000000	0.00000000	0.00000000	1.45813942	1.45480680	1.45263469	1.57857502
0.00001760	0.00000000	0.00000000	0.00000000	0.00000000	1.45610237	1.44845164	1.44759369	1.44458461
0.00001920	0.00000000	0.00000000	0.00000000	0.00000000	1.45603371	1.44150817	1.43127060	1.50599682
0.00002080	0.00000000	0.00000000	0.00000000	0.00000000	1.44930470	1.43202245	1.43811190	1.36502767
0.00002240	0.00000000	0.00000000	0.00000000	0.00000000	1.45090687	1.43934262	1.41470754	1.34409165
0.00002400	0.00000000	0.00000000	0.00000000	0.00000000	1.45260048	1.43552959	1.42214894	1.47947788
0.00002560	0.00000000	0.00000000	0.00000000	0.00000000	1.45491219	1.42187786	1.43787181	1.47947788
0.00002880	0.00000000	0.00000000	0.00000000	0.00000000	1.45487428	1.42604804	1.43948376	1.43146169
0.00003200	0.00000000	0.00000000	0.00000000	0.00000000	1.45274484	1.41849887	1.40808856	1.40191793
0.00003520	0.00000000	0.00000000	0.00000000	0.00000000	1.44332361	1.40899169	1.40392625	1.38644278
0.00003840	0.00000000	0.00000000	0.00000000	0.00000000	1.44214392	1.41293681	1.38269877	1.34916139
0.00004160	0.00000000	0.00000000	0.00000000	0.00000000	1.43235457	1.39989102	1.38585019	1.39558721
0.00004480	0.00000000	0.00000000	0.00000000	0.00000000	1.43908525	1.40062237	1.37954736	1.43919933
0.00004800	0.00000000	0.00000000	0.00000000	0.00000000	1.43182027	1.38836122	1.37770414	1.35408533
0.00005120	0.00000000	0.00000000	0.00000000	0.00000000	1.42307770	1.39497852	1.38454211	1.32102454
0.00005760	0.00000000	0.00000000	0.00000000	0.00000000	1.41728055	1.37219405	1.34931517	1.32776797
0.00006400	0.00000000	0.00000000	0.00000000	0.00000000	1.41015315	1.36465669	1.34149325	1.29962242
0.00007040	0.00000000	0.00000000	0.00000000	0.00000000	1.40514362	1.35340643	1.32621765	1.34012794
0.00007680	0.00000000	0.00000000	0.00000000	0.00000000	1.39553738	1.34515333	1.32593608	1.29016781
0.00008320	0.00000000	0.00000000	0.00000000	0.00000000	1.39253056	1.33951068	1.32531023	1.27363169
0.00008960	0.00000000	0.00000000	0.00000000	0.00000000	1.38761866	1.32742739	1.30176580	1.26096582
0.00009600	0.00000000	0.00000000	0.00000000	0.00000000	1.37857521	1.32333910	1.29641438	1.27257621
0.00010240	0.00000000	0.00000000	0.00000000	0.00000000	1.36922789	1.31299198	1.29188418	1.24055958
0.00011520	0.00000000	0.00000000	0.00000000	0.00000000	1.36041951	1.29184651	1.25045896	1.21316600
0.00012800	0.00000000	0.00000000	0.00000000	0.00000000	1.34595382	1.27671146	1.24508870	1.20117021
0.00014080	0.00000000	0.00000000	0.00000000	0.00000000	1.33371568	1.26757050	1.23014224	1.19036806
0.00015360	0.00000000	0.00000000	0.00000000	0.00000000	1.32000184	1.25199807	1.20572340	1.15544021
0.00016640	0.00000000	0.00000000	0.00000000	0.00000000	1.31061733	1.23979175	1.19776797	1.15208852
0.00017920	0.00000000	0.00000000	0.00000000	0.00000000	1.29528713	1.22499228	1.17691791	1.14820766
0.00019200	0.00000000	0.00000000	0.00000000	0.00000000	1.28682089	1.21338451	1.15799141	1.14221001
0.00020480	0.00000000	0.00000000	0.00000000	0.00000000	1.27377796	1.19851112	1.15538526	1.13815272
0.00023040	0.00000000	0.00000000	0.00000000	0.00000000	1.25127614	1.18007064	1.12975669	1.10199273
0.00025600	0.00000000	0.00000000	0.00000000	0.00000000	1.22805846	1.15843713	1.10868692	1.09028900
0.00028160	0.00000000	0.00000000	0.00000000	0.00000000	1.20965517	1.14289844	1.09586561	1.06436658
0.00030720	0.00000000	0.00000000	0.00000000	0.00000000	1.19427359	1.12782669	1.07768691	1.05512655
0.00033280	0.00000000	0.00000000	0.00000000	0.00000000	1.17773724	1.11437058	1.06351507	1.03705060
0.00035840	0.00000000	0.00000000	0.00000000	0.00000000	1.16155362	1.10173333	1.06149912	1.04303443
0.00038400	0.00000000	0.00000000	0.00000000	0.00000000	1.14842784	1.08954632	1.05259693	1.04057050
0.00040960	0.00000000	0.00000000	0.00000000	0.00000000	1.13305390	1.07561040	1.04479718	1.03335464
0.00046080	0.00000000	0.00000000	0.00000000	0.00000000	1.11112964	1.06288064	1.03349066	1.01785755
0.00051200	0.00000000	0.00000000	0.00000000	0.00000000	1.09186089	1.04860592	1.02334797	1.03474081
0.00056320	0.00000000	0.00000000	0.00000000	0.00000000	1.07870483	1.03827548	1.02203715	1.00005567
0.00061440	0.00000000	0.00000000	0.00000000	0.00000000	1.06505954	1.03054309	1.01167667	1.00672925
0.00066560	0.00000000	0.00000000	0.00000000	0.00000000	1.05246437	1.02365172	1.00592589	1.01052082
0.00071680	0.00000000	0.00000000	0.00000000	0.00000000	1.04449940	1.01858997	1.00383198	1.01242125
0.00076800	0.00000000	0.00000000	0.00000000	0.00000000	1.03603733	1.01340914	1.00848150	1.00453532
0.00081920	0.00000000	0.00000000	0.00000000	0.00000000	1.02859449	1.01037741	1.00239730	0.99140793
0.00092160	0.00000000	0.00000000	0.00000000	0.00000000	1.01978588	1.00953197	0.99843544	0.98972112
0.00102400	0.00000000	0.00000000	0.00000000	0.00000000	1.01106298	1.00778711	0.99753577	0.98875946
0.00112640	0.00000000	0.00000000	0.00000000	0.00000000	1.00348330	1.00886965	0.99058211	0.98665482
0.00122880	0.00000000	0.00000000	0.00000000	0.00000000	1.00102568	1.00694025	0.99019974	1.00313962
0.00133120	0.00000000	0.00000000	0.00000000	0.00000000	0.99591291	1.00352061	0.99619889	1.00511861
0.00143360	0.00000000	0.00000000	0.00000000	0.00000000	0.99354059	0.99986154	0.99938667	1.00123930
0.00153600	0.00000000	0.00000000	0.00000000	0.00000000	0.99353504	0.99774820	0.99581975	1.00802207
0.00163840	0.00000000	0.00000000	0.00000000	0.00000000	0.99262667	0.99201137	0.99325812	1.00582922
0.00184320	0.00000000	0.00000000	0.00000000	0.00000000	0.99414319	0.99335760	0.99535578	0.99258554
0.00204800	0.00000000	0.00000000	0.00000000	0.00000000	0.99574244	0.99808991	0.99390525	1.00272751
0.00225280	0.00000000	0.00000000	0.00000000	0.00000000	0.99171823	0.99585307	0.99437553	1.00428617
0.00245760	0.00000000	0.00000000	0.00000000	0.00000000	0.98927712	0.99451822	0.99220717	1.00007749
0.00266240	0.00000000	0.00000000	0.00000000	0.00000000	0.99215776	0.99630946	0.98643339	0.99988937
0.00286720	0.00000000	0.00000000	0.00000000	0.00000000	0.99973118	0.99704844	0.99398202	0.99356109
0.00307200	0.00000000	0.00000000	0.00000000	0.00000000	1.00349426	0.99849957	0.99898201	0.99893767
0.00327680	0.00000000	0.00000000	0.00000000	0.00000000	1.00466859	1.00024951	1.00007367	0.98830247
0.00368640	0.00000000	0.00000000	0.00000000	0.00000000	0.99958211	0.99788016	0.99890667	0.99995124
0.00409600	0.00000000	0.00000000	0.00000000	0.00000000	1.00130785	0.98932588	0.99571306	0.99565101
0.00450560	0.00000000	0.00000000	0.00000000	0.00000000	1.00078726	0.99166262	0.99101615	0.99885118
0.00491520	0.00000000	0.00000000	0.00000000	0.00000000	0.99574494	0.99330312	0.99815780	1.00247884
0.00532480	0.00000000	0.00000000	0.00000000	0.00000000	0.99466580	0.99637598	1.00005400	1.00868618
0.00573440	0.00000000	0.00000000	0.00000000	0.00000000	1.00637329	1.00020456	1.00365734	0.99306983
0.00614400	0.00000000	0.00000000	0.00000000	0.00000000	1.01182938	1.00262940	1.00171232	0.99430174
0.00655360	0.00000000	0.00000000	0.00000000	0.00000000	1.00610101	1.00226784	0.99166584	1.00002038
0.00737280	0.00000000	0.00000000	0.00000000	0.00000000	1.00098741	0.99710423	0.99929506	1.00603914
0.00819200	0.00000000	0.00000000	0.00000000	0.00000000	0.99903500	1.00202632	1.00621700	0.99970490
0.00901120	0.00000000	0.00000000	0.00000000	0.00000000	0.99864733	1.00539899	1.00701547	0.99886227
0.00983040	0.00000000	0.00000000	0.00000000	0.00000000	1.00592709	0.99901593	1.00236690	1.00233054
0.01064960	0.00000000	0.00000000	0.00000000	0.00000000	1.01348174	1.00798392	0.99603170	0.99387610
0.01146880	0.00000000	0.00000000	0.00000000	0.00000000	0.99944401	1.00272524	0.99704134	0.99395561
0.01228800	0.00000000	0.00000000	0.00000000	0.00000000	0.98841077	1.00549436	0.99676788	1.00060773
0.01310720	0.00000000	0.00000000	0.00000000	0.00000000	0.99874884	0.99985725	0.99896485	0.99508297
0.01474560	0.00000000	0.00000000	0.00000000	0.00000000	0.99906862	0.99915761	0.99658656	1.00212443
0.01638400	0.00000000	0.00000000	0.00000000	0.00000000	0.99590153	0.99844652	1.00318670	1.00114322
0.01802240	0.00000000	0.00000000	0.00000000	0.00000000	1.00003541	0.99537200	1.00444639	1.00078011
0.01966080	0.00000000	0.00000000	0.00000000	0.00000000	0.99585557	0.99723631	0.99714178	0.99730843
0.02129920	0.00000000	0.00000000	0.00000000	0.00000000	0.99581164	0.99953032	0.99315858	1.00034237
0.02293760	0.00000000	0.00000000	0.00000000	0.00000000	0.99072647	0.99669194	0.99955082	0.99972254
0.02457600	0.00000000	0.00000000	0.00000000	0.00000000	0.99385363	0.99910593	1.00119245	0.99694544
0.02621440	0.00000000	0.00000000	0.00000000	0.00000000	0.99173921	1.00095034	1.00104511	0.99887472
0.02949120	0.00000000	0.00000000	0.00000000	0.00000000	0.99530959	1.00308907	1.00011921	1.00001097
0.03276800	0.00000000	0.00000000	0.00000000	0.00000000	0.99589252	0.99724889	0.99849355	1.00197911
0.03604480	0.00000000	0.00000000	0.00000000	0.00000000	1.00543046	0.99683690	1.00176632	1.00329232
0.03932160	0.00000000	0.00000000	0.00000000	0.00000000	0.99908370	0.99652559	1.00022328	1.00051475
0.04259840	0.00000000	0.00000000	0.00000000	0.00000000	0.99959427	1.00357437	1.00210869	1.00378060
0.04587520	0.00000000	0.00000000	0.00000000	0.00000000	1.00060678	1.00160897	1.00083292	0.99853563
0.04915200	0.00000000	0.00000000	0.00000000	0.00000000	1.00426865	0.99614203	0.99681121	0.99523616
0.05242880	0.00000000	0.00000000	0.00000000	0.00000000	1.00625515	0.99707001	1.00294638	1.00399745
0.05898240	0.00000000	0.00000000	0.00000000	0.00000000	1.00058234	0.99914110	0.99942130	0.99585479
0.06553600	0.00000000	0.00000000	0.00000000	0.00000000	0.99689335	1.00028980	1.00063491	0.99909043
0.07208960	0.00000000	0.00000000	0.00000000	0.00000000	0.99993163	1.00453019	0.99808359	0.99965513
0.07864320	0.00000000	0.00000000	0.00000000	0.00000000	0.99988943	1.00219488	1.00025928	0.99900532
0.08519680	0.00000000	0.00000000	0.00000000	0.00000000	1.00237072	1.00227809	1.00164878	1.00141263
0.09175040	0.00000000	0.00000000	0.00000000	0.00000000	1.00204599	1.00129974	1.00338352	0.99672133
0.09830400	0.00000000	0.00000000	0.00000000	0.00000000	1.00035214	0.99727046	1.00121415	0.99892873
0.10485760	0.00000000	0.00000000	0.00000000	0.00000000	0.99563318	0.99804860	1.00039446	1.00209463
0.11796480	0.00000000	0.00000000	0.00000000	0.00000000	0.99845970	1.00079346	1.00026584	0.99965531
0.13107200	0.00000000	0.00000000	0.00000000	0.00000000	1.00154102	0.99933910	1.00061023	1.00122333
0.14417920	0.00000000	0.00000000	0.00000000	0.00000000	0.99871886	1.00067496	0.99928522	0.99890411
0.15728641	0.00000000	0.00000000	0.00000000	0.00000000	0.99713922	1.00021768	1.00054932	1.00001383
0.17039360	0.00000000	0.00000000	0.00000000	0.00000000	1.00192487	0.99766910	1.00113440	0.99966311
0.18350080	0.00000000	0.00000000	0.00000000	0.00000000	0.99967998	0.99778986	0.99926454	0.99868995
0.19660801	0.00000000	0.00000000	0.00000000	0.00000000	0.99986261	1.00273740	0.99780345	1.00109589
0.20971520	0.00000000	0.00000000	0.00000000	0.00000000	1.00073457	1.00080681	1.00010407	1.00030351
0.23592959	0.00000000	0.00000000	0.00000000	0.00000000	1.00014663	0.99875945	1.00009406	0.99982101
0.26214400	0.00000000	0.00000000	0.00000000	0.00000000	0.99899757	0.99924093	1.00115693	1.00078619
0.28835839	0.00000000	0.00000000	0.00000000	0.00000000	1.00127220	1.00085235	1.00144851	0.99943310
0.31457281	0.00000000	0.00000000	0.00000000	0.00000000	0.99988043	0.99980009	1.00023174	0.99812520
0.34078720	0.00000000	0.00000000	0.00000000	0.00000000	1.00057876	0.99977356	1.00014174	0.99938482
0.36700159	0.00000000	0.00000000	0.00000000	0.00000000	1.00127041	0.99977177	1.00088739	1.00151169
0.39321601	0.00000000	0.00000000	0.00000000	0.00000000	1.00003362	0.99958396	1.00133753	1.00108421
0.41943040	0.00000000	0.00000000	0.00000000	0.00000000	1.00028658	0.99962819	1.00112462	0.99922603
0.47185919	0.00000000	0.00000000	0.00000000	0.00000000	0.99847507	0.99983126	0.99917382	1.00019968
0.52428800	0.00000000	0.00000000	0.00000000	0.00000000	0.99980849	0.99908382	1.00079584	0.99947178
0.57671678	0.00000000	0.00000000	0.00000000	0.00000000	0.99988407	0.99937463	1.00021791	0.99966490
0.62914562	0.00000000	0.00000000	0.00000000	0.00000000	1.00033784	0.99934363	1.00048470	1.00035655
0.68157440	0.00000000	0.00000000	0.00000000	0.00000000	1.00038862	1.00033391	1.00107241	0.99922401
0.73400319	0.00000000	0.00000000	0.00000000	0.00000000	0.99961007	0.99935871	0.99940950	1.00213802
0.78643203	0.00000000	0.00000000	0.00000000	0.00000000	0.99910235	1.00097728	1.00045955	0.99897283
0.83886081	0.00000000	0.00000000	0.00000000	0.00000000	0.99902838	1.00026691	1.00017858	1.00060523
0.94371837	0.00000000	0.00000000	0.00000000	0.00000000	1.00067127	1.00005960	1.00037110	1.00051379
1.04857600	0.00000000	0.00000000	0.00000000	0.00000000	0.99828148	1.00035584	0.99985015	0.99921829
1.15343356	0.00000000	0.00000000	0.00000000	0.00000000	1.00085855	1.00041807	0.99958217	1.00006652
1.25829124	0.00000000	0.00000000	0.00000000	0.00000000	1.00005925	0.99885845	1.00051558	0.99891382
1.36314881	0.00000000	0.00000000	0.00000000	0.00000000	0.99962819	0.99954075	1.00017238	1.00056016
1.46800637	0.00000000	0.00000000	0.00000000	0.00000000	0.99995399	1.00077224	0.99974841	1.00044680
1.57286406	0.00000000	0.00000000	0.00000000	0.00000000	1.00268090	0.99974567	0.99989712	0.99986219
1.67772162	0.00000000	0.00000000	0.00000000	0.00000000	0.99555498	0.99986094	0.99990368	0.99960512
1.88743675	0.00000000	0.00000000	0.00000000	0.00000000	0.00000000	0.00000000	0.00000000	0.00000000
2.09715199	0.00000000	0.00000000	0.00000000	0.00000000	0.00000000	0.00000000	0.00000000	0.00000000
2.30686712	0.00000000	0.00000000	0.00000000	0.00000000	0.00000000	0.00000000	0.00000000	0.00000000
2.51658249	0.00000000	0.00000000	0.00000000	0.00000000	0.00000000	0.00000000	0.00000000	0.00000000
2.72629762	0.00000000	0.00000000	0.00000000	0.00000000	0.00000000	0.00000000	0.00000000	0.00000000
2.93601274	0.00000000	0.00000000	0.00000000	0.00000000	0.00000000	0.00000000	0.00000000	0.00000000
3.14572811	0.00000000	0.00000000	0.00000000	0.00000000	0.00000000	0.00000000	0.00000000	0.00000000
3.35544324	0.00000000	0.00000000	0.00000000	0.00000000	0.00000000	0.00000000	0.00000000	0.00000000
3.77487350	0.00000000	0.00000000	0.00000000	0.00000000	0.00000000	0.00000000	0.00000000	0.00000000
4.19430399	0.00000000	0.00000000	0.00000000	0.00000000	0.00000000	0.00000000	0.00000000	0.00000000
4.61373425	0.00000000	0.00000000	0.00000000	0.00000000	0.00000000	0.00000000	0.00000000	0.00000000
5.03316498	0.00000000	0.00000000	0.00000000	0.00000000	0.00000000	0.00000000	0.00000000	0.00000000
5.45259523	0.00000000	0.00000000	0.00000000	0.00000000	0.00000000	0.00000000	0.00000000	0.00000000
5.87202549	0.00000000	0.00000000	0.00000000	0.00000000	0.00000000	0.00000000	0.00000000	0.00000000
6.29145622	0.00000000	0.00000000	0.00000000	0.00000000	0.00000000	0.00000000	0.00000000	0.00000000
6.71088648	0.00000000	0.00000000	0.00000000	0.00000000	0.00000000	0.00000000	0.00000000	0.00000000
7.54974699	0.00000000	0.00000000	0.00000000	0.00000000	0.00000000	0.00000000	0.00000000	0.00000000
8.38860798	0.00000000	0.00000000	0.00000000	0.00000000	0.00000000	0.00000000	0.00000000	0.00000000
9.22746849	0.00000000	0.00000000	0.00000000	0.00000000	0.00000000	0.00000000	0.00000000	0.00000000
10.06632996	0.00000000	0.00000000	0.00000000	0.00000000	0.00000000	0.00000000	0.00000000	0.00000000
10.90519047	0.00000000	0.00000000	0.00000000	0.00000000	0.00000000	0.00000000	0.00000000	0.00000000
11.74405098	0.00000000	0.00000000	0.00000000	0.00000000	0.00000000	0.00000000	0.00000000	0.00000000
12.58291245	0.00000000	0.00000000	0.00000000	0.00000000	0.00000000	0.00000000	0.00000000	0.00000000
13.42177296	0.00000000	0.00000000	0.00000000	0.00000000	0.00000000	0.00000000	0.00000000	0.00000000
15.09949398	0.00000000	0.00000000	0.00000000	0.00000000	0.00000000	0.00000000	0.00000000	0.00000000
16.77721596	0.00000000	0.00000000	0.00000000	0.00000000	0.00000000	0.00000000	0.00000000	0.00000000
18.45493698	0.00000000	0.00000000	0.00000000	0.00000000	0.00000000	0.00000000	0.00000000	0.00000000
20.13265991	0.00000000	0.00000000	0.00000000	0.00000000	0.00000000	0.00000000	0.00000000	0.00000000
21.81038094	0.00000000	0.00000000	0.00000000	0.00000000	0.00000000	0.00000000	0.00000000	0.00000000
23.48810196	0.00000000	0.00000000	0.00000000	0.00000000	0.00000000	0.00000000	0.00000000	0.00000000
25.16582489	0.00000000	0.00000000	0.00000000	0.00000000	0.00000000	0.00000000	0.00000000	0.00000000
26.84354591	0.00000000	0.00000000	0.00000000	0.00000000	0.00000000	0.00000000	0.00000000	0.00000000
30.19898796	0.00000000	0.00000000	0.00000000	0.00000000	0.00000000	0.00000000	0.00000000	0.00000000
33.55443192	0.00000000	0.00000000	0.00000000	0.00000000	0.00000000	0.00000000	0.00000000	0.00000000
36.90987396	0.00000000	0.00000000	0.00000000	0.00000000	0.00000000	0.00000000	0.00000000	0.00000000
40.26531982	0.00000000	0.00000000	0.00000000	0.00000000	0.00000000	0.00000000	0.00000000	0.00000000
43.62076187	0.00000000	0.00000000	0.00000000	0.00000000	0.00000000	0.00000000	0.00000000	0.00000000
46.97620392	0.00000000	0.00000000	0.00000000	0.00000000	0.00000000	0.00000000	0.00000000	0.00000000
50.33164978	0.00000000	0.00000000	0.00000000	0.00000000	0.00000000	0.00000000	0.00000000	0.00000000
53.68709183	0.00000000	0.00000000	0.00000000	0.00000000	0.00000000	0.00000000	0.00000000	0.00000000
60.39797592	0.00000000	0.00000000	0.00000000	0.00000000	0.00000000	0.00000000	0.00000000	0.00000000
67.10886383	0.00000000	0.00000000	0.00000000	0.00000000	0.00000000	0.00000000	0.00000000	0.00000000
73.81974792	0.00000000	0.00000000	0.00000000	0.00000000	0.00000000	0.00000000	0.00000000	0.00000000
80.53063965	0.00000000	0.00000000	0.00000000	0.00000000	0.00000000	0.00000000	0.00000000	0.00000000
87.24152374	0.00000000	0.00000000	0.00000000	0.00000000	0.00000000	0.00000000	0.00000000	0.00000000
93.95240784	0.00000000	0.00000000	0.00000000	0.00000000	0.00000000	0.00000000	0.00000000	0.00000000
100.66329956	0.00000000	0.00000000	0.00000000	0.00000000	0.00000000	0.00000000	0.00000000	0.00000000
107.37418365	0.00000000	0.00000000	0.00000000	0.00000000	0.00000000	0.00000000	0.00000000	0.00000000
120.79595184	0.00000000	0.00000000	0.00000000	0.00000000	0.00000000	0.00000000	0.00000000	0.00000000
134.21772766	0.00000000	0.00000000	0.00000000	0.00000000	0.00000000	0.00000000	0.00000000	0.00000000
147.63949585	0.00000000	0.00000000	0.00000000	0.00000000	0.00000000	0.00000000	0.00000000	0.00000000
161.06127930	0.00000000	0.00000000	0.00000000	0.00000000	0.00000000	0.00000000	0.00000000	0.00000000
174.48304749	0.00000000	0.00000000	0.00000000	0.00000000	0.00000000	0.00000000	0.00000000	0.00000000
187.90481567	0.00000000	0.00000000	0.00000000	0.00000000	0.00000000	0.00000000	0.00000000	0.00000000
201.32659912	0.00000000	0.00000000	0.00000000	0.00000000	0.00000000	0.00000000	0.00000000	0.00000000
214.74836731	0.00000000	0.00000000	0.00000000	0.00000000	0.00000000	0.00000000	0.00000000	0.00000000
241.59190369	0.00000000	0.00000000	0.00000000	0.00000000	0.00000000	0.00000000	0.00000000	0.00000000
268.43545532	0.00000000	0.00000000	0.00000000	0.00000000	0.00000000	0.00000000	0.00000000	0.00000000
295.27899170	0.00000000	0.00000000	0.00000000	0.00000000	0.00000000	0.00000000	0.00000000	0.00000000
322.12255859	0.00000000	0.00000000	0.00000000	0.00000000	0.00000000	0.00000000	0.00000000	0.00000000
348.96609497	0.00000000	0.00000000	0.00000000	0.00000000	0.00000000	0.00000000	0.00000000	0.00000000
375.80963135	0.00000000	0.00000000	0.00000000	0.00000000	0.00000000	0.00000000	0.00000000	0.00000000
402.65319824	0.00000000	0.00000000	0.00000000	0.00000000	0.00000000	0.00000000	0.00000000	0.00000000
429.49673462	0.00000000	0.00000000	0.00000000	0.00000000	0.00000000	0.00000000	0.00000000	0.00000000
483.18380737	0.00000000	0.00000000	0.00000000	0.00000000	0.00000000	0.00000000	0.00000000	0.00000000
536.87091064	0.00000000	0.00000000	0.00000000	0.00000000	0.00000000	0.00000000	0.00000000	0.00000000
590.55798340	0.00000000	0.00000000	0.00000000	0.00000000	0.00000000	0.00000000	0.00000000	0.00000000
644.24511719	0.00000000	0.00000000	0.00000000	0.00000000	0.00000000	0.00000000	0.00000000	0.00000000
697.93218994	0.00000000	0.00000000	0.00000000	0.00000000	0.00000000	0.00000000	0.00000000	0.00000000
751.61926270	0.00000000	0.00000000	0.00000000	0.00000000	0.00000000	0.00000000	0.00000000	0.00000000
805.30639648	0.00000000	0.00000000	0.00000000	0.00000000	0.00000000	0.00000000	0.00000000	0.00000000
858.99346924	0.00000000	0.00000000	0.00000000	0.00000000	0.00000000	0.00000000	0.00000000	0.00000000
966.36761475	0.00000000	0.00000000	0.00000000	0.00000000	0.00000000	0.00000000	0.00000000	0.00000000
1073.74182129	0.00000000	0.00000000	0.00000000	0.00000000	0.00000000	0.00000000	0.00000000	0.00000000
1181.11596680	0.00000000	0.00000000	0.00000000	0.00000000	0.00000000	0.00000000	0.00000000	0.00000000
1288.49023437	0.00000000	0.00000000	0.00000000	0.00000000	0.00000000	0.00000000	0.00000000	0.00000000
1395.86437988	0.00000000	0.00000000	0.00000000	0.00000000	0.00000000	0.00000000	0.00000000	0.00000000
1503.23852539	0.00000000	0.00000000	0.00000000	0.00000000	0.00000000	0.00000000	0.00000000	0.00000000
1610.61279297	0.00000000	0.00000000	0.00000000	0.00000000	0.00000000	0.00000000	0.00000000	0.00000000
1717.98693848	0.00000000	0.00000000	0.00000000	0.00000000	0.00000000	0.00000000	0.00000000	0.00000000
1932.73522949	0.00000000	0.00000000	0.00000000	0.00000000	0.00000000	0.00000000	0.00000000	0.00000000
2147.48364258	0.00000000	0.00000000	0.00000000	0.00000000	0.00000000	0.00000000	0.00000000	0.00000000
2362.23193359	0.00000000	0.00000000	0.00000000	0.00000000	0.00000000	0.00000000	0.00000000	0.00000000
2576.98046875	0.00000000	0.00000000	0.00000000	0.00000000	0.00000000	0.00000000	0.00000000	0.00000000
2791.72875977	0.00000000	0.00000000	0.00000000	0.00000000	0.00000000	0.00000000	0.00000000	0.00000000
3006.47705078	0.00000000	0.00000000	0.00000000	0.00000000	0.00000000	0.00000000	0.00000000	0.00000000
3221.22558594	0.00000000	0.00000000	0.00000000	0.00000000	0.00000000	0.00000000	0.00000000	0.00000000
3435.97387695	0.00000000	0.00000000	0.00000000	0.00000000	0.00000000	0.00000000	0.00000000	0.00000000
0	0	0	0	0	0	0	0	0
