%3/28/2019 10:04:32 PM
%Duration	ID1		ID2		ID3		ID4		ID5		ID6		ID7		ID8
1000.000000	0.000000	0.000000	0.000000	0.000000	230.026245	239.725113	100.736618	30.021667
%Tau		Tau1		Tau2		Tau3		Tau4		Tau5		Tau6		Tau7		Tau8
%		0.000000	0.000000	0.000000	0.000000	0.000282	0.000205	0.000154	0.000083
%Delaytime	D1		D2		D3		D4		D5		D6		D7		D8
0.00000020	0.00000000	0.00000000	0.00000000	0.00000000	1.65109754	1.75368750	2.37298083	2.32063460
0.00000040	0.00000000	0.00000000	0.00000000	0.00000000	1.56559277	1.55042684	1.59744012	1.55471075
0.00000060	0.00000000	0.00000000	0.00000000	0.00000000	1.51118076	1.51805568	1.48347521	1.17746484
0.00000080	0.00000000	0.00000000	0.00000000	0.00000000	1.47291291	1.52765417	1.49216747	1.52041566
0.00000100	0.00000000	0.00000000	0.00000000	0.00000000	1.47351086	1.51071572	1.53273118	1.44039381
0.00000120	0.00000000	0.00000000	0.00000000	0.00000000	1.49384058	1.49754143	1.49796224	1.53184736
0.00000140	0.00000000	0.00000000	0.00000000	0.00000000	1.47968948	1.44634986	1.43421924	1.39466703
0.00000160	0.00000000	0.00000000	0.00000000	0.00000000	1.47610188	1.47608614	1.50279129	1.66902781
0.00000180	0.00000000	0.00000000	0.00000000	0.00000000	1.45836318	1.48436713	1.55591047	1.45182550
0.00000200	0.00000000	0.00000000	0.00000000	0.00000000	1.46753144	1.48323798	1.48733842	1.46325719
0.00000220	0.00000000	0.00000000	0.00000000	0.00000000	1.49483716	1.49321282	1.47671461	1.26891840
0.00000240	0.00000000	0.00000000	0.00000000	0.00000000	1.48108470	1.49622405	1.51824415	1.41753042
0.00000260	0.00000000	0.00000000	0.00000000	0.00000000	1.48267913	1.49076617	1.46995389	1.62330103
0.00000280	0.00000000	0.00000000	0.00000000	0.00000000	1.49463785	1.49509478	1.47574878	1.46325719
0.00000300	0.00000000	0.00000000	0.00000000	0.00000000	1.44461060	1.45237243	1.47091973	1.68045950
0.00000320	0.00000000	0.00000000	0.00000000	0.00000000	1.48387504	1.47006369	1.44001400	1.44039381
0.00000360	0.00000000	0.00000000	0.00000000	0.00000000	1.47919118	1.48464942	1.52741933	1.44610965
0.00000400	0.00000000	0.00000000	0.00000000	0.00000000	1.48247981	1.49076617	1.50424004	1.48040473
0.00000440	0.00000000	0.00000000	0.00000000	0.00000000	1.49942136	1.48728430	1.49603069	1.52613151
0.00000480	0.00000000	0.00000000	0.00000000	0.00000000	1.47390950	1.49453020	1.42890728	1.52041566
0.00000520	0.00000000	0.00000000	0.00000000	0.00000000	1.48327708	1.49556530	1.44918919	1.56614244
0.00000560	0.00000000	0.00000000	0.00000000	0.00000000	1.48218083	1.48079133	1.47430003	1.50326812
0.00000600	0.00000000	0.00000000	0.00000000	0.00000000	1.46862769	1.48248518	1.47574878	1.53184736
0.00000640	0.00000000	0.00000000	0.00000000	0.00000000	1.48796093	1.47777998	1.43083882	1.38895118
0.00000720	0.00000000	0.00000000	0.00000000	0.00000000	1.45198512	1.47029889	1.47743893	1.48326266
0.00000800	0.00000000	0.00000000	0.00000000	0.00000000	1.47899187	1.48083830	1.47381711	1.56042659
0.00000880	0.00000000	0.00000000	0.00000000	0.00000000	1.47052109	1.47029889	1.45281088	1.53756320
0.00000960	0.00000000	0.00000000	0.00000000	0.00000000	1.46110368	1.46662891	1.46609068	1.43467796
0.00001040	0.00000000	0.00000000	0.00000000	0.00000000	1.45567238	1.46507621	1.47405863	1.39466703
0.00001120	0.00000000	0.00000000	0.00000000	0.00000000	1.47420835	1.47556865	1.41273010	1.55185282
0.00001200	0.00000000	0.00000000	0.00000000	0.00000000	1.47684932	1.45768917	1.47019541	1.38895118
0.00001280	0.00000000	0.00000000	0.00000000	0.00000000	1.45970845	1.45359576	1.44918919	1.41467249
0.00001440	0.00000000	0.00000000	0.00000000	0.00000000	1.45838809	1.46399403	1.45824361	1.39180911
0.00001600	0.00000000	0.00000000	0.00000000	0.00000000	1.45664406	1.45256066	1.48275089	1.43039107
0.00001760	0.00000000	0.00000000	0.00000000	0.00000000	1.45851266	1.45439565	1.45763993	1.44468069
0.00001920	0.00000000	0.00000000	0.00000000	0.00000000	1.45355475	1.45011401	1.43554711	1.44753861
0.00002080	0.00000000	0.00000000	0.00000000	0.00000000	1.45731676	1.44712627	1.43663371	1.40038288
0.00002240	0.00000000	0.00000000	0.00000000	0.00000000	1.46239924	1.44479728	1.43397772	1.45754135
0.00002400	0.00000000	0.00000000	0.00000000	0.00000000	1.44720173	1.44072735	1.45244873	1.37751949
0.00002560	0.00000000	0.00000000	0.00000000	0.00000000	1.45622051	1.43856299	1.45462179	1.35179818
0.00002880	0.00000000	0.00000000	0.00000000	0.00000000	1.44461954	1.43478608	1.41219795	1.35084426
0.00003200	0.00000000	0.00000000	0.00000000	0.00000000	1.44217110	1.43174565	1.41554058	1.37357140
0.00003520	0.00000000	0.00000000	0.00000000	0.00000000	1.43513489	1.42246652	1.39490533	1.35510564
0.00003840	0.00000000	0.00000000	0.00000000	0.00000000	1.42629325	1.42210603	1.39865720	1.36078739
0.00004160	0.00000000	0.00000000	0.00000000	0.00000000	1.42441368	1.40563190	1.39337838	1.27129924
0.00004480	0.00000000	0.00000000	0.00000000	0.00000000	1.41604197	1.41332269	1.39458859	1.31249225
0.00004800	0.00000000	0.00000000	0.00000000	0.00000000	1.41100907	1.40469301	1.37262225	1.34161139
0.00005120	0.00000000	0.00000000	0.00000000	0.00000000	1.41588116	1.39419234	1.37861311	1.26490724
0.00005760	0.00000000	0.00000000	0.00000000	0.00000000	1.41651011	1.37716770	1.34880447	1.27719080
0.00006400	0.00000000	0.00000000	0.00000000	0.00000000	1.40277267	1.37376297	1.35423720	1.28387427
0.00007040	0.00000000	0.00000000	0.00000000	0.00000000	1.39950907	1.36420715	1.33417642	1.29706228
0.00007680	0.00000000	0.00000000	0.00000000	0.00000000	1.38972497	1.35388052	1.32145143	1.25424671
0.00008320	0.00000000	0.00000000	0.00000000	0.00000000	1.38271153	1.34868169	1.30553579	1.25313389
0.00008960	0.00000000	0.00000000	0.00000000	0.00000000	1.37086475	1.33316171	1.29582298	1.24493647
0.00009600	0.00000000	0.00000000	0.00000000	0.00000000	1.36147475	1.32284641	1.28288555	1.24418044
0.00010240	0.00000000	0.00000000	0.00000000	0.00000000	1.35927045	1.31755340	1.27677345	1.23491406
0.00011520	0.00000000	0.00000000	0.00000000	0.00000000	1.35164356	1.30085027	1.24979246	1.21760595
0.00012800	0.00000000	0.00000000	0.00000000	0.00000000	1.33331740	1.28181016	1.23462307	1.20917392
0.00014080	0.00000000	0.00000000	0.00000000	0.00000000	1.32194436	1.27167809	1.21977711	1.19132376
0.00015360	0.00000000	0.00000000	0.00000000	0.00000000	1.30882764	1.25396204	1.20381916	1.14245391
0.00016640	0.00000000	0.00000000	0.00000000	0.00000000	1.29741132	1.23825574	1.19601417	1.16316080
0.00017920	0.00000000	0.00000000	0.00000000	0.00000000	1.28513575	1.22484183	1.17391825	1.11964381
0.00019200	0.00000000	0.00000000	0.00000000	0.00000000	1.27511013	1.21321797	1.17302585	1.12263942
0.00020480	0.00000000	0.00000000	0.00000000	0.00000000	1.25940394	1.20149612	1.15295386	1.10175395
0.00023040	0.00000000	0.00000000	0.00000000	0.00000000	1.24008000	1.18176889	1.11993384	1.08962905
0.00025600	0.00000000	0.00000000	0.00000000	0.00000000	1.21887982	1.15805781	1.10692608	1.05677903
0.00028160	0.00000000	0.00000000	0.00000000	0.00000000	1.20518625	1.14380252	1.08717191	1.04701149
0.00030720	0.00000000	0.00000000	0.00000000	0.00000000	1.18502390	1.12365460	1.06935847	1.05628109
0.00033280	0.00000000	0.00000000	0.00000000	0.00000000	1.17082465	1.11263549	1.06199753	1.03239417
0.00035840	0.00000000	0.00000000	0.00000000	0.00000000	1.15727127	1.09986508	1.05393589	1.04037976
0.00038400	0.00000000	0.00000000	0.00000000	0.00000000	1.14168215	1.09079528	1.05008185	1.02496076
0.00040960	0.00000000	0.00000000	0.00000000	0.00000000	1.13031578	1.07903695	1.03478527	1.01239383
0.00046080	0.00000000	0.00000000	0.00000000	0.00000000	1.10415852	1.06196976	1.02476323	1.01600671
0.00051200	0.00000000	0.00000000	0.00000000	0.00000000	1.08364320	1.04625738	1.01677167	1.02227688
0.00056320	0.00000000	0.00000000	0.00000000	0.00000000	1.06727254	1.04039335	1.01073325	1.01299644
0.00061440	0.00000000	0.00000000	0.00000000	0.00000000	1.05045319	1.03092670	1.00905907	1.01011014
0.00066560	0.00000000	0.00000000	0.00000000	0.00000000	1.03951049	1.02525187	1.00662744	1.01764977
0.00071680	0.00000000	0.00000000	0.00000000	0.00000000	1.02948725	1.01885653	1.00558627	1.01040232
0.00076800	0.00000000	0.00000000	0.00000000	0.00000000	1.02251077	1.01629543	1.00158727	1.00361753
0.00081920	0.00000000	0.00000000	0.00000000	0.00000000	1.01685750	1.01142836	0.99922693	0.99420345
0.00092160	0.00000000	0.00000000	0.00000000	0.00000000	1.01112092	1.00453138	0.99561119	1.00669897
0.00102400	0.00000000	0.00000000	0.00000000	0.00000000	1.00376678	0.99995142	0.99104893	1.00677514
0.00112640	0.00000000	0.00000000	0.00000000	0.00000000	0.99824041	0.99642736	0.99017608	0.99756652
0.00122880	0.00000000	0.00000000	0.00000000	0.00000000	0.99113995	0.99381411	0.99593025	1.00305569
0.00133120	0.00000000	0.00000000	0.00000000	0.00000000	0.98990732	0.99300140	0.99778825	1.00129926
0.00143360	0.00000000	0.00000000	0.00000000	0.00000000	0.99142462	0.99205476	0.99863607	1.00757861
0.00153600	0.00000000	0.00000000	0.00000000	0.00000000	0.99322563	0.98993009	0.98966402	0.99411535
0.00163840	0.00000000	0.00000000	0.00000000	0.00000000	0.98814446	0.99243957	0.98945302	0.99938279
0.00184320	0.00000000	0.00000000	0.00000000	0.00000000	0.99296302	0.99597681	0.99596548	1.00025594
0.00204800	0.00000000	0.00000000	0.00000000	0.00000000	1.00388885	0.99956524	1.00086546	0.99088168
0.00225280	0.00000000	0.00000000	0.00000000	0.00000000	1.00921261	0.99912620	1.00401640	0.99815154
0.00245760	0.00000000	0.00000000	0.00000000	0.00000000	1.00764394	1.00396276	0.99933058	0.99613225
0.00266240	0.00000000	0.00000000	0.00000000	0.00000000	1.00330997	1.00138462	0.99911702	0.99480718
0.00286720	0.00000000	0.00000000	0.00000000	0.00000000	0.99766040	1.00097871	0.99929768	0.99733740
0.00307200	0.00000000	0.00000000	0.00000000	0.00000000	0.99852419	1.00741482	1.00603735	1.00413918
0.00327680	0.00000000	0.00000000	0.00000000	0.00000000	0.99620414	1.01040101	1.00032902	0.99665678
0.00368640	0.00000000	0.00000000	0.00000000	0.00000000	0.99575627	1.00122786	1.00334215	0.99982482
0.00409600	0.00000000	0.00000000	0.00000000	0.00000000	0.99967319	0.99534672	0.99957019	0.99990261
0.00450560	0.00000000	0.00000000	0.00000000	0.00000000	1.00419641	0.99562401	1.00373137	1.00830567
0.00491520	0.00000000	0.00000000	0.00000000	0.00000000	1.00164211	1.00552881	1.00713730	0.99742943
0.00532480	0.00000000	0.00000000	0.00000000	0.00000000	1.00035942	1.00570965	0.99599457	0.99995524
0.00573440	0.00000000	0.00000000	0.00000000	0.00000000	0.99850768	1.00049567	0.99072593	0.99891090
0.00614400	0.00000000	0.00000000	0.00000000	0.00000000	0.99559689	0.99586159	1.00255835	1.00374818
0.00655360	0.00000000	0.00000000	0.00000000	0.00000000	0.98839670	1.00001991	0.99538696	1.00264645
0.00737280	0.00000000	0.00000000	0.00000000	0.00000000	1.00036657	1.00105715	0.99236220	0.99905407
0.00819200	0.00000000	0.00000000	0.00000000	0.00000000	0.99528104	1.00189376	1.00184548	0.99490124
0.00901120	0.00000000	0.00000000	0.00000000	0.00000000	0.99098152	1.00440228	1.00182104	0.99781018
0.00983040	0.00000000	0.00000000	0.00000000	0.00000000	0.99641818	1.00580537	1.00647318	0.99888152
0.01064960	0.00000000	0.00000000	0.00000000	0.00000000	0.98939830	1.00333405	1.00034046	1.00003231
0.01146880	0.00000000	0.00000000	0.00000000	0.00000000	1.00249481	1.01056361	0.99999684	1.00580323
0.01228800	0.00000000	0.00000000	0.00000000	0.00000000	0.99621832	1.00945115	0.99503934	1.00155962
0.01310720	0.00000000	0.00000000	0.00000000	0.00000000	0.99737811	1.00484812	1.00440466	0.99988759
0.01474560	0.00000000	0.00000000	0.00000000	0.00000000	1.00594378	0.99868482	0.99750948	0.99884498
0.01638400	0.00000000	0.00000000	0.00000000	0.00000000	1.00725996	1.00056207	0.99628347	1.00362003
0.01802240	0.00000000	0.00000000	0.00000000	0.00000000	1.00114739	0.99030137	1.00614727	0.99630457
0.01966080	0.00000000	0.00000000	0.00000000	0.00000000	1.00135791	0.99757659	0.99658245	0.99682087
0.02129920	0.00000000	0.00000000	0.00000000	0.00000000	0.99131703	1.00123978	0.99999130	0.99990314
0.02293760	0.00000000	0.00000000	0.00000000	0.00000000	0.99254787	0.99542397	1.00142086	1.00605404
0.02457600	0.00000000	0.00000000	0.00000000	0.00000000	1.00061202	1.00175643	0.99675769	1.00392640
0.02621440	0.00000000	0.00000000	0.00000000	0.00000000	1.00169384	1.00319219	1.00328207	0.99087954
0.02949120	0.00000000	0.00000000	0.00000000	0.00000000	1.00306988	1.00084579	1.00020874	0.99671268
0.03276800	0.00000000	0.00000000	0.00000000	0.00000000	0.99841911	1.00084114	1.00141442	0.99517578
0.03604480	0.00000000	0.00000000	0.00000000	0.00000000	0.99664652	0.99605584	1.00118709	1.00173330
0.03932160	0.00000000	0.00000000	0.00000000	0.00000000	0.99671561	0.99944037	1.00048196	1.00041294
0.04259840	0.00000000	0.00000000	0.00000000	0.00000000	1.00517285	0.99769211	1.00302207	1.00013268
0.04587520	0.00000000	0.00000000	0.00000000	0.00000000	1.00186741	1.00119793	1.00054562	0.99786323
0.04915200	0.00000000	0.00000000	0.00000000	0.00000000	0.99883574	0.99879247	0.99932724	0.99705964
0.05242880	0.00000000	0.00000000	0.00000000	0.00000000	0.99729961	0.99409533	0.99993557	0.99898875
0.05898240	0.00000000	0.00000000	0.00000000	0.00000000	0.99839765	1.00076330	1.00059533	0.99950767
0.06553600	0.00000000	0.00000000	0.00000000	0.00000000	0.99750084	1.00039625	1.00030637	1.00293911
0.07208960	0.00000000	0.00000000	0.00000000	0.00000000	0.99701935	1.00208604	0.99897403	0.99793774
0.07864320	0.00000000	0.00000000	0.00000000	0.00000000	1.00150764	0.99639630	0.99994206	1.00257528
0.08519680	0.00000000	0.00000000	0.00000000	0.00000000	1.00220859	1.00003481	0.99992710	0.99821049
0.09175040	0.00000000	0.00000000	0.00000000	0.00000000	0.99905699	1.00207889	1.00097024	1.00110471
0.09830400	0.00000000	0.00000000	0.00000000	0.00000000	1.00130951	0.99996823	1.00038624	0.99895740
0.10485760	0.00000000	0.00000000	0.00000000	0.00000000	0.99925190	1.00042725	0.99939573	0.99976337
0.11796480	0.00000000	0.00000000	0.00000000	0.00000000	1.00191498	1.00163579	1.00050509	1.00124836
0.13107200	0.00000000	0.00000000	0.00000000	0.00000000	1.00162113	1.00137174	0.99943483	1.00061309
0.14417920	0.00000000	0.00000000	0.00000000	0.00000000	0.99817795	1.00044155	1.00049484	0.99841940
0.15728641	0.00000000	0.00000000	0.00000000	0.00000000	0.99920857	0.99974775	0.99977708	1.00016153
0.17039360	0.00000000	0.00000000	0.00000000	0.00000000	0.99960405	0.99771929	0.99979144	0.99931157
0.18350080	0.00000000	0.00000000	0.00000000	0.00000000	0.99972916	0.99957222	0.99964285	1.00115681
0.19660801	0.00000000	0.00000000	0.00000000	0.00000000	0.99777436	0.99955654	0.99974304	0.99971187
0.20971520	0.00000000	0.00000000	0.00000000	0.00000000	0.99939060	1.00161648	0.99895298	0.99900275
0.23592959	0.00000000	0.00000000	0.00000000	0.00000000	1.00067616	1.00063741	1.00037372	0.99995780
0.26214400	0.00000000	0.00000000	0.00000000	0.00000000	1.00138783	0.99820507	0.99941248	0.99891871
0.28835839	0.00000000	0.00000000	0.00000000	0.00000000	0.99861032	0.99843001	0.99896049	1.00002766
0.31457281	0.00000000	0.00000000	0.00000000	0.00000000	0.99779493	1.00073493	0.99784350	0.99949610
0.34078720	0.00000000	0.00000000	0.00000000	0.00000000	0.99973470	1.00178230	0.99980837	0.99846786
0.36700159	0.00000000	0.00000000	0.00000000	0.00000000	1.00007737	0.99993581	0.99995023	0.99998128
0.39321601	0.00000000	0.00000000	0.00000000	0.00000000	0.99936455	0.99921620	1.00011265	0.99998832
0.41943040	0.00000000	0.00000000	0.00000000	0.00000000	0.99942189	0.99973893	0.99976581	1.00090230
0.47185919	0.00000000	0.00000000	0.00000000	0.00000000	1.00090587	0.99966776	0.99995446	0.99996430
0.52428800	0.00000000	0.00000000	0.00000000	0.00000000	1.00077546	1.00039458	1.00032508	1.00086212
0.57671678	0.00000000	0.00000000	0.00000000	0.00000000	0.99790806	0.99825203	1.00047243	1.00004172
0.62914562	0.00000000	0.00000000	0.00000000	0.00000000	1.00149536	0.99956644	1.00047350	1.00055134
0.68157440	0.00000000	0.00000000	0.00000000	0.00000000	0.99930298	0.99931645	0.99957842	1.00014460
0.73400319	0.00000000	0.00000000	0.00000000	0.00000000	1.00216043	1.00092876	0.99875849	0.99893498
0.78643203	0.00000000	0.00000000	0.00000000	0.00000000	0.99874544	0.99769258	1.00020385	0.99955910
0.83886081	0.00000000	0.00000000	0.00000000	0.00000000	0.99979430	1.00193441	0.99969876	0.99971610
0.94371837	0.00000000	0.00000000	0.00000000	0.00000000	0.99995452	0.99952567	1.00009346	1.00018656
1.04857600	0.00000000	0.00000000	0.00000000	0.00000000	0.99971861	0.99927485	1.00035167	1.00054574
1.15343356	0.00000000	0.00000000	0.00000000	0.00000000	1.00014329	1.00115216	1.00062799	1.00030327
1.25829124	0.00000000	0.00000000	0.00000000	0.00000000	1.00031126	1.00054312	0.99962890	0.99985009
1.36314881	0.00000000	0.00000000	0.00000000	0.00000000	1.00113022	1.00006795	0.99942678	0.99954915
1.46800637	0.00000000	0.00000000	0.00000000	0.00000000	1.00048602	0.99894029	1.00006890	1.00015819
1.57286406	0.00000000	0.00000000	0.00000000	0.00000000	0.99895436	0.99970239	1.00023603	1.00027430
1.67772162	0.00000000	0.00000000	0.00000000	0.00000000	0.99980050	1.00182712	0.99958462	0.99997014
1.88743675	0.00000000	0.00000000	0.00000000	0.00000000	0.00000000	0.00000000	0.00000000	0.00000000
2.09715199	0.00000000	0.00000000	0.00000000	0.00000000	0.00000000	0.00000000	0.00000000	0.00000000
2.30686712	0.00000000	0.00000000	0.00000000	0.00000000	0.00000000	0.00000000	0.00000000	0.00000000
2.51658249	0.00000000	0.00000000	0.00000000	0.00000000	0.00000000	0.00000000	0.00000000	0.00000000
2.72629762	0.00000000	0.00000000	0.00000000	0.00000000	0.00000000	0.00000000	0.00000000	0.00000000
2.93601274	0.00000000	0.00000000	0.00000000	0.00000000	0.00000000	0.00000000	0.00000000	0.00000000
3.14572811	0.00000000	0.00000000	0.00000000	0.00000000	0.00000000	0.00000000	0.00000000	0.00000000
3.35544324	0.00000000	0.00000000	0.00000000	0.00000000	0.00000000	0.00000000	0.00000000	0.00000000
3.77487350	0.00000000	0.00000000	0.00000000	0.00000000	0.00000000	0.00000000	0.00000000	0.00000000
4.19430399	0.00000000	0.00000000	0.00000000	0.00000000	0.00000000	0.00000000	0.00000000	0.00000000
4.61373425	0.00000000	0.00000000	0.00000000	0.00000000	0.00000000	0.00000000	0.00000000	0.00000000
5.03316498	0.00000000	0.00000000	0.00000000	0.00000000	0.00000000	0.00000000	0.00000000	0.00000000
5.45259523	0.00000000	0.00000000	0.00000000	0.00000000	0.00000000	0.00000000	0.00000000	0.00000000
5.87202549	0.00000000	0.00000000	0.00000000	0.00000000	0.00000000	0.00000000	0.00000000	0.00000000
6.29145622	0.00000000	0.00000000	0.00000000	0.00000000	0.00000000	0.00000000	0.00000000	0.00000000
6.71088648	0.00000000	0.00000000	0.00000000	0.00000000	0.00000000	0.00000000	0.00000000	0.00000000
7.54974699	0.00000000	0.00000000	0.00000000	0.00000000	0.00000000	0.00000000	0.00000000	0.00000000
8.38860798	0.00000000	0.00000000	0.00000000	0.00000000	0.00000000	0.00000000	0.00000000	0.00000000
9.22746849	0.00000000	0.00000000	0.00000000	0.00000000	0.00000000	0.00000000	0.00000000	0.00000000
10.06632996	0.00000000	0.00000000	0.00000000	0.00000000	0.00000000	0.00000000	0.00000000	0.00000000
10.90519047	0.00000000	0.00000000	0.00000000	0.00000000	0.00000000	0.00000000	0.00000000	0.00000000
11.74405098	0.00000000	0.00000000	0.00000000	0.00000000	0.00000000	0.00000000	0.00000000	0.00000000
12.58291245	0.00000000	0.00000000	0.00000000	0.00000000	0.00000000	0.00000000	0.00000000	0.00000000
13.42177296	0.00000000	0.00000000	0.00000000	0.00000000	0.00000000	0.00000000	0.00000000	0.00000000
15.09949398	0.00000000	0.00000000	0.00000000	0.00000000	0.00000000	0.00000000	0.00000000	0.00000000
16.77721596	0.00000000	0.00000000	0.00000000	0.00000000	0.00000000	0.00000000	0.00000000	0.00000000
18.45493698	0.00000000	0.00000000	0.00000000	0.00000000	0.00000000	0.00000000	0.00000000	0.00000000
20.13265991	0.00000000	0.00000000	0.00000000	0.00000000	0.00000000	0.00000000	0.00000000	0.00000000
21.81038094	0.00000000	0.00000000	0.00000000	0.00000000	0.00000000	0.00000000	0.00000000	0.00000000
23.48810196	0.00000000	0.00000000	0.00000000	0.00000000	0.00000000	0.00000000	0.00000000	0.00000000
25.16582489	0.00000000	0.00000000	0.00000000	0.00000000	0.00000000	0.00000000	0.00000000	0.00000000
26.84354591	0.00000000	0.00000000	0.00000000	0.00000000	0.00000000	0.00000000	0.00000000	0.00000000
30.19898796	0.00000000	0.00000000	0.00000000	0.00000000	0.00000000	0.00000000	0.00000000	0.00000000
33.55443192	0.00000000	0.00000000	0.00000000	0.00000000	0.00000000	0.00000000	0.00000000	0.00000000
36.90987396	0.00000000	0.00000000	0.00000000	0.00000000	0.00000000	0.00000000	0.00000000	0.00000000
40.26531982	0.00000000	0.00000000	0.00000000	0.00000000	0.00000000	0.00000000	0.00000000	0.00000000
43.62076187	0.00000000	0.00000000	0.00000000	0.00000000	0.00000000	0.00000000	0.00000000	0.00000000
46.97620392	0.00000000	0.00000000	0.00000000	0.00000000	0.00000000	0.00000000	0.00000000	0.00000000
50.33164978	0.00000000	0.00000000	0.00000000	0.00000000	0.00000000	0.00000000	0.00000000	0.00000000
53.68709183	0.00000000	0.00000000	0.00000000	0.00000000	0.00000000	0.00000000	0.00000000	0.00000000
60.39797592	0.00000000	0.00000000	0.00000000	0.00000000	0.00000000	0.00000000	0.00000000	0.00000000
67.10886383	0.00000000	0.00000000	0.00000000	0.00000000	0.00000000	0.00000000	0.00000000	0.00000000
73.81974792	0.00000000	0.00000000	0.00000000	0.00000000	0.00000000	0.00000000	0.00000000	0.00000000
80.53063965	0.00000000	0.00000000	0.00000000	0.00000000	0.00000000	0.00000000	0.00000000	0.00000000
87.24152374	0.00000000	0.00000000	0.00000000	0.00000000	0.00000000	0.00000000	0.00000000	0.00000000
93.95240784	0.00000000	0.00000000	0.00000000	0.00000000	0.00000000	0.00000000	0.00000000	0.00000000
100.66329956	0.00000000	0.00000000	0.00000000	0.00000000	0.00000000	0.00000000	0.00000000	0.00000000
107.37418365	0.00000000	0.00000000	0.00000000	0.00000000	0.00000000	0.00000000	0.00000000	0.00000000
120.79595184	0.00000000	0.00000000	0.00000000	0.00000000	0.00000000	0.00000000	0.00000000	0.00000000
134.21772766	0.00000000	0.00000000	0.00000000	0.00000000	0.00000000	0.00000000	0.00000000	0.00000000
147.63949585	0.00000000	0.00000000	0.00000000	0.00000000	0.00000000	0.00000000	0.00000000	0.00000000
161.06127930	0.00000000	0.00000000	0.00000000	0.00000000	0.00000000	0.00000000	0.00000000	0.00000000
174.48304749	0.00000000	0.00000000	0.00000000	0.00000000	0.00000000	0.00000000	0.00000000	0.00000000
187.90481567	0.00000000	0.00000000	0.00000000	0.00000000	0.00000000	0.00000000	0.00000000	0.00000000
201.32659912	0.00000000	0.00000000	0.00000000	0.00000000	0.00000000	0.00000000	0.00000000	0.00000000
214.74836731	0.00000000	0.00000000	0.00000000	0.00000000	0.00000000	0.00000000	0.00000000	0.00000000
241.59190369	0.00000000	0.00000000	0.00000000	0.00000000	0.00000000	0.00000000	0.00000000	0.00000000
268.43545532	0.00000000	0.00000000	0.00000000	0.00000000	0.00000000	0.00000000	0.00000000	0.00000000
295.27899170	0.00000000	0.00000000	0.00000000	0.00000000	0.00000000	0.00000000	0.00000000	0.00000000
322.12255859	0.00000000	0.00000000	0.00000000	0.00000000	0.00000000	0.00000000	0.00000000	0.00000000
348.96609497	0.00000000	0.00000000	0.00000000	0.00000000	0.00000000	0.00000000	0.00000000	0.00000000
375.80963135	0.00000000	0.00000000	0.00000000	0.00000000	0.00000000	0.00000000	0.00000000	0.00000000
402.65319824	0.00000000	0.00000000	0.00000000	0.00000000	0.00000000	0.00000000	0.00000000	0.00000000
429.49673462	0.00000000	0.00000000	0.00000000	0.00000000	0.00000000	0.00000000	0.00000000	0.00000000
483.18380737	0.00000000	0.00000000	0.00000000	0.00000000	0.00000000	0.00000000	0.00000000	0.00000000
536.87091064	0.00000000	0.00000000	0.00000000	0.00000000	0.00000000	0.00000000	0.00000000	0.00000000
590.55798340	0.00000000	0.00000000	0.00000000	0.00000000	0.00000000	0.00000000	0.00000000	0.00000000
644.24511719	0.00000000	0.00000000	0.00000000	0.00000000	0.00000000	0.00000000	0.00000000	0.00000000
697.93218994	0.00000000	0.00000000	0.00000000	0.00000000	0.00000000	0.00000000	0.00000000	0.00000000
751.61926270	0.00000000	0.00000000	0.00000000	0.00000000	0.00000000	0.00000000	0.00000000	0.00000000
805.30639648	0.00000000	0.00000000	0.00000000	0.00000000	0.00000000	0.00000000	0.00000000	0.00000000
858.99346924	0.00000000	0.00000000	0.00000000	0.00000000	0.00000000	0.00000000	0.00000000	0.00000000
966.36761475	0.00000000	0.00000000	0.00000000	0.00000000	0.00000000	0.00000000	0.00000000	0.00000000
1073.74182129	0.00000000	0.00000000	0.00000000	0.00000000	0.00000000	0.00000000	0.00000000	0.00000000
1181.11596680	0.00000000	0.00000000	0.00000000	0.00000000	0.00000000	0.00000000	0.00000000	0.00000000
1288.49023437	0.00000000	0.00000000	0.00000000	0.00000000	0.00000000	0.00000000	0.00000000	0.00000000
1395.86437988	0.00000000	0.00000000	0.00000000	0.00000000	0.00000000	0.00000000	0.00000000	0.00000000
1503.23852539	0.00000000	0.00000000	0.00000000	0.00000000	0.00000000	0.00000000	0.00000000	0.00000000
1610.61279297	0.00000000	0.00000000	0.00000000	0.00000000	0.00000000	0.00000000	0.00000000	0.00000000
1717.98693848	0.00000000	0.00000000	0.00000000	0.00000000	0.00000000	0.00000000	0.00000000	0.00000000
1932.73522949	0.00000000	0.00000000	0.00000000	0.00000000	0.00000000	0.00000000	0.00000000	0.00000000
2147.48364258	0.00000000	0.00000000	0.00000000	0.00000000	0.00000000	0.00000000	0.00000000	0.00000000
2362.23193359	0.00000000	0.00000000	0.00000000	0.00000000	0.00000000	0.00000000	0.00000000	0.00000000
2576.98046875	0.00000000	0.00000000	0.00000000	0.00000000	0.00000000	0.00000000	0.00000000	0.00000000
2791.72875977	0.00000000	0.00000000	0.00000000	0.00000000	0.00000000	0.00000000	0.00000000	0.00000000
3006.47705078	0.00000000	0.00000000	0.00000000	0.00000000	0.00000000	0.00000000	0.00000000	0.00000000
3221.22558594	0.00000000	0.00000000	0.00000000	0.00000000	0.00000000	0.00000000	0.00000000	0.00000000
3435.97387695	0.00000000	0.00000000	0.00000000	0.00000000	0.00000000	0.00000000	0.00000000	0.00000000
0	0	0	0	0	0	0	0	0
