%3/28/2019 10:57:15 PM
%Duration	ID1		ID2		ID3		ID4		ID5		ID6		ID7		ID8
1000.000000	0.000000	0.000000	0.000000	0.000000	238.447189	229.539871	106.153488	29.878616
%Tau		Tau1		Tau2		Tau3		Tau4		Tau5		Tau6		Tau7		Tau8
%		0.000000	0.000000	0.000000	0.000000	0.000333	0.000230	0.000141	0.000077
%Delaytime	D1		D2		D3		D4		D5		D6		D7		D8
0.00000020	0.00000000	0.00000000	0.00000000	0.00000000	1.67473614	1.77285635	2.36325550	2.36171770
0.00000040	0.00000000	0.00000000	0.00000000	0.00000000	1.59052837	1.52901912	1.60063446	1.51243007
0.00000060	0.00000000	0.00000000	0.00000000	0.00000000	1.52779639	1.48355138	1.48367989	1.62877083
0.00000080	0.00000000	0.00000000	0.00000000	0.00000000	1.49426401	1.52230442	1.49721181	1.46589375
0.00000100	0.00000000	0.00000000	0.00000000	0.00000000	1.52949190	1.51904309	1.50301123	1.47752786
0.00000120	0.00000000	0.00000000	0.00000000	0.00000000	1.51046515	1.50849152	1.46918142	1.76837981
0.00000140	0.00000000	0.00000000	0.00000000	0.00000000	1.51234889	1.53343153	1.56873775	1.65203905
0.00000160	0.00000000	0.00000000	0.00000000	0.00000000	1.48597515	1.48335958	1.47014797	1.30301666
0.00000180	0.00000000	0.00000000	0.00000000	0.00000000	1.50255299	1.51213658	1.49527872	1.48916197
0.00000200	0.00000000	0.00000000	0.00000000	0.00000000	1.51668179	1.51252031	1.47691393	1.55896640
0.00000220	0.00000000	0.00000000	0.00000000	0.00000000	1.50161099	1.46705258	1.43245184	1.47752786
0.00000240	0.00000000	0.00000000	0.00000000	0.00000000	1.51687014	1.50024211	1.46338201	1.37282121
0.00000260	0.00000000	0.00000000	0.00000000	0.00000000	1.50217617	1.49276006	1.52524233	1.53569829
0.00000280	0.00000000	0.00000000	0.00000000	0.00000000	1.48974288	1.49333560	1.46338201	1.39608932
0.00000300	0.00000000	0.00000000	0.00000000	0.00000000	1.50876963	1.46321559	1.56873775	1.53569829
0.00000320	0.00000000	0.00000000	0.00000000	0.00000000	1.50613225	1.51693273	1.48271334	1.69857538
0.00000360	0.00000000	0.00000000	0.00000000	0.00000000	1.50584972	1.49314368	1.48609626	1.38445520
0.00000400	0.00000000	0.00000000	0.00000000	0.00000000	1.50029230	1.49688470	1.50011158	1.50079596
0.00000440	0.00000000	0.00000000	0.00000000	0.00000000	1.51357341	1.48671687	1.46096563	1.37282121
0.00000480	0.00000000	0.00000000	0.00000000	0.00000000	1.47815716	1.48364735	1.50832736	1.25066328
0.00000520	0.00000000	0.00000000	0.00000000	0.00000000	1.49068475	1.48518205	1.51944292	1.51824713
0.00000560	0.00000000	0.00000000	0.00000000	0.00000000	1.49906778	1.47386312	1.49044585	1.46589375
0.00000600	0.00000000	0.00000000	0.00000000	0.00000000	1.50566125	1.48211253	1.48657966	1.51824713
0.00000640	0.00000000	0.00000000	0.00000000	0.00000000	1.49925625	1.47367132	1.42858565	1.46007669
0.00000720	0.00000000	0.00000000	0.00000000	0.00000000	1.49708986	1.47640514	1.50518596	1.58223450
0.00000800	0.00000000	0.00000000	0.00000000	0.00000000	1.50514328	1.47506213	1.49020422	1.43099153
0.00000880	0.00000000	0.00000000	0.00000000	0.00000000	1.48913062	1.46455860	1.47812212	1.47171080
0.00000960	0.00000000	0.00000000	0.00000000	0.00000000	1.48865962	1.48460650	1.47014797	1.40772343
0.00001040	0.00000000	0.00000000	0.00000000	0.00000000	1.49935043	1.47784400	1.45250809	1.50370455
0.00001120	0.00000000	0.00000000	0.00000000	0.00000000	1.49327505	1.48120129	1.49358726	1.42808306
0.00001200	0.00000000	0.00000000	0.00000000	0.00000000	1.49713695	1.47237635	1.44477558	1.52697265
0.00001280	0.00000000	0.00000000	0.00000000	0.00000000	1.49092019	1.47213650	1.47208107	1.46007669
0.00001440	0.00000000	0.00000000	0.00000000	0.00000000	1.49103796	1.46266413	1.45939493	1.40626907
0.00001600	0.00000000	0.00000000	0.00000000	0.00000000	1.48397350	1.45175278	1.46640253	1.41644895
0.00001760	0.00000000	0.00000000	0.00000000	0.00000000	1.48467994	1.46311975	1.44441319	1.51533866
0.00001920	0.00000000	0.00000000	0.00000000	0.00000000	1.46725440	1.45292783	1.47341013	1.45280540
0.00002080	0.00000000	0.00000000	0.00000000	0.00000000	1.47295308	1.44971442	1.44513810	1.38154674
0.00002240	0.00000000	0.00000000	0.00000000	0.00000000	1.46315706	1.45333552	1.43716383	1.42226601
0.00002400	0.00000000	0.00000000	0.00000000	0.00000000	1.47436595	1.44666886	1.42181969	1.40336061
0.00002560	0.00000000	0.00000000	0.00000000	0.00000000	1.48604572	1.44861126	1.41457033	1.44262564
0.00002880	0.00000000	0.00000000	0.00000000	0.00000000	1.46509683	1.43857336	1.44763887	1.35092342
0.00003200	0.00000000	0.00000000	0.00000000	0.00000000	1.45686197	1.43104208	1.43040216	1.38451397
0.00003520	0.00000000	0.00000000	0.00000000	0.00000000	1.45304418	1.43071544	1.41676557	1.34070027
0.00003840	0.00000000	0.00000000	0.00000000	0.00000000	1.45797801	1.42237902	1.41289496	1.35603511
0.00004160	0.00000000	0.00000000	0.00000000	0.00000000	1.44852674	1.40850127	1.38670778	1.38962555
0.00004480	0.00000000	0.00000000	0.00000000	0.00000000	1.45453608	1.40357053	1.40714955	1.34143043
0.00004800	0.00000000	0.00000000	0.00000000	0.00000000	1.44979024	1.40268791	1.39420712	1.39400697
0.00005120	0.00000000	0.00000000	0.00000000	0.00000000	1.44519711	1.39452100	1.36971343	1.30345857
0.00005760	0.00000000	0.00000000	0.00000000	0.00000000	1.44184804	1.39143705	1.36785221	1.30419266
0.00006400	0.00000000	0.00000000	0.00000000	0.00000000	1.42644143	1.37678516	1.34781456	1.25852764
0.00007040	0.00000000	0.00000000	0.00000000	0.00000000	1.42896056	1.36527669	1.34888470	1.27788961
0.00007680	0.00000000	0.00000000	0.00000000	0.00000000	1.41353571	1.36187267	1.33165014	1.27971625
0.00008320	0.00000000	0.00000000	0.00000000	0.00000000	1.40389359	1.35150301	1.31638598	1.28670263
0.00008960	0.00000000	0.00000000	0.00000000	0.00000000	1.39765882	1.34186006	1.30414569	1.26405203
0.00009600	0.00000000	0.00000000	0.00000000	0.00000000	1.39446092	1.32986724	1.29056346	1.20673716
0.00010240	0.00000000	0.00000000	0.00000000	0.00000000	1.39136457	1.32347095	1.28884733	1.22975397
0.00011520	0.00000000	0.00000000	0.00000000	0.00000000	1.37694740	1.30716503	1.26608551	1.21599591
0.00012800	0.00000000	0.00000000	0.00000000	0.00000000	1.36481583	1.28964889	1.23928678	1.17596245
0.00014080	0.00000000	0.00000000	0.00000000	0.00000000	1.35448539	1.27503121	1.22215140	1.19570494
0.00015360	0.00000000	0.00000000	0.00000000	0.00000000	1.34141946	1.26133120	1.20148718	1.12879968
0.00016640	0.00000000	0.00000000	0.00000000	0.00000000	1.33417094	1.24556530	1.18913376	1.13611174
0.00017920	0.00000000	0.00000000	0.00000000	0.00000000	1.31774962	1.23434877	1.17772210	1.13976777
0.00019200	0.00000000	0.00000000	0.00000000	0.00000000	1.31157935	1.22374797	1.15461648	1.12112200
0.00020480	0.00000000	0.00000000	0.00000000	0.00000000	1.29481971	1.20975375	1.14825845	1.10393858
0.00023040	0.00000000	0.00000000	0.00000000	0.00000000	1.27553451	1.19081616	1.13239074	1.08607960
0.00025600	0.00000000	0.00000000	0.00000000	0.00000000	1.25818706	1.17308152	1.11524117	1.07671380
0.00028160	0.00000000	0.00000000	0.00000000	0.00000000	1.23750520	1.14937150	1.09833097	1.06221354
0.00030720	0.00000000	0.00000000	0.00000000	0.00000000	1.21955156	1.13399482	1.07638216	1.04596305
0.00033280	0.00000000	0.00000000	0.00000000	0.00000000	1.20320451	1.11812961	1.06320858	1.05755746
0.00035840	0.00000000	0.00000000	0.00000000	0.00000000	1.18969297	1.10589445	1.05591941	1.03135586
0.00038400	0.00000000	0.00000000	0.00000000	0.00000000	1.17498863	1.09388506	1.04718220	1.03376591
0.00040960	0.00000000	0.00000000	0.00000000	0.00000000	1.16444123	1.08349895	1.03386009	1.03212261
0.00046080	0.00000000	0.00000000	0.00000000	0.00000000	1.14533997	1.06566453	1.01929176	1.02320147
0.00051200	0.00000000	0.00000000	0.00000000	0.00000000	1.12301934	1.05386293	1.01089990	1.01970029
0.00056320	0.00000000	0.00000000	0.00000000	0.00000000	1.10565436	1.04611778	1.00708413	1.00967157
0.00061440	0.00000000	0.00000000	0.00000000	0.00000000	1.09216750	1.03818059	1.00489664	1.00764573
0.00066560	0.00000000	0.00000000	0.00000000	0.00000000	1.07965624	1.02810955	1.00546992	0.99964428
0.00071680	0.00000000	0.00000000	0.00000000	0.00000000	1.07171798	1.02341020	1.00346315	1.00479174
0.00076800	0.00000000	0.00000000	0.00000000	0.00000000	1.06095695	1.01718390	1.00177240	0.98952740
0.00081920	0.00000000	0.00000000	0.00000000	0.00000000	1.05445790	1.01354742	1.00060225	1.00053906
0.00092160	0.00000000	0.00000000	0.00000000	0.00000000	1.04140532	1.00872815	1.00051749	0.99418032
0.00102400	0.00000000	0.00000000	0.00000000	0.00000000	1.02983665	1.00470555	0.99971449	1.00466359
0.00112640	0.00000000	0.00000000	0.00000000	0.00000000	1.02166212	1.00608623	1.00013149	1.00404072
0.00122880	0.00000000	0.00000000	0.00000000	0.00000000	1.01530910	1.00614023	0.99747199	1.00025547
0.00133120	0.00000000	0.00000000	0.00000000	0.00000000	1.01165867	1.00203085	0.99475622	1.01661849
0.00143360	0.00000000	0.00000000	0.00000000	0.00000000	1.01049817	1.00187659	0.99328601	1.00482726
0.00153600	0.00000000	0.00000000	0.00000000	0.00000000	1.00804567	0.99904549	0.99023855	1.00785828
0.00163840	0.00000000	0.00000000	0.00000000	0.00000000	1.00411248	0.99801207	0.98919022	1.00367224
0.00184320	0.00000000	0.00000000	0.00000000	0.00000000	0.99446124	0.99364901	1.00305808	1.01019299
0.00204800	0.00000000	0.00000000	0.00000000	0.00000000	0.99125004	0.99440479	1.00289786	0.99922693
0.00225280	0.00000000	0.00000000	0.00000000	0.00000000	0.99357039	0.99642998	1.00414300	1.00687313
0.00245760	0.00000000	0.00000000	0.00000000	0.00000000	0.99509835	0.99658793	1.00641775	1.01666594
0.00266240	0.00000000	0.00000000	0.00000000	0.00000000	0.99640626	0.99915004	1.00606060	0.99250489
0.00286720	0.00000000	0.00000000	0.00000000	0.00000000	0.99350351	0.99973601	1.00232279	0.99551296
0.00307200	0.00000000	0.00000000	0.00000000	0.00000000	0.99255890	1.00116050	1.00962710	1.00123596
0.00327680	0.00000000	0.00000000	0.00000000	0.00000000	0.99067509	1.00653553	1.00799656	0.99443543
0.00368640	0.00000000	0.00000000	0.00000000	0.00000000	0.99820602	1.01276624	0.99970514	1.00931346
0.00409600	0.00000000	0.00000000	0.00000000	0.00000000	1.00034046	1.00783467	0.99967033	1.00842667
0.00450560	0.00000000	0.00000000	0.00000000	0.00000000	1.00450957	0.98586237	0.99134207	1.00043023
0.00491520	0.00000000	0.00000000	0.00000000	0.00000000	0.99845421	0.99239063	0.99804538	1.00818336
0.00532480	0.00000000	0.00000000	0.00000000	0.00000000	1.00437236	1.00512421	0.99768603	0.99627084
0.00573440	0.00000000	0.00000000	0.00000000	0.00000000	1.00077260	1.00754964	0.99769306	0.99304342
0.00614400	0.00000000	0.00000000	0.00000000	0.00000000	1.00119853	0.99589765	1.00158894	0.99140382
0.00655360	0.00000000	0.00000000	0.00000000	0.00000000	0.99511588	0.99658400	1.00483108	0.99933070
0.00737280	0.00000000	0.00000000	0.00000000	0.00000000	0.99250591	0.99728453	1.00367069	1.00296164
0.00819200	0.00000000	0.00000000	0.00000000	0.00000000	0.99312586	0.99840987	1.00075459	0.99952120
0.00901120	0.00000000	0.00000000	0.00000000	0.00000000	0.99648619	0.99760121	0.99901402	1.00228250
0.00983040	0.00000000	0.00000000	0.00000000	0.00000000	0.99864763	0.99906653	1.00151002	1.00056088
0.01064960	0.00000000	0.00000000	0.00000000	0.00000000	1.00130641	0.99081713	1.00073290	0.99332583
0.01146880	0.00000000	0.00000000	0.00000000	0.00000000	0.99759924	0.99736023	0.99861580	0.99637783
0.01228800	0.00000000	0.00000000	0.00000000	0.00000000	1.00419426	0.99715441	0.99902868	0.99849063
0.01310720	0.00000000	0.00000000	0.00000000	0.00000000	0.99971163	0.99949169	0.99970669	0.99991095
0.01474560	0.00000000	0.00000000	0.00000000	0.00000000	0.99242640	0.99678755	1.00309908	1.00543702
0.01638400	0.00000000	0.00000000	0.00000000	0.00000000	1.00406063	0.99907511	0.99506348	0.99312544
0.01802240	0.00000000	0.00000000	0.00000000	0.00000000	1.00796831	1.00315320	1.00005734	1.00109160
0.01966080	0.00000000	0.00000000	0.00000000	0.00000000	1.00439775	0.99932963	0.99710637	0.99819827
0.02129920	0.00000000	0.00000000	0.00000000	0.00000000	1.00780785	0.99873239	1.00434566	0.99709171
0.02293760	0.00000000	0.00000000	0.00000000	0.00000000	1.00080264	1.00235188	0.99721241	1.00680387
0.02457600	0.00000000	0.00000000	0.00000000	0.00000000	1.00107920	1.00448644	0.99527794	0.99942648
0.02621440	0.00000000	0.00000000	0.00000000	0.00000000	0.99999577	1.00470376	0.99518055	0.99473566
0.02949120	0.00000000	0.00000000	0.00000000	0.00000000	0.99650574	1.00026298	0.99713904	0.99876201
0.03276800	0.00000000	0.00000000	0.00000000	0.00000000	1.00381494	1.00061846	0.99816298	0.99969620
0.03604480	0.00000000	0.00000000	0.00000000	0.00000000	1.00112700	0.99906600	0.99943137	0.99866325
0.03932160	0.00000000	0.00000000	0.00000000	0.00000000	0.99512857	1.00177443	1.00171089	0.99898529
0.04259840	0.00000000	0.00000000	0.00000000	0.00000000	0.99623108	0.99958867	1.00331140	1.00118244
0.04587520	0.00000000	0.00000000	0.00000000	0.00000000	1.00053000	1.00796294	0.99642098	1.00497556
0.04915200	0.00000000	0.00000000	0.00000000	0.00000000	0.99656653	0.99622118	0.99961418	1.00182295
0.05242880	0.00000000	0.00000000	0.00000000	0.00000000	1.00487447	0.99611241	1.00230420	0.99688774
0.05898240	0.00000000	0.00000000	0.00000000	0.00000000	0.99824101	0.99870908	0.99900222	1.00187266
0.06553600	0.00000000	0.00000000	0.00000000	0.00000000	0.99573779	0.99789900	0.99935842	1.00058639
0.07208960	0.00000000	0.00000000	0.00000000	0.00000000	0.99168158	0.99978274	1.00084472	0.99920684
0.07864320	0.00000000	0.00000000	0.00000000	0.00000000	0.99722463	0.99609762	0.99937856	0.99919599
0.08519680	0.00000000	0.00000000	0.00000000	0.00000000	1.00352252	1.00088656	1.00010669	0.99839866
0.09175040	0.00000000	0.00000000	0.00000000	0.00000000	0.99827778	1.00397122	1.00168681	1.00005484
0.09830400	0.00000000	0.00000000	0.00000000	0.00000000	1.00242150	1.00346267	0.99860603	1.00144875
0.10485760	0.00000000	0.00000000	0.00000000	0.00000000	0.99208558	1.00029254	1.00064349	1.00552249
0.11796480	0.00000000	0.00000000	0.00000000	0.00000000	1.00236344	0.99921995	0.99873704	0.99914759
0.13107200	0.00000000	0.00000000	0.00000000	0.00000000	1.00131178	1.00131106	1.00087404	0.99867356
0.14417920	0.00000000	0.00000000	0.00000000	0.00000000	0.99854165	0.99911517	0.99840724	1.00215924
0.15728641	0.00000000	0.00000000	0.00000000	0.00000000	0.99998611	0.99782157	1.00020850	0.99782771
0.17039360	0.00000000	0.00000000	0.00000000	0.00000000	1.00006568	1.00049400	1.00005305	0.99852961
0.18350080	0.00000000	0.00000000	0.00000000	0.00000000	1.00047600	0.99947405	1.00035357	0.99950993
0.19660801	0.00000000	0.00000000	0.00000000	0.00000000	1.00081575	1.00331640	0.99999797	0.99809009
0.20971520	0.00000000	0.00000000	0.00000000	0.00000000	1.00303900	0.99584657	1.00094128	0.99986041
0.23592959	0.00000000	0.00000000	0.00000000	0.00000000	0.99909025	0.99868399	0.99952841	1.00127971
0.26214400	0.00000000	0.00000000	0.00000000	0.00000000	1.00010395	0.99979430	1.00101507	0.99756837
0.28835839	0.00000000	0.00000000	0.00000000	0.00000000	1.00122559	0.99927562	1.00079465	1.00035632
0.31457281	0.00000000	0.00000000	0.00000000	0.00000000	1.00122666	1.00053251	0.99968511	1.00113714
0.34078720	0.00000000	0.00000000	0.00000000	0.00000000	1.00056016	0.99997544	0.99962568	1.00052643
0.36700159	0.00000000	0.00000000	0.00000000	0.00000000	0.99864352	0.99965888	0.99970227	0.99603665
0.39321601	0.00000000	0.00000000	0.00000000	0.00000000	0.99863589	1.00003541	1.00025499	1.00014007
0.41943040	0.00000000	0.00000000	0.00000000	0.00000000	0.99852002	0.99985337	1.00076473	1.00018620
0.47185919	0.00000000	0.00000000	0.00000000	0.00000000	1.00108039	1.00107324	0.99945295	0.99960846
0.52428800	0.00000000	0.00000000	0.00000000	0.00000000	0.99931008	0.99966663	1.00041127	1.00060904
0.57671678	0.00000000	0.00000000	0.00000000	0.00000000	1.00130069	0.99985951	0.99984509	0.99987012
0.62914562	0.00000000	0.00000000	0.00000000	0.00000000	0.99983644	0.99919194	1.00045049	1.00064540
0.68157440	0.00000000	0.00000000	0.00000000	0.00000000	0.99844825	0.99975210	1.00017667	1.00025916
0.73400319	0.00000000	0.00000000	0.00000000	0.00000000	1.00035536	0.99976087	0.99932241	1.00130916
0.78643203	0.00000000	0.00000000	0.00000000	0.00000000	1.00050378	0.99975139	0.99945307	0.99972111
0.83886081	0.00000000	0.00000000	0.00000000	0.00000000	0.99927402	1.00104284	0.99979985	0.99956191
0.94371837	0.00000000	0.00000000	0.00000000	0.00000000	0.99823630	1.00073433	1.00013328	0.99915242
1.04857600	0.00000000	0.00000000	0.00000000	0.00000000	1.00215626	1.00059199	1.00033033	0.99964315
1.15343356	0.00000000	0.00000000	0.00000000	0.00000000	0.99821377	0.99924779	0.99970430	0.99988681
1.25829124	0.00000000	0.00000000	0.00000000	0.00000000	0.99894971	0.99955797	0.99940807	1.00031519
1.36314881	0.00000000	0.00000000	0.00000000	0.00000000	1.00183368	1.00216055	0.99942523	1.00059164
1.46800637	0.00000000	0.00000000	0.00000000	0.00000000	0.99854618	0.99957794	1.00027537	1.00045204
1.57286406	0.00000000	0.00000000	0.00000000	0.00000000	1.00033057	0.99731046	1.00046611	0.99995691
1.67772162	0.00000000	0.00000000	0.00000000	0.00000000	1.00099921	0.99897552	1.00042665	1.00000000
1.88743675	0.00000000	0.00000000	0.00000000	0.00000000	0.00000000	0.00000000	0.00000000	0.00000000
2.09715199	0.00000000	0.00000000	0.00000000	0.00000000	0.00000000	0.00000000	0.00000000	0.00000000
2.30686712	0.00000000	0.00000000	0.00000000	0.00000000	0.00000000	0.00000000	0.00000000	0.00000000
2.51658249	0.00000000	0.00000000	0.00000000	0.00000000	0.00000000	0.00000000	0.00000000	0.00000000
2.72629762	0.00000000	0.00000000	0.00000000	0.00000000	0.00000000	0.00000000	0.00000000	0.00000000
2.93601274	0.00000000	0.00000000	0.00000000	0.00000000	0.00000000	0.00000000	0.00000000	0.00000000
3.14572811	0.00000000	0.00000000	0.00000000	0.00000000	0.00000000	0.00000000	0.00000000	0.00000000
3.35544324	0.00000000	0.00000000	0.00000000	0.00000000	0.00000000	0.00000000	0.00000000	0.00000000
3.77487350	0.00000000	0.00000000	0.00000000	0.00000000	0.00000000	0.00000000	0.00000000	0.00000000
4.19430399	0.00000000	0.00000000	0.00000000	0.00000000	0.00000000	0.00000000	0.00000000	0.00000000
4.61373425	0.00000000	0.00000000	0.00000000	0.00000000	0.00000000	0.00000000	0.00000000	0.00000000
5.03316498	0.00000000	0.00000000	0.00000000	0.00000000	0.00000000	0.00000000	0.00000000	0.00000000
5.45259523	0.00000000	0.00000000	0.00000000	0.00000000	0.00000000	0.00000000	0.00000000	0.00000000
5.87202549	0.00000000	0.00000000	0.00000000	0.00000000	0.00000000	0.00000000	0.00000000	0.00000000
6.29145622	0.00000000	0.00000000	0.00000000	0.00000000	0.00000000	0.00000000	0.00000000	0.00000000
6.71088648	0.00000000	0.00000000	0.00000000	0.00000000	0.00000000	0.00000000	0.00000000	0.00000000
7.54974699	0.00000000	0.00000000	0.00000000	0.00000000	0.00000000	0.00000000	0.00000000	0.00000000
8.38860798	0.00000000	0.00000000	0.00000000	0.00000000	0.00000000	0.00000000	0.00000000	0.00000000
9.22746849	0.00000000	0.00000000	0.00000000	0.00000000	0.00000000	0.00000000	0.00000000	0.00000000
10.06632996	0.00000000	0.00000000	0.00000000	0.00000000	0.00000000	0.00000000	0.00000000	0.00000000
10.90519047	0.00000000	0.00000000	0.00000000	0.00000000	0.00000000	0.00000000	0.00000000	0.00000000
11.74405098	0.00000000	0.00000000	0.00000000	0.00000000	0.00000000	0.00000000	0.00000000	0.00000000
12.58291245	0.00000000	0.00000000	0.00000000	0.00000000	0.00000000	0.00000000	0.00000000	0.00000000
13.42177296	0.00000000	0.00000000	0.00000000	0.00000000	0.00000000	0.00000000	0.00000000	0.00000000
15.09949398	0.00000000	0.00000000	0.00000000	0.00000000	0.00000000	0.00000000	0.00000000	0.00000000
16.77721596	0.00000000	0.00000000	0.00000000	0.00000000	0.00000000	0.00000000	0.00000000	0.00000000
18.45493698	0.00000000	0.00000000	0.00000000	0.00000000	0.00000000	0.00000000	0.00000000	0.00000000
20.13265991	0.00000000	0.00000000	0.00000000	0.00000000	0.00000000	0.00000000	0.00000000	0.00000000
21.81038094	0.00000000	0.00000000	0.00000000	0.00000000	0.00000000	0.00000000	0.00000000	0.00000000
23.48810196	0.00000000	0.00000000	0.00000000	0.00000000	0.00000000	0.00000000	0.00000000	0.00000000
25.16582489	0.00000000	0.00000000	0.00000000	0.00000000	0.00000000	0.00000000	0.00000000	0.00000000
26.84354591	0.00000000	0.00000000	0.00000000	0.00000000	0.00000000	0.00000000	0.00000000	0.00000000
30.19898796	0.00000000	0.00000000	0.00000000	0.00000000	0.00000000	0.00000000	0.00000000	0.00000000
33.55443192	0.00000000	0.00000000	0.00000000	0.00000000	0.00000000	0.00000000	0.00000000	0.00000000
36.90987396	0.00000000	0.00000000	0.00000000	0.00000000	0.00000000	0.00000000	0.00000000	0.00000000
40.26531982	0.00000000	0.00000000	0.00000000	0.00000000	0.00000000	0.00000000	0.00000000	0.00000000
43.62076187	0.00000000	0.00000000	0.00000000	0.00000000	0.00000000	0.00000000	0.00000000	0.00000000
46.97620392	0.00000000	0.00000000	0.00000000	0.00000000	0.00000000	0.00000000	0.00000000	0.00000000
50.33164978	0.00000000	0.00000000	0.00000000	0.00000000	0.00000000	0.00000000	0.00000000	0.00000000
53.68709183	0.00000000	0.00000000	0.00000000	0.00000000	0.00000000	0.00000000	0.00000000	0.00000000
60.39797592	0.00000000	0.00000000	0.00000000	0.00000000	0.00000000	0.00000000	0.00000000	0.00000000
67.10886383	0.00000000	0.00000000	0.00000000	0.00000000	0.00000000	0.00000000	0.00000000	0.00000000
73.81974792	0.00000000	0.00000000	0.00000000	0.00000000	0.00000000	0.00000000	0.00000000	0.00000000
80.53063965	0.00000000	0.00000000	0.00000000	0.00000000	0.00000000	0.00000000	0.00000000	0.00000000
87.24152374	0.00000000	0.00000000	0.00000000	0.00000000	0.00000000	0.00000000	0.00000000	0.00000000
93.95240784	0.00000000	0.00000000	0.00000000	0.00000000	0.00000000	0.00000000	0.00000000	0.00000000
100.66329956	0.00000000	0.00000000	0.00000000	0.00000000	0.00000000	0.00000000	0.00000000	0.00000000
107.37418365	0.00000000	0.00000000	0.00000000	0.00000000	0.00000000	0.00000000	0.00000000	0.00000000
120.79595184	0.00000000	0.00000000	0.00000000	0.00000000	0.00000000	0.00000000	0.00000000	0.00000000
134.21772766	0.00000000	0.00000000	0.00000000	0.00000000	0.00000000	0.00000000	0.00000000	0.00000000
147.63949585	0.00000000	0.00000000	0.00000000	0.00000000	0.00000000	0.00000000	0.00000000	0.00000000
161.06127930	0.00000000	0.00000000	0.00000000	0.00000000	0.00000000	0.00000000	0.00000000	0.00000000
174.48304749	0.00000000	0.00000000	0.00000000	0.00000000	0.00000000	0.00000000	0.00000000	0.00000000
187.90481567	0.00000000	0.00000000	0.00000000	0.00000000	0.00000000	0.00000000	0.00000000	0.00000000
201.32659912	0.00000000	0.00000000	0.00000000	0.00000000	0.00000000	0.00000000	0.00000000	0.00000000
214.74836731	0.00000000	0.00000000	0.00000000	0.00000000	0.00000000	0.00000000	0.00000000	0.00000000
241.59190369	0.00000000	0.00000000	0.00000000	0.00000000	0.00000000	0.00000000	0.00000000	0.00000000
268.43545532	0.00000000	0.00000000	0.00000000	0.00000000	0.00000000	0.00000000	0.00000000	0.00000000
295.27899170	0.00000000	0.00000000	0.00000000	0.00000000	0.00000000	0.00000000	0.00000000	0.00000000
322.12255859	0.00000000	0.00000000	0.00000000	0.00000000	0.00000000	0.00000000	0.00000000	0.00000000
348.96609497	0.00000000	0.00000000	0.00000000	0.00000000	0.00000000	0.00000000	0.00000000	0.00000000
375.80963135	0.00000000	0.00000000	0.00000000	0.00000000	0.00000000	0.00000000	0.00000000	0.00000000
402.65319824	0.00000000	0.00000000	0.00000000	0.00000000	0.00000000	0.00000000	0.00000000	0.00000000
429.49673462	0.00000000	0.00000000	0.00000000	0.00000000	0.00000000	0.00000000	0.00000000	0.00000000
483.18380737	0.00000000	0.00000000	0.00000000	0.00000000	0.00000000	0.00000000	0.00000000	0.00000000
536.87091064	0.00000000	0.00000000	0.00000000	0.00000000	0.00000000	0.00000000	0.00000000	0.00000000
590.55798340	0.00000000	0.00000000	0.00000000	0.00000000	0.00000000	0.00000000	0.00000000	0.00000000
644.24511719	0.00000000	0.00000000	0.00000000	0.00000000	0.00000000	0.00000000	0.00000000	0.00000000
697.93218994	0.00000000	0.00000000	0.00000000	0.00000000	0.00000000	0.00000000	0.00000000	0.00000000
751.61926270	0.00000000	0.00000000	0.00000000	0.00000000	0.00000000	0.00000000	0.00000000	0.00000000
805.30639648	0.00000000	0.00000000	0.00000000	0.00000000	0.00000000	0.00000000	0.00000000	0.00000000
858.99346924	0.00000000	0.00000000	0.00000000	0.00000000	0.00000000	0.00000000	0.00000000	0.00000000
966.36761475	0.00000000	0.00000000	0.00000000	0.00000000	0.00000000	0.00000000	0.00000000	0.00000000
1073.74182129	0.00000000	0.00000000	0.00000000	0.00000000	0.00000000	0.00000000	0.00000000	0.00000000
1181.11596680	0.00000000	0.00000000	0.00000000	0.00000000	0.00000000	0.00000000	0.00000000	0.00000000
1288.49023437	0.00000000	0.00000000	0.00000000	0.00000000	0.00000000	0.00000000	0.00000000	0.00000000
1395.86437988	0.00000000	0.00000000	0.00000000	0.00000000	0.00000000	0.00000000	0.00000000	0.00000000
1503.23852539	0.00000000	0.00000000	0.00000000	0.00000000	0.00000000	0.00000000	0.00000000	0.00000000
1610.61279297	0.00000000	0.00000000	0.00000000	0.00000000	0.00000000	0.00000000	0.00000000	0.00000000
1717.98693848	0.00000000	0.00000000	0.00000000	0.00000000	0.00000000	0.00000000	0.00000000	0.00000000
1932.73522949	0.00000000	0.00000000	0.00000000	0.00000000	0.00000000	0.00000000	0.00000000	0.00000000
2147.48364258	0.00000000	0.00000000	0.00000000	0.00000000	0.00000000	0.00000000	0.00000000	0.00000000
2362.23193359	0.00000000	0.00000000	0.00000000	0.00000000	0.00000000	0.00000000	0.00000000	0.00000000
2576.98046875	0.00000000	0.00000000	0.00000000	0.00000000	0.00000000	0.00000000	0.00000000	0.00000000
2791.72875977	0.00000000	0.00000000	0.00000000	0.00000000	0.00000000	0.00000000	0.00000000	0.00000000
3006.47705078	0.00000000	0.00000000	0.00000000	0.00000000	0.00000000	0.00000000	0.00000000	0.00000000
3221.22558594	0.00000000	0.00000000	0.00000000	0.00000000	0.00000000	0.00000000	0.00000000	0.00000000
3435.97387695	0.00000000	0.00000000	0.00000000	0.00000000	0.00000000	0.00000000	0.00000000	0.00000000
0	0	0	0	0	0	0	0	0
