%3/28/2019 10:58:47 PM
%Duration	ID1		ID2		ID3		ID4		ID5		ID6		ID7		ID8
1000.000000	0.000000	0.000000	0.000000	0.000000	239.629745	243.978500	104.551315	31.299591
%Tau		Tau1		Tau2		Tau3		Tau4		Tau5		Tau6		Tau7		Tau8
%		0.000000	0.000000	0.000000	0.000000	0.000307	0.000205	0.000141	0.000077
%Delaytime	D1		D2		D3		D4		D5		D6		D7		D8
0.00000020	0.00000000	0.00000000	0.00000000	0.00000000	1.66657603	1.82915568	2.43018484	2.28979468
0.00000040	0.00000000	0.00000000	0.00000000	0.00000000	1.56372190	1.50275493	1.65434182	1.66323400
0.00000060	0.00000000	0.00000000	0.00000000	0.00000000	1.47160530	1.48172796	1.44014609	1.59488189
0.00000080	0.00000000	0.00000000	0.00000000	0.00000000	1.50155735	1.49831808	1.46087468	1.60627389
0.00000100	0.00000000	0.00000000	0.00000000	0.00000000	1.50475979	1.49330246	1.51318979	1.53792179
0.00000120	0.00000000	0.00000000	0.00000000	0.00000000	1.47650313	1.44719744	1.44310725	1.65184188
0.00000140	0.00000000	0.00000000	0.00000000	0.00000000	1.47367752	1.45414209	1.46383584	1.32147360
0.00000160	0.00000000	0.00000000	0.00000000	0.00000000	1.50777376	1.47922015	1.50924146	1.50374579
0.00000180	0.00000000	0.00000000	0.00000000	0.00000000	1.50852728	1.48192084	1.51220274	1.74297810
0.00000200	0.00000000	0.00000000	0.00000000	0.00000000	1.48667550	1.47806275	1.46284878	1.24172950
0.00000220	0.00000000	0.00000000	0.00000000	0.00000000	1.48460340	1.51857340	1.46581006	1.58348989
0.00000240	0.00000000	0.00000000	0.00000000	0.00000000	1.50118065	1.47709823	1.51516390	1.57209790
0.00000260	0.00000000	0.00000000	0.00000000	0.00000000	1.51210654	1.48712945	1.53589249	1.45817769
0.00000280	0.00000000	0.00000000	0.00000000	0.00000000	1.46049106	1.49600315	1.49739647	1.45817769
0.00000300	0.00000000	0.00000000	0.00000000	0.00000000	1.47254717	1.49253082	1.48061621	1.41260970
0.00000320	0.00000000	0.00000000	0.00000000	0.00000000	1.46953321	1.47497618	1.42928815	1.48096168
0.00000360	0.00000000	0.00000000	0.00000000	0.00000000	1.47782183	1.50101876	1.45988762	1.43539369
0.00000400	0.00000000	0.00000000	0.00000000	0.00000000	1.48535693	1.47690523	1.48110974	1.50944173
0.00000440	0.00000000	0.00000000	0.00000000	0.00000000	1.49486995	1.46523428	1.46679711	1.43539369
0.00000480	0.00000000	0.00000000	0.00000000	0.00000000	1.47622061	1.48278892	1.45347154	1.32716954
0.00000520	0.00000000	0.00000000	0.00000000	0.00000000	1.47320652	1.49031234	1.52355409	1.55500984
0.00000560	0.00000000	0.00000000	0.00000000	0.00000000	1.47669148	1.46668112	1.50825441	1.50374579
0.00000600	0.00000000	0.00000000	0.00000000	0.00000000	1.48563945	1.48211384	1.42780757	1.47526574
0.00000640	0.00000000	0.00000000	0.00000000	0.00000000	1.49166751	1.46938181	1.45297801	1.34425759
0.00000720	0.00000000	0.00000000	0.00000000	0.00000000	1.48323762	1.46523428	1.46506977	1.44108963
0.00000800	0.00000000	0.00000000	0.00000000	0.00000000	1.47141695	1.45428681	1.47469378	1.51798582
0.00000880	0.00000000	0.00000000	0.00000000	0.00000000	1.46538889	1.47377050	1.50035775	1.52083373
0.00000960	0.00000000	0.00000000	0.00000000	0.00000000	1.46736681	1.46899605	1.43126237	1.50089777
0.00001040	0.00000000	0.00000000	0.00000000	0.00000000	1.47226465	1.45438325	1.48086298	1.46387374
0.00001120	0.00000000	0.00000000	0.00000000	0.00000000	1.47607934	1.46181023	1.43891215	1.41260970
0.00001200	0.00000000	0.00000000	0.00000000	0.00000000	1.48045909	1.46291947	1.45988762	1.38982558
0.00001280	0.00000000	0.00000000	0.00000000	0.00000000	1.48375571	1.44618464	1.44187343	1.41260970
0.00001440	0.00000000	0.00000000	0.00000000	0.00000000	1.47023964	1.45951939	1.47790170	1.45817769
0.00001600	0.00000000	0.00000000	0.00000000	0.00000000	1.47132277	1.45428681	1.43817186	1.40121770
0.00001760	0.00000000	0.00000000	0.00000000	0.00000000	1.46510625	1.45269525	1.42163837	1.40121770
0.00001920	0.00000000	0.00000000	0.00000000	0.00000000	1.45900762	1.45151377	1.43829525	1.39836967
0.00002080	0.00000000	0.00000000	0.00000000	0.00000000	1.45964336	1.44854772	1.41312480	1.40406561
0.00002240	0.00000000	0.00000000	0.00000000	0.00000000	1.45832467	1.44673920	1.46383584	1.43539369
0.00002400	0.00000000	0.00000000	0.00000000	0.00000000	1.46183324	1.43646693	1.42250204	1.42542565
0.00002560	0.00000000	0.00000000	0.00000000	0.00000000	1.45057774	1.42375910	1.41978753	1.42542565
0.00002880	0.00000000	0.00000000	0.00000000	0.00000000	1.46384132	1.41584814	1.41050100	1.45205343
0.00003200	0.00000000	0.00000000	0.00000000	0.00000000	1.45522809	1.41779733	1.40506947	1.34412575
0.00003520	0.00000000	0.00000000	0.00000000	0.00000000	1.46029949	1.41526318	1.39193404	1.34838605
0.00003840	0.00000000	0.00000000	0.00000000	0.00000000	1.45242774	1.41293418	1.39657223	1.34341574
0.00004160	0.00000000	0.00000000	0.00000000	0.00000000	1.44290853	1.39919603	1.38082695	1.35690665
0.00004480	0.00000000	0.00000000	0.00000000	0.00000000	1.43995512	1.39143682	1.37148964	1.29797244
0.00004800	0.00000000	0.00000000	0.00000000	0.00000000	1.43816125	1.39462888	1.36752272	1.33205485
0.00005120	0.00000000	0.00000000	0.00000000	0.00000000	1.44226897	1.38570535	1.36679041	1.34909606
0.00005760	0.00000000	0.00000000	0.00000000	0.00000000	1.42017412	1.37140000	1.34862387	1.30214703
0.00006400	0.00000000	0.00000000	0.00000000	0.00000000	1.41634631	1.36494815	1.33998859	1.27617526
0.00007040	0.00000000	0.00000000	0.00000000	0.00000000	1.40862036	1.35729313	1.32534230	1.25909793
0.00007680	0.00000000	0.00000000	0.00000000	0.00000000	1.40110564	1.34473419	1.30193865	1.29463077
0.00008320	0.00000000	0.00000000	0.00000000	0.00000000	1.39645040	1.33621442	1.30185103	1.25798690
0.00008960	0.00000000	0.00000000	0.00000000	0.00000000	1.39383197	1.32186568	1.30412233	1.21565080
0.00009600	0.00000000	0.00000000	0.00000000	0.00000000	1.38241923	1.32023907	1.27582383	1.19141734
0.00010240	0.00000000	0.00000000	0.00000000	0.00000000	1.37289655	1.30884111	1.26256371	1.21845460
0.00011520	0.00000000	0.00000000	0.00000000	0.00000000	1.36055481	1.28846073	1.24574232	1.19683683
0.00012800	0.00000000	0.00000000	0.00000000	0.00000000	1.35045767	1.27505589	1.22692716	1.16477633
0.00014080	0.00000000	0.00000000	0.00000000	0.00000000	1.33573568	1.25893819	1.21273494	1.18701172
0.00015360	0.00000000	0.00000000	0.00000000	0.00000000	1.32800770	1.24553478	1.19076264	1.13293529
0.00016640	0.00000000	0.00000000	0.00000000	0.00000000	1.31129110	1.22759640	1.17993367	1.11176729
0.00017920	0.00000000	0.00000000	0.00000000	0.00000000	1.29804409	1.21861291	1.17204452	1.12457478
0.00019200	0.00000000	0.00000000	0.00000000	0.00000000	1.28754532	1.20272171	1.15350306	1.13688827
0.00020480	0.00000000	0.00000000	0.00000000	0.00000000	1.27803814	1.18984401	1.14173973	1.08085322
0.00023040	0.00000000	0.00000000	0.00000000	0.00000000	1.25196052	1.16796112	1.12982309	1.09357405
0.00025600	0.00000000	0.00000000	0.00000000	0.00000000	1.23085225	1.14923525	1.10794246	1.05472422
0.00028160	0.00000000	0.00000000	0.00000000	0.00000000	1.21122706	1.13101816	1.09461844	1.04058897
0.00030720	0.00000000	0.00000000	0.00000000	0.00000000	1.19267809	1.11563361	1.07639086	1.03032959
0.00033280	0.00000000	0.00000000	0.00000000	0.00000000	1.17533195	1.10341430	1.06426764	1.01978612
0.00035840	0.00000000	0.00000000	0.00000000	0.00000000	1.15784693	1.09004867	1.05564439	1.03294349
0.00038400	0.00000000	0.00000000	0.00000000	0.00000000	1.14488280	1.08004868	1.05022514	1.03690803
0.00040960	0.00000000	0.00000000	0.00000000	0.00000000	1.12854874	1.06966662	1.04566395	1.01440001
0.00046080	0.00000000	0.00000000	0.00000000	0.00000000	1.10445416	1.05688739	1.03291357	1.02158368
0.00051200	0.00000000	0.00000000	0.00000000	0.00000000	1.08569825	1.04706180	1.02083671	1.00253856
0.00056320	0.00000000	0.00000000	0.00000000	0.00000000	1.06584322	1.03694904	1.01979458	0.99494356
0.00061440	0.00000000	0.00000000	0.00000000	0.00000000	1.05235660	1.03027415	1.01328611	0.98659348
0.00066560	0.00000000	0.00000000	0.00000000	0.00000000	1.04077756	1.02343476	1.00990009	1.00333798
0.00071680	0.00000000	0.00000000	0.00000000	0.00000000	1.03080928	1.01615977	1.00802863	0.99005789
0.00076800	0.00000000	0.00000000	0.00000000	0.00000000	1.02475011	1.01271176	1.00408375	1.00301743
0.00081920	0.00000000	0.00000000	0.00000000	0.00000000	1.02082908	1.00656533	1.00369942	0.99817604
0.00092160	0.00000000	0.00000000	0.00000000	0.00000000	1.01640987	1.00165558	1.00628304	1.01041985
0.00102400	0.00000000	0.00000000	0.00000000	0.00000000	1.01092422	0.99876970	0.99972922	0.99757320
0.00112640	0.00000000	0.00000000	0.00000000	0.00000000	1.00660121	1.00000668	0.99443972	1.00185990
0.00122880	0.00000000	0.00000000	0.00000000	0.00000000	1.00528014	0.99835700	0.99790722	0.99748170
0.00133120	0.00000000	0.00000000	0.00000000	0.00000000	1.00384355	0.99654990	0.99543601	0.98521376
0.00143360	0.00000000	0.00000000	0.00000000	0.00000000	1.00368440	0.99622077	0.99800551	0.99604696
0.00153600	0.00000000	0.00000000	0.00000000	0.00000000	1.00168729	0.99388617	1.00047910	1.00892055
0.00163840	0.00000000	0.00000000	0.00000000	0.00000000	1.00205183	0.99192464	0.99928105	1.00825393
0.00184320	0.00000000	0.00000000	0.00000000	0.00000000	1.00289476	0.99500775	0.99931335	1.00677681
0.00204800	0.00000000	0.00000000	0.00000000	0.00000000	1.00555193	0.99752975	0.99612004	1.00001800
0.00225280	0.00000000	0.00000000	0.00000000	0.00000000	1.00368702	0.99172938	0.99629891	1.00842404
0.00245760	0.00000000	0.00000000	0.00000000	0.00000000	1.00256026	0.99073225	0.99478281	1.00236404
0.00266240	0.00000000	0.00000000	0.00000000	0.00000000	0.99932486	0.99924588	1.00549126	1.00099909
0.00286720	0.00000000	0.00000000	0.00000000	0.00000000	0.99708551	1.00126529	1.00585115	0.99552715
0.00307200	0.00000000	0.00000000	0.00000000	0.00000000	0.99964637	1.00106370	1.00727606	1.00107551
0.00327680	0.00000000	0.00000000	0.00000000	0.00000000	0.99886286	0.99937862	1.00883543	1.00263178
0.00368640	0.00000000	0.00000000	0.00000000	0.00000000	0.99654162	0.99446535	1.00651884	1.00579476
0.00409600	0.00000000	0.00000000	0.00000000	0.00000000	1.00013614	0.99657589	1.00417626	1.00959527
0.00450560	0.00000000	0.00000000	0.00000000	0.00000000	0.99290228	1.00203192	1.00249767	0.99437737
0.00491520	0.00000000	0.00000000	0.00000000	0.00000000	0.99494076	0.99041152	1.00218499	1.00167572
0.00532480	0.00000000	0.00000000	0.00000000	0.00000000	0.99967039	0.98918766	0.99835068	0.98719376
0.00573440	0.00000000	0.00000000	0.00000000	0.00000000	0.99524689	1.00067496	0.99673563	1.00325739
0.00614400	0.00000000	0.00000000	0.00000000	0.00000000	0.99661404	0.99929929	1.00515985	1.00493741
0.00655360	0.00000000	0.00000000	0.00000000	0.00000000	0.99623686	0.99696279	1.00935078	1.00378191
0.00737280	0.00000000	0.00000000	0.00000000	0.00000000	0.99861830	0.99918354	0.99600577	0.99790472
0.00819200	0.00000000	0.00000000	0.00000000	0.00000000	1.01000893	0.99508810	0.99308592	1.00900555
0.00901120	0.00000000	0.00000000	0.00000000	0.00000000	0.99740088	0.99389458	0.99582392	1.00998247
0.00983040	0.00000000	0.00000000	0.00000000	0.00000000	0.99373555	1.00095594	0.99418432	1.00092447
0.01064960	0.00000000	0.00000000	0.00000000	0.00000000	0.99548095	1.00345778	1.00362241	1.00051498
0.01146880	0.00000000	0.00000000	0.00000000	0.00000000	0.99289548	1.00489831	1.00215125	0.99328113
0.01228800	0.00000000	0.00000000	0.00000000	0.00000000	1.00740004	1.00301826	1.00209725	0.99332345
0.01310720	0.00000000	0.00000000	0.00000000	0.00000000	1.00101757	0.99676025	0.99497300	1.00502431
0.01474560	0.00000000	0.00000000	0.00000000	0.00000000	1.00635111	0.99468654	1.00014436	0.99917042
0.01638400	0.00000000	0.00000000	0.00000000	0.00000000	0.99297523	1.00261331	0.99901283	0.99828815
0.01802240	0.00000000	0.00000000	0.00000000	0.00000000	0.99664766	1.00443077	1.00191367	0.99333239
0.01966080	0.00000000	0.00000000	0.00000000	0.00000000	0.99488747	1.00052011	0.99698067	0.99703389
0.02129920	0.00000000	0.00000000	0.00000000	0.00000000	1.00083232	0.99322134	1.00481641	1.00313461
0.02293760	0.00000000	0.00000000	0.00000000	0.00000000	0.99850279	0.99905616	1.00431526	1.00006723
0.02457600	0.00000000	0.00000000	0.00000000	0.00000000	1.00030541	1.00137055	0.99718153	0.99885815
0.02621440	0.00000000	0.00000000	0.00000000	0.00000000	1.00189185	1.00247085	0.99843395	1.00258446
0.02949120	0.00000000	0.00000000	0.00000000	0.00000000	1.00181437	0.99731207	0.99838430	1.00192583
0.03276800	0.00000000	0.00000000	0.00000000	0.00000000	0.99632573	1.00470114	0.99899256	1.00011480
0.03604480	0.00000000	0.00000000	0.00000000	0.00000000	1.00396669	1.00406170	1.00049019	1.00120735
0.03932160	0.00000000	0.00000000	0.00000000	0.00000000	0.99869788	0.99920189	1.00302947	0.99665385
0.04259840	0.00000000	0.00000000	0.00000000	0.00000000	0.99653053	0.99615502	1.00122428	1.00270593
0.04587520	0.00000000	0.00000000	0.00000000	0.00000000	0.99310708	1.00029564	0.99855155	0.99935424
0.04915200	0.00000000	0.00000000	0.00000000	0.00000000	0.99722970	1.00044274	1.00516379	1.00033486
0.05242880	0.00000000	0.00000000	0.00000000	0.00000000	0.99713218	1.00062549	1.00082672	0.99914604
0.05898240	0.00000000	0.00000000	0.00000000	0.00000000	0.99898726	0.99908918	0.99850684	0.99998766
0.06553600	0.00000000	0.00000000	0.00000000	0.00000000	0.99824470	0.99880582	0.99888921	0.99937636
0.07208960	0.00000000	0.00000000	0.00000000	0.00000000	0.99786597	0.99951738	1.00321746	1.00035667
0.07864320	0.00000000	0.00000000	0.00000000	0.00000000	1.00021124	0.99881804	1.00098658	0.99972767
0.08519680	0.00000000	0.00000000	0.00000000	0.00000000	1.00089431	0.99716818	0.99792421	1.00089133
0.09175040	0.00000000	0.00000000	0.00000000	0.00000000	0.99777132	0.99903309	0.99915922	1.00090504
0.09830400	0.00000000	0.00000000	0.00000000	0.00000000	1.00195563	0.99978507	0.99986011	0.99872172
0.10485760	0.00000000	0.00000000	0.00000000	0.00000000	1.00101995	1.00025845	0.99766213	0.99752092
0.11796480	0.00000000	0.00000000	0.00000000	0.00000000	0.99933594	1.00017798	0.99985552	1.00044286
0.13107200	0.00000000	0.00000000	0.00000000	0.00000000	1.00014269	0.99956697	0.99877650	1.00046110
0.14417920	0.00000000	0.00000000	0.00000000	0.00000000	0.99895006	1.00008070	0.99958032	1.00049305
0.15728641	0.00000000	0.00000000	0.00000000	0.00000000	1.00095129	1.00045037	0.99998701	1.00030303
0.17039360	0.00000000	0.00000000	0.00000000	0.00000000	1.00132120	0.99900007	0.99784678	0.99913216
0.18350080	0.00000000	0.00000000	0.00000000	0.00000000	1.00134516	1.00280774	0.99873203	0.99944258
0.19660801	0.00000000	0.00000000	0.00000000	0.00000000	0.99772841	1.00074184	1.00125551	1.00007129
0.20971520	0.00000000	0.00000000	0.00000000	0.00000000	1.00014877	0.99815357	0.99830115	1.00005722
0.23592959	0.00000000	0.00000000	0.00000000	0.00000000	0.99931836	0.99988562	0.99986756	1.00031340
0.26214400	0.00000000	0.00000000	0.00000000	0.00000000	0.99999779	0.99905932	1.00005853	0.99958020
0.28835839	0.00000000	0.00000000	0.00000000	0.00000000	0.99900353	0.99981105	1.00021446	1.00091112
0.31457281	0.00000000	0.00000000	0.00000000	0.00000000	1.00131071	0.99863666	1.00018287	1.00096560
0.34078720	0.00000000	0.00000000	0.00000000	0.00000000	0.99840522	1.00034201	0.99934280	0.99884343
0.36700159	0.00000000	0.00000000	0.00000000	0.00000000	0.99920303	1.00012720	1.00036538	1.00048268
0.39321601	0.00000000	0.00000000	0.00000000	0.00000000	1.00092983	1.00097549	0.99898630	0.99964023
0.41943040	0.00000000	0.00000000	0.00000000	0.00000000	0.99837130	0.99970549	1.00026202	1.00034773
0.47185919	0.00000000	0.00000000	0.00000000	0.00000000	0.99998516	1.00023305	1.00071919	0.99838370
0.52428800	0.00000000	0.00000000	0.00000000	0.00000000	0.99981928	0.99951220	1.00048172	1.00161147
0.57671678	0.00000000	0.00000000	0.00000000	0.00000000	1.00070429	1.00020015	1.00013959	1.00091577
0.62914562	0.00000000	0.00000000	0.00000000	0.00000000	0.99895322	0.99959630	1.00015330	0.99979407
0.68157440	0.00000000	0.00000000	0.00000000	0.00000000	1.00115848	1.00020552	0.99942327	0.99969137
0.73400319	0.00000000	0.00000000	0.00000000	0.00000000	1.00004578	0.99893296	0.99939823	0.99820280
0.78643203	0.00000000	0.00000000	0.00000000	0.00000000	0.99968457	1.00083899	0.99949068	1.00117075
0.83886081	0.00000000	0.00000000	0.00000000	0.00000000	0.99997610	1.00069368	1.00087559	0.99893147
0.94371837	0.00000000	0.00000000	0.00000000	0.00000000	0.99988729	0.99958777	0.99973285	1.00011146
1.04857600	0.00000000	0.00000000	0.00000000	0.00000000	0.99946749	1.00087893	0.99960124	1.00012374
1.15343356	0.00000000	0.00000000	0.00000000	0.00000000	0.99959844	0.99988425	0.99936301	1.00013900
1.25829124	0.00000000	0.00000000	0.00000000	0.00000000	1.00052392	0.99953616	1.00126052	0.99960136
1.36314881	0.00000000	0.00000000	0.00000000	0.00000000	1.00062609	0.99965876	1.00158751	1.00004172
1.46800637	0.00000000	0.00000000	0.00000000	0.00000000	1.00045466	1.00008917	1.00036693	0.99986732
1.57286406	0.00000000	0.00000000	0.00000000	0.00000000	0.99847960	1.00022471	0.99949032	1.00043154
1.67772162	0.00000000	0.00000000	0.00000000	0.00000000	0.99989772	0.99960190	0.99610078	0.99970537
1.88743675	0.00000000	0.00000000	0.00000000	0.00000000	0.00000000	0.00000000	0.00000000	0.00000000
2.09715199	0.00000000	0.00000000	0.00000000	0.00000000	0.00000000	0.00000000	0.00000000	0.00000000
2.30686712	0.00000000	0.00000000	0.00000000	0.00000000	0.00000000	0.00000000	0.00000000	0.00000000
2.51658249	0.00000000	0.00000000	0.00000000	0.00000000	0.00000000	0.00000000	0.00000000	0.00000000
2.72629762	0.00000000	0.00000000	0.00000000	0.00000000	0.00000000	0.00000000	0.00000000	0.00000000
2.93601274	0.00000000	0.00000000	0.00000000	0.00000000	0.00000000	0.00000000	0.00000000	0.00000000
3.14572811	0.00000000	0.00000000	0.00000000	0.00000000	0.00000000	0.00000000	0.00000000	0.00000000
3.35544324	0.00000000	0.00000000	0.00000000	0.00000000	0.00000000	0.00000000	0.00000000	0.00000000
3.77487350	0.00000000	0.00000000	0.00000000	0.00000000	0.00000000	0.00000000	0.00000000	0.00000000
4.19430399	0.00000000	0.00000000	0.00000000	0.00000000	0.00000000	0.00000000	0.00000000	0.00000000
4.61373425	0.00000000	0.00000000	0.00000000	0.00000000	0.00000000	0.00000000	0.00000000	0.00000000
5.03316498	0.00000000	0.00000000	0.00000000	0.00000000	0.00000000	0.00000000	0.00000000	0.00000000
5.45259523	0.00000000	0.00000000	0.00000000	0.00000000	0.00000000	0.00000000	0.00000000	0.00000000
5.87202549	0.00000000	0.00000000	0.00000000	0.00000000	0.00000000	0.00000000	0.00000000	0.00000000
6.29145622	0.00000000	0.00000000	0.00000000	0.00000000	0.00000000	0.00000000	0.00000000	0.00000000
6.71088648	0.00000000	0.00000000	0.00000000	0.00000000	0.00000000	0.00000000	0.00000000	0.00000000
7.54974699	0.00000000	0.00000000	0.00000000	0.00000000	0.00000000	0.00000000	0.00000000	0.00000000
8.38860798	0.00000000	0.00000000	0.00000000	0.00000000	0.00000000	0.00000000	0.00000000	0.00000000
9.22746849	0.00000000	0.00000000	0.00000000	0.00000000	0.00000000	0.00000000	0.00000000	0.00000000
10.06632996	0.00000000	0.00000000	0.00000000	0.00000000	0.00000000	0.00000000	0.00000000	0.00000000
10.90519047	0.00000000	0.00000000	0.00000000	0.00000000	0.00000000	0.00000000	0.00000000	0.00000000
11.74405098	0.00000000	0.00000000	0.00000000	0.00000000	0.00000000	0.00000000	0.00000000	0.00000000
12.58291245	0.00000000	0.00000000	0.00000000	0.00000000	0.00000000	0.00000000	0.00000000	0.00000000
13.42177296	0.00000000	0.00000000	0.00000000	0.00000000	0.00000000	0.00000000	0.00000000	0.00000000
15.09949398	0.00000000	0.00000000	0.00000000	0.00000000	0.00000000	0.00000000	0.00000000	0.00000000
16.77721596	0.00000000	0.00000000	0.00000000	0.00000000	0.00000000	0.00000000	0.00000000	0.00000000
18.45493698	0.00000000	0.00000000	0.00000000	0.00000000	0.00000000	0.00000000	0.00000000	0.00000000
20.13265991	0.00000000	0.00000000	0.00000000	0.00000000	0.00000000	0.00000000	0.00000000	0.00000000
21.81038094	0.00000000	0.00000000	0.00000000	0.00000000	0.00000000	0.00000000	0.00000000	0.00000000
23.48810196	0.00000000	0.00000000	0.00000000	0.00000000	0.00000000	0.00000000	0.00000000	0.00000000
25.16582489	0.00000000	0.00000000	0.00000000	0.00000000	0.00000000	0.00000000	0.00000000	0.00000000
26.84354591	0.00000000	0.00000000	0.00000000	0.00000000	0.00000000	0.00000000	0.00000000	0.00000000
30.19898796	0.00000000	0.00000000	0.00000000	0.00000000	0.00000000	0.00000000	0.00000000	0.00000000
33.55443192	0.00000000	0.00000000	0.00000000	0.00000000	0.00000000	0.00000000	0.00000000	0.00000000
36.90987396	0.00000000	0.00000000	0.00000000	0.00000000	0.00000000	0.00000000	0.00000000	0.00000000
40.26531982	0.00000000	0.00000000	0.00000000	0.00000000	0.00000000	0.00000000	0.00000000	0.00000000
43.62076187	0.00000000	0.00000000	0.00000000	0.00000000	0.00000000	0.00000000	0.00000000	0.00000000
46.97620392	0.00000000	0.00000000	0.00000000	0.00000000	0.00000000	0.00000000	0.00000000	0.00000000
50.33164978	0.00000000	0.00000000	0.00000000	0.00000000	0.00000000	0.00000000	0.00000000	0.00000000
53.68709183	0.00000000	0.00000000	0.00000000	0.00000000	0.00000000	0.00000000	0.00000000	0.00000000
60.39797592	0.00000000	0.00000000	0.00000000	0.00000000	0.00000000	0.00000000	0.00000000	0.00000000
67.10886383	0.00000000	0.00000000	0.00000000	0.00000000	0.00000000	0.00000000	0.00000000	0.00000000
73.81974792	0.00000000	0.00000000	0.00000000	0.00000000	0.00000000	0.00000000	0.00000000	0.00000000
80.53063965	0.00000000	0.00000000	0.00000000	0.00000000	0.00000000	0.00000000	0.00000000	0.00000000
87.24152374	0.00000000	0.00000000	0.00000000	0.00000000	0.00000000	0.00000000	0.00000000	0.00000000
93.95240784	0.00000000	0.00000000	0.00000000	0.00000000	0.00000000	0.00000000	0.00000000	0.00000000
100.66329956	0.00000000	0.00000000	0.00000000	0.00000000	0.00000000	0.00000000	0.00000000	0.00000000
107.37418365	0.00000000	0.00000000	0.00000000	0.00000000	0.00000000	0.00000000	0.00000000	0.00000000
120.79595184	0.00000000	0.00000000	0.00000000	0.00000000	0.00000000	0.00000000	0.00000000	0.00000000
134.21772766	0.00000000	0.00000000	0.00000000	0.00000000	0.00000000	0.00000000	0.00000000	0.00000000
147.63949585	0.00000000	0.00000000	0.00000000	0.00000000	0.00000000	0.00000000	0.00000000	0.00000000
161.06127930	0.00000000	0.00000000	0.00000000	0.00000000	0.00000000	0.00000000	0.00000000	0.00000000
174.48304749	0.00000000	0.00000000	0.00000000	0.00000000	0.00000000	0.00000000	0.00000000	0.00000000
187.90481567	0.00000000	0.00000000	0.00000000	0.00000000	0.00000000	0.00000000	0.00000000	0.00000000
201.32659912	0.00000000	0.00000000	0.00000000	0.00000000	0.00000000	0.00000000	0.00000000	0.00000000
214.74836731	0.00000000	0.00000000	0.00000000	0.00000000	0.00000000	0.00000000	0.00000000	0.00000000
241.59190369	0.00000000	0.00000000	0.00000000	0.00000000	0.00000000	0.00000000	0.00000000	0.00000000
268.43545532	0.00000000	0.00000000	0.00000000	0.00000000	0.00000000	0.00000000	0.00000000	0.00000000
295.27899170	0.00000000	0.00000000	0.00000000	0.00000000	0.00000000	0.00000000	0.00000000	0.00000000
322.12255859	0.00000000	0.00000000	0.00000000	0.00000000	0.00000000	0.00000000	0.00000000	0.00000000
348.96609497	0.00000000	0.00000000	0.00000000	0.00000000	0.00000000	0.00000000	0.00000000	0.00000000
375.80963135	0.00000000	0.00000000	0.00000000	0.00000000	0.00000000	0.00000000	0.00000000	0.00000000
402.65319824	0.00000000	0.00000000	0.00000000	0.00000000	0.00000000	0.00000000	0.00000000	0.00000000
429.49673462	0.00000000	0.00000000	0.00000000	0.00000000	0.00000000	0.00000000	0.00000000	0.00000000
483.18380737	0.00000000	0.00000000	0.00000000	0.00000000	0.00000000	0.00000000	0.00000000	0.00000000
536.87091064	0.00000000	0.00000000	0.00000000	0.00000000	0.00000000	0.00000000	0.00000000	0.00000000
590.55798340	0.00000000	0.00000000	0.00000000	0.00000000	0.00000000	0.00000000	0.00000000	0.00000000
644.24511719	0.00000000	0.00000000	0.00000000	0.00000000	0.00000000	0.00000000	0.00000000	0.00000000
697.93218994	0.00000000	0.00000000	0.00000000	0.00000000	0.00000000	0.00000000	0.00000000	0.00000000
751.61926270	0.00000000	0.00000000	0.00000000	0.00000000	0.00000000	0.00000000	0.00000000	0.00000000
805.30639648	0.00000000	0.00000000	0.00000000	0.00000000	0.00000000	0.00000000	0.00000000	0.00000000
858.99346924	0.00000000	0.00000000	0.00000000	0.00000000	0.00000000	0.00000000	0.00000000	0.00000000
966.36761475	0.00000000	0.00000000	0.00000000	0.00000000	0.00000000	0.00000000	0.00000000	0.00000000
1073.74182129	0.00000000	0.00000000	0.00000000	0.00000000	0.00000000	0.00000000	0.00000000	0.00000000
1181.11596680	0.00000000	0.00000000	0.00000000	0.00000000	0.00000000	0.00000000	0.00000000	0.00000000
1288.49023437	0.00000000	0.00000000	0.00000000	0.00000000	0.00000000	0.00000000	0.00000000	0.00000000
1395.86437988	0.00000000	0.00000000	0.00000000	0.00000000	0.00000000	0.00000000	0.00000000	0.00000000
1503.23852539	0.00000000	0.00000000	0.00000000	0.00000000	0.00000000	0.00000000	0.00000000	0.00000000
1610.61279297	0.00000000	0.00000000	0.00000000	0.00000000	0.00000000	0.00000000	0.00000000	0.00000000
1717.98693848	0.00000000	0.00000000	0.00000000	0.00000000	0.00000000	0.00000000	0.00000000	0.00000000
1932.73522949	0.00000000	0.00000000	0.00000000	0.00000000	0.00000000	0.00000000	0.00000000	0.00000000
2147.48364258	0.00000000	0.00000000	0.00000000	0.00000000	0.00000000	0.00000000	0.00000000	0.00000000
2362.23193359	0.00000000	0.00000000	0.00000000	0.00000000	0.00000000	0.00000000	0.00000000	0.00000000
2576.98046875	0.00000000	0.00000000	0.00000000	0.00000000	0.00000000	0.00000000	0.00000000	0.00000000
2791.72875977	0.00000000	0.00000000	0.00000000	0.00000000	0.00000000	0.00000000	0.00000000	0.00000000
3006.47705078	0.00000000	0.00000000	0.00000000	0.00000000	0.00000000	0.00000000	0.00000000	0.00000000
3221.22558594	0.00000000	0.00000000	0.00000000	0.00000000	0.00000000	0.00000000	0.00000000	0.00000000
3435.97387695	0.00000000	0.00000000	0.00000000	0.00000000	0.00000000	0.00000000	0.00000000	0.00000000
0	0	0	0	0	0	0	0	0
