%3/28/2019 10:54:32 PM
%Duration	ID1		ID2		ID3		ID4		ID5		ID6		ID7		ID8
1000.000000	0.000000	0.000000	0.000000	0.000000	230.159760	231.580734	104.475021	29.525757
%Tau		Tau1		Tau2		Tau3		Tau4		Tau5		Tau6		Tau7		Tau8
%		0.000000	0.000000	0.000000	0.000000	0.000282	0.000230	0.000141	0.000045
%Delaytime	D1		D2		D3		D4		D5		D6		D7		D8
0.00000020	0.00000000	0.00000000	0.00000000	0.00000000	1.65850604	1.81311345	2.49192238	2.30508280
0.00000040	0.00000000	0.00000000	0.00000000	0.00000000	1.54252386	1.50789130	1.56717432	1.86868358
0.00000060	0.00000000	0.00000000	0.00000000	0.00000000	1.49893463	1.46557558	1.51627958	1.46585357
0.00000080	0.00000000	0.00000000	0.00000000	0.00000000	1.48606896	1.49966323	1.54796875	1.82392466
0.00000100	0.00000000	0.00000000	0.00000000	0.00000000	1.50373518	1.49104345	1.47882879	1.56656110
0.00000120	0.00000000	0.00000000	0.00000000	0.00000000	1.49567020	1.51298487	1.53068376	1.62250972
0.00000140	0.00000000	0.00000000	0.00000000	0.00000000	1.45073676	1.49574518	1.47882879	1.27562833
0.00000160	0.00000000	0.00000000	0.00000000	0.00000000	1.47915614	1.50181830	1.48747122	1.48823297
0.00000180	0.00000000	0.00000000	0.00000000	0.00000000	1.47205126	1.49887967	1.54124689	1.53299189
0.00000200	0.00000000	0.00000000	0.00000000	0.00000000	1.46225810	1.48869252	1.51339877	1.90225267
0.00000220	0.00000000	0.00000000	0.00000000	0.00000000	1.50354314	1.49750829	1.41737092	1.52180219
0.00000240	0.00000000	0.00000000	0.00000000	0.00000000	1.48837328	1.47576272	1.49803436	1.40990496
0.00000260	0.00000000	0.00000000	0.00000000	0.00000000	1.47531569	1.47713399	1.49611378	1.79035544
0.00000280	0.00000000	0.00000000	0.00000000	0.00000000	1.51986516	1.47928905	1.53548515	1.56656110
0.00000300	0.00000000	0.00000000	0.00000000	0.00000000	1.51640868	1.49848783	1.45194089	1.33157694
0.00000320	0.00000000	0.00000000	0.00000000	0.00000000	1.49298191	1.51043808	1.43273532	1.61131990
0.00000360	0.00000000	0.00000000	0.00000000	0.00000000	1.49874258	1.50074077	1.44089770	1.56096613
0.00000400	0.00000000	0.00000000	0.00000000	0.00000000	1.47185934	1.46440017	1.48459041	1.57215595
0.00000440	0.00000000	0.00000000	0.00000000	0.00000000	1.47493172	1.48026860	1.46010327	1.51061249
0.00000480	0.00000000	0.00000000	0.00000000	0.00000000	1.46974707	1.50221002	1.48747122	1.30919743
0.00000520	0.00000000	0.00000000	0.00000000	0.00000000	1.49893463	1.46469402	1.46154368	1.47704327
0.00000560	0.00000000	0.00000000	0.00000000	0.00000000	1.46849883	1.46929777	1.42889428	1.49382782
0.00000600	0.00000000	0.00000000	0.00000000	0.00000000	1.48731720	1.47174656	1.40824831	1.47144842
0.00000640	0.00000000	0.00000000	0.00000000	0.00000000	1.49134970	1.48869252	1.51820016	1.42109466
0.00000720	0.00000000	0.00000000	0.00000000	0.00000000	1.47555578	1.48080730	1.49539351	1.58334565
0.00000800	0.00000000	0.00000000	0.00000000	0.00000000	1.46701074	1.48139501	1.48194969	1.56096613
0.00000880	0.00000000	0.00000000	0.00000000	0.00000000	1.47104323	1.48085630	1.42481303	1.38472807
0.00000960	0.00000000	0.00000000	0.00000000	0.00000000	1.47445166	1.46018815	1.48339009	1.50501764
0.00001040	0.00000000	0.00000000	0.00000000	0.00000000	1.46326625	1.46660411	1.43681657	1.46865094
0.00001120	0.00000000	0.00000000	0.00000000	0.00000000	1.47704387	1.47933805	1.44641936	1.37074089
0.00001200	0.00000000	0.00000000	0.00000000	0.00000000	1.47392356	1.46170640	1.45266116	1.44906902
0.00001280	0.00000000	0.00000000	0.00000000	0.00000000	1.46278620	1.47233438	1.47066641	1.37913322
0.00001440	0.00000000	0.00000000	0.00000000	0.00000000	1.46398628	1.46567357	1.45206094	1.40011394
0.00001600	0.00000000	0.00000000	0.00000000	0.00000000	1.46583450	1.46302879	1.46106362	1.50082147
0.00001760	0.00000000	0.00000000	0.00000000	0.00000000	1.46074593	1.46378791	1.44713950	1.37913322
0.00001920	0.00000000	0.00000000	0.00000000	0.00000000	1.46458638	1.45164168	1.43861711	1.43228436
0.00002080	0.00000000	0.00000000	0.00000000	0.00000000	1.47293937	1.44439316	1.44173801	1.45046771
0.00002240	0.00000000	0.00000000	0.00000000	0.00000000	1.46266615	1.45908618	1.44894004	1.46585357
0.00002400	0.00000000	0.00000000	0.00000000	0.00000000	1.45707345	1.45173967	1.43021464	1.35395634
0.00002560	0.00000000	0.00000000	0.00000000	0.00000000	1.45246494	1.44111180	1.42169213	1.39172161
0.00002880	0.00000000	0.00000000	0.00000000	0.00000000	1.45102799	1.44468808	1.42052770	1.34122980
0.00003200	0.00000000	0.00000000	0.00000000	0.00000000	1.44040465	1.44040978	1.40823698	1.39485121
0.00003520	0.00000000	0.00000000	0.00000000	0.00000000	1.44096303	1.43258011	1.40093851	1.36421037
0.00003840	0.00000000	0.00000000	0.00000000	0.00000000	1.44269598	1.42220807	1.39207602	1.34749722
0.00004160	0.00000000	0.00000000	0.00000000	0.00000000	1.43395615	1.41956711	1.37227333	1.33078408
0.00004480	0.00000000	0.00000000	0.00000000	0.00000000	1.42928874	1.41382790	1.38253176	1.34540808
0.00004800	0.00000000	0.00000000	0.00000000	0.00000000	1.42227089	1.40538156	1.37147033	1.30014336
0.00005120	0.00000000	0.00000000	0.00000000	0.00000000	1.41215813	1.40655494	1.36793578	1.38997650
0.00005760	0.00000000	0.00000000	0.00000000	0.00000000	1.41035056	1.40141892	1.34137261	1.31749570
0.00006400	0.00000000	0.00000000	0.00000000	0.00000000	1.40448225	1.38663065	1.34740055	1.30946863
0.00007040	0.00000000	0.00000000	0.00000000	0.00000000	1.40155125	1.37662506	1.32183444	1.28817928
0.00007680	0.00000000	0.00000000	0.00000000	0.00000000	1.39269638	1.35981226	1.31626081	1.26339984
0.00008320	0.00000000	0.00000000	0.00000000	0.00000000	1.38252556	1.35180664	1.30531228	1.26200390
0.00008960	0.00000000	0.00000000	0.00000000	0.00000000	1.37625408	1.34542167	1.28965175	1.24629855
0.00009600	0.00000000	0.00000000	0.00000000	0.00000000	1.37038517	1.33552623	1.27335501	1.19778681
0.00010240	0.00000000	0.00000000	0.00000000	0.00000000	1.35779321	1.32575929	1.26681209	1.18103456
0.00011520	0.00000000	0.00000000	0.00000000	0.00000000	1.34741414	1.31123328	1.25247812	1.22665858
0.00012800	0.00000000	0.00000000	0.00000000	0.00000000	1.33427608	1.28899121	1.23492813	1.16500342
0.00014080	0.00000000	0.00000000	0.00000000	0.00000000	1.31951714	1.27609873	1.21028805	1.17284095
0.00015360	0.00000000	0.00000000	0.00000000	0.00000000	1.30745625	1.26484919	1.19790626	1.14410341
0.00016640	0.00000000	0.00000000	0.00000000	0.00000000	1.29260087	1.24510646	1.19002664	1.10857332
0.00017920	0.00000000	0.00000000	0.00000000	0.00000000	1.27971518	1.23328781	1.17087483	1.11397254
0.00019200	0.00000000	0.00000000	0.00000000	0.00000000	1.27315307	1.21940660	1.15557528	1.11784256
0.00020480	0.00000000	0.00000000	0.00000000	0.00000000	1.25898445	1.20832276	1.14547634	1.11906183
0.00023040	0.00000000	0.00000000	0.00000000	0.00000000	1.23966134	1.18621266	1.12636161	1.10629189
0.00025600	0.00000000	0.00000000	0.00000000	0.00000000	1.21677887	1.16205120	1.11665046	1.07624984
0.00028160	0.00000000	0.00000000	0.00000000	0.00000000	1.19273198	1.14180553	1.09146929	1.06504929
0.00030720	0.00000000	0.00000000	0.00000000	0.00000000	1.17405915	1.12471235	1.08089995	1.03408837
0.00033280	0.00000000	0.00000000	0.00000000	0.00000000	1.15804505	1.10834372	1.06461370	1.05142343
0.00035840	0.00000000	0.00000000	0.00000000	0.00000000	1.13882005	1.09284997	1.05881786	1.05455935
0.00038400	0.00000000	0.00000000	0.00000000	0.00000000	1.12771297	1.07576871	1.04786658	1.03478527
0.00040960	0.00000000	0.00000000	0.00000000	0.00000000	1.11286473	1.06561530	1.04362369	1.03748572
0.00046080	0.00000000	0.00000000	0.00000000	0.00000000	1.09312832	1.04661608	1.03225505	1.02788544
0.00051200	0.00000000	0.00000000	0.00000000	0.00000000	1.07419145	1.03217280	1.01905930	1.02980876
0.00056320	0.00000000	0.00000000	0.00000000	0.00000000	1.05915058	1.02220535	1.01740754	1.02579618
0.00061440	0.00000000	0.00000000	0.00000000	0.00000000	1.04716802	1.01474166	1.00778794	1.01287735
0.00066560	0.00000000	0.00000000	0.00000000	0.00000000	1.03922808	1.00935185	1.00363314	1.00980425
0.00071680	0.00000000	0.00000000	0.00000000	0.00000000	1.03116345	1.00309241	1.00272584	0.99635351
0.00076800	0.00000000	0.00000000	0.00000000	0.00000000	1.02283871	0.99989069	0.99835420	0.99474293
0.00081920	0.00000000	0.00000000	0.00000000	0.00000000	1.01991141	0.99814087	1.00707912	0.99551713
0.00092160	0.00000000	0.00000000	0.00000000	0.00000000	1.01150191	0.99551582	1.00350869	1.00121546
0.00102400	0.00000000	0.00000000	0.00000000	0.00000000	1.00616109	0.99369293	0.99756390	0.99443471
0.00112640	0.00000000	0.00000000	0.00000000	0.00000000	1.00398779	0.99504787	0.99680048	1.00124991
0.00122880	0.00000000	0.00000000	0.00000000	0.00000000	0.99996030	0.99410444	0.99893868	1.00102866
0.00133120	0.00000000	0.00000000	0.00000000	0.00000000	1.00076175	0.98979318	0.99440145	1.00874496
0.00143360	0.00000000	0.00000000	0.00000000	0.00000000	1.00328469	0.99192685	0.99367702	0.99865550
0.00153600	0.00000000	0.00000000	0.00000000	0.00000000	1.00174141	0.99443895	0.99598682	1.00403333
0.00163840	0.00000000	0.00000000	0.00000000	0.00000000	1.00161862	0.99513698	0.99522150	1.00856590
0.00184320	0.00000000	0.00000000	0.00000000	0.00000000	0.99600852	0.99556273	0.99809623	0.99577463
0.00204800	0.00000000	0.00000000	0.00000000	0.00000000	0.99668723	0.99750656	0.99554664	1.00162280
0.00225280	0.00000000	0.00000000	0.00000000	0.00000000	0.99439579	1.00423288	0.99694645	0.99325061
0.00245760	0.00000000	0.00000000	0.00000000	0.00000000	0.99380964	1.00083542	0.99782467	1.00221026
0.00266240	0.00000000	0.00000000	0.00000000	0.00000000	0.99630111	0.99641192	1.00002098	1.00116575
0.00286720	0.00000000	0.00000000	0.00000000	0.00000000	0.99412054	0.99890399	1.00327873	1.00362027
0.00307200	0.00000000	0.00000000	0.00000000	0.00000000	0.99093741	0.99981564	1.00453436	0.99383539
0.00327680	0.00000000	0.00000000	0.00000000	0.00000000	0.99295032	0.99675655	0.99634588	1.00619805
0.00368640	0.00000000	0.00000000	0.00000000	0.00000000	1.00289941	1.00614405	0.99884981	1.00176013
0.00409600	0.00000000	0.00000000	0.00000000	0.00000000	1.00314367	1.00632024	1.00162578	1.00039363
0.00450560	0.00000000	0.00000000	0.00000000	0.00000000	1.00237560	1.00239658	0.99914378	1.00000882
0.00491520	0.00000000	0.00000000	0.00000000	0.00000000	1.01098084	0.99866235	1.00114155	1.00268960
0.00532480	0.00000000	0.00000000	0.00000000	0.00000000	1.00830472	1.00631690	0.99774945	1.00339639
0.00573440	0.00000000	0.00000000	0.00000000	0.00000000	1.00270033	1.00365996	1.00740325	0.99460614
0.00614400	0.00000000	0.00000000	0.00000000	0.00000000	1.00470006	1.00326025	1.00638795	0.99255192
0.00655360	0.00000000	0.00000000	0.00000000	0.00000000	1.00294220	0.99975723	0.99372536	0.99909651
0.00737280	0.00000000	0.00000000	0.00000000	0.00000000	1.00026083	1.00028300	0.99699569	1.00249302
0.00819200	0.00000000	0.00000000	0.00000000	0.00000000	0.99646032	1.00604820	0.99701953	0.99775535
0.00901120	0.00000000	0.00000000	0.00000000	0.00000000	0.98710245	1.00937617	0.99894607	1.00513327
0.00983040	0.00000000	0.00000000	0.00000000	0.00000000	0.99125367	0.99954963	1.00699782	0.99458414
0.01064960	0.00000000	0.00000000	0.00000000	0.00000000	0.99509549	0.99908918	1.00241935	0.99646890
0.01146880	0.00000000	0.00000000	0.00000000	0.00000000	0.99540561	1.00477028	1.00522089	1.00160885
0.01228800	0.00000000	0.00000000	0.00000000	0.00000000	0.99780917	1.00107110	1.00464416	1.00455058
0.01310720	0.00000000	0.00000000	0.00000000	0.00000000	0.99784654	1.00044799	1.00356781	1.00254154
0.01474560	0.00000000	0.00000000	0.00000000	0.00000000	0.99971437	0.99816257	1.00072896	1.00938737
0.01638400	0.00000000	0.00000000	0.00000000	0.00000000	0.99591082	0.99993241	0.99956936	1.00711453
0.01802240	0.00000000	0.00000000	0.00000000	0.00000000	1.00105691	0.99757332	0.99524581	1.00176203
0.01966080	0.00000000	0.00000000	0.00000000	0.00000000	1.00043833	0.99751925	1.00427294	0.99895251
0.02129920	0.00000000	0.00000000	0.00000000	0.00000000	1.00011671	0.99401575	1.00087190	0.99994594
0.02293760	0.00000000	0.00000000	0.00000000	0.00000000	1.00087440	0.99620044	1.00455284	0.99836320
0.02457600	0.00000000	0.00000000	0.00000000	0.00000000	1.00630450	1.00382733	1.00324798	1.00344026
0.02621440	0.00000000	0.00000000	0.00000000	0.00000000	0.99593049	1.00231528	0.99535149	1.00625765
0.02949120	0.00000000	0.00000000	0.00000000	0.00000000	0.99865133	0.99985564	0.99960810	0.99891728
0.03276800	0.00000000	0.00000000	0.00000000	0.00000000	0.99927139	1.00116885	0.99732822	1.00247860
0.03604480	0.00000000	0.00000000	0.00000000	0.00000000	1.00110149	1.00262582	1.00130093	0.99785221
0.03932160	0.00000000	0.00000000	0.00000000	0.00000000	1.00025916	1.00276208	1.00063801	1.00131452
0.04259840	0.00000000	0.00000000	0.00000000	0.00000000	0.99694085	0.99950302	1.00432765	1.00037408
0.04587520	0.00000000	0.00000000	0.00000000	0.00000000	1.00314188	0.99798763	1.00170135	1.00236881
0.04915200	0.00000000	0.00000000	0.00000000	0.00000000	0.99488825	1.00148642	1.00274968	0.99659616
0.05242880	0.00000000	0.00000000	0.00000000	0.00000000	0.99832076	0.99784011	0.99783069	0.99860144
0.05898240	0.00000000	0.00000000	0.00000000	0.00000000	1.00154543	0.99777883	0.99982226	0.99580812
0.06553600	0.00000000	0.00000000	0.00000000	0.00000000	1.00000107	1.00076818	1.00343394	0.99776036
0.07208960	0.00000000	0.00000000	0.00000000	0.00000000	0.99900246	1.00126374	0.99971753	0.99918699
0.07864320	0.00000000	0.00000000	0.00000000	0.00000000	0.99688828	0.99754888	0.99719626	0.99711114
0.08519680	0.00000000	0.00000000	0.00000000	0.00000000	1.00155878	0.99963790	0.99908096	0.99704409
0.09175040	0.00000000	0.00000000	0.00000000	0.00000000	0.99955010	0.99817204	1.00108552	0.99708974
0.09830400	0.00000000	0.00000000	0.00000000	0.00000000	0.99606222	1.00015020	0.99586374	1.00053346
0.10485760	0.00000000	0.00000000	0.00000000	0.00000000	0.99911547	1.00225735	1.00117481	0.99677247
0.11796480	0.00000000	0.00000000	0.00000000	0.00000000	0.99846768	1.00070786	0.99848878	0.99923116
0.13107200	0.00000000	0.00000000	0.00000000	0.00000000	1.00396383	0.99915349	1.00006509	0.99980617
0.14417920	0.00000000	0.00000000	0.00000000	0.00000000	0.99902785	0.99889320	0.99877936	1.00262201
0.15728641	0.00000000	0.00000000	0.00000000	0.00000000	0.99980563	0.99843270	0.99964666	1.00064242
0.17039360	0.00000000	0.00000000	0.00000000	0.00000000	1.00205636	0.99835736	0.99940735	1.00197053
0.18350080	0.00000000	0.00000000	0.00000000	0.00000000	1.00009871	1.00032580	0.99986821	1.00112641
0.19660801	0.00000000	0.00000000	0.00000000	0.00000000	0.99988753	0.99978685	1.00141883	0.99961907
0.20971520	0.00000000	0.00000000	0.00000000	0.00000000	1.00445390	1.00073338	1.00059211	1.00095212
0.23592959	0.00000000	0.00000000	0.00000000	0.00000000	0.99870938	1.00083280	0.99991745	0.99913794
0.26214400	0.00000000	0.00000000	0.00000000	0.00000000	0.99847782	0.99841100	1.00022781	0.99890596
0.28835839	0.00000000	0.00000000	0.00000000	0.00000000	0.99825484	1.00033128	0.99942636	1.00141966
0.31457281	0.00000000	0.00000000	0.00000000	0.00000000	0.99939960	0.99911463	0.99951118	1.00021613
0.34078720	0.00000000	0.00000000	0.00000000	0.00000000	1.00050867	1.00102890	0.99933517	1.00022244
0.36700159	0.00000000	0.00000000	0.00000000	0.00000000	1.00005293	1.00067639	0.99844038	0.99920273
0.39321601	0.00000000	0.00000000	0.00000000	0.00000000	1.00140560	0.99916953	0.99944365	1.00060081
0.41943040	0.00000000	0.00000000	0.00000000	0.00000000	1.00029659	0.99951214	0.99907768	1.00046134
0.47185919	0.00000000	0.00000000	0.00000000	0.00000000	0.99968189	0.99938828	0.99970984	1.00114858
0.52428800	0.00000000	0.00000000	0.00000000	0.00000000	1.00023866	1.00068939	0.99976861	0.99964178
0.57671678	0.00000000	0.00000000	0.00000000	0.00000000	1.00159431	0.99997699	0.99996251	0.99972719
0.62914562	0.00000000	0.00000000	0.00000000	0.00000000	0.99983084	0.99931830	1.00011194	1.00011003
0.68157440	0.00000000	0.00000000	0.00000000	0.00000000	0.99938148	1.00008643	0.99981707	0.99936628
0.73400319	0.00000000	0.00000000	0.00000000	0.00000000	1.00057936	0.99905884	1.00070143	1.00017333
0.78643203	0.00000000	0.00000000	0.00000000	0.00000000	0.99957263	1.00079930	1.00003934	1.00051570
0.83886081	0.00000000	0.00000000	0.00000000	0.00000000	0.99861270	0.99909091	1.00088429	0.99960107
0.94371837	0.00000000	0.00000000	0.00000000	0.00000000	0.99994808	0.99888855	0.99959868	1.00050759
1.04857600	0.00000000	0.00000000	0.00000000	0.00000000	1.00027061	1.00041616	1.00089228	0.99969745
1.15343356	0.00000000	0.00000000	0.00000000	0.00000000	1.00023162	1.00063109	0.99984330	0.99854624
1.25829124	0.00000000	0.00000000	0.00000000	0.00000000	1.00016665	0.99894983	0.99870896	1.00224221
1.36314881	0.00000000	0.00000000	0.00000000	0.00000000	0.99983203	1.00001562	1.00070882	0.99923700
1.46800637	0.00000000	0.00000000	0.00000000	0.00000000	1.00000298	0.99999839	0.99999487	1.00005770
1.57286406	0.00000000	0.00000000	0.00000000	0.00000000	1.00014961	1.00032663	0.99947321	0.99794382
1.67772162	0.00000000	0.00000000	0.00000000	0.00000000	0.99995679	1.00016451	1.00018418	1.00281191
1.88743675	0.00000000	0.00000000	0.00000000	0.00000000	0.00000000	0.00000000	0.00000000	0.00000000
2.09715199	0.00000000	0.00000000	0.00000000	0.00000000	0.00000000	0.00000000	0.00000000	0.00000000
2.30686712	0.00000000	0.00000000	0.00000000	0.00000000	0.00000000	0.00000000	0.00000000	0.00000000
2.51658249	0.00000000	0.00000000	0.00000000	0.00000000	0.00000000	0.00000000	0.00000000	0.00000000
2.72629762	0.00000000	0.00000000	0.00000000	0.00000000	0.00000000	0.00000000	0.00000000	0.00000000
2.93601274	0.00000000	0.00000000	0.00000000	0.00000000	0.00000000	0.00000000	0.00000000	0.00000000
3.14572811	0.00000000	0.00000000	0.00000000	0.00000000	0.00000000	0.00000000	0.00000000	0.00000000
3.35544324	0.00000000	0.00000000	0.00000000	0.00000000	0.00000000	0.00000000	0.00000000	0.00000000
3.77487350	0.00000000	0.00000000	0.00000000	0.00000000	0.00000000	0.00000000	0.00000000	0.00000000
4.19430399	0.00000000	0.00000000	0.00000000	0.00000000	0.00000000	0.00000000	0.00000000	0.00000000
4.61373425	0.00000000	0.00000000	0.00000000	0.00000000	0.00000000	0.00000000	0.00000000	0.00000000
5.03316498	0.00000000	0.00000000	0.00000000	0.00000000	0.00000000	0.00000000	0.00000000	0.00000000
5.45259523	0.00000000	0.00000000	0.00000000	0.00000000	0.00000000	0.00000000	0.00000000	0.00000000
5.87202549	0.00000000	0.00000000	0.00000000	0.00000000	0.00000000	0.00000000	0.00000000	0.00000000
6.29145622	0.00000000	0.00000000	0.00000000	0.00000000	0.00000000	0.00000000	0.00000000	0.00000000
6.71088648	0.00000000	0.00000000	0.00000000	0.00000000	0.00000000	0.00000000	0.00000000	0.00000000
7.54974699	0.00000000	0.00000000	0.00000000	0.00000000	0.00000000	0.00000000	0.00000000	0.00000000
8.38860798	0.00000000	0.00000000	0.00000000	0.00000000	0.00000000	0.00000000	0.00000000	0.00000000
9.22746849	0.00000000	0.00000000	0.00000000	0.00000000	0.00000000	0.00000000	0.00000000	0.00000000
10.06632996	0.00000000	0.00000000	0.00000000	0.00000000	0.00000000	0.00000000	0.00000000	0.00000000
10.90519047	0.00000000	0.00000000	0.00000000	0.00000000	0.00000000	0.00000000	0.00000000	0.00000000
11.74405098	0.00000000	0.00000000	0.00000000	0.00000000	0.00000000	0.00000000	0.00000000	0.00000000
12.58291245	0.00000000	0.00000000	0.00000000	0.00000000	0.00000000	0.00000000	0.00000000	0.00000000
13.42177296	0.00000000	0.00000000	0.00000000	0.00000000	0.00000000	0.00000000	0.00000000	0.00000000
15.09949398	0.00000000	0.00000000	0.00000000	0.00000000	0.00000000	0.00000000	0.00000000	0.00000000
16.77721596	0.00000000	0.00000000	0.00000000	0.00000000	0.00000000	0.00000000	0.00000000	0.00000000
18.45493698	0.00000000	0.00000000	0.00000000	0.00000000	0.00000000	0.00000000	0.00000000	0.00000000
20.13265991	0.00000000	0.00000000	0.00000000	0.00000000	0.00000000	0.00000000	0.00000000	0.00000000
21.81038094	0.00000000	0.00000000	0.00000000	0.00000000	0.00000000	0.00000000	0.00000000	0.00000000
23.48810196	0.00000000	0.00000000	0.00000000	0.00000000	0.00000000	0.00000000	0.00000000	0.00000000
25.16582489	0.00000000	0.00000000	0.00000000	0.00000000	0.00000000	0.00000000	0.00000000	0.00000000
26.84354591	0.00000000	0.00000000	0.00000000	0.00000000	0.00000000	0.00000000	0.00000000	0.00000000
30.19898796	0.00000000	0.00000000	0.00000000	0.00000000	0.00000000	0.00000000	0.00000000	0.00000000
33.55443192	0.00000000	0.00000000	0.00000000	0.00000000	0.00000000	0.00000000	0.00000000	0.00000000
36.90987396	0.00000000	0.00000000	0.00000000	0.00000000	0.00000000	0.00000000	0.00000000	0.00000000
40.26531982	0.00000000	0.00000000	0.00000000	0.00000000	0.00000000	0.00000000	0.00000000	0.00000000
43.62076187	0.00000000	0.00000000	0.00000000	0.00000000	0.00000000	0.00000000	0.00000000	0.00000000
46.97620392	0.00000000	0.00000000	0.00000000	0.00000000	0.00000000	0.00000000	0.00000000	0.00000000
50.33164978	0.00000000	0.00000000	0.00000000	0.00000000	0.00000000	0.00000000	0.00000000	0.00000000
53.68709183	0.00000000	0.00000000	0.00000000	0.00000000	0.00000000	0.00000000	0.00000000	0.00000000
60.39797592	0.00000000	0.00000000	0.00000000	0.00000000	0.00000000	0.00000000	0.00000000	0.00000000
67.10886383	0.00000000	0.00000000	0.00000000	0.00000000	0.00000000	0.00000000	0.00000000	0.00000000
73.81974792	0.00000000	0.00000000	0.00000000	0.00000000	0.00000000	0.00000000	0.00000000	0.00000000
80.53063965	0.00000000	0.00000000	0.00000000	0.00000000	0.00000000	0.00000000	0.00000000	0.00000000
87.24152374	0.00000000	0.00000000	0.00000000	0.00000000	0.00000000	0.00000000	0.00000000	0.00000000
93.95240784	0.00000000	0.00000000	0.00000000	0.00000000	0.00000000	0.00000000	0.00000000	0.00000000
100.66329956	0.00000000	0.00000000	0.00000000	0.00000000	0.00000000	0.00000000	0.00000000	0.00000000
107.37418365	0.00000000	0.00000000	0.00000000	0.00000000	0.00000000	0.00000000	0.00000000	0.00000000
120.79595184	0.00000000	0.00000000	0.00000000	0.00000000	0.00000000	0.00000000	0.00000000	0.00000000
134.21772766	0.00000000	0.00000000	0.00000000	0.00000000	0.00000000	0.00000000	0.00000000	0.00000000
147.63949585	0.00000000	0.00000000	0.00000000	0.00000000	0.00000000	0.00000000	0.00000000	0.00000000
161.06127930	0.00000000	0.00000000	0.00000000	0.00000000	0.00000000	0.00000000	0.00000000	0.00000000
174.48304749	0.00000000	0.00000000	0.00000000	0.00000000	0.00000000	0.00000000	0.00000000	0.00000000
187.90481567	0.00000000	0.00000000	0.00000000	0.00000000	0.00000000	0.00000000	0.00000000	0.00000000
201.32659912	0.00000000	0.00000000	0.00000000	0.00000000	0.00000000	0.00000000	0.00000000	0.00000000
214.74836731	0.00000000	0.00000000	0.00000000	0.00000000	0.00000000	0.00000000	0.00000000	0.00000000
241.59190369	0.00000000	0.00000000	0.00000000	0.00000000	0.00000000	0.00000000	0.00000000	0.00000000
268.43545532	0.00000000	0.00000000	0.00000000	0.00000000	0.00000000	0.00000000	0.00000000	0.00000000
295.27899170	0.00000000	0.00000000	0.00000000	0.00000000	0.00000000	0.00000000	0.00000000	0.00000000
322.12255859	0.00000000	0.00000000	0.00000000	0.00000000	0.00000000	0.00000000	0.00000000	0.00000000
348.96609497	0.00000000	0.00000000	0.00000000	0.00000000	0.00000000	0.00000000	0.00000000	0.00000000
375.80963135	0.00000000	0.00000000	0.00000000	0.00000000	0.00000000	0.00000000	0.00000000	0.00000000
402.65319824	0.00000000	0.00000000	0.00000000	0.00000000	0.00000000	0.00000000	0.00000000	0.00000000
429.49673462	0.00000000	0.00000000	0.00000000	0.00000000	0.00000000	0.00000000	0.00000000	0.00000000
483.18380737	0.00000000	0.00000000	0.00000000	0.00000000	0.00000000	0.00000000	0.00000000	0.00000000
536.87091064	0.00000000	0.00000000	0.00000000	0.00000000	0.00000000	0.00000000	0.00000000	0.00000000
590.55798340	0.00000000	0.00000000	0.00000000	0.00000000	0.00000000	0.00000000	0.00000000	0.00000000
644.24511719	0.00000000	0.00000000	0.00000000	0.00000000	0.00000000	0.00000000	0.00000000	0.00000000
697.93218994	0.00000000	0.00000000	0.00000000	0.00000000	0.00000000	0.00000000	0.00000000	0.00000000
751.61926270	0.00000000	0.00000000	0.00000000	0.00000000	0.00000000	0.00000000	0.00000000	0.00000000
805.30639648	0.00000000	0.00000000	0.00000000	0.00000000	0.00000000	0.00000000	0.00000000	0.00000000
858.99346924	0.00000000	0.00000000	0.00000000	0.00000000	0.00000000	0.00000000	0.00000000	0.00000000
966.36761475	0.00000000	0.00000000	0.00000000	0.00000000	0.00000000	0.00000000	0.00000000	0.00000000
1073.74182129	0.00000000	0.00000000	0.00000000	0.00000000	0.00000000	0.00000000	0.00000000	0.00000000
1181.11596680	0.00000000	0.00000000	0.00000000	0.00000000	0.00000000	0.00000000	0.00000000	0.00000000
1288.49023437	0.00000000	0.00000000	0.00000000	0.00000000	0.00000000	0.00000000	0.00000000	0.00000000
1395.86437988	0.00000000	0.00000000	0.00000000	0.00000000	0.00000000	0.00000000	0.00000000	0.00000000
1503.23852539	0.00000000	0.00000000	0.00000000	0.00000000	0.00000000	0.00000000	0.00000000	0.00000000
1610.61279297	0.00000000	0.00000000	0.00000000	0.00000000	0.00000000	0.00000000	0.00000000	0.00000000
1717.98693848	0.00000000	0.00000000	0.00000000	0.00000000	0.00000000	0.00000000	0.00000000	0.00000000
1932.73522949	0.00000000	0.00000000	0.00000000	0.00000000	0.00000000	0.00000000	0.00000000	0.00000000
2147.48364258	0.00000000	0.00000000	0.00000000	0.00000000	0.00000000	0.00000000	0.00000000	0.00000000
2362.23193359	0.00000000	0.00000000	0.00000000	0.00000000	0.00000000	0.00000000	0.00000000	0.00000000
2576.98046875	0.00000000	0.00000000	0.00000000	0.00000000	0.00000000	0.00000000	0.00000000	0.00000000
2791.72875977	0.00000000	0.00000000	0.00000000	0.00000000	0.00000000	0.00000000	0.00000000	0.00000000
3006.47705078	0.00000000	0.00000000	0.00000000	0.00000000	0.00000000	0.00000000	0.00000000	0.00000000
3221.22558594	0.00000000	0.00000000	0.00000000	0.00000000	0.00000000	0.00000000	0.00000000	0.00000000
3435.97387695	0.00000000	0.00000000	0.00000000	0.00000000	0.00000000	0.00000000	0.00000000	0.00000000
0	0	0	0	0	0	0	0	0
