%3/28/2019 10:06:29 PM
%Duration	ID1		ID2		ID3		ID4		ID5		ID6		ID7		ID8
3000.000000	0.000000	0.000000	0.000000	0.000000	244.207382	240.135193	108.766556	30.107498
%Tau		Tau1		Tau2		Tau3		Tau4		Tau5		Tau6		Tau7		Tau8
%		0.000000	0.000000	0.000000	0.000000	0.000307	0.000230	0.000154	0.000096
%Delaytime	D1		D2		D3		D4		D5		D6		D7		D8
0.00000020	0.00000000	0.00000000	0.00000000	0.00000000	1.63954365	1.77912259	2.31690145	2.09067702
0.00000040	0.00000000	0.00000000	0.00000000	0.00000000	1.54482055	1.50965691	1.60156000	1.60473585
0.00000060	0.00000000	0.00000000	0.00000000	0.00000000	1.50572217	1.48879218	1.47392774	1.64240563
0.00000080	0.00000000	0.00000000	0.00000000	0.00000000	1.48194063	1.49148440	1.46521866	1.52562904
0.00000100	0.00000000	0.00000000	0.00000000	0.00000000	1.49259341	1.48420322	1.50005484	1.54446399
0.00000120	0.00000000	0.00000000	0.00000000	0.00000000	1.47123027	1.47973657	1.49224675	1.53693008
0.00000140	0.00000000	0.00000000	0.00000000	0.00000000	1.48050106	1.48187816	1.47633016	1.48042524
0.00000160	0.00000000	0.00000000	0.00000000	0.00000000	1.47894633	1.49484968	1.45590901	1.49549317
0.00000180	0.00000000	0.00000000	0.00000000	0.00000000	1.46449316	1.48499870	1.47452831	1.39755154
0.00000200	0.00000000	0.00000000	0.00000000	0.00000000	1.47169089	1.47643256	1.46702051	1.36741567
0.00000220	0.00000000	0.00000000	0.00000000	0.00000000	1.49299645	1.48554933	1.48924363	1.57083297
0.00000240	0.00000000	0.00000000	0.00000000	0.00000000	1.48735332	1.48689544	1.45410717	1.52186215
0.00000260	0.00000000	0.00000000	0.00000000	0.00000000	1.47549140	1.47178233	1.48353767	1.57083297
0.00000280	0.00000000	0.00000000	0.00000000	0.00000000	1.47860086	1.49625695	1.46431780	1.46159029
0.00000300	0.00000000	0.00000000	0.00000000	0.00000000	1.47220922	1.50886142	1.46371710	1.49549317
0.00000320	0.00000000	0.00000000	0.00000000	0.00000000	1.50295818	1.46327746	1.50696194	1.44652236
0.00000360	0.00000000	0.00000000	0.00000000	0.00000000	1.48384082	1.48123562	1.50005484	1.50302720
0.00000400	0.00000000	0.00000000	0.00000000	0.00000000	1.49003088	1.47490287	1.50185668	1.49549317
0.00000440	0.00000000	0.00000000	0.00000000	0.00000000	1.47569287	1.47686088	1.47948349	1.57648337
0.00000480	0.00000000	0.00000000	0.00000000	0.00000000	1.47396541	1.46896780	1.46461809	1.44652236
0.00000520	0.00000000	0.00000000	0.00000000	0.00000000	1.46360064	1.48368311	1.48834264	1.44087195
0.00000560	0.00000000	0.00000000	0.00000000	0.00000000	1.47292900	1.46037102	1.49074519	1.55011451
0.00000600	0.00000000	0.00000000	0.00000000	0.00000000	1.46846628	1.48830271	1.44780064	1.50491071
0.00000640	0.00000000	0.00000000	0.00000000	0.00000000	1.48435903	1.46838653	1.45861185	1.45782340
0.00000720	0.00000000	0.00000000	0.00000000	0.00000000	1.47752118	1.47063506	1.45395696	1.43522143
0.00000800	0.00000000	0.00000000	0.00000000	0.00000000	1.47380710	1.47707498	1.43924177	1.44746411
0.00000880	0.00000000	0.00000000	0.00000000	0.00000000	1.47452688	1.46973264	1.47595477	1.44746411
0.00000960	0.00000000	0.00000000	0.00000000	0.00000000	1.47465646	1.46266556	1.45035326	1.42768753
0.00001040	0.00000000	0.00000000	0.00000000	0.00000000	1.47701728	1.45735765	1.47009873	1.40602732
0.00001120	0.00000000	0.00000000	0.00000000	0.00000000	1.46931565	1.46338451	1.45117915	1.44840586
0.00001200	0.00000000	0.00000000	0.00000000	0.00000000	1.47431099	1.46108997	1.45613432	1.41073608
0.00001280	0.00000000	0.00000000	0.00000000	0.00000000	1.45964181	1.46621442	1.46108937	1.41073608
0.00001440	0.00000000	0.00000000	0.00000000	0.00000000	1.46502578	1.46014929	1.44029284	1.40979433
0.00001600	0.00000000	0.00000000	0.00000000	0.00000000	1.46812081	1.45460427	1.43409896	1.42815840
0.00001760	0.00000000	0.00000000	0.00000000	0.00000000	1.46688998	1.44771302	1.44295812	1.42627490
0.00001920	0.00000000	0.00000000	0.00000000	0.00000000	1.46323347	1.44962513	1.43856609	1.43757582
0.00002080	0.00000000	0.00000000	0.00000000	0.00000000	1.45599258	1.44314706	1.42918134	1.37447882
0.00002240	0.00000000	0.00000000	0.00000000	0.00000000	1.46144128	1.43977416	1.43466198	1.37965846
0.00002400	0.00000000	0.00000000	0.00000000	0.00000000	1.45303428	1.44332290	1.41517925	1.35281861
0.00002560	0.00000000	0.00000000	0.00000000	0.00000000	1.45351648	1.43907046	1.42651606	1.36977005
0.00002880	0.00000000	0.00000000	0.00000000	0.00000000	1.45086503	1.43331206	1.40332699	1.38864625
0.00003200	0.00000000	0.00000000	0.00000000	0.00000000	1.44760048	1.42732644	1.39955378	1.38441539
0.00003520	0.00000000	0.00000000	0.00000000	0.00000000	1.44714558	1.41625941	1.39112055	1.39121592
0.00003840	0.00000000	0.00000000	0.00000000	0.00000000	1.43808413	1.41506863	1.38970554	1.35948527
0.00004160	0.00000000	0.00000000	0.00000000	0.00000000	1.43263721	1.40662837	1.38629079	1.34068179
0.00004480	0.00000000	0.00000000	0.00000000	0.00000000	1.42873776	1.40287924	1.38200819	1.31294680
0.00004800	0.00000000	0.00000000	0.00000000	0.00000000	1.42662036	1.39652979	1.36931121	1.33198524
0.00005120	0.00000000	0.00000000	0.00000000	0.00000000	1.42773497	1.39393723	1.35310507	1.29672885
0.00005760	0.00000000	0.00000000	0.00000000	0.00000000	1.41936398	1.38246214	1.34515691	1.31039548
0.00006400	0.00000000	0.00000000	0.00000000	0.00000000	1.40857673	1.36867666	1.33582532	1.29640508
0.00007040	0.00000000	0.00000000	0.00000000	0.00000000	1.40648484	1.36102998	1.32231832	1.28699970
0.00007680	0.00000000	0.00000000	0.00000000	0.00000000	1.39708245	1.35071838	1.31621039	1.28100383
0.00008320	0.00000000	0.00000000	0.00000000	0.00000000	1.38627005	1.34159553	1.30590808	1.24056101
0.00008960	0.00000000	0.00000000	0.00000000	0.00000000	1.38141918	1.33299708	1.28672135	1.24208939
0.00009600	0.00000000	0.00000000	0.00000000	0.00000000	1.37667251	1.32429528	1.27918077	1.23551965
0.00010240	0.00000000	0.00000000	0.00000000	0.00000000	1.37077379	1.31260920	1.26798701	1.21741426
0.00011520	0.00000000	0.00000000	0.00000000	0.00000000	1.35753870	1.29671931	1.24732423	1.20941556
0.00012800	0.00000000	0.00000000	0.00000000	0.00000000	1.34439099	1.27991986	1.22542918	1.18430030
0.00014080	0.00000000	0.00000000	0.00000000	0.00000000	1.33172023	1.26634324	1.21333778	1.17072082
0.00015360	0.00000000	0.00000000	0.00000000	0.00000000	1.31929970	1.25178456	1.19740915	1.15449584
0.00016640	0.00000000	0.00000000	0.00000000	0.00000000	1.30774224	1.24012303	1.18589687	1.14708889
0.00017920	0.00000000	0.00000000	0.00000000	0.00000000	1.29448533	1.22672749	1.17068291	1.12363327
0.00019200	0.00000000	0.00000000	0.00000000	0.00000000	1.28177285	1.21430171	1.15930724	1.11505055
0.00020480	0.00000000	0.00000000	0.00000000	0.00000000	1.27351677	1.20219505	1.14372790	1.11070037
0.00023040	0.00000000	0.00000000	0.00000000	0.00000000	1.25122559	1.18010902	1.12026155	1.08320284
0.00025600	0.00000000	0.00000000	0.00000000	0.00000000	1.23123026	1.16116679	1.10211921	1.07093799
0.00028160	0.00000000	0.00000000	0.00000000	0.00000000	1.21270168	1.14142728	1.08756411	1.05725765
0.00030720	0.00000000	0.00000000	0.00000000	0.00000000	1.19328570	1.12390471	1.07317543	1.03496766
0.00033280	0.00000000	0.00000000	0.00000000	0.00000000	1.17636776	1.10961521	1.06820476	1.04022145
0.00035840	0.00000000	0.00000000	0.00000000	0.00000000	1.15974319	1.09731436	1.05262685	1.02836204
0.00038400	0.00000000	0.00000000	0.00000000	0.00000000	1.14656222	1.08637309	1.04243708	1.01985216
0.00040960	0.00000000	0.00000000	0.00000000	0.00000000	1.13274133	1.07588434	1.03980148	1.02234983
0.00046080	0.00000000	0.00000000	0.00000000	0.00000000	1.11088300	1.05860603	1.03140736	1.00987124
0.00051200	0.00000000	0.00000000	0.00000000	0.00000000	1.09165502	1.04479957	1.02459991	1.00409102
0.00056320	0.00000000	0.00000000	0.00000000	0.00000000	1.07485998	1.03317487	1.02211523	1.00025785
0.00061440	0.00000000	0.00000000	0.00000000	0.00000000	1.05959570	1.02651978	1.01520300	1.00028729
0.00066560	0.00000000	0.00000000	0.00000000	0.00000000	1.04732192	1.02124083	1.01268721	1.00502038
0.00071680	0.00000000	0.00000000	0.00000000	0.00000000	1.03815711	1.01664209	1.01035321	0.99561387
0.00076800	0.00000000	0.00000000	0.00000000	0.00000000	1.02965713	1.01345229	1.00815952	0.99859458
0.00081920	0.00000000	0.00000000	0.00000000	0.00000000	1.02309537	1.00813937	1.00654638	1.00604749
0.00092160	0.00000000	0.00000000	0.00000000	0.00000000	1.01485026	1.00352192	1.00093019	1.00496411
0.00102400	0.00000000	0.00000000	0.00000000	0.00000000	1.01074135	1.00012732	1.00040793	0.99657154
0.00112640	0.00000000	0.00000000	0.00000000	0.00000000	1.00844407	0.99929714	1.00189185	0.99956518
0.00122880	0.00000000	0.00000000	0.00000000	0.00000000	1.00638473	0.99945438	1.00498199	1.00350308
0.00133120	0.00000000	0.00000000	0.00000000	0.00000000	1.00476170	0.99807686	1.00764740	1.00171173
0.00143360	0.00000000	0.00000000	0.00000000	0.00000000	1.00311172	0.99889463	1.00433874	0.99936152
0.00153600	0.00000000	0.00000000	0.00000000	0.00000000	1.00031817	0.99822366	1.00030839	0.99966699
0.00163840	0.00000000	0.00000000	0.00000000	0.00000000	1.00032198	0.99803281	0.99968475	1.00220644
0.00184320	0.00000000	0.00000000	0.00000000	0.00000000	1.00253379	0.99920440	1.00082600	1.00104177
0.00204800	0.00000000	0.00000000	0.00000000	0.00000000	1.00322711	0.99966574	1.00048280	1.00866759
0.00225280	0.00000000	0.00000000	0.00000000	0.00000000	1.00311267	1.00141466	1.00234282	1.00159419
0.00245760	0.00000000	0.00000000	0.00000000	0.00000000	1.00188494	1.00300181	1.00237894	1.00277078
0.00266240	0.00000000	0.00000000	0.00000000	0.00000000	1.00022912	1.00047958	1.00346768	0.99860364
0.00286720	0.00000000	0.00000000	0.00000000	0.00000000	0.99932730	0.99967986	1.00269747	1.00242937
0.00307200	0.00000000	0.00000000	0.00000000	0.00000000	0.99843007	1.00183237	0.99932063	1.00089300
0.00327680	0.00000000	0.00000000	0.00000000	0.00000000	0.99546385	1.00598860	0.99896473	0.99999636
0.00368640	0.00000000	0.00000000	0.00000000	0.00000000	0.99756616	1.00148213	1.00066316	1.00313675
0.00409600	0.00000000	0.00000000	0.00000000	0.00000000	1.00043082	1.00087357	1.00445652	1.00036931
0.00450560	0.00000000	0.00000000	0.00000000	0.00000000	1.00130165	1.00025761	0.99985701	1.00272214
0.00491520	0.00000000	0.00000000	0.00000000	0.00000000	1.00182056	1.00360370	1.00119722	1.00075161
0.00532480	0.00000000	0.00000000	0.00000000	0.00000000	1.00274932	1.00206161	0.99930447	1.00365353
0.00573440	0.00000000	0.00000000	0.00000000	0.00000000	1.00104797	0.99760139	1.00060856	1.00046492
0.00614400	0.00000000	0.00000000	0.00000000	0.00000000	0.99960375	0.99465001	0.99868715	0.99941188
0.00655360	0.00000000	0.00000000	0.00000000	0.00000000	1.00129879	0.99580991	0.99934167	0.99936742
0.00737280	0.00000000	0.00000000	0.00000000	0.00000000	1.00085938	1.00041699	0.99786109	0.99854434
0.00819200	0.00000000	0.00000000	0.00000000	0.00000000	0.99930018	0.99933368	0.99889535	0.99889201
0.00901120	0.00000000	0.00000000	0.00000000	0.00000000	0.99586552	0.99876589	1.00014806	0.99719697
0.00983040	0.00000000	0.00000000	0.00000000	0.00000000	1.00018156	0.99820036	0.99773413	1.00037837
0.01064960	0.00000000	0.00000000	0.00000000	0.00000000	1.00271344	1.00045562	0.99931431	0.99519587
0.01146880	0.00000000	0.00000000	0.00000000	0.00000000	1.00204194	1.00021958	0.99773842	0.99453771
0.01228800	0.00000000	0.00000000	0.00000000	0.00000000	1.00037766	0.99921024	1.00040078	0.99895740
0.01310720	0.00000000	0.00000000	0.00000000	0.00000000	0.99825400	1.00502861	0.99972886	0.99617767
0.01474560	0.00000000	0.00000000	0.00000000	0.00000000	1.00033092	1.00271547	1.00066543	1.00022781
0.01638400	0.00000000	0.00000000	0.00000000	0.00000000	1.00030434	1.00268483	0.99989116	0.99565589
0.01802240	0.00000000	0.00000000	0.00000000	0.00000000	0.99921936	0.99984169	1.00040734	0.99750459
0.01966080	0.00000000	0.00000000	0.00000000	0.00000000	1.00374329	0.99885881	1.00255823	1.00220311
0.02129920	0.00000000	0.00000000	0.00000000	0.00000000	0.99934286	1.00377238	1.00039673	1.00016344
0.02293760	0.00000000	0.00000000	0.00000000	0.00000000	1.00329912	1.00135267	1.00009203	0.99832875
0.02457600	0.00000000	0.00000000	0.00000000	0.00000000	1.00399339	0.99996060	0.99842161	1.00312245
0.02621440	0.00000000	0.00000000	0.00000000	0.00000000	1.00001836	1.00046384	0.99864441	0.99968749
0.02949120	0.00000000	0.00000000	0.00000000	0.00000000	1.00155616	1.00103569	0.99958795	1.00200284
0.03276800	0.00000000	0.00000000	0.00000000	0.00000000	1.00002289	0.99983621	1.00147188	0.99889642
0.03604480	0.00000000	0.00000000	0.00000000	0.00000000	0.99956286	0.99961710	1.00143111	0.99938166
0.03932160	0.00000000	0.00000000	0.00000000	0.00000000	1.00145698	1.00210285	1.00009990	1.00245702
0.04259840	0.00000000	0.00000000	0.00000000	0.00000000	1.00124562	0.99900496	1.00081432	1.00100029
0.04587520	0.00000000	0.00000000	0.00000000	0.00000000	0.99874729	1.00092673	0.99954683	1.00048673
0.04915200	0.00000000	0.00000000	0.00000000	0.00000000	1.00135350	0.99793643	0.99981153	0.99982405
0.05242880	0.00000000	0.00000000	0.00000000	0.00000000	1.00338781	1.00034130	1.00201917	0.99944967
0.05898240	0.00000000	0.00000000	0.00000000	0.00000000	1.00004065	1.00082874	1.00042045	0.99928516
0.06553600	0.00000000	0.00000000	0.00000000	0.00000000	1.00133586	0.99918616	0.99886501	1.00168169
0.07208960	0.00000000	0.00000000	0.00000000	0.00000000	1.00080562	1.00141144	0.99891478	0.99998766
0.07864320	0.00000000	0.00000000	0.00000000	0.00000000	1.00138700	0.99975443	1.00042486	0.99993551
0.08519680	0.00000000	0.00000000	0.00000000	0.00000000	0.99978787	1.00083315	0.99984050	0.99928111
0.09175040	0.00000000	0.00000000	0.00000000	0.00000000	1.00190187	1.00116670	0.99968505	1.00020194
0.09830400	0.00000000	0.00000000	0.00000000	0.00000000	1.00018203	1.00064778	1.00181425	0.99976724
0.10485760	0.00000000	0.00000000	0.00000000	0.00000000	0.99746555	1.00058746	0.99953723	1.00035167
0.11796480	0.00000000	0.00000000	0.00000000	0.00000000	0.99919492	1.00002015	0.99977136	1.00038755
0.13107200	0.00000000	0.00000000	0.00000000	0.00000000	1.00216269	0.99961013	1.00065124	0.99945939
0.14417920	0.00000000	0.00000000	0.00000000	0.00000000	1.00243866	1.00001931	1.00020337	1.00076604
0.15728641	0.00000000	0.00000000	0.00000000	0.00000000	0.99715859	1.00007033	0.99888933	0.99940389
0.17039360	0.00000000	0.00000000	0.00000000	0.00000000	0.99906123	1.00101042	1.00052607	1.00082827
0.18350080	0.00000000	0.00000000	0.00000000	0.00000000	1.00077498	1.00024533	0.99982303	0.99950081
0.19660801	0.00000000	0.00000000	0.00000000	0.00000000	1.00040638	1.00177896	0.99937862	0.99954432
0.20971520	0.00000000	0.00000000	0.00000000	0.00000000	0.99691278	1.00038016	1.00072205	0.99972302
0.23592959	0.00000000	0.00000000	0.00000000	0.00000000	0.99942154	0.99988872	0.99984938	1.00015199
0.26214400	0.00000000	0.00000000	0.00000000	0.00000000	0.99976766	1.00000560	0.99958807	0.99912226
0.28835839	0.00000000	0.00000000	0.00000000	0.00000000	1.00013185	1.00001216	0.99910235	0.99997079
0.31457281	0.00000000	0.00000000	0.00000000	0.00000000	0.99989456	0.99959439	0.99951446	1.00013208
0.34078720	0.00000000	0.00000000	0.00000000	0.00000000	0.99903756	1.00039899	0.99940360	0.99983525
0.36700159	0.00000000	0.00000000	0.00000000	0.00000000	1.00053442	1.00007069	1.00044775	1.00018668
0.39321601	0.00000000	0.00000000	0.00000000	0.00000000	0.99918669	0.99998033	1.00088537	0.99931777
0.41943040	0.00000000	0.00000000	0.00000000	0.00000000	0.99947637	1.00089455	0.99997330	0.99944109
0.47185919	0.00000000	0.00000000	0.00000000	0.00000000	1.00046968	0.99907476	1.00006294	0.99990374
0.52428800	0.00000000	0.00000000	0.00000000	0.00000000	1.00023508	0.99951541	1.00025403	0.99998230
0.57671678	0.00000000	0.00000000	0.00000000	0.00000000	0.99989009	1.00001287	0.99985522	0.99986637
0.62914562	0.00000000	0.00000000	0.00000000	0.00000000	1.00019932	0.99990350	1.00061429	0.99968952
0.68157440	0.00000000	0.00000000	0.00000000	0.00000000	1.00002551	0.99996585	0.99991912	0.99976301
0.73400319	0.00000000	0.00000000	0.00000000	0.00000000	0.99895930	1.00060248	1.00005531	1.00000632
0.78643203	0.00000000	0.00000000	0.00000000	0.00000000	1.00013387	1.00010896	1.00037742	1.00003719
0.83886081	0.00000000	0.00000000	0.00000000	0.00000000	0.99895442	1.00021601	0.99986923	0.99992114
0.94371837	0.00000000	0.00000000	0.00000000	0.00000000	1.00085962	1.00002170	0.99971104	1.00031269
1.04857600	0.00000000	0.00000000	0.00000000	0.00000000	0.99910277	0.99968886	1.00003755	0.99990189
1.15343356	0.00000000	0.00000000	0.00000000	0.00000000	0.99982834	0.99954110	0.99964839	0.99974775
1.25829124	0.00000000	0.00000000	0.00000000	0.00000000	1.00057054	0.99937254	1.00021660	0.99982721
1.36314881	0.00000000	0.00000000	0.00000000	0.00000000	0.99947023	0.99922842	0.99987012	0.99998707
1.46800637	0.00000000	0.00000000	0.00000000	0.00000000	0.99979961	1.00013423	1.00002444	1.00024343
1.57286406	0.00000000	0.00000000	0.00000000	0.00000000	0.99945641	1.00038028	0.99927127	1.00004232
1.67772162	0.00000000	0.00000000	0.00000000	0.00000000	1.00016749	1.00007653	1.00001538	1.00008547
1.88743675	0.00000000	0.00000000	0.00000000	0.00000000	1.00042892	1.00005424	1.00015628	1.00020456
2.09715199	0.00000000	0.00000000	0.00000000	0.00000000	0.99985802	0.99988025	0.99990106	0.99966550
2.30686712	0.00000000	0.00000000	0.00000000	0.00000000	0.99991071	1.00026643	0.99986202	0.99987698
2.51658249	0.00000000	0.00000000	0.00000000	0.00000000	1.00016212	1.00057888	0.99993145	1.00014293
2.72629762	0.00000000	0.00000000	0.00000000	0.00000000	1.00083256	0.99996775	1.00000060	0.99977291
2.93601274	0.00000000	0.00000000	0.00000000	0.00000000	0.99946600	0.99950987	0.99947613	0.99978596
3.14572811	0.00000000	0.00000000	0.00000000	0.00000000	0.99994785	1.00017667	0.99990773	1.00014091
3.35544324	0.00000000	0.00000000	0.00000000	0.00000000	1.00018990	1.00050497	0.99984848	1.00066996
3.77487350	0.00000000	0.00000000	0.00000000	0.00000000	0.99984515	0.99925894	0.99989736	0.99992311
4.19430399	0.00000000	0.00000000	0.00000000	0.00000000	0.99994272	1.00047636	1.00002635	1.00002801
4.61373425	0.00000000	0.00000000	0.00000000	0.00000000	0.99994373	0.99986821	0.99996096	0.99997818
5.03316498	0.00000000	0.00000000	0.00000000	0.00000000	1.00000000	1.00000000	1.00000000	1.00000000
5.45259523	0.00000000	0.00000000	0.00000000	0.00000000	0.00000000	0.00000000	0.00000000	0.00000000
5.87202549	0.00000000	0.00000000	0.00000000	0.00000000	0.00000000	0.00000000	0.00000000	0.00000000
6.29145622	0.00000000	0.00000000	0.00000000	0.00000000	0.00000000	0.00000000	0.00000000	0.00000000
6.71088648	0.00000000	0.00000000	0.00000000	0.00000000	0.00000000	0.00000000	0.00000000	0.00000000
7.54974699	0.00000000	0.00000000	0.00000000	0.00000000	0.00000000	0.00000000	0.00000000	0.00000000
8.38860798	0.00000000	0.00000000	0.00000000	0.00000000	0.00000000	0.00000000	0.00000000	0.00000000
9.22746849	0.00000000	0.00000000	0.00000000	0.00000000	0.00000000	0.00000000	0.00000000	0.00000000
10.06632996	0.00000000	0.00000000	0.00000000	0.00000000	0.00000000	0.00000000	0.00000000	0.00000000
10.90519047	0.00000000	0.00000000	0.00000000	0.00000000	0.00000000	0.00000000	0.00000000	0.00000000
11.74405098	0.00000000	0.00000000	0.00000000	0.00000000	0.00000000	0.00000000	0.00000000	0.00000000
12.58291245	0.00000000	0.00000000	0.00000000	0.00000000	0.00000000	0.00000000	0.00000000	0.00000000
13.42177296	0.00000000	0.00000000	0.00000000	0.00000000	0.00000000	0.00000000	0.00000000	0.00000000
15.09949398	0.00000000	0.00000000	0.00000000	0.00000000	0.00000000	0.00000000	0.00000000	0.00000000
16.77721596	0.00000000	0.00000000	0.00000000	0.00000000	0.00000000	0.00000000	0.00000000	0.00000000
18.45493698	0.00000000	0.00000000	0.00000000	0.00000000	0.00000000	0.00000000	0.00000000	0.00000000
20.13265991	0.00000000	0.00000000	0.00000000	0.00000000	0.00000000	0.00000000	0.00000000	0.00000000
21.81038094	0.00000000	0.00000000	0.00000000	0.00000000	0.00000000	0.00000000	0.00000000	0.00000000
23.48810196	0.00000000	0.00000000	0.00000000	0.00000000	0.00000000	0.00000000	0.00000000	0.00000000
25.16582489	0.00000000	0.00000000	0.00000000	0.00000000	0.00000000	0.00000000	0.00000000	0.00000000
26.84354591	0.00000000	0.00000000	0.00000000	0.00000000	0.00000000	0.00000000	0.00000000	0.00000000
30.19898796	0.00000000	0.00000000	0.00000000	0.00000000	0.00000000	0.00000000	0.00000000	0.00000000
33.55443192	0.00000000	0.00000000	0.00000000	0.00000000	0.00000000	0.00000000	0.00000000	0.00000000
36.90987396	0.00000000	0.00000000	0.00000000	0.00000000	0.00000000	0.00000000	0.00000000	0.00000000
40.26531982	0.00000000	0.00000000	0.00000000	0.00000000	0.00000000	0.00000000	0.00000000	0.00000000
43.62076187	0.00000000	0.00000000	0.00000000	0.00000000	0.00000000	0.00000000	0.00000000	0.00000000
46.97620392	0.00000000	0.00000000	0.00000000	0.00000000	0.00000000	0.00000000	0.00000000	0.00000000
50.33164978	0.00000000	0.00000000	0.00000000	0.00000000	0.00000000	0.00000000	0.00000000	0.00000000
53.68709183	0.00000000	0.00000000	0.00000000	0.00000000	0.00000000	0.00000000	0.00000000	0.00000000
60.39797592	0.00000000	0.00000000	0.00000000	0.00000000	0.00000000	0.00000000	0.00000000	0.00000000
67.10886383	0.00000000	0.00000000	0.00000000	0.00000000	0.00000000	0.00000000	0.00000000	0.00000000
73.81974792	0.00000000	0.00000000	0.00000000	0.00000000	0.00000000	0.00000000	0.00000000	0.00000000
80.53063965	0.00000000	0.00000000	0.00000000	0.00000000	0.00000000	0.00000000	0.00000000	0.00000000
87.24152374	0.00000000	0.00000000	0.00000000	0.00000000	0.00000000	0.00000000	0.00000000	0.00000000
93.95240784	0.00000000	0.00000000	0.00000000	0.00000000	0.00000000	0.00000000	0.00000000	0.00000000
100.66329956	0.00000000	0.00000000	0.00000000	0.00000000	0.00000000	0.00000000	0.00000000	0.00000000
107.37418365	0.00000000	0.00000000	0.00000000	0.00000000	0.00000000	0.00000000	0.00000000	0.00000000
120.79595184	0.00000000	0.00000000	0.00000000	0.00000000	0.00000000	0.00000000	0.00000000	0.00000000
134.21772766	0.00000000	0.00000000	0.00000000	0.00000000	0.00000000	0.00000000	0.00000000	0.00000000
147.63949585	0.00000000	0.00000000	0.00000000	0.00000000	0.00000000	0.00000000	0.00000000	0.00000000
161.06127930	0.00000000	0.00000000	0.00000000	0.00000000	0.00000000	0.00000000	0.00000000	0.00000000
174.48304749	0.00000000	0.00000000	0.00000000	0.00000000	0.00000000	0.00000000	0.00000000	0.00000000
187.90481567	0.00000000	0.00000000	0.00000000	0.00000000	0.00000000	0.00000000	0.00000000	0.00000000
201.32659912	0.00000000	0.00000000	0.00000000	0.00000000	0.00000000	0.00000000	0.00000000	0.00000000
214.74836731	0.00000000	0.00000000	0.00000000	0.00000000	0.00000000	0.00000000	0.00000000	0.00000000
241.59190369	0.00000000	0.00000000	0.00000000	0.00000000	0.00000000	0.00000000	0.00000000	0.00000000
268.43545532	0.00000000	0.00000000	0.00000000	0.00000000	0.00000000	0.00000000	0.00000000	0.00000000
295.27899170	0.00000000	0.00000000	0.00000000	0.00000000	0.00000000	0.00000000	0.00000000	0.00000000
322.12255859	0.00000000	0.00000000	0.00000000	0.00000000	0.00000000	0.00000000	0.00000000	0.00000000
348.96609497	0.00000000	0.00000000	0.00000000	0.00000000	0.00000000	0.00000000	0.00000000	0.00000000
375.80963135	0.00000000	0.00000000	0.00000000	0.00000000	0.00000000	0.00000000	0.00000000	0.00000000
402.65319824	0.00000000	0.00000000	0.00000000	0.00000000	0.00000000	0.00000000	0.00000000	0.00000000
429.49673462	0.00000000	0.00000000	0.00000000	0.00000000	0.00000000	0.00000000	0.00000000	0.00000000
483.18380737	0.00000000	0.00000000	0.00000000	0.00000000	0.00000000	0.00000000	0.00000000	0.00000000
536.87091064	0.00000000	0.00000000	0.00000000	0.00000000	0.00000000	0.00000000	0.00000000	0.00000000
590.55798340	0.00000000	0.00000000	0.00000000	0.00000000	0.00000000	0.00000000	0.00000000	0.00000000
644.24511719	0.00000000	0.00000000	0.00000000	0.00000000	0.00000000	0.00000000	0.00000000	0.00000000
697.93218994	0.00000000	0.00000000	0.00000000	0.00000000	0.00000000	0.00000000	0.00000000	0.00000000
751.61926270	0.00000000	0.00000000	0.00000000	0.00000000	0.00000000	0.00000000	0.00000000	0.00000000
805.30639648	0.00000000	0.00000000	0.00000000	0.00000000	0.00000000	0.00000000	0.00000000	0.00000000
858.99346924	0.00000000	0.00000000	0.00000000	0.00000000	0.00000000	0.00000000	0.00000000	0.00000000
966.36761475	0.00000000	0.00000000	0.00000000	0.00000000	0.00000000	0.00000000	0.00000000	0.00000000
1073.74182129	0.00000000	0.00000000	0.00000000	0.00000000	0.00000000	0.00000000	0.00000000	0.00000000
1181.11596680	0.00000000	0.00000000	0.00000000	0.00000000	0.00000000	0.00000000	0.00000000	0.00000000
1288.49023437	0.00000000	0.00000000	0.00000000	0.00000000	0.00000000	0.00000000	0.00000000	0.00000000
1395.86437988	0.00000000	0.00000000	0.00000000	0.00000000	0.00000000	0.00000000	0.00000000	0.00000000
1503.23852539	0.00000000	0.00000000	0.00000000	0.00000000	0.00000000	0.00000000	0.00000000	0.00000000
1610.61279297	0.00000000	0.00000000	0.00000000	0.00000000	0.00000000	0.00000000	0.00000000	0.00000000
1717.98693848	0.00000000	0.00000000	0.00000000	0.00000000	0.00000000	0.00000000	0.00000000	0.00000000
1932.73522949	0.00000000	0.00000000	0.00000000	0.00000000	0.00000000	0.00000000	0.00000000	0.00000000
2147.48364258	0.00000000	0.00000000	0.00000000	0.00000000	0.00000000	0.00000000	0.00000000	0.00000000
2362.23193359	0.00000000	0.00000000	0.00000000	0.00000000	0.00000000	0.00000000	0.00000000	0.00000000
2576.98046875	0.00000000	0.00000000	0.00000000	0.00000000	0.00000000	0.00000000	0.00000000	0.00000000
2791.72875977	0.00000000	0.00000000	0.00000000	0.00000000	0.00000000	0.00000000	0.00000000	0.00000000
3006.47705078	0.00000000	0.00000000	0.00000000	0.00000000	0.00000000	0.00000000	0.00000000	0.00000000
3221.22558594	0.00000000	0.00000000	0.00000000	0.00000000	0.00000000	0.00000000	0.00000000	0.00000000
3435.97387695	0.00000000	0.00000000	0.00000000	0.00000000	0.00000000	0.00000000	0.00000000	0.00000000
0	0	0	0	0	0	0	0	0
