%3/28/2019 10:55:31 PM
%Duration	ID1		ID2		ID3		ID4		ID5		ID6		ID7		ID8
1000.000000	0.000000	0.000000	0.000000	0.000000	253.553391	222.549438	106.039047	30.136108
%Tau		Tau1		Tau2		Tau3		Tau4		Tau5		Tau6		Tau7		Tau8
%		0.000000	0.000000	0.000000	0.000000	0.000282	0.000230	0.000154	0.000096
%Delaytime	D1		D2		D3		D4		D5		D6		D7		D8
0.00000020	0.00000000	0.00000000	0.00000000	0.00000000	1.68934441	1.79755247	2.38230610	2.34600544
0.00000040	0.00000000	0.00000000	0.00000000	0.00000000	1.59286201	1.53348970	1.54986358	1.44369555
0.00000060	0.00000000	0.00000000	0.00000000	0.00000000	1.51227939	1.52464831	1.54498982	1.70310962
0.00000080	0.00000000	0.00000000	0.00000000	0.00000000	1.48951387	1.47415411	1.50502479	1.50009000
0.00000100	0.00000000	0.00000000	0.00000000	0.00000000	1.52474618	1.47435057	1.39487731	1.45497441
0.00000120	0.00000000	0.00000000	0.00000000	0.00000000	1.47487891	1.47061753	1.49917626	1.34218574
0.00000140	0.00000000	0.00000000	0.00000000	0.00000000	1.51318276	1.48613918	1.46311021	1.54520547
0.00000160	0.00000000	0.00000000	0.00000000	0.00000000	1.50180006	1.49006867	1.44069088	1.65799415
0.00000180	0.00000000	0.00000000	0.00000000	0.00000000	1.48933327	1.47886956	1.45726168	1.43241668
0.00000200	0.00000000	0.00000000	0.00000000	0.00000000	1.51878381	1.46609867	1.48845398	1.26323366
0.00000220	0.00000000	0.00000000	0.00000000	0.00000000	1.50378752	1.49576640	1.47090828	1.39858007
0.00000240	0.00000000	0.00000000	0.00000000	0.00000000	1.47379482	1.47828007	1.46895885	1.55648434
0.00000260	0.00000000	0.00000000	0.00000000	0.00000000	1.46783245	1.50873375	1.47188306	1.37602234
0.00000280	0.00000000	0.00000000	0.00000000	0.00000000	1.47722781	1.47022462	1.46311021	1.35346460
0.00000300	0.00000000	0.00000000	0.00000000	0.00000000	1.50107729	1.49399817	1.50405002	1.54520547
0.00000320	0.00000000	0.00000000	0.00000000	0.00000000	1.49385023	1.47415411	1.51574719	1.53392661
0.00000360	0.00000000	0.00000000	0.00000000	0.00000000	1.50234210	1.48240614	1.45677435	1.43241668
0.00000400	0.00000000	0.00000000	0.00000000	0.00000000	1.49466324	1.47926247	1.49430251	1.57340264
0.00000440	0.00000000	0.00000000	0.00000000	0.00000000	1.51255035	1.47661006	1.47188306	1.53392661
0.00000480	0.00000000	0.00000000	0.00000000	0.00000000	1.48608100	1.47336829	1.47431993	1.33090687
0.00000520	0.00000000	0.00000000	0.00000000	0.00000000	1.51526058	1.46354449	1.48991609	1.45497441
0.00000560	0.00000000	0.00000000	0.00000000	0.00000000	1.50423920	1.51138616	1.49966359	1.38166177
0.00000600	0.00000000	0.00000000	0.00000000	0.00000000	1.50062561	1.49095273	1.43045592	1.53392661
0.00000640	0.00000000	0.00000000	0.00000000	0.00000000	1.50170970	1.46884930	1.51915884	1.42113781
0.00000720	0.00000000	0.00000000	0.00000000	0.00000000	1.49809611	1.47007728	1.44751418	1.46625328
0.00000800	0.00000000	0.00000000	0.00000000	0.00000000	1.49642479	1.47405589	1.47602582	1.55084491
0.00000880	0.00000000	0.00000000	0.00000000	0.00000000	1.49136579	1.45922196	1.40657437	1.49163079
0.00000960	0.00000000	0.00000000	0.00000000	0.00000000	1.49561179	1.45927119	1.45969856	1.53674626
0.00001040	0.00000000	0.00000000	0.00000000	0.00000000	1.49597311	1.46708107	1.51233554	1.40139985
0.00001120	0.00000000	0.00000000	0.00000000	0.00000000	1.48562932	1.47410500	1.45238793	1.37320268
0.00001200	0.00000000	0.00000000	0.00000000	0.00000000	1.48522282	1.45445752	1.47285783	1.48881102
0.00001280	0.00000000	0.00000000	0.00000000	0.00000000	1.49705720	1.46875107	1.41534722	1.45215476
0.00001440	0.00000000	0.00000000	0.00000000	0.00000000	1.49506974	1.46821082	1.42533839	1.48881102
0.00001600	0.00000000	0.00000000	0.00000000	0.00000000	1.49104965	1.44330752	1.45238793	1.44792521
0.00001760	0.00000000	0.00000000	0.00000000	0.00000000	1.48976231	1.45715904	1.43703556	1.39858007
0.00001920	0.00000000	0.00000000	0.00000000	0.00000000	1.48402584	1.46199727	1.44008160	1.41267872
0.00002080	0.00000000	0.00000000	0.00000000	0.00000000	1.48316753	1.44934916	1.42753160	1.38307166
0.00002240	0.00000000	0.00000000	0.00000000	0.00000000	1.47406590	1.45057714	1.41571271	1.37179279
0.00002400	0.00000000	0.00000000	0.00000000	0.00000000	1.46981990	1.43593967	1.43094325	1.32103789
0.00002560	0.00000000	0.00000000	0.00000000	0.00000000	1.46765184	1.43250144	1.41266656	1.38730121
0.00002880	0.00000000	0.00000000	0.00000000	0.00000000	1.45446169	1.42794764	1.40554833	1.45812345
0.00003200	0.00000000	0.00000000	0.00000000	0.00000000	1.45517862	1.42631233	1.38271451	1.38595295
0.00003520	0.00000000	0.00000000	0.00000000	0.00000000	1.44868386	1.41626072	1.38082302	1.33900714
0.00003840	0.00000000	0.00000000	0.00000000	0.00000000	1.45512462	1.40932870	1.40053082	1.36353099
0.00004160	0.00000000	0.00000000	0.00000000	0.00000000	1.44136441	1.40827823	1.38497210	1.36983716
0.00004480	0.00000000	0.00000000	0.00000000	0.00000000	1.43679070	1.40956295	1.37984681	1.33340168
0.00004800	0.00000000	0.00000000	0.00000000	0.00000000	1.43124044	1.39679134	1.36348104	1.34040844
0.00005120	0.00000000	0.00000000	0.00000000	0.00000000	1.43537998	1.39268279	1.35365772	1.30607498
0.00005760	0.00000000	0.00000000	0.00000000	0.00000000	1.43247008	1.38119769	1.35599720	1.26531219
0.00006400	0.00000000	0.00000000	0.00000000	0.00000000	1.42755783	1.37301981	1.33094656	1.31742156
0.00007040	0.00000000	0.00000000	0.00000000	0.00000000	1.41692042	1.36558461	1.31787026	1.27020836
0.00007680	0.00000000	0.00000000	0.00000000	0.00000000	1.41209328	1.35516798	1.30630589	1.28384769
0.00008320	0.00000000	0.00000000	0.00000000	0.00000000	1.40304685	1.34919918	1.29123271	1.29468930
0.00008960	0.00000000	0.00000000	0.00000000	0.00000000	1.39271486	1.33640480	1.28811610	1.25936687
0.00009600	0.00000000	0.00000000	0.00000000	0.00000000	1.38720322	1.32450950	1.27850449	1.24048162
0.00010240	0.00000000	0.00000000	0.00000000	0.00000000	1.37941992	1.32044780	1.25897598	1.21949792
0.00011520	0.00000000	0.00000000	0.00000000	0.00000000	1.36679506	1.30311418	1.24426472	1.22525167
0.00012800	0.00000000	0.00000000	0.00000000	0.00000000	1.35548353	1.28821421	1.22452128	1.17683113
0.00014080	0.00000000	0.00000000	0.00000000	0.00000000	1.33970416	1.27509749	1.21368146	1.16139269
0.00015360	0.00000000	0.00000000	0.00000000	0.00000000	1.32617998	1.25832915	1.19330978	1.15455055
0.00016640	0.00000000	0.00000000	0.00000000	0.00000000	1.31683683	1.24698007	1.18673563	1.14104199
0.00017920	0.00000000	0.00000000	0.00000000	0.00000000	1.30266190	1.23021817	1.17992926	1.11262119
0.00019200	0.00000000	0.00000000	0.00000000	0.00000000	1.28953767	1.21993113	1.15117431	1.12297189
0.00020480	0.00000000	0.00000000	0.00000000	0.00000000	1.27629268	1.20801413	1.15680861	1.08946347
0.00023040	0.00000000	0.00000000	0.00000000	0.00000000	1.25545835	1.18419540	1.12164962	1.06977594
0.00025600	0.00000000	0.00000000	0.00000000	0.00000000	1.23245335	1.16050565	1.10496879	1.06204677
0.00028160	0.00000000	0.00000000	0.00000000	0.00000000	1.20969200	1.14079714	1.08522069	1.06596243
0.00030720	0.00000000	0.00000000	0.00000000	0.00000000	1.19354355	1.12446475	1.07195199	1.04811275
0.00033280	0.00000000	0.00000000	0.00000000	0.00000000	1.17814994	1.10926986	1.06461179	1.04210508
0.00035840	0.00000000	0.00000000	0.00000000	0.00000000	1.16252422	1.09717739	1.05181003	1.03952265
0.00038400	0.00000000	0.00000000	0.00000000	0.00000000	1.14799213	1.08560050	1.03853989	1.03416598
0.00040960	0.00000000	0.00000000	0.00000000	0.00000000	1.13024342	1.07355642	1.03026807	1.01110625
0.00046080	0.00000000	0.00000000	0.00000000	0.00000000	1.10728323	1.05580127	1.01835787	1.00802016
0.00051200	0.00000000	0.00000000	0.00000000	0.00000000	1.08556497	1.04622793	1.01235700	1.00144088
0.00056320	0.00000000	0.00000000	0.00000000	0.00000000	1.06763005	1.03681588	1.00812793	0.99726820
0.00061440	0.00000000	0.00000000	0.00000000	0.00000000	1.05285323	1.03127050	1.00818288	0.99283201
0.00066560	0.00000000	0.00000000	0.00000000	0.00000000	1.04130149	1.02461767	1.00358224	1.00486684
0.00071680	0.00000000	0.00000000	0.00000000	0.00000000	1.03185856	1.01968372	1.00463629	0.99704862
0.00076800	0.00000000	0.00000000	0.00000000	0.00000000	1.02482939	1.01646101	0.99940735	1.00218761
0.00081920	0.00000000	0.00000000	0.00000000	0.00000000	1.02037680	1.01381838	1.00334179	0.99933261
0.00092160	0.00000000	0.00000000	0.00000000	0.00000000	1.01547766	1.00949585	1.00195742	0.99324596
0.00102400	0.00000000	0.00000000	0.00000000	0.00000000	1.01370144	1.00720429	1.00674546	0.99962729
0.00112640	0.00000000	0.00000000	0.00000000	0.00000000	1.01300657	1.00680661	1.01053166	0.99492496
0.00122880	0.00000000	0.00000000	0.00000000	0.00000000	1.01229668	1.00829744	1.00783074	0.99523479
0.00133120	0.00000000	0.00000000	0.00000000	0.00000000	1.01424396	1.00614643	1.00994623	0.99072921
0.00143360	0.00000000	0.00000000	0.00000000	0.00000000	1.01489425	1.00615931	1.01246560	0.99987483
0.00153600	0.00000000	0.00000000	0.00000000	0.00000000	1.01046586	1.00784922	1.00934052	0.99795425
0.00163840	0.00000000	0.00000000	0.00000000	0.00000000	1.00966752	1.00778604	1.00338984	0.97840351
0.00184320	0.00000000	0.00000000	0.00000000	0.00000000	1.00617957	1.00372708	0.99626738	0.98096955
0.00204800	0.00000000	0.00000000	0.00000000	0.00000000	0.99905676	0.99524128	0.99361438	0.99779922
0.00225280	0.00000000	0.00000000	0.00000000	0.00000000	0.99838102	0.99297947	0.99670821	0.99790913
0.00245760	0.00000000	0.00000000	0.00000000	0.00000000	1.00019372	0.99123544	1.00245357	0.98790270
0.00266240	0.00000000	0.00000000	0.00000000	0.00000000	1.00175166	0.99152941	1.01060820	0.99857461
0.00286720	0.00000000	0.00000000	0.00000000	0.00000000	1.00751328	0.99298596	1.00982177	0.99257553
0.00307200	0.00000000	0.00000000	0.00000000	0.00000000	1.00924993	0.99702436	1.00865173	1.00201821
0.00327680	0.00000000	0.00000000	0.00000000	0.00000000	1.00596714	0.99758077	1.00393987	0.99724752
0.00368640	0.00000000	0.00000000	0.00000000	0.00000000	1.00810468	0.99780351	0.99866003	1.00323284
0.00409600	0.00000000	0.00000000	0.00000000	0.00000000	1.01052284	0.99854290	1.00554395	1.01057637
0.00450560	0.00000000	0.00000000	0.00000000	0.00000000	1.01127458	0.99823666	0.99883413	0.99720812
0.00491520	0.00000000	0.00000000	0.00000000	0.00000000	1.00896573	0.99413127	0.99528182	0.99247855
0.00532480	0.00000000	0.00000000	0.00000000	0.00000000	1.01291132	0.99877036	0.99738693	0.98525178
0.00573440	0.00000000	0.00000000	0.00000000	0.00000000	1.01235211	1.00420702	0.99631488	0.99263334
0.00614400	0.00000000	0.00000000	0.00000000	0.00000000	1.00718522	1.00683641	0.99506932	1.00448585
0.00655360	0.00000000	0.00000000	0.00000000	0.00000000	1.00083196	1.00545204	1.00355327	0.99601972
0.00737280	0.00000000	0.00000000	0.00000000	0.00000000	0.99590451	1.00762177	0.99915308	1.00233352
0.00819200	0.00000000	0.00000000	0.00000000	0.00000000	0.99684453	1.00266957	0.99692774	0.99487805
0.00901120	0.00000000	0.00000000	0.00000000	0.00000000	1.00107110	1.00045395	1.00259101	0.99158454
0.00983040	0.00000000	0.00000000	0.00000000	0.00000000	0.99466258	0.99512804	1.00353301	0.99552733
0.01064960	0.00000000	0.00000000	0.00000000	0.00000000	0.99934334	1.00029910	1.00281143	0.99713540
0.01146880	0.00000000	0.00000000	0.00000000	0.00000000	1.00137961	1.00262785	1.00181448	0.99447966
0.01228800	0.00000000	0.00000000	0.00000000	0.00000000	0.99895817	0.99934226	1.00371861	1.00213969
0.01310720	0.00000000	0.00000000	0.00000000	0.00000000	0.99239469	1.00196886	1.00144601	0.99880648
0.01474560	0.00000000	0.00000000	0.00000000	0.00000000	0.99368656	1.00329673	1.00097895	0.99782270
0.01638400	0.00000000	0.00000000	0.00000000	0.00000000	1.00666857	0.99837661	1.00477564	0.99280268
0.01802240	0.00000000	0.00000000	0.00000000	0.00000000	0.99784285	1.00090790	1.00327873	1.00312114
0.01966080	0.00000000	0.00000000	0.00000000	0.00000000	0.99501538	1.00283122	0.99900389	1.00650215
0.02129920	0.00000000	0.00000000	0.00000000	0.00000000	1.00291705	1.00046551	0.99929607	1.00308239
0.02293760	0.00000000	0.00000000	0.00000000	0.00000000	1.00170851	1.00065517	0.99637699	1.00278711
0.02457600	0.00000000	0.00000000	0.00000000	0.00000000	1.00319541	1.00061703	1.00111544	1.00528669
0.02621440	0.00000000	0.00000000	0.00000000	0.00000000	0.99877167	0.99426156	0.99715167	1.00065410
0.02949120	0.00000000	0.00000000	0.00000000	0.00000000	1.00751066	1.00250256	0.99919790	1.00233829
0.03276800	0.00000000	0.00000000	0.00000000	0.00000000	1.00763965	1.00275314	0.99938875	1.00374436
0.03604480	0.00000000	0.00000000	0.00000000	0.00000000	0.99947256	0.99901319	0.99784130	0.99867547
0.03932160	0.00000000	0.00000000	0.00000000	0.00000000	0.99233603	1.00256157	0.99964756	0.99425656
0.04259840	0.00000000	0.00000000	0.00000000	0.00000000	0.99870890	1.00503874	0.99778712	1.00030100
0.04587520	0.00000000	0.00000000	0.00000000	0.00000000	1.00153434	1.00472260	0.99633193	1.00036836
0.04915200	0.00000000	0.00000000	0.00000000	0.00000000	0.99485540	0.99935478	1.00005579	1.00005770
0.05242880	0.00000000	0.00000000	0.00000000	0.00000000	1.00053644	1.00361884	0.99906486	1.00058901
0.05898240	0.00000000	0.00000000	0.00000000	0.00000000	1.00121355	1.00196290	0.99981904	1.00143921
0.06553600	0.00000000	0.00000000	0.00000000	0.00000000	0.99978381	0.99949425	0.99753654	0.99892718
0.07208960	0.00000000	0.00000000	0.00000000	0.00000000	0.99897152	1.00062573	1.00093961	0.99861163
0.07864320	0.00000000	0.00000000	0.00000000	0.00000000	0.99831206	1.00127864	0.99982929	1.00093913
0.08519680	0.00000000	0.00000000	0.00000000	0.00000000	0.99807781	0.99976408	0.99600542	0.99852276
0.09175040	0.00000000	0.00000000	0.00000000	0.00000000	0.99606496	1.00060022	0.99808592	1.00187349
0.09830400	0.00000000	0.00000000	0.00000000	0.00000000	0.99700534	1.00208473	0.99768555	1.00098288
0.10485760	0.00000000	0.00000000	0.00000000	0.00000000	0.99477726	1.00338650	0.99858052	1.00032568
0.11796480	0.00000000	0.00000000	0.00000000	0.00000000	0.99560845	0.99980736	0.99983591	0.99972653
0.13107200	0.00000000	0.00000000	0.00000000	0.00000000	0.99621743	0.99815649	1.00125611	1.00181055
0.14417920	0.00000000	0.00000000	0.00000000	0.00000000	0.99621129	1.00038648	1.00232446	0.99989146
0.15728641	0.00000000	0.00000000	0.00000000	0.00000000	1.00292218	1.00131011	1.00074804	1.00034988
0.17039360	0.00000000	0.00000000	0.00000000	0.00000000	1.00301135	1.00242984	0.99930334	0.99932069
0.18350080	0.00000000	0.00000000	0.00000000	0.00000000	1.00110412	0.99862641	0.99858940	1.00019598
0.19660801	0.00000000	0.00000000	0.00000000	0.00000000	1.00262439	0.99850583	0.99924856	0.99945652
0.20971520	0.00000000	0.00000000	0.00000000	0.00000000	1.00228977	0.99915993	0.99990916	0.99949038
0.23592959	0.00000000	0.00000000	0.00000000	0.00000000	1.00175679	0.99860269	0.99972653	1.00035405
0.26214400	0.00000000	0.00000000	0.00000000	0.00000000	0.99898809	0.99952435	1.00032091	0.99978626
0.28835839	0.00000000	0.00000000	0.00000000	0.00000000	0.99432623	0.99764675	1.00045145	1.00028956
0.31457281	0.00000000	0.00000000	0.00000000	0.00000000	0.99829835	1.00093389	1.00063014	0.99973261
0.34078720	0.00000000	0.00000000	0.00000000	0.00000000	1.00030756	0.99977571	0.99857783	0.99940628
0.36700159	0.00000000	0.00000000	0.00000000	0.00000000	1.00320923	1.00110233	1.00143194	0.99953413
0.39321601	0.00000000	0.00000000	0.00000000	0.00000000	1.00437582	0.99999404	0.99866813	0.99901170
0.41943040	0.00000000	0.00000000	0.00000000	0.00000000	1.00112212	0.99914569	0.99930346	1.00055099
0.47185919	0.00000000	0.00000000	0.00000000	0.00000000	0.99666142	0.99965805	0.99936020	0.99973184
0.52428800	0.00000000	0.00000000	0.00000000	0.00000000	0.99905741	1.00189626	1.00067782	0.99965763
0.57671678	0.00000000	0.00000000	0.00000000	0.00000000	1.00300729	1.00063038	0.99969536	1.00020659
0.62914562	0.00000000	0.00000000	0.00000000	0.00000000	1.00025785	0.99849910	1.00069118	0.99901479
0.68157440	0.00000000	0.00000000	0.00000000	0.00000000	0.99563432	0.99918801	1.00039232	0.99953490
0.73400319	0.00000000	0.00000000	0.00000000	0.00000000	1.00043428	0.99845511	0.99824852	0.99938989
0.78643203	0.00000000	0.00000000	0.00000000	0.00000000	1.00449133	0.99735427	1.00119269	0.99946344
0.83886081	0.00000000	0.00000000	0.00000000	0.00000000	0.99707109	1.00022483	1.00059688	1.00045693
0.94371837	0.00000000	0.00000000	0.00000000	0.00000000	1.00051963	0.99821687	0.99926567	0.99996465
1.04857600	0.00000000	0.00000000	0.00000000	0.00000000	0.99875629	0.99995172	1.00081623	1.00064778
1.15343356	0.00000000	0.00000000	0.00000000	0.00000000	1.00119805	0.99969727	0.99991602	1.00062895
1.25829124	0.00000000	0.00000000	0.00000000	0.00000000	0.99959427	0.99915653	0.99978113	1.00042391
1.36314881	0.00000000	0.00000000	0.00000000	0.00000000	1.00102627	1.00187731	0.99991471	0.99996835
1.46800637	0.00000000	0.00000000	0.00000000	0.00000000	0.99820691	1.00076854	1.00015521	0.99936926
1.57286406	0.00000000	0.00000000	0.00000000	0.00000000	1.00288773	0.99884629	1.00009167	1.00020397
1.67772162	0.00000000	0.00000000	0.00000000	0.00000000	0.99745810	1.00050628	0.99997962	0.99982888
1.88743675	0.00000000	0.00000000	0.00000000	0.00000000	0.00000000	0.00000000	0.00000000	0.00000000
2.09715199	0.00000000	0.00000000	0.00000000	0.00000000	0.00000000	0.00000000	0.00000000	0.00000000
2.30686712	0.00000000	0.00000000	0.00000000	0.00000000	0.00000000	0.00000000	0.00000000	0.00000000
2.51658249	0.00000000	0.00000000	0.00000000	0.00000000	0.00000000	0.00000000	0.00000000	0.00000000
2.72629762	0.00000000	0.00000000	0.00000000	0.00000000	0.00000000	0.00000000	0.00000000	0.00000000
2.93601274	0.00000000	0.00000000	0.00000000	0.00000000	0.00000000	0.00000000	0.00000000	0.00000000
3.14572811	0.00000000	0.00000000	0.00000000	0.00000000	0.00000000	0.00000000	0.00000000	0.00000000
3.35544324	0.00000000	0.00000000	0.00000000	0.00000000	0.00000000	0.00000000	0.00000000	0.00000000
3.77487350	0.00000000	0.00000000	0.00000000	0.00000000	0.00000000	0.00000000	0.00000000	0.00000000
4.19430399	0.00000000	0.00000000	0.00000000	0.00000000	0.00000000	0.00000000	0.00000000	0.00000000
4.61373425	0.00000000	0.00000000	0.00000000	0.00000000	0.00000000	0.00000000	0.00000000	0.00000000
5.03316498	0.00000000	0.00000000	0.00000000	0.00000000	0.00000000	0.00000000	0.00000000	0.00000000
5.45259523	0.00000000	0.00000000	0.00000000	0.00000000	0.00000000	0.00000000	0.00000000	0.00000000
5.87202549	0.00000000	0.00000000	0.00000000	0.00000000	0.00000000	0.00000000	0.00000000	0.00000000
6.29145622	0.00000000	0.00000000	0.00000000	0.00000000	0.00000000	0.00000000	0.00000000	0.00000000
6.71088648	0.00000000	0.00000000	0.00000000	0.00000000	0.00000000	0.00000000	0.00000000	0.00000000
7.54974699	0.00000000	0.00000000	0.00000000	0.00000000	0.00000000	0.00000000	0.00000000	0.00000000
8.38860798	0.00000000	0.00000000	0.00000000	0.00000000	0.00000000	0.00000000	0.00000000	0.00000000
9.22746849	0.00000000	0.00000000	0.00000000	0.00000000	0.00000000	0.00000000	0.00000000	0.00000000
10.06632996	0.00000000	0.00000000	0.00000000	0.00000000	0.00000000	0.00000000	0.00000000	0.00000000
10.90519047	0.00000000	0.00000000	0.00000000	0.00000000	0.00000000	0.00000000	0.00000000	0.00000000
11.74405098	0.00000000	0.00000000	0.00000000	0.00000000	0.00000000	0.00000000	0.00000000	0.00000000
12.58291245	0.00000000	0.00000000	0.00000000	0.00000000	0.00000000	0.00000000	0.00000000	0.00000000
13.42177296	0.00000000	0.00000000	0.00000000	0.00000000	0.00000000	0.00000000	0.00000000	0.00000000
15.09949398	0.00000000	0.00000000	0.00000000	0.00000000	0.00000000	0.00000000	0.00000000	0.00000000
16.77721596	0.00000000	0.00000000	0.00000000	0.00000000	0.00000000	0.00000000	0.00000000	0.00000000
18.45493698	0.00000000	0.00000000	0.00000000	0.00000000	0.00000000	0.00000000	0.00000000	0.00000000
20.13265991	0.00000000	0.00000000	0.00000000	0.00000000	0.00000000	0.00000000	0.00000000	0.00000000
21.81038094	0.00000000	0.00000000	0.00000000	0.00000000	0.00000000	0.00000000	0.00000000	0.00000000
23.48810196	0.00000000	0.00000000	0.00000000	0.00000000	0.00000000	0.00000000	0.00000000	0.00000000
25.16582489	0.00000000	0.00000000	0.00000000	0.00000000	0.00000000	0.00000000	0.00000000	0.00000000
26.84354591	0.00000000	0.00000000	0.00000000	0.00000000	0.00000000	0.00000000	0.00000000	0.00000000
30.19898796	0.00000000	0.00000000	0.00000000	0.00000000	0.00000000	0.00000000	0.00000000	0.00000000
33.55443192	0.00000000	0.00000000	0.00000000	0.00000000	0.00000000	0.00000000	0.00000000	0.00000000
36.90987396	0.00000000	0.00000000	0.00000000	0.00000000	0.00000000	0.00000000	0.00000000	0.00000000
40.26531982	0.00000000	0.00000000	0.00000000	0.00000000	0.00000000	0.00000000	0.00000000	0.00000000
43.62076187	0.00000000	0.00000000	0.00000000	0.00000000	0.00000000	0.00000000	0.00000000	0.00000000
46.97620392	0.00000000	0.00000000	0.00000000	0.00000000	0.00000000	0.00000000	0.00000000	0.00000000
50.33164978	0.00000000	0.00000000	0.00000000	0.00000000	0.00000000	0.00000000	0.00000000	0.00000000
53.68709183	0.00000000	0.00000000	0.00000000	0.00000000	0.00000000	0.00000000	0.00000000	0.00000000
60.39797592	0.00000000	0.00000000	0.00000000	0.00000000	0.00000000	0.00000000	0.00000000	0.00000000
67.10886383	0.00000000	0.00000000	0.00000000	0.00000000	0.00000000	0.00000000	0.00000000	0.00000000
73.81974792	0.00000000	0.00000000	0.00000000	0.00000000	0.00000000	0.00000000	0.00000000	0.00000000
80.53063965	0.00000000	0.00000000	0.00000000	0.00000000	0.00000000	0.00000000	0.00000000	0.00000000
87.24152374	0.00000000	0.00000000	0.00000000	0.00000000	0.00000000	0.00000000	0.00000000	0.00000000
93.95240784	0.00000000	0.00000000	0.00000000	0.00000000	0.00000000	0.00000000	0.00000000	0.00000000
100.66329956	0.00000000	0.00000000	0.00000000	0.00000000	0.00000000	0.00000000	0.00000000	0.00000000
107.37418365	0.00000000	0.00000000	0.00000000	0.00000000	0.00000000	0.00000000	0.00000000	0.00000000
120.79595184	0.00000000	0.00000000	0.00000000	0.00000000	0.00000000	0.00000000	0.00000000	0.00000000
134.21772766	0.00000000	0.00000000	0.00000000	0.00000000	0.00000000	0.00000000	0.00000000	0.00000000
147.63949585	0.00000000	0.00000000	0.00000000	0.00000000	0.00000000	0.00000000	0.00000000	0.00000000
161.06127930	0.00000000	0.00000000	0.00000000	0.00000000	0.00000000	0.00000000	0.00000000	0.00000000
174.48304749	0.00000000	0.00000000	0.00000000	0.00000000	0.00000000	0.00000000	0.00000000	0.00000000
187.90481567	0.00000000	0.00000000	0.00000000	0.00000000	0.00000000	0.00000000	0.00000000	0.00000000
201.32659912	0.00000000	0.00000000	0.00000000	0.00000000	0.00000000	0.00000000	0.00000000	0.00000000
214.74836731	0.00000000	0.00000000	0.00000000	0.00000000	0.00000000	0.00000000	0.00000000	0.00000000
241.59190369	0.00000000	0.00000000	0.00000000	0.00000000	0.00000000	0.00000000	0.00000000	0.00000000
268.43545532	0.00000000	0.00000000	0.00000000	0.00000000	0.00000000	0.00000000	0.00000000	0.00000000
295.27899170	0.00000000	0.00000000	0.00000000	0.00000000	0.00000000	0.00000000	0.00000000	0.00000000
322.12255859	0.00000000	0.00000000	0.00000000	0.00000000	0.00000000	0.00000000	0.00000000	0.00000000
348.96609497	0.00000000	0.00000000	0.00000000	0.00000000	0.00000000	0.00000000	0.00000000	0.00000000
375.80963135	0.00000000	0.00000000	0.00000000	0.00000000	0.00000000	0.00000000	0.00000000	0.00000000
402.65319824	0.00000000	0.00000000	0.00000000	0.00000000	0.00000000	0.00000000	0.00000000	0.00000000
429.49673462	0.00000000	0.00000000	0.00000000	0.00000000	0.00000000	0.00000000	0.00000000	0.00000000
483.18380737	0.00000000	0.00000000	0.00000000	0.00000000	0.00000000	0.00000000	0.00000000	0.00000000
536.87091064	0.00000000	0.00000000	0.00000000	0.00000000	0.00000000	0.00000000	0.00000000	0.00000000
590.55798340	0.00000000	0.00000000	0.00000000	0.00000000	0.00000000	0.00000000	0.00000000	0.00000000
644.24511719	0.00000000	0.00000000	0.00000000	0.00000000	0.00000000	0.00000000	0.00000000	0.00000000
697.93218994	0.00000000	0.00000000	0.00000000	0.00000000	0.00000000	0.00000000	0.00000000	0.00000000
751.61926270	0.00000000	0.00000000	0.00000000	0.00000000	0.00000000	0.00000000	0.00000000	0.00000000
805.30639648	0.00000000	0.00000000	0.00000000	0.00000000	0.00000000	0.00000000	0.00000000	0.00000000
858.99346924	0.00000000	0.00000000	0.00000000	0.00000000	0.00000000	0.00000000	0.00000000	0.00000000
966.36761475	0.00000000	0.00000000	0.00000000	0.00000000	0.00000000	0.00000000	0.00000000	0.00000000
1073.74182129	0.00000000	0.00000000	0.00000000	0.00000000	0.00000000	0.00000000	0.00000000	0.00000000
1181.11596680	0.00000000	0.00000000	0.00000000	0.00000000	0.00000000	0.00000000	0.00000000	0.00000000
1288.49023437	0.00000000	0.00000000	0.00000000	0.00000000	0.00000000	0.00000000	0.00000000	0.00000000
1395.86437988	0.00000000	0.00000000	0.00000000	0.00000000	0.00000000	0.00000000	0.00000000	0.00000000
1503.23852539	0.00000000	0.00000000	0.00000000	0.00000000	0.00000000	0.00000000	0.00000000	0.00000000
1610.61279297	0.00000000	0.00000000	0.00000000	0.00000000	0.00000000	0.00000000	0.00000000	0.00000000
1717.98693848	0.00000000	0.00000000	0.00000000	0.00000000	0.00000000	0.00000000	0.00000000	0.00000000
1932.73522949	0.00000000	0.00000000	0.00000000	0.00000000	0.00000000	0.00000000	0.00000000	0.00000000
2147.48364258	0.00000000	0.00000000	0.00000000	0.00000000	0.00000000	0.00000000	0.00000000	0.00000000
2362.23193359	0.00000000	0.00000000	0.00000000	0.00000000	0.00000000	0.00000000	0.00000000	0.00000000
2576.98046875	0.00000000	0.00000000	0.00000000	0.00000000	0.00000000	0.00000000	0.00000000	0.00000000
2791.72875977	0.00000000	0.00000000	0.00000000	0.00000000	0.00000000	0.00000000	0.00000000	0.00000000
3006.47705078	0.00000000	0.00000000	0.00000000	0.00000000	0.00000000	0.00000000	0.00000000	0.00000000
3221.22558594	0.00000000	0.00000000	0.00000000	0.00000000	0.00000000	0.00000000	0.00000000	0.00000000
3435.97387695	0.00000000	0.00000000	0.00000000	0.00000000	0.00000000	0.00000000	0.00000000	0.00000000
0	0	0	0	0	0	0	0	0
