%3/28/2019 10:59:47 PM
%Duration	ID1		ID2		ID3		ID4		ID5		ID6		ID7		ID8
1000.000000	0.000000	0.000000	0.000000	0.000000	248.756409	248.079300	100.851059	30.746460
%Tau		Tau1		Tau2		Tau3		Tau4		Tau5		Tau6		Tau7		Tau8
%		0.000000	0.000000	0.000000	0.000000	0.000333	0.000205	0.000141	0.000064
%Delaytime	D1		D2		D3		D4		D5		D6		D7		D8
0.00000020	0.00000000	0.00000000	0.00000000	0.00000000	1.64205277	1.79972088	2.33222032	2.18157148
0.00000040	0.00000000	0.00000000	0.00000000	0.00000000	1.53258252	1.53654718	1.61009014	1.69011855
0.00000060	0.00000000	0.00000000	0.00000000	0.00000000	1.48750663	1.50840318	1.51753414	1.57025194
0.00000080	0.00000000	0.00000000	0.00000000	0.00000000	1.51216042	1.50784409	1.45293760	1.77402508
0.00000100	0.00000000	0.00000000	0.00000000	0.00000000	1.48014724	1.48790097	1.46450722	1.79799843
0.00000120	0.00000000	0.00000000	0.00000000	0.00000000	1.46487665	1.47820902	1.48378968	1.53429198
0.00000140	0.00000000	0.00000000	0.00000000	0.00000000	1.51234436	1.45155621	1.48571789	1.33051884
0.00000160	0.00000000	0.00000000	0.00000000	0.00000000	1.46616447	1.49572909	1.50596464	1.73806512
0.00000180	0.00000000	0.00000000	0.00000000	0.00000000	1.47536373	1.48081839	1.44233227	1.54627860
0.00000200	0.00000000	0.00000000	0.00000000	0.00000000	1.49670577	1.49088311	1.52717531	1.46237206
0.00000220	0.00000000	0.00000000	0.00000000	0.00000000	1.50645685	1.48063207	1.47993314	1.39045215
0.00000240	0.00000000	0.00000000	0.00000000	0.00000000	1.45126188	1.50150704	1.42015743	1.72607851
0.00000260	0.00000000	0.00000000	0.00000000	0.00000000	1.48088324	1.48566437	1.44329643	1.59422529
0.00000280	0.00000000	0.00000000	0.00000000	0.00000000	1.49891353	1.48454607	1.40280306	1.43839872
0.00000300	0.00000000	0.00000000	0.00000000	0.00000000	1.47223592	1.49517000	1.50596464	1.27058554
0.00000320	0.00000000	0.00000000	0.00000000	0.00000000	1.49541783	1.45379281	1.46739960	1.51031864
0.00000360	0.00000000	0.00000000	0.00000000	0.00000000	1.48787451	1.48212314	1.43847573	1.52230537
0.00000400	0.00000000	0.00000000	0.00000000	0.00000000	1.48677063	1.47075367	1.44233227	1.51031864
0.00000440	0.00000000	0.00000000	0.00000000	0.00000000	1.48069918	1.45957065	1.44715285	1.56425858
0.00000480	0.00000000	0.00000000	0.00000000	0.00000000	1.48189509	1.46888983	1.42979860	1.43839872
0.00000520	0.00000000	0.00000000	0.00000000	0.00000000	1.46818829	1.48305500	1.46932781	1.39644539
0.00000560	0.00000000	0.00000000	0.00000000	0.00000000	1.49458992	1.47942054	1.46547127	1.40243876
0.00000600	0.00000000	0.00000000	0.00000000	0.00000000	1.46193290	1.49023080	1.42546010	1.61819851
0.00000640	0.00000000	0.00000000	0.00000000	0.00000000	1.49937356	1.46348476	1.44908118	1.43839872
0.00000720	0.00000000	0.00000000	0.00000000	0.00000000	1.46713042	1.48347437	1.45149148	1.45038533
0.00000800	0.00000000	0.00000000	0.00000000	0.00000000	1.47706556	1.47299027	1.43751168	1.45038533
0.00000880	0.00000000	0.00000000	0.00000000	0.00000000	1.48097515	1.48198330	1.41220331	1.36647880
0.00000960	0.00000000	0.00000000	0.00000000	0.00000000	1.49422204	1.46879661	1.43847573	1.57624531
0.00001040	0.00000000	0.00000000	0.00000000	0.00000000	1.47858334	1.46795797	1.45173252	1.51031864
0.00001120	0.00000000	0.00000000	0.00000000	0.00000000	1.47692752	1.47746348	1.43028069	1.54927528
0.00001200	0.00000000	0.00000000	0.00000000	0.00000000	1.46515262	1.46087539	1.42449594	1.43540204
0.00001280	0.00000000	0.00000000	0.00000000	0.00000000	1.48359692	1.46842384	1.43437827	1.44738877
0.00001440	0.00000000	0.00000000	0.00000000	0.00000000	1.47214401	1.46383417	1.42835248	1.46237206
0.00001600	0.00000000	0.00000000	0.00000000	0.00000000	1.46407175	1.46276248	1.43257046	1.49533534
0.00001760	0.00000000	0.00000000	0.00000000	0.00000000	1.46193290	1.45714772	1.39159513	1.55077362
0.00001920	0.00000000	0.00000000	0.00000000	0.00000000	1.45643640	1.45535374	1.40521348	1.52680027
0.00002080	0.00000000	0.00000000	0.00000000	0.00000000	1.45864415	1.46499908	1.40075433	1.42940879
0.00002240	0.00000000	0.00000000	0.00000000	0.00000000	1.45475757	1.43890536	1.40232110	1.38745546
0.00002400	0.00000000	0.00000000	0.00000000	0.00000000	1.46000111	1.45106685	1.39737988	1.46387041
0.00002560	0.00000000	0.00000000	0.00000000	0.00000000	1.45712626	1.43853259	1.39822352	1.41892040
0.00002880	0.00000000	0.00000000	0.00000000	0.00000000	1.46500444	1.43565118	1.39771497	1.40693665
0.00003200	0.00000000	0.00000000	0.00000000	0.00000000	1.45168877	1.43624318	1.40368772	1.40243924
0.00003520	0.00000000	0.00000000	0.00000000	0.00000000	1.45234430	1.42523408	1.38894176	1.37170696
0.00003840	0.00000000	0.00000000	0.00000000	0.00000000	1.45355511	1.41610432	1.38605285	1.34022522
0.00004160	0.00000000	0.00000000	0.00000000	0.00000000	1.45706034	1.42427278	1.39405775	1.33722687
0.00004480	0.00000000	0.00000000	0.00000000	0.00000000	1.44263279	1.40863776	1.37112641	1.30574512
0.00004800	0.00000000	0.00000000	0.00000000	0.00000000	1.43611813	1.40451443	1.34897745	1.33797646
0.00005120	0.00000000	0.00000000	0.00000000	0.00000000	1.43783772	1.39716589	1.33772242	1.31024253
0.00005760	0.00000000	0.00000000	0.00000000	0.00000000	1.42741501	1.38981223	1.33381975	1.29674530
0.00006400	0.00000000	0.00000000	0.00000000	0.00000000	1.42178345	1.37653255	1.31442094	1.30386829
0.00007040	0.00000000	0.00000000	0.00000000	0.00000000	1.41727030	1.36444855	1.31034231	1.32748628
0.00007680	0.00000000	0.00000000	0.00000000	0.00000000	1.41055059	1.35384679	1.31094849	1.26525450
0.00008320	0.00000000	0.00000000	0.00000000	0.00000000	1.39871562	1.34759343	1.29524744	1.22589111
0.00008960	0.00000000	0.00000000	0.00000000	0.00000000	1.39599085	1.33363974	1.28499806	1.24651003
0.00009600	0.00000000	0.00000000	0.00000000	0.00000000	1.39023733	1.33202219	1.27887511	1.20564699
0.00010240	0.00000000	0.00000000	0.00000000	0.00000000	1.38305593	1.31551373	1.25914228	1.20339763
0.00011520	0.00000000	0.00000000	0.00000000	0.00000000	1.37018991	1.30363405	1.24143064	1.19549048
0.00012800	0.00000000	0.00000000	0.00000000	0.00000000	1.35438633	1.28812051	1.21704030	1.16794980
0.00014080	0.00000000	0.00000000	0.00000000	0.00000000	1.34378159	1.27284575	1.20813549	1.14101183
0.00015360	0.00000000	0.00000000	0.00000000	0.00000000	1.33181596	1.25643635	1.19458497	1.15000510
0.00016640	0.00000000	0.00000000	0.00000000	0.00000000	1.31616402	1.24116600	1.17374825	1.14532113
0.00017920	0.00000000	0.00000000	0.00000000	0.00000000	1.30518115	1.22750330	1.15557528	1.12827146
0.00019200	0.00000000	0.00000000	0.00000000	0.00000000	1.29733455	1.20891154	1.14406979	1.11384487
0.00020480	0.00000000	0.00000000	0.00000000	0.00000000	1.28397870	1.19844449	1.13818991	1.07037783
0.00023040	0.00000000	0.00000000	0.00000000	0.00000000	1.26361632	1.17672324	1.11230063	1.07674468
0.00025600	0.00000000	0.00000000	0.00000000	0.00000000	1.24455631	1.15385485	1.09613967	1.04104888
0.00028160	0.00000000	0.00000000	0.00000000	0.00000000	1.22273517	1.13357115	1.08479786	1.05599213
0.00030720	0.00000000	0.00000000	0.00000000	0.00000000	1.20257580	1.11357975	1.07172680	1.04862344
0.00033280	0.00000000	0.00000000	0.00000000	0.00000000	1.18613279	1.10083973	1.05303454	1.03675377
0.00035840	0.00000000	0.00000000	0.00000000	0.00000000	1.16949379	1.08816624	1.04292810	1.04444182
0.00038400	0.00000000	0.00000000	0.00000000	0.00000000	1.15320671	1.07779622	1.04116917	1.04116035
0.00040960	0.00000000	0.00000000	0.00000000	0.00000000	1.13909459	1.06642294	1.03654313	1.02006519
0.00046080	0.00000000	0.00000000	0.00000000	0.00000000	1.11369812	1.05244696	1.02263916	1.02196074
0.00051200	0.00000000	0.00000000	0.00000000	0.00000000	1.09110498	1.04112518	1.02097642	0.99973911
0.00056320	0.00000000	0.00000000	0.00000000	0.00000000	1.07411587	1.03165603	1.00977278	1.00427759
0.00061440	0.00000000	0.00000000	0.00000000	0.00000000	1.05975187	1.02397966	1.00480402	0.98959649
0.00066560	0.00000000	0.00000000	0.00000000	0.00000000	1.04743993	1.01536858	1.00443435	1.00998914
0.00071680	0.00000000	0.00000000	0.00000000	0.00000000	1.03582394	1.01106489	1.00372207	1.00042021
0.00076800	0.00000000	0.00000000	0.00000000	0.00000000	1.02819049	1.00826240	1.00123203	0.99414623
0.00081920	0.00000000	0.00000000	0.00000000	0.00000000	1.02123070	1.00330341	0.99833775	1.00136960
0.00092160	0.00000000	0.00000000	0.00000000	0.00000000	1.01184916	1.00370765	0.99869817	0.99583679
0.00102400	0.00000000	0.00000000	0.00000000	0.00000000	1.00523233	1.00227666	1.00021720	0.99088764
0.00112640	0.00000000	0.00000000	0.00000000	0.00000000	1.00263202	1.00252795	1.00467896	1.00345051
0.00122880	0.00000000	0.00000000	0.00000000	0.00000000	0.99880421	1.00436544	1.00210798	1.01793814
0.00133120	0.00000000	0.00000000	0.00000000	0.00000000	0.99473351	1.00389302	1.00145352	1.01862085
0.00143360	0.00000000	0.00000000	0.00000000	0.00000000	0.99028903	1.00128627	1.00411439	0.99800956
0.00153600	0.00000000	0.00000000	0.00000000	0.00000000	0.98681462	1.00301743	1.00185120	1.00085986
0.00163840	0.00000000	0.00000000	0.00000000	0.00000000	0.98680651	1.00169408	1.00414276	1.00430882
0.00184320	0.00000000	0.00000000	0.00000000	0.00000000	0.98954272	1.00529265	1.00432253	1.01441705
0.00204800	0.00000000	0.00000000	0.00000000	0.00000000	0.99754012	1.01031172	1.00611961	1.00974500
0.00225280	0.00000000	0.00000000	0.00000000	0.00000000	1.00466454	1.00085318	1.00323248	0.99490476
0.00245760	0.00000000	0.00000000	0.00000000	0.00000000	1.00574386	0.99722260	0.99778944	0.99681902
0.00266240	0.00000000	0.00000000	0.00000000	0.00000000	0.99944228	0.99816877	0.99956340	0.99997401
0.00286720	0.00000000	0.00000000	0.00000000	0.00000000	0.99410087	0.99675715	1.00084901	0.99676895
0.00307200	0.00000000	0.00000000	0.00000000	0.00000000	0.99154919	0.98700893	0.99860948	0.99951613
0.00327680	0.00000000	0.00000000	0.00000000	0.00000000	0.99368113	0.98597914	0.99819583	0.99412954
0.00368640	0.00000000	0.00000000	0.00000000	0.00000000	0.99658740	0.99774736	1.00285625	1.00189233
0.00409600	0.00000000	0.00000000	0.00000000	0.00000000	0.99350172	0.99493605	1.00374806	0.99623770
0.00450560	0.00000000	0.00000000	0.00000000	0.00000000	0.99019963	1.00365198	1.00342858	0.99656177
0.00491520	0.00000000	0.00000000	0.00000000	0.00000000	0.98980176	1.00588381	1.00777614	0.99769777
0.00532480	0.00000000	0.00000000	0.00000000	0.00000000	0.99341875	1.00340044	0.99613822	0.99394107
0.00573440	0.00000000	0.00000000	0.00000000	0.00000000	1.00541794	1.00057316	0.99700004	0.99243337
0.00614400	0.00000000	0.00000000	0.00000000	0.00000000	1.01119697	0.99499524	1.00085866	1.00086963
0.00655360	0.00000000	0.00000000	0.00000000	0.00000000	1.00218940	0.99507034	1.00552535	0.99426806
0.00737280	0.00000000	0.00000000	0.00000000	0.00000000	1.00314224	0.99711651	1.00206542	1.00230908
0.00819200	0.00000000	0.00000000	0.00000000	0.00000000	1.00365388	0.99191344	0.99490505	1.00270104
0.00901120	0.00000000	0.00000000	0.00000000	0.00000000	1.00143802	0.99673975	0.99959230	0.99519789
0.00983040	0.00000000	0.00000000	0.00000000	0.00000000	0.99895495	0.99425375	0.99865210	1.00418603
0.01064960	0.00000000	0.00000000	0.00000000	0.00000000	1.00314271	1.00174057	0.99948627	1.00028110
0.01146880	0.00000000	0.00000000	0.00000000	0.00000000	0.99821442	1.00319636	0.99635702	0.99358916
0.01228800	0.00000000	0.00000000	0.00000000	0.00000000	0.99217910	0.99651831	0.99631047	1.00464153
0.01310720	0.00000000	0.00000000	0.00000000	0.00000000	0.99714339	0.99181747	0.99877590	1.00697517
0.01474560	0.00000000	0.00000000	0.00000000	0.00000000	0.99535245	0.99896431	1.00106359	1.00016046
0.01638400	0.00000000	0.00000000	0.00000000	0.00000000	0.99818641	1.00760043	0.99923670	0.99956381
0.01802240	0.00000000	0.00000000	0.00000000	0.00000000	0.99902397	0.99188203	0.99540472	1.00140584
0.01966080	0.00000000	0.00000000	0.00000000	0.00000000	0.99734402	1.00317669	1.00230074	0.99901575
0.02129920	0.00000000	0.00000000	0.00000000	0.00000000	1.00220156	1.00619125	0.99673116	1.00024855
0.02293760	0.00000000	0.00000000	0.00000000	0.00000000	1.00708055	1.00407779	1.00273943	1.00442410
0.02457600	0.00000000	0.00000000	0.00000000	0.00000000	1.00574255	0.99724847	1.00092697	0.99893492
0.02621440	0.00000000	0.00000000	0.00000000	0.00000000	1.00032032	1.00037885	0.99961936	0.99956965
0.02949120	0.00000000	0.00000000	0.00000000	0.00000000	0.99910933	1.00254941	0.99999171	0.99706930
0.03276800	0.00000000	0.00000000	0.00000000	0.00000000	1.00061405	0.99783248	1.00086212	0.99878019
0.03604480	0.00000000	0.00000000	0.00000000	0.00000000	1.00727475	0.99399728	1.00096345	1.00227320
0.03932160	0.00000000	0.00000000	0.00000000	0.00000000	0.99925238	0.99514472	0.99933350	1.00264072
0.04259840	0.00000000	0.00000000	0.00000000	0.00000000	0.99966359	0.99981308	0.99952745	0.99714243
0.04587520	0.00000000	0.00000000	0.00000000	0.00000000	0.99917579	1.00331330	0.99718845	1.00014889
0.04915200	0.00000000	0.00000000	0.00000000	0.00000000	0.99374920	1.00065982	0.99809039	0.99938488
0.05242880	0.00000000	0.00000000	0.00000000	0.00000000	1.00002515	0.99648964	1.00001228	0.99925393
0.05898240	0.00000000	0.00000000	0.00000000	0.00000000	1.00617790	1.00207949	0.99875730	0.99913788
0.06553600	0.00000000	0.00000000	0.00000000	0.00000000	0.99965268	0.99884254	1.00221622	0.99992234
0.07208960	0.00000000	0.00000000	0.00000000	0.00000000	0.99408829	1.00119996	0.99823916	0.99912411
0.07864320	0.00000000	0.00000000	0.00000000	0.00000000	0.99962384	1.00047278	1.00061107	1.00180590
0.08519680	0.00000000	0.00000000	0.00000000	0.00000000	0.99756700	1.00129497	1.00111210	0.99962515
0.09175040	0.00000000	0.00000000	0.00000000	0.00000000	0.99929351	1.00300574	0.99750817	0.99813962
0.09830400	0.00000000	0.00000000	0.00000000	0.00000000	1.00314784	1.00051665	1.00340736	1.00247502
0.10485760	0.00000000	0.00000000	0.00000000	0.00000000	0.99732631	1.00233674	0.99999076	0.99840379
0.11796480	0.00000000	0.00000000	0.00000000	0.00000000	0.99750888	1.00109565	1.00049031	0.99987799
0.13107200	0.00000000	0.00000000	0.00000000	0.00000000	0.99692386	1.00024045	1.00007582	0.99863917
0.14417920	0.00000000	0.00000000	0.00000000	0.00000000	1.00089574	1.00084543	1.00015533	1.00055802
0.15728641	0.00000000	0.00000000	0.00000000	0.00000000	1.00055456	1.00149953	0.99761641	1.00251567
0.17039360	0.00000000	0.00000000	0.00000000	0.00000000	1.00322378	0.99947530	0.99906141	0.99725878
0.18350080	0.00000000	0.00000000	0.00000000	0.00000000	1.00169313	0.99914819	0.99975324	0.99929851
0.19660801	0.00000000	0.00000000	0.00000000	0.00000000	0.99983245	1.00016356	1.00166976	1.00018525
0.20971520	0.00000000	0.00000000	0.00000000	0.00000000	1.00368524	0.99970233	0.99952662	0.99896908
0.23592959	0.00000000	0.00000000	0.00000000	0.00000000	0.99934721	1.00058997	0.99926323	0.99966878
0.26214400	0.00000000	0.00000000	0.00000000	0.00000000	1.00046384	0.99983442	1.00040448	0.99803716
0.28835839	0.00000000	0.00000000	0.00000000	0.00000000	0.99653983	0.99898261	0.99852055	1.00097787
0.31457281	0.00000000	0.00000000	0.00000000	0.00000000	0.99996966	1.00073576	1.00091529	1.00074625
0.34078720	0.00000000	0.00000000	0.00000000	0.00000000	0.99863333	0.99963921	0.99930197	0.99904746
0.36700159	0.00000000	0.00000000	0.00000000	0.00000000	1.00159490	0.99971360	1.00004184	0.99850506
0.39321601	0.00000000	0.00000000	0.00000000	0.00000000	1.00095344	1.00130165	0.99988693	0.99968028
0.41943040	0.00000000	0.00000000	0.00000000	0.00000000	1.00000656	0.99862075	0.99986893	1.00091124
0.47185919	0.00000000	0.00000000	0.00000000	0.00000000	0.99782562	1.00102735	1.00106096	1.00056183
0.52428800	0.00000000	0.00000000	0.00000000	0.00000000	0.99913394	1.00038588	1.00016332	0.99963152
0.57671678	0.00000000	0.00000000	0.00000000	0.00000000	1.00223410	1.00050509	0.99958831	1.00214648
0.62914562	0.00000000	0.00000000	0.00000000	0.00000000	0.99979186	1.00084507	0.99991196	0.99945730
0.68157440	0.00000000	0.00000000	0.00000000	0.00000000	0.99770254	0.99977124	0.99810475	0.99850816
0.73400319	0.00000000	0.00000000	0.00000000	0.00000000	0.99908400	0.99946773	1.00031304	1.00075817
0.78643203	0.00000000	0.00000000	0.00000000	0.00000000	1.00108588	0.99988860	1.00045407	0.99900258
0.83886081	0.00000000	0.00000000	0.00000000	0.00000000	1.00105321	0.99959755	1.00080788	0.99945188
0.94371837	0.00000000	0.00000000	0.00000000	0.00000000	1.00141287	0.99994165	0.99988258	0.99980205
1.04857600	0.00000000	0.00000000	0.00000000	0.00000000	0.99982548	1.00050569	0.99968028	1.00037992
1.15343356	0.00000000	0.00000000	0.00000000	0.00000000	1.00209451	0.99989915	0.99956167	1.00000513
1.25829124	0.00000000	0.00000000	0.00000000	0.00000000	0.99811351	0.99970478	1.00030637	0.99992138
1.36314881	0.00000000	0.00000000	0.00000000	0.00000000	1.00030625	0.99997801	1.00057125	0.99983352
1.46800637	0.00000000	0.00000000	0.00000000	0.00000000	1.00060010	1.00073838	0.99952638	1.00058997
1.57286406	0.00000000	0.00000000	0.00000000	0.00000000	0.99916530	0.99997997	0.99878216	0.99943352
1.67772162	0.00000000	0.00000000	0.00000000	0.00000000	1.00118899	0.99923879	1.00023007	1.00042319
1.88743675	0.00000000	0.00000000	0.00000000	0.00000000	0.00000000	0.00000000	0.00000000	0.00000000
2.09715199	0.00000000	0.00000000	0.00000000	0.00000000	0.00000000	0.00000000	0.00000000	0.00000000
2.30686712	0.00000000	0.00000000	0.00000000	0.00000000	0.00000000	0.00000000	0.00000000	0.00000000
2.51658249	0.00000000	0.00000000	0.00000000	0.00000000	0.00000000	0.00000000	0.00000000	0.00000000
2.72629762	0.00000000	0.00000000	0.00000000	0.00000000	0.00000000	0.00000000	0.00000000	0.00000000
2.93601274	0.00000000	0.00000000	0.00000000	0.00000000	0.00000000	0.00000000	0.00000000	0.00000000
3.14572811	0.00000000	0.00000000	0.00000000	0.00000000	0.00000000	0.00000000	0.00000000	0.00000000
3.35544324	0.00000000	0.00000000	0.00000000	0.00000000	0.00000000	0.00000000	0.00000000	0.00000000
3.77487350	0.00000000	0.00000000	0.00000000	0.00000000	0.00000000	0.00000000	0.00000000	0.00000000
4.19430399	0.00000000	0.00000000	0.00000000	0.00000000	0.00000000	0.00000000	0.00000000	0.00000000
4.61373425	0.00000000	0.00000000	0.00000000	0.00000000	0.00000000	0.00000000	0.00000000	0.00000000
5.03316498	0.00000000	0.00000000	0.00000000	0.00000000	0.00000000	0.00000000	0.00000000	0.00000000
5.45259523	0.00000000	0.00000000	0.00000000	0.00000000	0.00000000	0.00000000	0.00000000	0.00000000
5.87202549	0.00000000	0.00000000	0.00000000	0.00000000	0.00000000	0.00000000	0.00000000	0.00000000
6.29145622	0.00000000	0.00000000	0.00000000	0.00000000	0.00000000	0.00000000	0.00000000	0.00000000
6.71088648	0.00000000	0.00000000	0.00000000	0.00000000	0.00000000	0.00000000	0.00000000	0.00000000
7.54974699	0.00000000	0.00000000	0.00000000	0.00000000	0.00000000	0.00000000	0.00000000	0.00000000
8.38860798	0.00000000	0.00000000	0.00000000	0.00000000	0.00000000	0.00000000	0.00000000	0.00000000
9.22746849	0.00000000	0.00000000	0.00000000	0.00000000	0.00000000	0.00000000	0.00000000	0.00000000
10.06632996	0.00000000	0.00000000	0.00000000	0.00000000	0.00000000	0.00000000	0.00000000	0.00000000
10.90519047	0.00000000	0.00000000	0.00000000	0.00000000	0.00000000	0.00000000	0.00000000	0.00000000
11.74405098	0.00000000	0.00000000	0.00000000	0.00000000	0.00000000	0.00000000	0.00000000	0.00000000
12.58291245	0.00000000	0.00000000	0.00000000	0.00000000	0.00000000	0.00000000	0.00000000	0.00000000
13.42177296	0.00000000	0.00000000	0.00000000	0.00000000	0.00000000	0.00000000	0.00000000	0.00000000
15.09949398	0.00000000	0.00000000	0.00000000	0.00000000	0.00000000	0.00000000	0.00000000	0.00000000
16.77721596	0.00000000	0.00000000	0.00000000	0.00000000	0.00000000	0.00000000	0.00000000	0.00000000
18.45493698	0.00000000	0.00000000	0.00000000	0.00000000	0.00000000	0.00000000	0.00000000	0.00000000
20.13265991	0.00000000	0.00000000	0.00000000	0.00000000	0.00000000	0.00000000	0.00000000	0.00000000
21.81038094	0.00000000	0.00000000	0.00000000	0.00000000	0.00000000	0.00000000	0.00000000	0.00000000
23.48810196	0.00000000	0.00000000	0.00000000	0.00000000	0.00000000	0.00000000	0.00000000	0.00000000
25.16582489	0.00000000	0.00000000	0.00000000	0.00000000	0.00000000	0.00000000	0.00000000	0.00000000
26.84354591	0.00000000	0.00000000	0.00000000	0.00000000	0.00000000	0.00000000	0.00000000	0.00000000
30.19898796	0.00000000	0.00000000	0.00000000	0.00000000	0.00000000	0.00000000	0.00000000	0.00000000
33.55443192	0.00000000	0.00000000	0.00000000	0.00000000	0.00000000	0.00000000	0.00000000	0.00000000
36.90987396	0.00000000	0.00000000	0.00000000	0.00000000	0.00000000	0.00000000	0.00000000	0.00000000
40.26531982	0.00000000	0.00000000	0.00000000	0.00000000	0.00000000	0.00000000	0.00000000	0.00000000
43.62076187	0.00000000	0.00000000	0.00000000	0.00000000	0.00000000	0.00000000	0.00000000	0.00000000
46.97620392	0.00000000	0.00000000	0.00000000	0.00000000	0.00000000	0.00000000	0.00000000	0.00000000
50.33164978	0.00000000	0.00000000	0.00000000	0.00000000	0.00000000	0.00000000	0.00000000	0.00000000
53.68709183	0.00000000	0.00000000	0.00000000	0.00000000	0.00000000	0.00000000	0.00000000	0.00000000
60.39797592	0.00000000	0.00000000	0.00000000	0.00000000	0.00000000	0.00000000	0.00000000	0.00000000
67.10886383	0.00000000	0.00000000	0.00000000	0.00000000	0.00000000	0.00000000	0.00000000	0.00000000
73.81974792	0.00000000	0.00000000	0.00000000	0.00000000	0.00000000	0.00000000	0.00000000	0.00000000
80.53063965	0.00000000	0.00000000	0.00000000	0.00000000	0.00000000	0.00000000	0.00000000	0.00000000
87.24152374	0.00000000	0.00000000	0.00000000	0.00000000	0.00000000	0.00000000	0.00000000	0.00000000
93.95240784	0.00000000	0.00000000	0.00000000	0.00000000	0.00000000	0.00000000	0.00000000	0.00000000
100.66329956	0.00000000	0.00000000	0.00000000	0.00000000	0.00000000	0.00000000	0.00000000	0.00000000
107.37418365	0.00000000	0.00000000	0.00000000	0.00000000	0.00000000	0.00000000	0.00000000	0.00000000
120.79595184	0.00000000	0.00000000	0.00000000	0.00000000	0.00000000	0.00000000	0.00000000	0.00000000
134.21772766	0.00000000	0.00000000	0.00000000	0.00000000	0.00000000	0.00000000	0.00000000	0.00000000
147.63949585	0.00000000	0.00000000	0.00000000	0.00000000	0.00000000	0.00000000	0.00000000	0.00000000
161.06127930	0.00000000	0.00000000	0.00000000	0.00000000	0.00000000	0.00000000	0.00000000	0.00000000
174.48304749	0.00000000	0.00000000	0.00000000	0.00000000	0.00000000	0.00000000	0.00000000	0.00000000
187.90481567	0.00000000	0.00000000	0.00000000	0.00000000	0.00000000	0.00000000	0.00000000	0.00000000
201.32659912	0.00000000	0.00000000	0.00000000	0.00000000	0.00000000	0.00000000	0.00000000	0.00000000
214.74836731	0.00000000	0.00000000	0.00000000	0.00000000	0.00000000	0.00000000	0.00000000	0.00000000
241.59190369	0.00000000	0.00000000	0.00000000	0.00000000	0.00000000	0.00000000	0.00000000	0.00000000
268.43545532	0.00000000	0.00000000	0.00000000	0.00000000	0.00000000	0.00000000	0.00000000	0.00000000
295.27899170	0.00000000	0.00000000	0.00000000	0.00000000	0.00000000	0.00000000	0.00000000	0.00000000
322.12255859	0.00000000	0.00000000	0.00000000	0.00000000	0.00000000	0.00000000	0.00000000	0.00000000
348.96609497	0.00000000	0.00000000	0.00000000	0.00000000	0.00000000	0.00000000	0.00000000	0.00000000
375.80963135	0.00000000	0.00000000	0.00000000	0.00000000	0.00000000	0.00000000	0.00000000	0.00000000
402.65319824	0.00000000	0.00000000	0.00000000	0.00000000	0.00000000	0.00000000	0.00000000	0.00000000
429.49673462	0.00000000	0.00000000	0.00000000	0.00000000	0.00000000	0.00000000	0.00000000	0.00000000
483.18380737	0.00000000	0.00000000	0.00000000	0.00000000	0.00000000	0.00000000	0.00000000	0.00000000
536.87091064	0.00000000	0.00000000	0.00000000	0.00000000	0.00000000	0.00000000	0.00000000	0.00000000
590.55798340	0.00000000	0.00000000	0.00000000	0.00000000	0.00000000	0.00000000	0.00000000	0.00000000
644.24511719	0.00000000	0.00000000	0.00000000	0.00000000	0.00000000	0.00000000	0.00000000	0.00000000
697.93218994	0.00000000	0.00000000	0.00000000	0.00000000	0.00000000	0.00000000	0.00000000	0.00000000
751.61926270	0.00000000	0.00000000	0.00000000	0.00000000	0.00000000	0.00000000	0.00000000	0.00000000
805.30639648	0.00000000	0.00000000	0.00000000	0.00000000	0.00000000	0.00000000	0.00000000	0.00000000
858.99346924	0.00000000	0.00000000	0.00000000	0.00000000	0.00000000	0.00000000	0.00000000	0.00000000
966.36761475	0.00000000	0.00000000	0.00000000	0.00000000	0.00000000	0.00000000	0.00000000	0.00000000
1073.74182129	0.00000000	0.00000000	0.00000000	0.00000000	0.00000000	0.00000000	0.00000000	0.00000000
1181.11596680	0.00000000	0.00000000	0.00000000	0.00000000	0.00000000	0.00000000	0.00000000	0.00000000
1288.49023437	0.00000000	0.00000000	0.00000000	0.00000000	0.00000000	0.00000000	0.00000000	0.00000000
1395.86437988	0.00000000	0.00000000	0.00000000	0.00000000	0.00000000	0.00000000	0.00000000	0.00000000
1503.23852539	0.00000000	0.00000000	0.00000000	0.00000000	0.00000000	0.00000000	0.00000000	0.00000000
1610.61279297	0.00000000	0.00000000	0.00000000	0.00000000	0.00000000	0.00000000	0.00000000	0.00000000
1717.98693848	0.00000000	0.00000000	0.00000000	0.00000000	0.00000000	0.00000000	0.00000000	0.00000000
1932.73522949	0.00000000	0.00000000	0.00000000	0.00000000	0.00000000	0.00000000	0.00000000	0.00000000
2147.48364258	0.00000000	0.00000000	0.00000000	0.00000000	0.00000000	0.00000000	0.00000000	0.00000000
2362.23193359	0.00000000	0.00000000	0.00000000	0.00000000	0.00000000	0.00000000	0.00000000	0.00000000
2576.98046875	0.00000000	0.00000000	0.00000000	0.00000000	0.00000000	0.00000000	0.00000000	0.00000000
2791.72875977	0.00000000	0.00000000	0.00000000	0.00000000	0.00000000	0.00000000	0.00000000	0.00000000
3006.47705078	0.00000000	0.00000000	0.00000000	0.00000000	0.00000000	0.00000000	0.00000000	0.00000000
3221.22558594	0.00000000	0.00000000	0.00000000	0.00000000	0.00000000	0.00000000	0.00000000	0.00000000
3435.97387695	0.00000000	0.00000000	0.00000000	0.00000000	0.00000000	0.00000000	0.00000000	0.00000000
0	0	0	0	0	0	0	0	0
