%3/28/2019 10:52:55 PM
%Duration	ID1		ID2		ID3		ID4		ID5		ID6		ID7		ID8
1000.000000	0.000000	0.000000	0.000000	0.000000	234.117508	236.291885	105.876923	29.163361
%Tau		Tau1		Tau2		Tau3		Tau4		Tau5		Tau6		Tau7		Tau8
%		0.000000	0.000000	0.000000	0.000000	0.000307	0.000205	0.000141	0.000077
%Delaytime	D1		D2		D3		D4		D5		D6		D7		D8
0.00000020	0.00000000	0.00000000	0.00000000	0.00000000	1.67275834	1.80909121	2.33137178	2.44184875
0.00000040	0.00000000	0.00000000	0.00000000	0.00000000	1.60871458	1.54901052	1.55393100	1.62394786
0.00000060	0.00000000	0.00000000	0.00000000	0.00000000	1.51963389	1.50751233	1.52541852	1.50541162
0.00000080	0.00000000	0.00000000	0.00000000	0.00000000	1.54358220	1.50177526	1.52636886	1.77804518
0.00000100	0.00000000	0.00000000	0.00000000	0.00000000	1.51727533	1.48207796	1.44843471	1.49355793
0.00000120	0.00000000	0.00000000	0.00000000	0.00000000	1.49695539	1.50751233	1.48835218	1.38687527
0.00000140	0.00000000	0.00000000	0.00000000	0.00000000	1.53759515	1.51745653	1.51496387	1.44614339
0.00000160	0.00000000	0.00000000	0.00000000	0.00000000	1.50856674	1.50674736	1.45983970	1.55282617
0.00000180	0.00000000	0.00000000	0.00000000	0.00000000	1.49641120	1.50483501	1.44938517	1.56467974
0.00000200	0.00000000	0.00000000	0.00000000	0.00000000	1.51056254	1.48819745	1.49785638	1.63580155
0.00000220	0.00000000	0.00000000	0.00000000	0.00000000	1.51636815	1.52357614	1.47029436	1.50541162
0.00000240	0.00000000	0.00000000	0.00000000	0.00000000	1.53070092	1.47787070	1.39806271	1.37502158
0.00000260	0.00000000	0.00000000	0.00000000	0.00000000	1.51818240	1.50789475	1.41231894	1.58838701
0.00000280	0.00000000	0.00000000	0.00000000	0.00000000	1.50820398	1.48150420	1.49215388	1.39872885
0.00000300	0.00000000	0.00000000	0.00000000	0.00000000	1.52652812	1.48475528	1.51971602	1.39872885
0.00000320	0.00000000	0.00000000	0.00000000	0.00000000	1.50112832	1.49967158	1.44558346	1.31575346
0.00000360	0.00000000	0.00000000	0.00000000	0.00000000	1.49577618	1.47595835	1.48550093	1.48763108
0.00000400	0.00000000	0.00000000	0.00000000	0.00000000	1.51763821	1.50177526	1.47694719	1.41058254
0.00000440	0.00000000	0.00000000	0.00000000	0.00000000	1.52190173	1.48140860	1.45413721	1.45799708
0.00000480	0.00000000	0.00000000	0.00000000	0.00000000	1.50130975	1.47452414	1.51686478	1.36316800
0.00000520	0.00000000	0.00000000	0.00000000	0.00000000	1.50811327	1.47997439	1.46506703	1.45799708
0.00000560	0.00000000	0.00000000	0.00000000	0.00000000	1.51727533	1.49823737	1.49928200	1.38094842
0.00000600	0.00000000	0.00000000	0.00000000	0.00000000	1.50339615	1.49967158	1.46174061	1.32168019
0.00000640	0.00000000	0.00000000	0.00000000	0.00000000	1.51945245	1.49250031	1.48835218	1.49355793
0.00000720	0.00000000	0.00000000	0.00000000	0.00000000	1.50734210	1.46916950	1.45627570	1.47577751
0.00000800	0.00000000	0.00000000	0.00000000	0.00000000	1.49441552	1.47103405	1.48264968	1.40761912
0.00000880	0.00000000	0.00000000	0.00000000	0.00000000	1.49777186	1.46037269	1.46577990	1.40465569
0.00000960	0.00000000	0.00000000	0.00000000	0.00000000	1.50416720	1.47481096	1.48003614	1.51133835
0.00001040	0.00000000	0.00000000	0.00000000	0.00000000	1.50208080	1.46218944	1.47005677	1.52615547
0.00001120	0.00000000	0.00000000	0.00000000	0.00000000	1.50094688	1.46740055	1.47195756	1.42243612
0.00001200	0.00000000	0.00000000	0.00000000	0.00000000	1.48656869	1.47265959	1.46292865	1.40761912
0.00001280	0.00000000	0.00000000	0.00000000	0.00000000	1.48797476	1.46864367	1.47480881	1.47577751
0.00001440	0.00000000	0.00000000	0.00000000	0.00000000	1.48931289	1.45310569	1.44308865	1.46688724
0.00001600	0.00000000	0.00000000	0.00000000	0.00000000	1.49645650	1.45396626	1.43952453	1.45947874
0.00001760	0.00000000	0.00000000	0.00000000	0.00000000	1.48706770	1.45002198	1.45532525	1.44910681
0.00001920	0.00000000	0.00000000	0.00000000	0.00000000	1.48675013	1.45312965	1.41695225	1.40021062
0.00002080	0.00000000	0.00000000	0.00000000	0.00000000	1.48643267	1.44755983	1.44879115	1.44614339
0.00002240	0.00000000	0.00000000	0.00000000	0.00000000	1.48321235	1.44146419	1.40507197	1.41650927
0.00002400	0.00000000	0.00000000	0.00000000	0.00000000	1.48677289	1.44330490	1.43180251	1.34538746
0.00002560	0.00000000	0.00000000	0.00000000	0.00000000	1.47219062	1.44461966	1.43869293	1.35279608
0.00002880	0.00000000	0.00000000	0.00000000	0.00000000	1.47590220	1.43613315	1.41039562	1.41112602
0.00003200	0.00000000	0.00000000	0.00000000	0.00000000	1.47424138	1.42839408	1.38164234	1.42450166
0.00003520	0.00000000	0.00000000	0.00000000	0.00000000	1.47771645	1.42309129	1.39618313	1.31378138
0.00003840	0.00000000	0.00000000	0.00000000	0.00000000	1.46859837	1.42699265	1.37129164	1.37174225
0.00004160	0.00000000	0.00000000	0.00000000	0.00000000	1.44819283	1.40866673	1.36434102	1.36877000
0.00004480	0.00000000	0.00000000	0.00000000	0.00000000	1.45524824	1.40535665	1.38333738	1.32641387
0.00004800	0.00000000	0.00000000	0.00000000	0.00000000	1.44589293	1.39622366	1.36437297	1.33978951
0.00005120	0.00000000	0.00000000	0.00000000	0.00000000	1.45163262	1.38897002	1.34364045	1.35762358
0.00005760	0.00000000	0.00000000	0.00000000	0.00000000	1.44069803	1.39105141	1.33770704	1.28992641
0.00006400	0.00000000	0.00000000	0.00000000	0.00000000	1.43691599	1.38330233	1.32727218	1.32073617
0.00007040	0.00000000	0.00000000	0.00000000	0.00000000	1.42454934	1.36532116	1.30394876	1.27248001
0.00007680	0.00000000	0.00000000	0.00000000	0.00000000	1.42386615	1.36351395	1.30947661	1.24426866
0.00008320	0.00000000	0.00000000	0.00000000	0.00000000	1.41079056	1.35569954	1.29408848	1.30032015
0.00008960	0.00000000	0.00000000	0.00000000	0.00000000	1.40362120	1.34090817	1.28017819	1.23680067
0.00009600	0.00000000	0.00000000	0.00000000	0.00000000	1.39686894	1.33303976	1.27441370	1.19745469
0.00010240	0.00000000	0.00000000	0.00000000	0.00000000	1.39002037	1.32381320	1.25525808	1.23828542
0.00011520	0.00000000	0.00000000	0.00000000	0.00000000	1.37962472	1.30435312	1.24372053	1.21412516
0.00012800	0.00000000	0.00000000	0.00000000	0.00000000	1.36124170	1.28743279	1.22180545	1.17814279
0.00014080	0.00000000	0.00000000	0.00000000	0.00000000	1.35266638	1.26980329	1.20138061	1.16423213
0.00015360	0.00000000	0.00000000	0.00000000	0.00000000	1.33534074	1.25431597	1.19008946	1.16575730
0.00016640	0.00000000	0.00000000	0.00000000	0.00000000	1.32327437	1.24419403	1.17163026	1.12250006
0.00017920	0.00000000	0.00000000	0.00000000	0.00000000	1.31135476	1.22977459	1.16514230	1.09189653
0.00019200	0.00000000	0.00000000	0.00000000	0.00000000	1.30058002	1.21546543	1.15661466	1.10710549
0.00020480	0.00000000	0.00000000	0.00000000	0.00000000	1.28475177	1.20068038	1.13657761	1.10376692
0.00023040	0.00000000	0.00000000	0.00000000	0.00000000	1.26543558	1.17790544	1.11626935	1.07990706
0.00025600	0.00000000	0.00000000	0.00000000	0.00000000	1.24368382	1.15516102	1.10127246	1.06946230
0.00028160	0.00000000	0.00000000	0.00000000	0.00000000	1.22266293	1.13454318	1.08527064	1.03049850
0.00030720	0.00000000	0.00000000	0.00000000	0.00000000	1.20393467	1.11561179	1.07348835	1.03339386
0.00033280	0.00000000	0.00000000	0.00000000	0.00000000	1.18511581	1.10044312	1.06068647	1.02899742
0.00035840	0.00000000	0.00000000	0.00000000	0.00000000	1.16883314	1.08534908	1.04789412	1.02337527
0.00038400	0.00000000	0.00000000	0.00000000	0.00000000	1.15353286	1.07468259	1.03984928	1.02421021
0.00040960	0.00000000	0.00000000	0.00000000	0.00000000	1.13839018	1.06506455	1.03288841	1.01753116
0.00046080	0.00000000	0.00000000	0.00000000	0.00000000	1.10981238	1.04115260	1.02178812	1.01474488
0.00051200	0.00000000	0.00000000	0.00000000	0.00000000	1.08884799	1.02567399	1.01505923	0.99152422
0.00056320	0.00000000	0.00000000	0.00000000	0.00000000	1.07062578	1.01885736	1.00981498	0.98583543
0.00061440	0.00000000	0.00000000	0.00000000	0.00000000	1.05448961	1.01604664	1.01286805	1.00370264
0.00066560	0.00000000	0.00000000	0.00000000	0.00000000	1.04582977	1.01088142	1.00723076	0.99172121
0.00071680	0.00000000	0.00000000	0.00000000	0.00000000	1.03480458	1.00606346	1.00476384	0.99355471
0.00076800	0.00000000	0.00000000	0.00000000	0.00000000	1.02704954	1.00417662	0.99995553	0.99875557
0.00081920	0.00000000	0.00000000	0.00000000	0.00000000	1.02200544	1.00172591	0.99209762	1.00554609
0.00092160	0.00000000	0.00000000	0.00000000	0.00000000	1.01038241	0.99941576	1.00150084	1.00113916
0.00102400	0.00000000	0.00000000	0.00000000	0.00000000	1.00605237	0.99869198	0.99683863	0.98100483
0.00112640	0.00000000	0.00000000	0.00000000	0.00000000	1.00871229	0.99848783	0.99752986	0.99979275
0.00122880	0.00000000	0.00000000	0.00000000	0.00000000	1.00592971	1.00134754	1.00078380	0.99183339
0.00133120	0.00000000	0.00000000	0.00000000	0.00000000	1.00070596	1.00241280	1.00312448	0.99917513
0.00143360	0.00000000	0.00000000	0.00000000	0.00000000	1.00144351	1.00323689	0.99779612	0.99391180
0.00153600	0.00000000	0.00000000	0.00000000	0.00000000	1.00242996	1.00293851	0.99496251	0.99963981
0.00163840	0.00000000	0.00000000	0.00000000	0.00000000	1.00202799	1.00246990	0.99667251	1.01044643
0.00184320	0.00000000	0.00000000	0.00000000	0.00000000	1.00288415	1.00443840	0.99566263	1.01319778
0.00204800	0.00000000	0.00000000	0.00000000	0.00000000	1.00445199	1.00534081	0.99677348	0.99461979
0.00225280	0.00000000	0.00000000	0.00000000	0.00000000	1.00114834	1.00019300	1.00067174	0.99440187
0.00245760	0.00000000	0.00000000	0.00000000	0.00000000	0.99963504	1.00065613	1.00139403	1.00920665
0.00266240	0.00000000	0.00000000	0.00000000	0.00000000	0.99922198	1.00093830	1.00264704	1.00035226
0.00286720	0.00000000	0.00000000	0.00000000	0.00000000	0.99889117	1.00130129	1.00677955	0.99514049
0.00307200	0.00000000	0.00000000	0.00000000	0.00000000	0.99938887	0.99764645	1.00886858	0.99884886
0.00327680	0.00000000	0.00000000	0.00000000	0.00000000	0.99755424	0.99873984	0.99815613	0.99985480
0.00368640	0.00000000	0.00000000	0.00000000	0.00000000	0.99904042	1.00343549	0.99157709	1.00214493
0.00409600	0.00000000	0.00000000	0.00000000	0.00000000	0.99707919	0.99889040	0.99825293	1.00638366
0.00450560	0.00000000	0.00000000	0.00000000	0.00000000	0.99779159	0.99776608	0.99733603	0.99942726
0.00491520	0.00000000	0.00000000	0.00000000	0.00000000	0.99280578	0.99774528	1.00538564	1.01304567
0.00532480	0.00000000	0.00000000	0.00000000	0.00000000	0.99219221	0.99148005	1.01094925	1.00568724
0.00573440	0.00000000	0.00000000	0.00000000	0.00000000	0.99378717	1.00359619	1.00545585	1.00258732
0.00614400	0.00000000	0.00000000	0.00000000	0.00000000	0.99679172	1.00110400	1.01127732	1.00058770
0.00655360	0.00000000	0.00000000	0.00000000	0.00000000	1.00463295	1.00411105	1.00281668	1.00549030
0.00737280	0.00000000	0.00000000	0.00000000	0.00000000	1.00130391	0.99981904	0.99843389	0.99747491
0.00819200	0.00000000	0.00000000	0.00000000	0.00000000	0.99905443	0.99749440	0.99828267	1.00529814
0.00901120	0.00000000	0.00000000	0.00000000	0.00000000	1.00020754	1.00150418	0.99639624	0.99793720
0.00983040	0.00000000	0.00000000	0.00000000	0.00000000	0.98714346	0.99512362	1.00183821	1.00543046
0.01064960	0.00000000	0.00000000	0.00000000	0.00000000	0.99416733	1.00019395	0.99958891	1.00202310
0.01146880	0.00000000	0.00000000	0.00000000	0.00000000	0.99984521	0.99559504	1.00149202	0.99983674
0.01228800	0.00000000	0.00000000	0.00000000	0.00000000	1.00910258	0.99749321	0.99794507	1.00689423
0.01310720	0.00000000	0.00000000	0.00000000	0.00000000	1.00543451	1.00729394	1.00001144	1.00133777
0.01474560	0.00000000	0.00000000	0.00000000	0.00000000	0.99413991	1.00154066	1.00051129	0.99997449
0.01638400	0.00000000	0.00000000	0.00000000	0.00000000	1.00329792	0.99985898	1.00085127	1.00215554
0.01802240	0.00000000	0.00000000	0.00000000	0.00000000	0.99562252	0.99526155	0.99761230	0.99805641
0.01966080	0.00000000	0.00000000	0.00000000	0.00000000	0.99794692	0.99491334	0.99734265	1.00170803
0.02129920	0.00000000	0.00000000	0.00000000	0.00000000	0.99720716	0.99755841	0.99927700	1.00155509
0.02293760	0.00000000	0.00000000	0.00000000	0.00000000	1.00478399	1.00189924	1.00056899	1.00159025
0.02457600	0.00000000	0.00000000	0.00000000	0.00000000	1.00577700	1.00286877	0.99879855	1.00015998
0.02621440	0.00000000	0.00000000	0.00000000	0.00000000	1.00328994	1.00811827	1.00096214	1.00113118
0.02949120	0.00000000	0.00000000	0.00000000	0.00000000	1.00276959	1.00053227	0.99768573	0.99700600
0.03276800	0.00000000	0.00000000	0.00000000	0.00000000	0.99561214	0.99656302	0.99892455	0.99954474
0.03604480	0.00000000	0.00000000	0.00000000	0.00000000	1.00079405	0.99970496	0.99982119	1.00121009
0.03932160	0.00000000	0.00000000	0.00000000	0.00000000	0.99923533	0.99672776	1.00036168	1.00244570
0.04259840	0.00000000	0.00000000	0.00000000	0.00000000	1.00454175	0.99771392	0.99639368	1.00206649
0.04587520	0.00000000	0.00000000	0.00000000	0.00000000	1.00298882	0.99651694	1.00203979	1.00089622
0.04915200	0.00000000	0.00000000	0.00000000	0.00000000	0.99703515	0.99462289	0.99517590	0.99873424
0.05242880	0.00000000	0.00000000	0.00000000	0.00000000	0.99620736	0.99746823	0.99785626	1.00206017
0.05898240	0.00000000	0.00000000	0.00000000	0.00000000	1.00147712	1.00156260	0.99966830	0.99740094
0.06553600	0.00000000	0.00000000	0.00000000	0.00000000	1.00131202	1.00215554	1.00040185	0.99788958
0.07208960	0.00000000	0.00000000	0.00000000	0.00000000	0.99699229	0.99751431	0.99996132	0.99831116
0.07864320	0.00000000	0.00000000	0.00000000	0.00000000	1.00326550	1.00063205	1.00190532	0.99790102
0.08519680	0.00000000	0.00000000	0.00000000	0.00000000	1.00011170	1.00276995	1.00119507	1.00010538
0.09175040	0.00000000	0.00000000	0.00000000	0.00000000	1.00231218	1.00180483	0.99854547	1.00235784
0.09830400	0.00000000	0.00000000	0.00000000	0.00000000	1.00031042	0.99910825	0.99874336	1.00159991
0.10485760	0.00000000	0.00000000	0.00000000	0.00000000	1.00057423	0.99582148	0.99856544	1.00148976
0.11796480	0.00000000	0.00000000	0.00000000	0.00000000	0.99831867	0.99935335	0.99977547	0.99950117
0.13107200	0.00000000	0.00000000	0.00000000	0.00000000	1.00220037	0.99845701	1.00034130	1.00091338
0.14417920	0.00000000	0.00000000	0.00000000	0.00000000	0.99651694	0.99962622	0.99985892	1.00396562
0.15728641	0.00000000	0.00000000	0.00000000	0.00000000	0.99951380	1.00086892	1.00057697	1.00080335
0.17039360	0.00000000	0.00000000	0.00000000	0.00000000	1.00066793	1.00056398	0.99922371	0.99952722
0.18350080	0.00000000	0.00000000	0.00000000	0.00000000	1.00278461	0.99966043	1.00115025	1.00044417
0.19660801	0.00000000	0.00000000	0.00000000	0.00000000	1.00105095	0.99725032	0.99985492	0.99878567
0.20971520	0.00000000	0.00000000	0.00000000	0.00000000	0.99807519	1.00028741	0.99962842	0.99831504
0.23592959	0.00000000	0.00000000	0.00000000	0.00000000	0.99992669	1.00132763	1.00016499	1.00113666
0.26214400	0.00000000	0.00000000	0.00000000	0.00000000	1.00007272	1.00124538	0.99918300	1.00028396
0.28835839	0.00000000	0.00000000	0.00000000	0.00000000	1.00141716	1.00011313	0.99814039	1.00007367
0.31457281	0.00000000	0.00000000	0.00000000	0.00000000	0.99885952	0.99985373	1.00049901	0.99858314
0.34078720	0.00000000	0.00000000	0.00000000	0.00000000	0.99842906	0.99863219	1.00096226	0.99937266
0.36700159	0.00000000	0.00000000	0.00000000	0.00000000	0.99873924	1.00008512	0.99948734	1.00008798
0.39321601	0.00000000	0.00000000	0.00000000	0.00000000	0.99954444	1.00053620	0.99987650	0.99983341
0.41943040	0.00000000	0.00000000	0.00000000	0.00000000	0.99818522	1.00044823	0.99929947	1.00002265
0.47185919	0.00000000	0.00000000	0.00000000	0.00000000	1.00037956	1.00042427	1.00056612	0.99922448
0.52428800	0.00000000	0.00000000	0.00000000	0.00000000	1.00027645	0.99927223	1.00019968	0.99830765
0.57671678	0.00000000	0.00000000	0.00000000	0.00000000	0.99789608	1.00001848	0.99962938	0.99997658
0.62914562	0.00000000	0.00000000	0.00000000	0.00000000	0.99924684	0.99932301	1.00017989	0.99961269
0.68157440	0.00000000	0.00000000	0.00000000	0.00000000	1.00046659	0.99996084	0.99990821	1.00013292
0.73400319	0.00000000	0.00000000	0.00000000	0.00000000	1.00021923	1.00031257	0.99967438	1.00191915
0.78643203	0.00000000	0.00000000	0.00000000	0.00000000	0.99948138	1.00073671	1.00134611	0.99811262
0.83886081	0.00000000	0.00000000	0.00000000	0.00000000	0.99818152	0.99908137	0.99942291	1.00260186
0.94371837	0.00000000	0.00000000	0.00000000	0.00000000	1.00137544	0.99928468	0.99945056	0.99959952
1.04857600	0.00000000	0.00000000	0.00000000	0.00000000	1.00077343	1.00085890	0.99989653	1.00100195
1.15343356	0.00000000	0.00000000	0.00000000	0.00000000	1.00166762	0.99988288	0.99986202	1.00021100
1.25829124	0.00000000	0.00000000	0.00000000	0.00000000	0.99938494	0.99925220	1.00092721	1.00061500
1.36314881	0.00000000	0.00000000	0.00000000	0.00000000	1.00009465	1.00049436	1.00016034	0.99941802
1.46800637	0.00000000	0.00000000	0.00000000	0.00000000	0.99977213	1.00073564	1.00017810	0.99995112
1.57286406	0.00000000	0.00000000	0.00000000	0.00000000	1.00104630	0.99926543	0.99988258	1.00152850
1.67772162	0.00000000	0.00000000	0.00000000	0.00000000	0.99879640	0.99964988	0.99961656	0.99769425
1.88743675	0.00000000	0.00000000	0.00000000	0.00000000	0.00000000	0.00000000	0.00000000	0.00000000
2.09715199	0.00000000	0.00000000	0.00000000	0.00000000	0.00000000	0.00000000	0.00000000	0.00000000
2.30686712	0.00000000	0.00000000	0.00000000	0.00000000	0.00000000	0.00000000	0.00000000	0.00000000
2.51658249	0.00000000	0.00000000	0.00000000	0.00000000	0.00000000	0.00000000	0.00000000	0.00000000
2.72629762	0.00000000	0.00000000	0.00000000	0.00000000	0.00000000	0.00000000	0.00000000	0.00000000
2.93601274	0.00000000	0.00000000	0.00000000	0.00000000	0.00000000	0.00000000	0.00000000	0.00000000
3.14572811	0.00000000	0.00000000	0.00000000	0.00000000	0.00000000	0.00000000	0.00000000	0.00000000
3.35544324	0.00000000	0.00000000	0.00000000	0.00000000	0.00000000	0.00000000	0.00000000	0.00000000
3.77487350	0.00000000	0.00000000	0.00000000	0.00000000	0.00000000	0.00000000	0.00000000	0.00000000
4.19430399	0.00000000	0.00000000	0.00000000	0.00000000	0.00000000	0.00000000	0.00000000	0.00000000
4.61373425	0.00000000	0.00000000	0.00000000	0.00000000	0.00000000	0.00000000	0.00000000	0.00000000
5.03316498	0.00000000	0.00000000	0.00000000	0.00000000	0.00000000	0.00000000	0.00000000	0.00000000
5.45259523	0.00000000	0.00000000	0.00000000	0.00000000	0.00000000	0.00000000	0.00000000	0.00000000
5.87202549	0.00000000	0.00000000	0.00000000	0.00000000	0.00000000	0.00000000	0.00000000	0.00000000
6.29145622	0.00000000	0.00000000	0.00000000	0.00000000	0.00000000	0.00000000	0.00000000	0.00000000
6.71088648	0.00000000	0.00000000	0.00000000	0.00000000	0.00000000	0.00000000	0.00000000	0.00000000
7.54974699	0.00000000	0.00000000	0.00000000	0.00000000	0.00000000	0.00000000	0.00000000	0.00000000
8.38860798	0.00000000	0.00000000	0.00000000	0.00000000	0.00000000	0.00000000	0.00000000	0.00000000
9.22746849	0.00000000	0.00000000	0.00000000	0.00000000	0.00000000	0.00000000	0.00000000	0.00000000
10.06632996	0.00000000	0.00000000	0.00000000	0.00000000	0.00000000	0.00000000	0.00000000	0.00000000
10.90519047	0.00000000	0.00000000	0.00000000	0.00000000	0.00000000	0.00000000	0.00000000	0.00000000
11.74405098	0.00000000	0.00000000	0.00000000	0.00000000	0.00000000	0.00000000	0.00000000	0.00000000
12.58291245	0.00000000	0.00000000	0.00000000	0.00000000	0.00000000	0.00000000	0.00000000	0.00000000
13.42177296	0.00000000	0.00000000	0.00000000	0.00000000	0.00000000	0.00000000	0.00000000	0.00000000
15.09949398	0.00000000	0.00000000	0.00000000	0.00000000	0.00000000	0.00000000	0.00000000	0.00000000
16.77721596	0.00000000	0.00000000	0.00000000	0.00000000	0.00000000	0.00000000	0.00000000	0.00000000
18.45493698	0.00000000	0.00000000	0.00000000	0.00000000	0.00000000	0.00000000	0.00000000	0.00000000
20.13265991	0.00000000	0.00000000	0.00000000	0.00000000	0.00000000	0.00000000	0.00000000	0.00000000
21.81038094	0.00000000	0.00000000	0.00000000	0.00000000	0.00000000	0.00000000	0.00000000	0.00000000
23.48810196	0.00000000	0.00000000	0.00000000	0.00000000	0.00000000	0.00000000	0.00000000	0.00000000
25.16582489	0.00000000	0.00000000	0.00000000	0.00000000	0.00000000	0.00000000	0.00000000	0.00000000
26.84354591	0.00000000	0.00000000	0.00000000	0.00000000	0.00000000	0.00000000	0.00000000	0.00000000
30.19898796	0.00000000	0.00000000	0.00000000	0.00000000	0.00000000	0.00000000	0.00000000	0.00000000
33.55443192	0.00000000	0.00000000	0.00000000	0.00000000	0.00000000	0.00000000	0.00000000	0.00000000
36.90987396	0.00000000	0.00000000	0.00000000	0.00000000	0.00000000	0.00000000	0.00000000	0.00000000
40.26531982	0.00000000	0.00000000	0.00000000	0.00000000	0.00000000	0.00000000	0.00000000	0.00000000
43.62076187	0.00000000	0.00000000	0.00000000	0.00000000	0.00000000	0.00000000	0.00000000	0.00000000
46.97620392	0.00000000	0.00000000	0.00000000	0.00000000	0.00000000	0.00000000	0.00000000	0.00000000
50.33164978	0.00000000	0.00000000	0.00000000	0.00000000	0.00000000	0.00000000	0.00000000	0.00000000
53.68709183	0.00000000	0.00000000	0.00000000	0.00000000	0.00000000	0.00000000	0.00000000	0.00000000
60.39797592	0.00000000	0.00000000	0.00000000	0.00000000	0.00000000	0.00000000	0.00000000	0.00000000
67.10886383	0.00000000	0.00000000	0.00000000	0.00000000	0.00000000	0.00000000	0.00000000	0.00000000
73.81974792	0.00000000	0.00000000	0.00000000	0.00000000	0.00000000	0.00000000	0.00000000	0.00000000
80.53063965	0.00000000	0.00000000	0.00000000	0.00000000	0.00000000	0.00000000	0.00000000	0.00000000
87.24152374	0.00000000	0.00000000	0.00000000	0.00000000	0.00000000	0.00000000	0.00000000	0.00000000
93.95240784	0.00000000	0.00000000	0.00000000	0.00000000	0.00000000	0.00000000	0.00000000	0.00000000
100.66329956	0.00000000	0.00000000	0.00000000	0.00000000	0.00000000	0.00000000	0.00000000	0.00000000
107.37418365	0.00000000	0.00000000	0.00000000	0.00000000	0.00000000	0.00000000	0.00000000	0.00000000
120.79595184	0.00000000	0.00000000	0.00000000	0.00000000	0.00000000	0.00000000	0.00000000	0.00000000
134.21772766	0.00000000	0.00000000	0.00000000	0.00000000	0.00000000	0.00000000	0.00000000	0.00000000
147.63949585	0.00000000	0.00000000	0.00000000	0.00000000	0.00000000	0.00000000	0.00000000	0.00000000
161.06127930	0.00000000	0.00000000	0.00000000	0.00000000	0.00000000	0.00000000	0.00000000	0.00000000
174.48304749	0.00000000	0.00000000	0.00000000	0.00000000	0.00000000	0.00000000	0.00000000	0.00000000
187.90481567	0.00000000	0.00000000	0.00000000	0.00000000	0.00000000	0.00000000	0.00000000	0.00000000
201.32659912	0.00000000	0.00000000	0.00000000	0.00000000	0.00000000	0.00000000	0.00000000	0.00000000
214.74836731	0.00000000	0.00000000	0.00000000	0.00000000	0.00000000	0.00000000	0.00000000	0.00000000
241.59190369	0.00000000	0.00000000	0.00000000	0.00000000	0.00000000	0.00000000	0.00000000	0.00000000
268.43545532	0.00000000	0.00000000	0.00000000	0.00000000	0.00000000	0.00000000	0.00000000	0.00000000
295.27899170	0.00000000	0.00000000	0.00000000	0.00000000	0.00000000	0.00000000	0.00000000	0.00000000
322.12255859	0.00000000	0.00000000	0.00000000	0.00000000	0.00000000	0.00000000	0.00000000	0.00000000
348.96609497	0.00000000	0.00000000	0.00000000	0.00000000	0.00000000	0.00000000	0.00000000	0.00000000
375.80963135	0.00000000	0.00000000	0.00000000	0.00000000	0.00000000	0.00000000	0.00000000	0.00000000
402.65319824	0.00000000	0.00000000	0.00000000	0.00000000	0.00000000	0.00000000	0.00000000	0.00000000
429.49673462	0.00000000	0.00000000	0.00000000	0.00000000	0.00000000	0.00000000	0.00000000	0.00000000
483.18380737	0.00000000	0.00000000	0.00000000	0.00000000	0.00000000	0.00000000	0.00000000	0.00000000
536.87091064	0.00000000	0.00000000	0.00000000	0.00000000	0.00000000	0.00000000	0.00000000	0.00000000
590.55798340	0.00000000	0.00000000	0.00000000	0.00000000	0.00000000	0.00000000	0.00000000	0.00000000
644.24511719	0.00000000	0.00000000	0.00000000	0.00000000	0.00000000	0.00000000	0.00000000	0.00000000
697.93218994	0.00000000	0.00000000	0.00000000	0.00000000	0.00000000	0.00000000	0.00000000	0.00000000
751.61926270	0.00000000	0.00000000	0.00000000	0.00000000	0.00000000	0.00000000	0.00000000	0.00000000
805.30639648	0.00000000	0.00000000	0.00000000	0.00000000	0.00000000	0.00000000	0.00000000	0.00000000
858.99346924	0.00000000	0.00000000	0.00000000	0.00000000	0.00000000	0.00000000	0.00000000	0.00000000
966.36761475	0.00000000	0.00000000	0.00000000	0.00000000	0.00000000	0.00000000	0.00000000	0.00000000
1073.74182129	0.00000000	0.00000000	0.00000000	0.00000000	0.00000000	0.00000000	0.00000000	0.00000000
1181.11596680	0.00000000	0.00000000	0.00000000	0.00000000	0.00000000	0.00000000	0.00000000	0.00000000
1288.49023437	0.00000000	0.00000000	0.00000000	0.00000000	0.00000000	0.00000000	0.00000000	0.00000000
1395.86437988	0.00000000	0.00000000	0.00000000	0.00000000	0.00000000	0.00000000	0.00000000	0.00000000
1503.23852539	0.00000000	0.00000000	0.00000000	0.00000000	0.00000000	0.00000000	0.00000000	0.00000000
1610.61279297	0.00000000	0.00000000	0.00000000	0.00000000	0.00000000	0.00000000	0.00000000	0.00000000
1717.98693848	0.00000000	0.00000000	0.00000000	0.00000000	0.00000000	0.00000000	0.00000000	0.00000000
1932.73522949	0.00000000	0.00000000	0.00000000	0.00000000	0.00000000	0.00000000	0.00000000	0.00000000
2147.48364258	0.00000000	0.00000000	0.00000000	0.00000000	0.00000000	0.00000000	0.00000000	0.00000000
2362.23193359	0.00000000	0.00000000	0.00000000	0.00000000	0.00000000	0.00000000	0.00000000	0.00000000
2576.98046875	0.00000000	0.00000000	0.00000000	0.00000000	0.00000000	0.00000000	0.00000000	0.00000000
2791.72875977	0.00000000	0.00000000	0.00000000	0.00000000	0.00000000	0.00000000	0.00000000	0.00000000
3006.47705078	0.00000000	0.00000000	0.00000000	0.00000000	0.00000000	0.00000000	0.00000000	0.00000000
3221.22558594	0.00000000	0.00000000	0.00000000	0.00000000	0.00000000	0.00000000	0.00000000	0.00000000
3435.97387695	0.00000000	0.00000000	0.00000000	0.00000000	0.00000000	0.00000000	0.00000000	0.00000000
0	0	0	0	0	0	0	0	0
