%3/28/2019 10:53:12 PM
%Duration	ID1		ID2		ID3		ID4		ID5		ID6		ID7		ID8
1000.000000	0.000000	0.000000	0.000000	0.000000	222.415924	225.267410	104.751587	31.185150
%Tau		Tau1		Tau2		Tau3		Tau4		Tau5		Tau6		Tau7		Tau8
%		0.000000	0.000000	0.000000	0.000000	0.000307	0.000205	0.000141	0.000083
%Delaytime	D1		D2		D3		D4		D5		D6		D7		D8
0.00000020	0.00000000	0.00000000	0.00000000	0.00000000	1.63607705	1.78946424	2.37656498	2.15933776
0.00000040	0.00000000	0.00000000	0.00000000	0.00000000	1.55884302	1.56106699	1.61031246	1.61667693
0.00000060	0.00000000	0.00000000	0.00000000	0.00000000	1.47839880	1.54355717	1.52462602	1.57145524
0.00000080	0.00000000	0.00000000	0.00000000	0.00000000	1.51956511	1.49718499	1.55614293	1.50362265
0.00000100	0.00000000	0.00000000	0.00000000	0.00000000	1.50766838	1.52720189	1.48818469	1.59406614
0.00000120	0.00000000	0.00000000	0.00000000	0.00000000	1.51276696	1.50430441	1.50788271	1.77495301
0.00000140	0.00000000	0.00000000	0.00000000	0.00000000	1.47518861	1.50391960	1.40939271	1.48101175
0.00000160	0.00000000	0.00000000	0.00000000	0.00000000	1.48727405	1.49660778	1.44189441	1.42448461
0.00000180	0.00000000	0.00000000	0.00000000	0.00000000	1.48916245	1.52816391	1.54727876	1.31143022
0.00000200	0.00000000	0.00000000	0.00000000	0.00000000	1.48066485	1.50507402	1.51674688	1.72973132
0.00000220	0.00000000	0.00000000	0.00000000	0.00000000	1.51559949	1.52527773	1.51083744	1.62798238
0.00000240	0.00000000	0.00000000	0.00000000	0.00000000	1.47896528	1.48198426	1.46947169	1.52623343
0.00000260	0.00000000	0.00000000	0.00000000	0.00000000	1.48897362	1.50988448	1.54530895	1.44709551
0.00000280	0.00000000	0.00000000	0.00000000	0.00000000	1.47594392	1.47140133	1.46651697	1.54884434
0.00000300	0.00000000	0.00000000	0.00000000	0.00000000	1.46159232	1.51623416	1.46947169	1.36795747
0.00000320	0.00000000	0.00000000	0.00000000	0.00000000	1.51862085	1.49372160	1.51182234	1.46970630
0.00000360	0.00000000	0.00000000	0.00000000	0.00000000	1.49265587	1.48246527	1.45125103	1.42448461
0.00000400	0.00000000	0.00000000	0.00000000	0.00000000	1.48368621	1.48525524	1.46257734	1.50362265
0.00000440	0.00000000	0.00000000	0.00000000	0.00000000	1.49312806	1.49593437	1.49458659	1.44709551
0.00000480	0.00000000	0.00000000	0.00000000	0.00000000	1.49256146	1.48910356	1.45716035	1.43579006
0.00000520	0.00000000	0.00000000	0.00000000	0.00000000	1.48510242	1.47880936	1.44090950	1.54319167
0.00000560	0.00000000	0.00000000	0.00000000	0.00000000	1.48283648	1.49612677	1.47094893	1.49231720
0.00000600	0.00000000	0.00000000	0.00000000	0.00000000	1.48500800	1.49045050	1.44534159	1.56580245
0.00000640	0.00000000	0.00000000	0.00000000	0.00000000	1.50030375	1.47861695	1.48818469	1.65624595
0.00000720	0.00000000	0.00000000	0.00000000	0.00000000	1.49199498	1.48717940	1.46627069	1.40470004
0.00000800	0.00000000	0.00000000	0.00000000	0.00000000	1.48505521	1.48390841	1.46109998	1.51210165
0.00000880	0.00000000	0.00000000	0.00000000	0.00000000	1.48080647	1.49275947	1.48227537	1.43296361
0.00000960	0.00000000	0.00000000	0.00000000	0.00000000	1.45229220	1.47828019	1.48227537	1.50362265
0.00001040	0.00000000	0.00000000	0.00000000	0.00000000	1.47155344	1.48554397	1.47611976	1.44992185
0.00001120	0.00000000	0.00000000	0.00000000	0.00000000	1.47046769	1.47375846	1.45223594	1.54884434
0.00001200	0.00000000	0.00000000	0.00000000	0.00000000	1.46135628	1.49511659	1.47464240	1.60819793
0.00001280	0.00000000	0.00000000	0.00000000	0.00000000	1.46697414	1.49160504	1.44583404	1.54601800
0.00001440	0.00000000	0.00000000	0.00000000	0.00000000	1.46591198	1.46315157	1.45395947	1.45698774
0.00001600	0.00000000	0.00000000	0.00000000	0.00000000	1.46277261	1.46555674	1.45752966	1.37643647
0.00001760	0.00000000	0.00000000	0.00000000	0.00000000	1.46588838	1.46353638	1.43303037	1.47253263
0.00001920	0.00000000	0.00000000	0.00000000	0.00000000	1.45375562	1.45781207	1.43930900	1.42872417
0.00002080	0.00000000	0.00000000	0.00000000	0.00000000	1.44785452	1.45875001	1.45482123	1.39904737
0.00002240	0.00000000	0.00000000	0.00000000	0.00000000	1.45774484	1.45964003	1.42576671	1.46970630
0.00002400	0.00000000	0.00000000	0.00000000	0.00000000	1.45722556	1.45911086	1.41751814	1.39904737
0.00002560	0.00000000	0.00000000	0.00000000	0.00000000	1.45736718	1.45242441	1.43573880	1.47818542
0.00002880	0.00000000	0.00000000	0.00000000	0.00000000	1.43826616	1.44755089	1.40691721	1.43872535
0.00003200	0.00000000	0.00000000	0.00000000	0.00000000	1.44900239	1.44986403	1.40436757	1.38292789
0.00003520	0.00000000	0.00000000	0.00000000	0.00000000	1.43689752	1.43757474	1.39503026	1.37586498
0.00003840	0.00000000	0.00000000	0.00000000	0.00000000	1.43957710	1.43418217	1.37035751	1.45920789
0.00004160	0.00000000	0.00000000	0.00000000	0.00000000	1.42732573	1.42205894	1.38447034	1.32995570
0.00004480	0.00000000	0.00000000	0.00000000	0.00000000	1.43162715	1.41825032	1.36795986	1.35114467
0.00004800	0.00000000	0.00000000	0.00000000	0.00000000	1.42626810	1.41625118	1.36121964	1.35109782
0.00005120	0.00000000	0.00000000	0.00000000	0.00000000	1.43107474	1.40327394	1.35064554	1.34403515
0.00005760	0.00000000	0.00000000	0.00000000	0.00000000	1.41333580	1.39541769	1.34222531	1.37468386
0.00006400	0.00000000	0.00000000	0.00000000	0.00000000	1.40846896	1.38054609	1.33066559	1.31632972
0.00007040	0.00000000	0.00000000	0.00000000	0.00000000	1.40319574	1.37737429	1.31699622	1.33118343
0.00007680	0.00000000	0.00000000	0.00000000	0.00000000	1.38929081	1.37276828	1.31380773	1.30819547
0.00008320	0.00000000	0.00000000	0.00000000	0.00000000	1.38823712	1.36003923	1.29901576	1.25267053
0.00008960	0.00000000	0.00000000	0.00000000	0.00000000	1.38379443	1.35524857	1.28471315	1.27954876
0.00009600	0.00000000	0.00000000	0.00000000	0.00000000	1.37635648	1.33883619	1.28741252	1.24736559
0.00010240	0.00000000	0.00000000	0.00000000	0.00000000	1.36589408	1.32833302	1.26491570	1.24595094
0.00011520	0.00000000	0.00000000	0.00000000	0.00000000	1.35398984	1.31194234	1.24642158	1.19858336
0.00012800	0.00000000	0.00000000	0.00000000	0.00000000	1.34031224	1.29723370	1.23520327	1.18692255
0.00014080	0.00000000	0.00000000	0.00000000	0.00000000	1.32440507	1.27939558	1.21037793	1.20410204
0.00015360	0.00000000	0.00000000	0.00000000	0.00000000	1.31614792	1.26885617	1.19860423	1.17706943
0.00016640	0.00000000	0.00000000	0.00000000	0.00000000	1.30479610	1.25032425	1.18339276	1.17353570
0.00017920	0.00000000	0.00000000	0.00000000	0.00000000	1.29169047	1.23721886	1.16419208	1.14508951
0.00019200	0.00000000	0.00000000	0.00000000	0.00000000	1.27934682	1.22521293	1.14482725	1.13833618
0.00020480	0.00000000	0.00000000	0.00000000	0.00000000	1.27035367	1.21058416	1.14480007	1.12155175
0.00023040	0.00000000	0.00000000	0.00000000	0.00000000	1.24907780	1.18548393	1.11983275	1.12297213
0.00025600	0.00000000	0.00000000	0.00000000	0.00000000	1.22641730	1.16652274	1.09928334	1.08566558
0.00028160	0.00000000	0.00000000	0.00000000	0.00000000	1.20865679	1.14743030	1.08865178	1.08400130
0.00030720	0.00000000	0.00000000	0.00000000	0.00000000	1.19119549	1.12835157	1.07281649	1.04886556
0.00033280	0.00000000	0.00000000	0.00000000	0.00000000	1.17327094	1.11283457	1.06317651	1.03150988
0.00035840	0.00000000	0.00000000	0.00000000	0.00000000	1.15387988	1.10023510	1.04915237	1.01895583
0.00038400	0.00000000	0.00000000	0.00000000	0.00000000	1.14068413	1.08715034	1.04137635	1.05704546
0.00040960	0.00000000	0.00000000	0.00000000	0.00000000	1.12609851	1.07366514	1.03097510	1.01733136
0.00046080	0.00000000	0.00000000	0.00000000	0.00000000	1.09969556	1.05538464	1.02217078	1.02251661
0.00051200	0.00000000	0.00000000	0.00000000	0.00000000	1.08482385	1.04240561	1.01745248	1.00770140
0.00056320	0.00000000	0.00000000	0.00000000	0.00000000	1.06757534	1.03207231	1.01446092	1.00425184
0.00061440	0.00000000	0.00000000	0.00000000	0.00000000	1.05543816	1.02341771	1.01309443	0.99867958
0.00066560	0.00000000	0.00000000	0.00000000	0.00000000	1.04600298	1.01770055	1.01361203	0.98317045
0.00071680	0.00000000	0.00000000	0.00000000	0.00000000	1.04219651	1.01383543	1.00733423	0.99723530
0.00076800	0.00000000	0.00000000	0.00000000	0.00000000	1.03395426	1.00997138	1.00599504	0.99161822
0.00081920	0.00000000	0.00000000	0.00000000	0.00000000	1.02838898	1.00749648	1.00017512	0.99392796
0.00092160	0.00000000	0.00000000	0.00000000	0.00000000	1.02030039	1.00553489	1.00295436	1.00428486
0.00102400	0.00000000	0.00000000	0.00000000	0.00000000	1.01222324	1.00535893	1.00299823	0.99848557
0.00112640	0.00000000	0.00000000	0.00000000	0.00000000	1.00550342	1.00291455	0.99824983	1.00461555
0.00122880	0.00000000	0.00000000	0.00000000	0.00000000	1.00194979	1.00251591	1.00310171	1.00150955
0.00133120	0.00000000	0.00000000	0.00000000	0.00000000	0.99951130	1.00092959	1.00599217	1.00278223
0.00143360	0.00000000	0.00000000	0.00000000	0.00000000	0.99971968	1.00448859	0.99922884	1.00030935
0.00153600	0.00000000	0.00000000	0.00000000	0.00000000	0.99966663	1.00779068	0.99333334	0.99146372
0.00163840	0.00000000	0.00000000	0.00000000	0.00000000	0.99779230	1.01118386	0.99681282	0.99371034
0.00184320	0.00000000	0.00000000	0.00000000	0.00000000	0.99833262	1.01530814	0.99769992	0.99135923
0.00204800	0.00000000	0.00000000	0.00000000	0.00000000	1.00479770	1.01519918	0.99954551	1.00953496
0.00225280	0.00000000	0.00000000	0.00000000	0.00000000	1.00967062	1.00409079	0.99862564	1.01839006
0.00245760	0.00000000	0.00000000	0.00000000	0.00000000	1.01403809	0.99684036	0.99791342	1.00448728
0.00266240	0.00000000	0.00000000	0.00000000	0.00000000	1.00953043	0.99722272	0.99845737	1.00797844
0.00286720	0.00000000	0.00000000	0.00000000	0.00000000	1.00351405	0.99539208	1.00365245	1.00112855
0.00307200	0.00000000	0.00000000	0.00000000	0.00000000	0.99645746	0.99385744	1.00242770	0.99990261
0.00327680	0.00000000	0.00000000	0.00000000	0.00000000	0.99345684	0.99781293	1.00815284	0.99640268
0.00368640	0.00000000	0.00000000	0.00000000	0.00000000	0.99349010	0.99194109	0.99561459	1.00354135
0.00409600	0.00000000	0.00000000	0.00000000	0.00000000	0.99425626	0.99087697	0.99848050	0.98894417
0.00450560	0.00000000	0.00000000	0.00000000	0.00000000	0.99533355	1.00309074	0.99639630	0.99850780
0.00491520	0.00000000	0.00000000	0.00000000	0.00000000	0.99473202	1.00582743	1.00122809	1.00216329
0.00532480	0.00000000	0.00000000	0.00000000	0.00000000	0.99778092	1.00124800	0.99931818	1.00866055
0.00573440	0.00000000	0.00000000	0.00000000	0.00000000	0.99353731	1.00432658	1.00226009	1.00022233
0.00614400	0.00000000	0.00000000	0.00000000	0.00000000	0.99615246	1.00609684	1.00556004	1.00465655
0.00655360	0.00000000	0.00000000	0.00000000	0.00000000	1.00269401	1.01121259	1.00459254	1.00300789
0.00737280	0.00000000	0.00000000	0.00000000	0.00000000	0.99618155	1.00078857	0.99294037	0.98911530
0.00819200	0.00000000	0.00000000	0.00000000	0.00000000	0.99395579	0.99760514	0.99433339	0.99936670
0.00901120	0.00000000	0.00000000	0.00000000	0.00000000	0.99524832	0.99927372	1.00083506	1.00937343
0.00983040	0.00000000	0.00000000	0.00000000	0.00000000	0.99900150	0.99784321	0.99841052	0.99665290
0.01064960	0.00000000	0.00000000	0.00000000	0.00000000	1.00026095	1.00078464	1.00151718	1.00150526
0.01146880	0.00000000	0.00000000	0.00000000	0.00000000	0.99489677	1.00013816	1.00064290	0.99917889
0.01228800	0.00000000	0.00000000	0.00000000	0.00000000	0.99306405	0.99779743	1.00365198	1.00076878
0.01310720	0.00000000	0.00000000	0.00000000	0.00000000	0.99533391	0.98811197	0.99667096	1.00039256
0.01474560	0.00000000	0.00000000	0.00000000	0.00000000	1.00063372	0.99725014	1.00699091	1.00322282
0.01638400	0.00000000	0.00000000	0.00000000	0.00000000	0.99889219	0.99453193	0.99919415	1.00414395
0.01802240	0.00000000	0.00000000	0.00000000	0.00000000	1.00094604	1.00037766	0.99654126	0.99868375
0.01966080	0.00000000	0.00000000	0.00000000	0.00000000	1.00295210	1.00320065	1.00075257	0.99653584
0.02129920	0.00000000	0.00000000	0.00000000	0.00000000	1.00048649	1.00573182	1.00218463	0.99768734
0.02293760	0.00000000	0.00000000	0.00000000	0.00000000	1.00001740	1.00659895	1.00181687	1.00029469
0.02457600	0.00000000	0.00000000	0.00000000	0.00000000	0.99771482	0.99784219	1.00302887	0.99602401
0.02621440	0.00000000	0.00000000	0.00000000	0.00000000	0.99985677	0.99505365	0.99797046	1.00008428
0.02949120	0.00000000	0.00000000	0.00000000	0.00000000	0.99817502	0.99980980	1.00069618	1.00237703
0.03276800	0.00000000	0.00000000	0.00000000	0.00000000	0.99959081	0.99799699	1.00069368	1.00230789
0.03604480	0.00000000	0.00000000	0.00000000	0.00000000	1.00681746	1.00240254	0.99763656	0.99833888
0.03932160	0.00000000	0.00000000	0.00000000	0.00000000	1.00578511	0.99584770	0.99982667	0.99994946
0.04259840	0.00000000	0.00000000	0.00000000	0.00000000	1.00433707	0.99736094	0.99956280	0.99925601
0.04587520	0.00000000	0.00000000	0.00000000	0.00000000	0.99683917	0.99573082	1.00280821	1.00151098
0.04915200	0.00000000	0.00000000	0.00000000	0.00000000	1.00002158	0.99617976	0.99783522	1.00327897
0.05242880	0.00000000	0.00000000	0.00000000	0.00000000	1.00176632	0.99928504	1.00203025	0.99930710
0.05898240	0.00000000	0.00000000	0.00000000	0.00000000	0.99682623	0.99989444	0.99953288	0.99941832
0.06553600	0.00000000	0.00000000	0.00000000	0.00000000	0.99695289	0.99641937	1.00159764	0.99996972
0.07208960	0.00000000	0.00000000	0.00000000	0.00000000	1.00584865	1.00290918	0.99829596	1.00111616
0.07864320	0.00000000	0.00000000	0.00000000	0.00000000	0.99917412	0.99938428	0.99871653	1.00376344
0.08519680	0.00000000	0.00000000	0.00000000	0.00000000	0.99841315	0.99719077	0.99846983	0.99881977
0.09175040	0.00000000	0.00000000	0.00000000	0.00000000	1.00130904	1.00025189	0.99878639	1.00104606
0.09830400	0.00000000	0.00000000	0.00000000	0.00000000	0.99910086	0.99818474	0.99844205	1.00163543
0.10485760	0.00000000	0.00000000	0.00000000	0.00000000	1.00058973	0.99913454	0.99840212	1.00125110
0.11796480	0.00000000	0.00000000	0.00000000	0.00000000	0.99807960	1.00033510	1.00089633	0.99967480
0.13107200	0.00000000	0.00000000	0.00000000	0.00000000	0.99966305	0.99968445	0.99835634	1.00017226
0.14417920	0.00000000	0.00000000	0.00000000	0.00000000	0.99882448	1.00085127	1.00122690	1.00078082
0.15728641	0.00000000	0.00000000	0.00000000	0.00000000	0.99898350	0.99805027	0.99874878	0.99833119
0.17039360	0.00000000	0.00000000	0.00000000	0.00000000	0.99885303	1.00061178	1.00109816	0.99991125
0.18350080	0.00000000	0.00000000	0.00000000	0.00000000	1.00028157	1.00061500	0.99989998	1.00143838
0.19660801	0.00000000	0.00000000	0.00000000	0.00000000	0.99962747	1.00310946	1.00111175	1.00050402
0.20971520	0.00000000	0.00000000	0.00000000	0.00000000	0.99646598	0.99916726	0.99931788	0.99981928
0.23592959	0.00000000	0.00000000	0.00000000	0.00000000	0.99843848	1.00094271	1.00035644	0.99958402
0.26214400	0.00000000	0.00000000	0.00000000	0.00000000	1.00049663	0.99983191	0.99810600	1.00122213
0.28835839	0.00000000	0.00000000	0.00000000	0.00000000	1.00157189	0.99785948	1.00214005	0.99930477
0.31457281	0.00000000	0.00000000	0.00000000	0.00000000	1.00030601	0.99918121	1.00040102	1.00178540
0.34078720	0.00000000	0.00000000	0.00000000	0.00000000	0.99998790	1.00076103	1.00033152	0.99960750
0.36700159	0.00000000	0.00000000	0.00000000	0.00000000	1.00078630	1.00100231	1.00117707	0.99871933
0.39321601	0.00000000	0.00000000	0.00000000	0.00000000	0.99926019	1.00012910	0.99800229	1.00172615
0.41943040	0.00000000	0.00000000	0.00000000	0.00000000	1.00024164	0.99959254	1.00179660	0.99887514
0.47185919	0.00000000	0.00000000	0.00000000	0.00000000	0.99996638	0.99995697	0.99983317	1.00016284
0.52428800	0.00000000	0.00000000	0.00000000	0.00000000	1.00025952	0.99960095	1.00001705	1.00021613
0.57671678	0.00000000	0.00000000	0.00000000	0.00000000	0.99971950	1.00025654	1.00005257	1.00014007
0.62914562	0.00000000	0.00000000	0.00000000	0.00000000	1.00024152	0.99943280	1.00056934	1.00028646
0.68157440	0.00000000	0.00000000	0.00000000	0.00000000	0.99884903	1.00162518	1.00008559	1.00029171
0.73400319	0.00000000	0.00000000	0.00000000	0.00000000	1.00012159	0.99928927	1.00052035	0.99961585
0.78643203	0.00000000	0.00000000	0.00000000	0.00000000	1.00118661	0.99922389	1.00016427	0.99925965
0.83886081	0.00000000	0.00000000	0.00000000	0.00000000	0.99928361	1.00121212	0.99894178	0.99993789
0.94371837	0.00000000	0.00000000	0.00000000	0.00000000	0.99900872	0.99948609	1.00104117	1.00113738
1.04857600	0.00000000	0.00000000	0.00000000	0.00000000	1.00134170	1.00041580	0.99995875	0.99906147
1.15343356	0.00000000	0.00000000	0.00000000	0.00000000	1.00045824	0.99958551	0.99921793	0.99923748
1.25829124	0.00000000	0.00000000	0.00000000	0.00000000	0.99906355	1.00014567	1.00155234	0.99904758
1.36314881	0.00000000	0.00000000	0.00000000	0.00000000	1.00058544	0.99957985	1.00059855	0.99966079
1.46800637	0.00000000	0.00000000	0.00000000	0.00000000	0.99954015	1.00076616	0.99910980	1.00070441
1.57286406	0.00000000	0.00000000	0.00000000	0.00000000	1.00301790	0.99996686	1.00159729	1.00042558
1.67772162	0.00000000	0.00000000	0.00000000	0.00000000	0.99826175	0.99942863	1.00008094	1.00026751
1.88743675	0.00000000	0.00000000	0.00000000	0.00000000	0.00000000	0.00000000	0.00000000	0.00000000
2.09715199	0.00000000	0.00000000	0.00000000	0.00000000	0.00000000	0.00000000	0.00000000	0.00000000
2.30686712	0.00000000	0.00000000	0.00000000	0.00000000	0.00000000	0.00000000	0.00000000	0.00000000
2.51658249	0.00000000	0.00000000	0.00000000	0.00000000	0.00000000	0.00000000	0.00000000	0.00000000
2.72629762	0.00000000	0.00000000	0.00000000	0.00000000	0.00000000	0.00000000	0.00000000	0.00000000
2.93601274	0.00000000	0.00000000	0.00000000	0.00000000	0.00000000	0.00000000	0.00000000	0.00000000
3.14572811	0.00000000	0.00000000	0.00000000	0.00000000	0.00000000	0.00000000	0.00000000	0.00000000
3.35544324	0.00000000	0.00000000	0.00000000	0.00000000	0.00000000	0.00000000	0.00000000	0.00000000
3.77487350	0.00000000	0.00000000	0.00000000	0.00000000	0.00000000	0.00000000	0.00000000	0.00000000
4.19430399	0.00000000	0.00000000	0.00000000	0.00000000	0.00000000	0.00000000	0.00000000	0.00000000
4.61373425	0.00000000	0.00000000	0.00000000	0.00000000	0.00000000	0.00000000	0.00000000	0.00000000
5.03316498	0.00000000	0.00000000	0.00000000	0.00000000	0.00000000	0.00000000	0.00000000	0.00000000
5.45259523	0.00000000	0.00000000	0.00000000	0.00000000	0.00000000	0.00000000	0.00000000	0.00000000
5.87202549	0.00000000	0.00000000	0.00000000	0.00000000	0.00000000	0.00000000	0.00000000	0.00000000
6.29145622	0.00000000	0.00000000	0.00000000	0.00000000	0.00000000	0.00000000	0.00000000	0.00000000
6.71088648	0.00000000	0.00000000	0.00000000	0.00000000	0.00000000	0.00000000	0.00000000	0.00000000
7.54974699	0.00000000	0.00000000	0.00000000	0.00000000	0.00000000	0.00000000	0.00000000	0.00000000
8.38860798	0.00000000	0.00000000	0.00000000	0.00000000	0.00000000	0.00000000	0.00000000	0.00000000
9.22746849	0.00000000	0.00000000	0.00000000	0.00000000	0.00000000	0.00000000	0.00000000	0.00000000
10.06632996	0.00000000	0.00000000	0.00000000	0.00000000	0.00000000	0.00000000	0.00000000	0.00000000
10.90519047	0.00000000	0.00000000	0.00000000	0.00000000	0.00000000	0.00000000	0.00000000	0.00000000
11.74405098	0.00000000	0.00000000	0.00000000	0.00000000	0.00000000	0.00000000	0.00000000	0.00000000
12.58291245	0.00000000	0.00000000	0.00000000	0.00000000	0.00000000	0.00000000	0.00000000	0.00000000
13.42177296	0.00000000	0.00000000	0.00000000	0.00000000	0.00000000	0.00000000	0.00000000	0.00000000
15.09949398	0.00000000	0.00000000	0.00000000	0.00000000	0.00000000	0.00000000	0.00000000	0.00000000
16.77721596	0.00000000	0.00000000	0.00000000	0.00000000	0.00000000	0.00000000	0.00000000	0.00000000
18.45493698	0.00000000	0.00000000	0.00000000	0.00000000	0.00000000	0.00000000	0.00000000	0.00000000
20.13265991	0.00000000	0.00000000	0.00000000	0.00000000	0.00000000	0.00000000	0.00000000	0.00000000
21.81038094	0.00000000	0.00000000	0.00000000	0.00000000	0.00000000	0.00000000	0.00000000	0.00000000
23.48810196	0.00000000	0.00000000	0.00000000	0.00000000	0.00000000	0.00000000	0.00000000	0.00000000
25.16582489	0.00000000	0.00000000	0.00000000	0.00000000	0.00000000	0.00000000	0.00000000	0.00000000
26.84354591	0.00000000	0.00000000	0.00000000	0.00000000	0.00000000	0.00000000	0.00000000	0.00000000
30.19898796	0.00000000	0.00000000	0.00000000	0.00000000	0.00000000	0.00000000	0.00000000	0.00000000
33.55443192	0.00000000	0.00000000	0.00000000	0.00000000	0.00000000	0.00000000	0.00000000	0.00000000
36.90987396	0.00000000	0.00000000	0.00000000	0.00000000	0.00000000	0.00000000	0.00000000	0.00000000
40.26531982	0.00000000	0.00000000	0.00000000	0.00000000	0.00000000	0.00000000	0.00000000	0.00000000
43.62076187	0.00000000	0.00000000	0.00000000	0.00000000	0.00000000	0.00000000	0.00000000	0.00000000
46.97620392	0.00000000	0.00000000	0.00000000	0.00000000	0.00000000	0.00000000	0.00000000	0.00000000
50.33164978	0.00000000	0.00000000	0.00000000	0.00000000	0.00000000	0.00000000	0.00000000	0.00000000
53.68709183	0.00000000	0.00000000	0.00000000	0.00000000	0.00000000	0.00000000	0.00000000	0.00000000
60.39797592	0.00000000	0.00000000	0.00000000	0.00000000	0.00000000	0.00000000	0.00000000	0.00000000
67.10886383	0.00000000	0.00000000	0.00000000	0.00000000	0.00000000	0.00000000	0.00000000	0.00000000
73.81974792	0.00000000	0.00000000	0.00000000	0.00000000	0.00000000	0.00000000	0.00000000	0.00000000
80.53063965	0.00000000	0.00000000	0.00000000	0.00000000	0.00000000	0.00000000	0.00000000	0.00000000
87.24152374	0.00000000	0.00000000	0.00000000	0.00000000	0.00000000	0.00000000	0.00000000	0.00000000
93.95240784	0.00000000	0.00000000	0.00000000	0.00000000	0.00000000	0.00000000	0.00000000	0.00000000
100.66329956	0.00000000	0.00000000	0.00000000	0.00000000	0.00000000	0.00000000	0.00000000	0.00000000
107.37418365	0.00000000	0.00000000	0.00000000	0.00000000	0.00000000	0.00000000	0.00000000	0.00000000
120.79595184	0.00000000	0.00000000	0.00000000	0.00000000	0.00000000	0.00000000	0.00000000	0.00000000
134.21772766	0.00000000	0.00000000	0.00000000	0.00000000	0.00000000	0.00000000	0.00000000	0.00000000
147.63949585	0.00000000	0.00000000	0.00000000	0.00000000	0.00000000	0.00000000	0.00000000	0.00000000
161.06127930	0.00000000	0.00000000	0.00000000	0.00000000	0.00000000	0.00000000	0.00000000	0.00000000
174.48304749	0.00000000	0.00000000	0.00000000	0.00000000	0.00000000	0.00000000	0.00000000	0.00000000
187.90481567	0.00000000	0.00000000	0.00000000	0.00000000	0.00000000	0.00000000	0.00000000	0.00000000
201.32659912	0.00000000	0.00000000	0.00000000	0.00000000	0.00000000	0.00000000	0.00000000	0.00000000
214.74836731	0.00000000	0.00000000	0.00000000	0.00000000	0.00000000	0.00000000	0.00000000	0.00000000
241.59190369	0.00000000	0.00000000	0.00000000	0.00000000	0.00000000	0.00000000	0.00000000	0.00000000
268.43545532	0.00000000	0.00000000	0.00000000	0.00000000	0.00000000	0.00000000	0.00000000	0.00000000
295.27899170	0.00000000	0.00000000	0.00000000	0.00000000	0.00000000	0.00000000	0.00000000	0.00000000
322.12255859	0.00000000	0.00000000	0.00000000	0.00000000	0.00000000	0.00000000	0.00000000	0.00000000
348.96609497	0.00000000	0.00000000	0.00000000	0.00000000	0.00000000	0.00000000	0.00000000	0.00000000
375.80963135	0.00000000	0.00000000	0.00000000	0.00000000	0.00000000	0.00000000	0.00000000	0.00000000
402.65319824	0.00000000	0.00000000	0.00000000	0.00000000	0.00000000	0.00000000	0.00000000	0.00000000
429.49673462	0.00000000	0.00000000	0.00000000	0.00000000	0.00000000	0.00000000	0.00000000	0.00000000
483.18380737	0.00000000	0.00000000	0.00000000	0.00000000	0.00000000	0.00000000	0.00000000	0.00000000
536.87091064	0.00000000	0.00000000	0.00000000	0.00000000	0.00000000	0.00000000	0.00000000	0.00000000
590.55798340	0.00000000	0.00000000	0.00000000	0.00000000	0.00000000	0.00000000	0.00000000	0.00000000
644.24511719	0.00000000	0.00000000	0.00000000	0.00000000	0.00000000	0.00000000	0.00000000	0.00000000
697.93218994	0.00000000	0.00000000	0.00000000	0.00000000	0.00000000	0.00000000	0.00000000	0.00000000
751.61926270	0.00000000	0.00000000	0.00000000	0.00000000	0.00000000	0.00000000	0.00000000	0.00000000
805.30639648	0.00000000	0.00000000	0.00000000	0.00000000	0.00000000	0.00000000	0.00000000	0.00000000
858.99346924	0.00000000	0.00000000	0.00000000	0.00000000	0.00000000	0.00000000	0.00000000	0.00000000
966.36761475	0.00000000	0.00000000	0.00000000	0.00000000	0.00000000	0.00000000	0.00000000	0.00000000
1073.74182129	0.00000000	0.00000000	0.00000000	0.00000000	0.00000000	0.00000000	0.00000000	0.00000000
1181.11596680	0.00000000	0.00000000	0.00000000	0.00000000	0.00000000	0.00000000	0.00000000	0.00000000
1288.49023437	0.00000000	0.00000000	0.00000000	0.00000000	0.00000000	0.00000000	0.00000000	0.00000000
1395.86437988	0.00000000	0.00000000	0.00000000	0.00000000	0.00000000	0.00000000	0.00000000	0.00000000
1503.23852539	0.00000000	0.00000000	0.00000000	0.00000000	0.00000000	0.00000000	0.00000000	0.00000000
1610.61279297	0.00000000	0.00000000	0.00000000	0.00000000	0.00000000	0.00000000	0.00000000	0.00000000
1717.98693848	0.00000000	0.00000000	0.00000000	0.00000000	0.00000000	0.00000000	0.00000000	0.00000000
1932.73522949	0.00000000	0.00000000	0.00000000	0.00000000	0.00000000	0.00000000	0.00000000	0.00000000
2147.48364258	0.00000000	0.00000000	0.00000000	0.00000000	0.00000000	0.00000000	0.00000000	0.00000000
2362.23193359	0.00000000	0.00000000	0.00000000	0.00000000	0.00000000	0.00000000	0.00000000	0.00000000
2576.98046875	0.00000000	0.00000000	0.00000000	0.00000000	0.00000000	0.00000000	0.00000000	0.00000000
2791.72875977	0.00000000	0.00000000	0.00000000	0.00000000	0.00000000	0.00000000	0.00000000	0.00000000
3006.47705078	0.00000000	0.00000000	0.00000000	0.00000000	0.00000000	0.00000000	0.00000000	0.00000000
3221.22558594	0.00000000	0.00000000	0.00000000	0.00000000	0.00000000	0.00000000	0.00000000	0.00000000
3435.97387695	0.00000000	0.00000000	0.00000000	0.00000000	0.00000000	0.00000000	0.00000000	0.00000000
0	0	0	0	0	0	0	0	0
