%3/28/2019 10:53:59 PM
%Duration	ID1		ID2		ID3		ID4		ID5		ID6		ID7		ID8
1000.000000	0.000000	0.000000	0.000000	0.000000	235.948563	232.267380	104.713440	30.632019
%Tau		Tau1		Tau2		Tau3		Tau4		Tau5		Tau6		Tau7		Tau8
%		0.000000	0.000000	0.000000	0.000000	0.000307	0.000230	0.000141	0.000102
%Delaytime	D1		D2		D3		D4		D5		D6		D7		D8
0.00000020	0.00000000	0.00000000	0.00000000	0.00000000	1.65504873	1.77027512	2.38294840	2.25048065
0.00000040	0.00000000	0.00000000	0.00000000	0.00000000	1.55769289	1.49358416	1.54341435	1.64285100
0.00000060	0.00000000	0.00000000	0.00000000	0.00000000	1.47753906	1.48050141	1.52159595	1.58658898
0.00000080	0.00000000	0.00000000	0.00000000	0.00000000	1.48595703	1.48323512	1.46752429	1.54157937
0.00000100	0.00000000	0.00000000	0.00000000	0.00000000	1.49364305	1.46117008	1.43147647	1.58658898
0.00000120	0.00000000	0.00000000	0.00000000	0.00000000	1.48504210	1.48128247	1.41629851	1.49656975
0.00000140	0.00000000	0.00000000	0.00000000	0.00000000	1.47552609	1.44613469	1.46562707	1.37279332
0.00000160	0.00000000	0.00000000	0.00000000	0.00000000	1.45997107	1.49299836	1.46562707	1.50782216
0.00000180	0.00000000	0.00000000	0.00000000	0.00000000	1.46527815	1.45765531	1.45424354	1.37279332
0.00000200	0.00000000	0.00000000	0.00000000	0.00000000	1.47516012	1.45257843	1.46847296	1.53032696
0.00000220	0.00000000	0.00000000	0.00000000	0.00000000	1.51523697	1.46605182	1.46562707	1.40655053
0.00000240	0.00000000	0.00000000	0.00000000	0.00000000	1.49748600	1.48069668	1.43432236	1.44030774
0.00000260	0.00000000	0.00000000	0.00000000	0.00000000	1.50810003	1.45003998	1.45234632	1.29402637
0.00000280	0.00000000	0.00000000	0.00000000	0.00000000	1.48540807	1.48284459	1.44950044	1.50782216
0.00000300	0.00000000	0.00000000	0.00000000	0.00000000	1.48668909	1.47815824	1.43716824	1.47406495
0.00000320	0.00000000	0.00000000	0.00000000	0.00000000	1.51651800	1.45179737	1.53772259	1.65410340
0.00000360	0.00000000	0.00000000	0.00000000	0.00000000	1.45841563	1.46478260	1.41629851	1.42342913
0.00000400	0.00000000	0.00000000	0.00000000	0.00000000	1.51212597	1.47044528	1.43764257	1.56971037
0.00000440	0.00000000	0.00000000	0.00000000	0.00000000	1.48321199	1.47278845	1.52349317	1.36154091
0.00000480	0.00000000	0.00000000	0.00000000	0.00000000	1.48495054	1.46722341	1.42957926	1.47969115
0.00000520	0.00000000	0.00000000	0.00000000	0.00000000	1.46152663	1.45345712	1.42910492	1.37841952
0.00000560	0.00000000	0.00000000	0.00000000	0.00000000	1.46015406	1.46722341	1.44902611	1.41780293
0.00000600	0.00000000	0.00000000	0.00000000	0.00000000	1.47964358	1.47298372	1.49550879	1.37841952
0.00000640	0.00000000	0.00000000	0.00000000	0.00000000	1.45100415	1.48899543	1.40301776	1.44030774
0.00000720	0.00000000	0.00000000	0.00000000	0.00000000	1.48531651	1.46180475	1.44594300	1.38404572
0.00000800	0.00000000	0.00000000	0.00000000	0.00000000	1.47003603	1.47039640	1.46562707	1.43468153
0.00000880	0.00000000	0.00000000	0.00000000	0.00000000	1.46710813	1.45858288	1.45495498	1.46843874
0.00000960	0.00000000	0.00000000	0.00000000	0.00000000	1.47333002	1.45365238	1.43171370	1.43186843
0.00001040	0.00000000	0.00000000	0.00000000	0.00000000	1.48170233	1.45418942	1.44902611	1.37560642
0.00001120	0.00000000	0.00000000	0.00000000	0.00000000	1.47689855	1.45213914	1.48009360	1.55845797
0.00001200	0.00000000	0.00000000	0.00000000	0.00000000	1.47451961	1.45941269	1.44618022	1.44030774
0.00001280	0.00000000	0.00000000	0.00000000	0.00000000	1.46358538	1.45340836	1.42033017	1.43468153
0.00001440	0.00000000	0.00000000	0.00000000	0.00000000	1.46321929	1.43395507	1.43135798	1.44030774
0.00001600	0.00000000	0.00000000	0.00000000	0.00000000	1.46285331	1.44344985	1.42732632	1.45999944
0.00001760	0.00000000	0.00000000	0.00000000	0.00000000	1.45708883	1.44491434	1.42981637	1.46703219
0.00001920	0.00000000	0.00000000	0.00000000	0.00000000	1.45438957	1.44105780	1.43005359	1.46281254
0.00002080	0.00000000	0.00000000	0.00000000	0.00000000	1.44588017	1.44459701	1.39056706	1.38123262
0.00002240	0.00000000	0.00000000	0.00000000	0.00000000	1.45333731	1.42658377	1.41274118	1.39951777
0.00002400	0.00000000	0.00000000	0.00000000	0.00000000	1.46413434	1.43429673	1.41345263	1.43186843
0.00002560	0.00000000	0.00000000	0.00000000	0.00000000	1.44935715	1.42507041	1.40859091	1.44874704
0.00002880	0.00000000	0.00000000	0.00000000	0.00000000	1.45476961	1.42839289	1.38051653	1.34884465
0.00003200	0.00000000	0.00000000	0.00000000	0.00000000	1.44573760	1.42397559	1.39050746	1.38275611
0.00003520	0.00000000	0.00000000	0.00000000	0.00000000	1.44948506	1.42100847	1.38359070	1.38206410
0.00003840	0.00000000	0.00000000	0.00000000	0.00000000	1.44863236	1.41240466	1.35905683	1.32808256
0.00004160	0.00000000	0.00000000	0.00000000	0.00000000	1.43940330	1.40345967	1.36544156	1.33984780
0.00004480	0.00000000	0.00000000	0.00000000	0.00000000	1.43213785	1.40471482	1.36279488	1.35576534
0.00004800	0.00000000	0.00000000	0.00000000	0.00000000	1.43513346	1.39757347	1.34381795	1.34884465
0.00005120	0.00000000	0.00000000	0.00000000	0.00000000	1.42990506	1.39508736	1.34990716	1.28725040
0.00005760	0.00000000	0.00000000	0.00000000	0.00000000	1.41685700	1.38014650	1.33210588	1.29334724
0.00006400	0.00000000	0.00000000	0.00000000	0.00000000	1.40901387	1.37011468	1.30099988	1.29100668
0.00007040	0.00000000	0.00000000	0.00000000	0.00000000	1.40763056	1.35868955	1.30464172	1.28892434
0.00007680	0.00000000	0.00000000	0.00000000	0.00000000	1.40476763	1.35043871	1.28601408	1.25699627
0.00008320	0.00000000	0.00000000	0.00000000	0.00000000	1.39011681	1.34525311	1.26992118	1.26775467
0.00008960	0.00000000	0.00000000	0.00000000	0.00000000	1.38534606	1.33234394	1.25705791	1.24419832
0.00009600	0.00000000	0.00000000	0.00000000	0.00000000	1.37688899	1.32401443	1.26018214	1.24389386
0.00010240	0.00000000	0.00000000	0.00000000	0.00000000	1.36955476	1.31690288	1.24518001	1.23972905
0.00011520	0.00000000	0.00000000	0.00000000	0.00000000	1.35622311	1.30031025	1.24046302	1.20894134
0.00012800	0.00000000	0.00000000	0.00000000	0.00000000	1.34102941	1.28310144	1.21751440	1.18133521
0.00014080	0.00000000	0.00000000	0.00000000	0.00000000	1.33013725	1.26880550	1.19823611	1.17230678
0.00015360	0.00000000	0.00000000	0.00000000	0.00000000	1.31521332	1.25610960	1.18322694	1.17487085
0.00016640	0.00000000	0.00000000	0.00000000	0.00000000	1.30422843	1.24263024	1.17421246	1.13823748
0.00017920	0.00000000	0.00000000	0.00000000	0.00000000	1.29516411	1.22930598	1.15473390	1.12313271
0.00019200	0.00000000	0.00000000	0.00000000	0.00000000	1.28399074	1.21563339	1.14378643	1.13177478
0.00020480	0.00000000	0.00000000	0.00000000	0.00000000	1.27047098	1.20349073	1.13948524	1.10920525
0.00023040	0.00000000	0.00000000	0.00000000	0.00000000	1.24658692	1.17906475	1.11414254	1.11591673
0.00025600	0.00000000	0.00000000	0.00000000	0.00000000	1.22614658	1.15977991	1.10016620	1.08288860
0.00028160	0.00000000	0.00000000	0.00000000	0.00000000	1.20771003	1.14007008	1.08027041	1.06324553
0.00030720	0.00000000	0.00000000	0.00000000	0.00000000	1.19185245	1.12293005	1.07185197	1.07437074
0.00033280	0.00000000	0.00000000	0.00000000	0.00000000	1.17581856	1.10967934	1.06194687	1.05220711
0.00035840	0.00000000	0.00000000	0.00000000	0.00000000	1.15872693	1.09542310	1.05275202	1.04702818
0.00038400	0.00000000	0.00000000	0.00000000	0.00000000	1.14233077	1.08183193	1.05063248	1.02651525
0.00040960	0.00000000	0.00000000	0.00000000	0.00000000	1.13317525	1.06993508	1.04292095	1.03416407
0.00046080	0.00000000	0.00000000	0.00000000	0.00000000	1.11117637	1.05355895	1.02981782	1.02634835
0.00051200	0.00000000	0.00000000	0.00000000	0.00000000	1.09594417	1.04212391	1.02032673	1.00322497
0.00056320	0.00000000	0.00000000	0.00000000	0.00000000	1.08131528	1.03167307	1.02037692	1.00404215
0.00061440	0.00000000	0.00000000	0.00000000	0.00000000	1.06821465	1.02341247	1.01510632	1.00279927
0.00066560	0.00000000	0.00000000	0.00000000	0.00000000	1.05577159	1.01688170	1.01985025	1.00867772
0.00071680	0.00000000	0.00000000	0.00000000	0.00000000	1.04671407	1.01188159	1.01685119	1.00956488
0.00076800	0.00000000	0.00000000	0.00000000	0.00000000	1.03700387	1.00530386	1.01375437	1.00966072
0.00081920	0.00000000	0.00000000	0.00000000	0.00000000	1.03139842	1.00123954	1.01139164	1.02274609
0.00092160	0.00000000	0.00000000	0.00000000	0.00000000	1.02263927	0.99612051	1.00697172	1.00936043
0.00102400	0.00000000	0.00000000	0.00000000	0.00000000	1.01819682	0.99422449	1.00867426	1.00101793
0.00112640	0.00000000	0.00000000	0.00000000	0.00000000	1.01133919	0.99561757	1.00152361	0.99970961
0.00122880	0.00000000	0.00000000	0.00000000	0.00000000	1.00814331	0.99964255	1.00072706	0.99453878
0.00133120	0.00000000	0.00000000	0.00000000	0.00000000	1.00728595	1.00100911	1.00669539	1.00709391
0.00143360	0.00000000	0.00000000	0.00000000	0.00000000	1.00656331	0.99738657	1.00662959	0.99748844
0.00153600	0.00000000	0.00000000	0.00000000	0.00000000	1.00560117	0.99621969	1.01009333	0.99485981
0.00163840	0.00000000	0.00000000	0.00000000	0.00000000	1.00430167	0.99764663	1.00772464	0.98742080
0.00184320	0.00000000	0.00000000	0.00000000	0.00000000	0.99919105	1.00296462	1.00061142	0.99275619
0.00204800	0.00000000	0.00000000	0.00000000	0.00000000	1.00041854	1.00303996	0.99605495	0.98714572
0.00225280	0.00000000	0.00000000	0.00000000	0.00000000	0.99908477	1.00907993	0.99666113	0.99691737
0.00245760	0.00000000	0.00000000	0.00000000	0.00000000	0.99929404	1.00866938	0.99324018	1.00383401
0.00266240	0.00000000	0.00000000	0.00000000	0.00000000	1.00151622	0.99869853	0.99752867	0.99264699
0.00286720	0.00000000	0.00000000	0.00000000	0.00000000	1.00366199	0.99708933	1.00444293	1.00244367
0.00307200	0.00000000	0.00000000	0.00000000	0.00000000	1.00496221	0.99756157	1.00185275	0.99275756
0.00327680	0.00000000	0.00000000	0.00000000	0.00000000	1.00487864	1.00034046	0.99795634	0.99396801
0.00368640	0.00000000	0.00000000	0.00000000	0.00000000	1.00434172	0.99983865	0.99319041	0.98964024
0.00409600	0.00000000	0.00000000	0.00000000	0.00000000	1.00242496	0.99527472	0.99975997	1.00002635
0.00450560	0.00000000	0.00000000	0.00000000	0.00000000	1.00753129	0.99753261	1.00643742	1.00515735
0.00491520	0.00000000	0.00000000	0.00000000	0.00000000	0.99629301	0.99618119	1.00623012	1.00304997
0.00532480	0.00000000	0.00000000	0.00000000	0.00000000	0.99440867	0.99321800	1.00348485	1.00965333
0.00573440	0.00000000	0.00000000	0.00000000	0.00000000	0.99445647	1.00189042	1.00624526	0.99253213
0.00614400	0.00000000	0.00000000	0.00000000	0.00000000	0.99679768	1.00361025	1.00081301	1.00602055
0.00655360	0.00000000	0.00000000	0.00000000	0.00000000	0.99654132	0.99419558	1.00425172	1.00644839
0.00737280	0.00000000	0.00000000	0.00000000	0.00000000	1.00470042	0.99973857	0.99637491	0.99526149
0.00819200	0.00000000	0.00000000	0.00000000	0.00000000	0.99696976	1.00419223	0.99764413	1.00366890
0.00901120	0.00000000	0.00000000	0.00000000	0.00000000	0.99235564	1.00223827	1.00280809	1.00463283
0.00983040	0.00000000	0.00000000	0.00000000	0.00000000	1.00076830	0.99969918	1.00111377	0.99374366
0.01064960	0.00000000	0.00000000	0.00000000	0.00000000	0.99639100	0.99895734	1.00683236	0.99687904
0.01146880	0.00000000	0.00000000	0.00000000	0.00000000	0.99342674	1.00339878	1.00120175	0.99806726
0.01228800	0.00000000	0.00000000	0.00000000	0.00000000	0.99663532	1.00175822	0.99977690	0.99810928
0.01310720	0.00000000	0.00000000	0.00000000	0.00000000	1.00221932	1.00170267	1.00006127	1.00346887
0.01474560	0.00000000	0.00000000	0.00000000	0.00000000	0.99808002	1.00160539	1.00164235	1.00313330
0.01638400	0.00000000	0.00000000	0.00000000	0.00000000	0.99697840	1.00147796	0.99913764	1.00146854
0.01802240	0.00000000	0.00000000	0.00000000	0.00000000	0.99369776	0.99824667	1.00301111	0.99693918
0.01966080	0.00000000	0.00000000	0.00000000	0.00000000	1.00162935	1.00321901	1.00055766	0.99992692
0.02129920	0.00000000	0.00000000	0.00000000	0.00000000	0.99569213	1.00142300	1.00028324	0.99842709
0.02293760	0.00000000	0.00000000	0.00000000	0.00000000	1.00248528	1.00144947	0.99833584	0.99788117
0.02457600	0.00000000	0.00000000	0.00000000	0.00000000	1.00524044	0.99865115	0.99922138	1.00090647
0.02621440	0.00000000	0.00000000	0.00000000	0.00000000	0.99544060	1.00561738	0.99880064	1.00016987
0.02949120	0.00000000	0.00000000	0.00000000	0.00000000	1.00040329	0.99660462	1.00208843	1.00138307
0.03276800	0.00000000	0.00000000	0.00000000	0.00000000	0.99678481	1.00394177	0.99876297	0.99932903
0.03604480	0.00000000	0.00000000	0.00000000	0.00000000	1.00005674	1.00468373	0.99962169	0.99964112
0.03932160	0.00000000	0.00000000	0.00000000	0.00000000	1.00079978	0.99761605	0.99860489	0.99834222
0.04259840	0.00000000	0.00000000	0.00000000	0.00000000	1.00696826	1.00298071	1.00219584	1.00203598
0.04587520	0.00000000	0.00000000	0.00000000	0.00000000	1.00479722	0.99602938	1.00157201	1.00193655
0.04915200	0.00000000	0.00000000	0.00000000	0.00000000	0.99894553	1.00136840	1.00179529	1.00273061
0.05242880	0.00000000	0.00000000	0.00000000	0.00000000	0.99706072	0.99754542	0.99731719	0.99949610
0.05898240	0.00000000	0.00000000	0.00000000	0.00000000	1.00310397	1.00122428	1.00317097	0.99982572
0.06553600	0.00000000	0.00000000	0.00000000	0.00000000	0.99946922	1.00024986	0.99872029	1.00048101
0.07208960	0.00000000	0.00000000	0.00000000	0.00000000	0.99586344	1.00305963	0.99616498	0.99912912
0.07864320	0.00000000	0.00000000	0.00000000	0.00000000	0.99775982	1.00201058	0.99868417	0.99949509
0.08519680	0.00000000	0.00000000	0.00000000	0.00000000	1.00381911	0.99804884	0.99807978	0.99860263
0.09175040	0.00000000	0.00000000	0.00000000	0.00000000	0.99839228	0.99843717	0.99974638	0.99956638
0.09830400	0.00000000	0.00000000	0.00000000	0.00000000	1.00067008	1.00120175	1.00099015	1.00006986
0.10485760	0.00000000	0.00000000	0.00000000	0.00000000	1.00128531	1.00031722	1.00060940	1.00136220
0.11796480	0.00000000	0.00000000	0.00000000	0.00000000	0.99921894	0.99991262	1.00049400	0.99869961
0.13107200	0.00000000	0.00000000	0.00000000	0.00000000	0.99990696	0.99956441	0.99951899	0.99931723
0.14417920	0.00000000	0.00000000	0.00000000	0.00000000	0.99787563	1.00287580	1.00205278	0.99864876
0.15728641	0.00000000	0.00000000	0.00000000	0.00000000	0.99868912	0.99883491	1.00085032	0.99925315
0.17039360	0.00000000	0.00000000	0.00000000	0.00000000	0.99959922	0.99982256	0.99999821	0.99962431
0.18350080	0.00000000	0.00000000	0.00000000	0.00000000	0.99883080	0.99985904	0.99830008	0.99963164
0.19660801	0.00000000	0.00000000	0.00000000	0.00000000	1.00200486	0.99952173	0.99823213	1.00041676
0.20971520	0.00000000	0.00000000	0.00000000	0.00000000	0.99954736	0.99953359	0.99990022	1.00084341
0.23592959	0.00000000	0.00000000	0.00000000	0.00000000	0.99842608	0.99666852	0.99878204	0.99978977
0.26214400	0.00000000	0.00000000	0.00000000	0.00000000	0.99960881	1.00000608	1.00052178	0.99950480
0.28835839	0.00000000	0.00000000	0.00000000	0.00000000	1.00028253	1.00234401	1.00168288	1.00101256
0.31457281	0.00000000	0.00000000	0.00000000	0.00000000	1.00097263	0.99990308	1.00052702	1.00019801
0.34078720	0.00000000	0.00000000	0.00000000	0.00000000	0.99878728	1.00020015	1.00085211	1.00049579
0.36700159	0.00000000	0.00000000	0.00000000	0.00000000	0.99944103	1.00064981	0.99976343	1.00017345
0.39321601	0.00000000	0.00000000	0.00000000	0.00000000	0.99904954	1.00065327	0.99993140	0.99996305
0.41943040	0.00000000	0.00000000	0.00000000	0.00000000	1.00143754	1.00108993	0.99957281	0.99951494
0.47185919	0.00000000	0.00000000	0.00000000	0.00000000	0.99927270	1.00017619	1.00015926	0.99987322
0.52428800	0.00000000	0.00000000	0.00000000	0.00000000	1.00102592	0.99801248	0.99936152	0.99975175
0.57671678	0.00000000	0.00000000	0.00000000	0.00000000	1.00030482	0.99920887	1.00041735	1.00024509
0.62914562	0.00000000	0.00000000	0.00000000	0.00000000	1.00010073	0.99945980	1.00157547	0.99958527
0.68157440	0.00000000	0.00000000	0.00000000	0.00000000	0.99878263	0.99904174	0.99887270	1.00099623
0.73400319	0.00000000	0.00000000	0.00000000	0.00000000	0.99991107	0.99925941	1.00099111	0.99989754
0.78643203	0.00000000	0.00000000	0.00000000	0.00000000	1.00004661	0.99963391	0.99854118	1.00029242
0.83886081	0.00000000	0.00000000	0.00000000	0.00000000	1.00006080	0.99968421	0.99837750	0.99863088
0.94371837	0.00000000	0.00000000	0.00000000	0.00000000	0.99947774	1.00049412	0.99971569	0.99977118
1.04857600	0.00000000	0.00000000	0.00000000	0.00000000	1.00076568	1.00066221	1.00062048	0.99989319
1.15343356	0.00000000	0.00000000	0.00000000	0.00000000	1.00060582	0.99905151	1.00045705	0.99938661
1.25829124	0.00000000	0.00000000	0.00000000	0.00000000	0.99882203	1.00030482	0.99928695	0.99968779
1.36314881	0.00000000	0.00000000	0.00000000	0.00000000	0.99932134	1.00086451	0.99972206	0.99991238
1.46800637	0.00000000	0.00000000	0.00000000	0.00000000	1.00030065	0.99988878	1.00022697	0.99924302
1.57286406	0.00000000	0.00000000	0.00000000	0.00000000	1.00074363	0.99952531	0.99983656	0.99973184
1.67772162	0.00000000	0.00000000	0.00000000	0.00000000	1.00000858	1.00010395	1.00003362	1.00066531
1.88743675	0.00000000	0.00000000	0.00000000	0.00000000	0.00000000	0.00000000	0.00000000	0.00000000
2.09715199	0.00000000	0.00000000	0.00000000	0.00000000	0.00000000	0.00000000	0.00000000	0.00000000
2.30686712	0.00000000	0.00000000	0.00000000	0.00000000	0.00000000	0.00000000	0.00000000	0.00000000
2.51658249	0.00000000	0.00000000	0.00000000	0.00000000	0.00000000	0.00000000	0.00000000	0.00000000
2.72629762	0.00000000	0.00000000	0.00000000	0.00000000	0.00000000	0.00000000	0.00000000	0.00000000
2.93601274	0.00000000	0.00000000	0.00000000	0.00000000	0.00000000	0.00000000	0.00000000	0.00000000
3.14572811	0.00000000	0.00000000	0.00000000	0.00000000	0.00000000	0.00000000	0.00000000	0.00000000
3.35544324	0.00000000	0.00000000	0.00000000	0.00000000	0.00000000	0.00000000	0.00000000	0.00000000
3.77487350	0.00000000	0.00000000	0.00000000	0.00000000	0.00000000	0.00000000	0.00000000	0.00000000
4.19430399	0.00000000	0.00000000	0.00000000	0.00000000	0.00000000	0.00000000	0.00000000	0.00000000
4.61373425	0.00000000	0.00000000	0.00000000	0.00000000	0.00000000	0.00000000	0.00000000	0.00000000
5.03316498	0.00000000	0.00000000	0.00000000	0.00000000	0.00000000	0.00000000	0.00000000	0.00000000
5.45259523	0.00000000	0.00000000	0.00000000	0.00000000	0.00000000	0.00000000	0.00000000	0.00000000
5.87202549	0.00000000	0.00000000	0.00000000	0.00000000	0.00000000	0.00000000	0.00000000	0.00000000
6.29145622	0.00000000	0.00000000	0.00000000	0.00000000	0.00000000	0.00000000	0.00000000	0.00000000
6.71088648	0.00000000	0.00000000	0.00000000	0.00000000	0.00000000	0.00000000	0.00000000	0.00000000
7.54974699	0.00000000	0.00000000	0.00000000	0.00000000	0.00000000	0.00000000	0.00000000	0.00000000
8.38860798	0.00000000	0.00000000	0.00000000	0.00000000	0.00000000	0.00000000	0.00000000	0.00000000
9.22746849	0.00000000	0.00000000	0.00000000	0.00000000	0.00000000	0.00000000	0.00000000	0.00000000
10.06632996	0.00000000	0.00000000	0.00000000	0.00000000	0.00000000	0.00000000	0.00000000	0.00000000
10.90519047	0.00000000	0.00000000	0.00000000	0.00000000	0.00000000	0.00000000	0.00000000	0.00000000
11.74405098	0.00000000	0.00000000	0.00000000	0.00000000	0.00000000	0.00000000	0.00000000	0.00000000
12.58291245	0.00000000	0.00000000	0.00000000	0.00000000	0.00000000	0.00000000	0.00000000	0.00000000
13.42177296	0.00000000	0.00000000	0.00000000	0.00000000	0.00000000	0.00000000	0.00000000	0.00000000
15.09949398	0.00000000	0.00000000	0.00000000	0.00000000	0.00000000	0.00000000	0.00000000	0.00000000
16.77721596	0.00000000	0.00000000	0.00000000	0.00000000	0.00000000	0.00000000	0.00000000	0.00000000
18.45493698	0.00000000	0.00000000	0.00000000	0.00000000	0.00000000	0.00000000	0.00000000	0.00000000
20.13265991	0.00000000	0.00000000	0.00000000	0.00000000	0.00000000	0.00000000	0.00000000	0.00000000
21.81038094	0.00000000	0.00000000	0.00000000	0.00000000	0.00000000	0.00000000	0.00000000	0.00000000
23.48810196	0.00000000	0.00000000	0.00000000	0.00000000	0.00000000	0.00000000	0.00000000	0.00000000
25.16582489	0.00000000	0.00000000	0.00000000	0.00000000	0.00000000	0.00000000	0.00000000	0.00000000
26.84354591	0.00000000	0.00000000	0.00000000	0.00000000	0.00000000	0.00000000	0.00000000	0.00000000
30.19898796	0.00000000	0.00000000	0.00000000	0.00000000	0.00000000	0.00000000	0.00000000	0.00000000
33.55443192	0.00000000	0.00000000	0.00000000	0.00000000	0.00000000	0.00000000	0.00000000	0.00000000
36.90987396	0.00000000	0.00000000	0.00000000	0.00000000	0.00000000	0.00000000	0.00000000	0.00000000
40.26531982	0.00000000	0.00000000	0.00000000	0.00000000	0.00000000	0.00000000	0.00000000	0.00000000
43.62076187	0.00000000	0.00000000	0.00000000	0.00000000	0.00000000	0.00000000	0.00000000	0.00000000
46.97620392	0.00000000	0.00000000	0.00000000	0.00000000	0.00000000	0.00000000	0.00000000	0.00000000
50.33164978	0.00000000	0.00000000	0.00000000	0.00000000	0.00000000	0.00000000	0.00000000	0.00000000
53.68709183	0.00000000	0.00000000	0.00000000	0.00000000	0.00000000	0.00000000	0.00000000	0.00000000
60.39797592	0.00000000	0.00000000	0.00000000	0.00000000	0.00000000	0.00000000	0.00000000	0.00000000
67.10886383	0.00000000	0.00000000	0.00000000	0.00000000	0.00000000	0.00000000	0.00000000	0.00000000
73.81974792	0.00000000	0.00000000	0.00000000	0.00000000	0.00000000	0.00000000	0.00000000	0.00000000
80.53063965	0.00000000	0.00000000	0.00000000	0.00000000	0.00000000	0.00000000	0.00000000	0.00000000
87.24152374	0.00000000	0.00000000	0.00000000	0.00000000	0.00000000	0.00000000	0.00000000	0.00000000
93.95240784	0.00000000	0.00000000	0.00000000	0.00000000	0.00000000	0.00000000	0.00000000	0.00000000
100.66329956	0.00000000	0.00000000	0.00000000	0.00000000	0.00000000	0.00000000	0.00000000	0.00000000
107.37418365	0.00000000	0.00000000	0.00000000	0.00000000	0.00000000	0.00000000	0.00000000	0.00000000
120.79595184	0.00000000	0.00000000	0.00000000	0.00000000	0.00000000	0.00000000	0.00000000	0.00000000
134.21772766	0.00000000	0.00000000	0.00000000	0.00000000	0.00000000	0.00000000	0.00000000	0.00000000
147.63949585	0.00000000	0.00000000	0.00000000	0.00000000	0.00000000	0.00000000	0.00000000	0.00000000
161.06127930	0.00000000	0.00000000	0.00000000	0.00000000	0.00000000	0.00000000	0.00000000	0.00000000
174.48304749	0.00000000	0.00000000	0.00000000	0.00000000	0.00000000	0.00000000	0.00000000	0.00000000
187.90481567	0.00000000	0.00000000	0.00000000	0.00000000	0.00000000	0.00000000	0.00000000	0.00000000
201.32659912	0.00000000	0.00000000	0.00000000	0.00000000	0.00000000	0.00000000	0.00000000	0.00000000
214.74836731	0.00000000	0.00000000	0.00000000	0.00000000	0.00000000	0.00000000	0.00000000	0.00000000
241.59190369	0.00000000	0.00000000	0.00000000	0.00000000	0.00000000	0.00000000	0.00000000	0.00000000
268.43545532	0.00000000	0.00000000	0.00000000	0.00000000	0.00000000	0.00000000	0.00000000	0.00000000
295.27899170	0.00000000	0.00000000	0.00000000	0.00000000	0.00000000	0.00000000	0.00000000	0.00000000
322.12255859	0.00000000	0.00000000	0.00000000	0.00000000	0.00000000	0.00000000	0.00000000	0.00000000
348.96609497	0.00000000	0.00000000	0.00000000	0.00000000	0.00000000	0.00000000	0.00000000	0.00000000
375.80963135	0.00000000	0.00000000	0.00000000	0.00000000	0.00000000	0.00000000	0.00000000	0.00000000
402.65319824	0.00000000	0.00000000	0.00000000	0.00000000	0.00000000	0.00000000	0.00000000	0.00000000
429.49673462	0.00000000	0.00000000	0.00000000	0.00000000	0.00000000	0.00000000	0.00000000	0.00000000
483.18380737	0.00000000	0.00000000	0.00000000	0.00000000	0.00000000	0.00000000	0.00000000	0.00000000
536.87091064	0.00000000	0.00000000	0.00000000	0.00000000	0.00000000	0.00000000	0.00000000	0.00000000
590.55798340	0.00000000	0.00000000	0.00000000	0.00000000	0.00000000	0.00000000	0.00000000	0.00000000
644.24511719	0.00000000	0.00000000	0.00000000	0.00000000	0.00000000	0.00000000	0.00000000	0.00000000
697.93218994	0.00000000	0.00000000	0.00000000	0.00000000	0.00000000	0.00000000	0.00000000	0.00000000
751.61926270	0.00000000	0.00000000	0.00000000	0.00000000	0.00000000	0.00000000	0.00000000	0.00000000
805.30639648	0.00000000	0.00000000	0.00000000	0.00000000	0.00000000	0.00000000	0.00000000	0.00000000
858.99346924	0.00000000	0.00000000	0.00000000	0.00000000	0.00000000	0.00000000	0.00000000	0.00000000
966.36761475	0.00000000	0.00000000	0.00000000	0.00000000	0.00000000	0.00000000	0.00000000	0.00000000
1073.74182129	0.00000000	0.00000000	0.00000000	0.00000000	0.00000000	0.00000000	0.00000000	0.00000000
1181.11596680	0.00000000	0.00000000	0.00000000	0.00000000	0.00000000	0.00000000	0.00000000	0.00000000
1288.49023437	0.00000000	0.00000000	0.00000000	0.00000000	0.00000000	0.00000000	0.00000000	0.00000000
1395.86437988	0.00000000	0.00000000	0.00000000	0.00000000	0.00000000	0.00000000	0.00000000	0.00000000
1503.23852539	0.00000000	0.00000000	0.00000000	0.00000000	0.00000000	0.00000000	0.00000000	0.00000000
1610.61279297	0.00000000	0.00000000	0.00000000	0.00000000	0.00000000	0.00000000	0.00000000	0.00000000
1717.98693848	0.00000000	0.00000000	0.00000000	0.00000000	0.00000000	0.00000000	0.00000000	0.00000000
1932.73522949	0.00000000	0.00000000	0.00000000	0.00000000	0.00000000	0.00000000	0.00000000	0.00000000
2147.48364258	0.00000000	0.00000000	0.00000000	0.00000000	0.00000000	0.00000000	0.00000000	0.00000000
2362.23193359	0.00000000	0.00000000	0.00000000	0.00000000	0.00000000	0.00000000	0.00000000	0.00000000
2576.98046875	0.00000000	0.00000000	0.00000000	0.00000000	0.00000000	0.00000000	0.00000000	0.00000000
2791.72875977	0.00000000	0.00000000	0.00000000	0.00000000	0.00000000	0.00000000	0.00000000	0.00000000
3006.47705078	0.00000000	0.00000000	0.00000000	0.00000000	0.00000000	0.00000000	0.00000000	0.00000000
3221.22558594	0.00000000	0.00000000	0.00000000	0.00000000	0.00000000	0.00000000	0.00000000	0.00000000
3435.97387695	0.00000000	0.00000000	0.00000000	0.00000000	0.00000000	0.00000000	0.00000000	0.00000000
0	0	0	0	0	0	0	0	0
