%3/28/2019 10:09:28 PM
%Duration	ID1		ID2		ID3		ID4		ID5		ID6		ID7		ID8
3000.000000	0.000000	0.000000	0.000000	0.000000	246.486664	238.933563	107.278824	30.441284
%Tau		Tau1		Tau2		Tau3		Tau4		Tau5		Tau6		Tau7		Tau8
%		0.000000	0.000000	0.000000	0.000000	0.000307	0.000230	0.000154	0.000102
%Delaytime	D1		D2		D3		D4		D5		D6		D7		D8
0.00000020	0.00000000	0.00000000	0.00000000	0.00000000	1.67769969	1.79578578	2.39687610	2.41884327
0.00000040	0.00000000	0.00000000	0.00000000	0.00000000	1.55495751	1.52581501	1.57276475	1.59816432
0.00000060	0.00000000	0.00000000	0.00000000	0.00000000	1.49059713	1.49173868	1.51196206	1.52748382
0.00000080	0.00000000	0.00000000	0.00000000	0.00000000	1.50944769	1.48669922	1.48140478	1.50392365
0.00000100	0.00000000	0.00000000	0.00000000	0.00000000	1.49413550	1.51033664	1.46238446	1.47251010
0.00000120	0.00000000	0.00000000	0.00000000	0.00000000	1.50047994	1.49053884	1.46674979	1.44109654
0.00000140	0.00000000	0.00000000	0.00000000	0.00000000	1.50487232	1.47914004	1.45271838	1.53533721
0.00000160	0.00000000	0.00000000	0.00000000	0.00000000	1.48535073	1.48693919	1.47548044	1.54711735
0.00000180	0.00000000	0.00000000	0.00000000	0.00000000	1.48339856	1.50457728	1.48670554	1.62172449
0.00000200	0.00000000	0.00000000	0.00000000	0.00000000	1.51097286	1.48903894	1.50229597	1.54711735
0.00000220	0.00000000	0.00000000	0.00000000	0.00000000	1.49993098	1.50763690	1.51663923	1.38219619
0.00000240	0.00000000	0.00000000	0.00000000	0.00000000	1.48864496	1.49389839	1.49387717	1.51963043
0.00000260	0.00000000	0.00000000	0.00000000	0.00000000	1.48028731	1.48087978	1.44679391	1.49999702
0.00000280	0.00000000	0.00000000	0.00000000	0.00000000	1.49395251	1.48507941	1.48764098	1.44109654
0.00000300	0.00000000	0.00000000	0.00000000	0.00000000	1.48675382	1.48441947	1.45833087	1.47643685
0.00000320	0.00000000	0.00000000	0.00000000	0.00000000	1.49248838	1.50145757	1.44648218	1.42931652
0.00000360	0.00000000	0.00000000	0.00000000	0.00000000	1.48492372	1.49845791	1.48701727	1.39397621
0.00000400	0.00000000	0.00000000	0.00000000	0.00000000	1.49203074	1.48693919	1.45879865	1.45287669
0.00000440	0.00000000	0.00000000	0.00000000	0.00000000	1.48846197	1.48513937	1.47033548	1.46662009
0.00000480	0.00000000	0.00000000	0.00000000	0.00000000	1.49233580	1.49431837	1.46986783	1.45091331
0.00000520	0.00000000	0.00000000	0.00000000	0.00000000	1.48321557	1.48444951	1.46503484	1.40379298
0.00000560	0.00000000	0.00000000	0.00000000	0.00000000	1.47778606	1.49470830	1.45271838	1.47054684
0.00000600	0.00000000	0.00000000	0.00000000	0.00000000	1.49803984	1.47842014	1.47438908	1.50196040
0.00000640	0.00000000	0.00000000	0.00000000	0.00000000	1.47250915	1.48342955	1.45303011	1.35470939
0.00000720	0.00000000	0.00000000	0.00000000	0.00000000	1.48318505	1.47621536	1.46441114	1.46858346
0.00000800	0.00000000	0.00000000	0.00000000	0.00000000	1.47987556	1.48066986	1.46378756	1.44993162
0.00000880	0.00000000	0.00000000	0.00000000	0.00000000	1.48603702	1.47728026	1.47711742	1.38906789
0.00000960	0.00000000	0.00000000	0.00000000	0.00000000	1.47221947	1.47198582	1.45482302	1.42735314
0.00001040	0.00000000	0.00000000	0.00000000	0.00000000	1.48101938	1.47504544	1.44578063	1.44502330
0.00001120	0.00000000	0.00000000	0.00000000	0.00000000	1.47619998	1.48566437	1.42325234	1.44305992
0.00001200	0.00000000	0.00000000	0.00000000	0.00000000	1.47568142	1.46388662	1.44702780	1.40477467
0.00001280	0.00000000	0.00000000	0.00000000	0.00000000	1.48748589	1.47914004	1.45638204	1.47054684
0.00001440	0.00000000	0.00000000	0.00000000	0.00000000	1.47311926	1.46304679	1.44776833	1.44502330
0.00001600	0.00000000	0.00000000	0.00000000	0.00000000	1.47948658	1.46875370	1.43443847	1.48232687
0.00001760	0.00000000	0.00000000	0.00000000	0.00000000	1.47483504	1.46053457	1.42913783	1.42686236
0.00001920	0.00000000	0.00000000	0.00000000	0.00000000	1.47020626	1.45371783	1.42804646	1.41115558
0.00002080	0.00000000	0.00000000	0.00000000	0.00000000	1.47375214	1.46105945	1.42278469	1.39986634
0.00002240	0.00000000	0.00000000	0.00000000	0.00000000	1.46363294	1.44494367	1.42426574	1.42489898
0.00002400	0.00000000	0.00000000	0.00000000	0.00000000	1.46736956	1.44822836	1.42746174	1.40968299
0.00002560	0.00000000	0.00000000	0.00000000	0.00000000	1.46354139	1.44675100	1.42153740	1.38808620
0.00002880	0.00000000	0.00000000	0.00000000	0.00000000	1.45577478	1.43248403	1.40681195	1.42510867
0.00003200	0.00000000	0.00000000	0.00000000	0.00000000	1.44963825	1.43669176	1.40118623	1.41011786
0.00003520	0.00000000	0.00000000	0.00000000	0.00000000	1.45013750	1.42242432	1.39315510	1.35482395
0.00003840	0.00000000	0.00000000	0.00000000	0.00000000	1.44703245	1.41825795	1.38706386	1.37546706
0.00004160	0.00000000	0.00000000	0.00000000	0.00000000	1.43962264	1.41341841	1.37955642	1.35875595
0.00004480	0.00000000	0.00000000	0.00000000	0.00000000	1.43988180	1.40455127	1.37307274	1.31869864
0.00004800	0.00000000	0.00000000	0.00000000	0.00000000	1.43463516	1.40404117	1.36694264	1.33221483
0.00005120	0.00000000	0.00000000	0.00000000	0.00000000	1.43049383	1.40056849	1.35999787	1.32533383
0.00005760	0.00000000	0.00000000	0.00000000	0.00000000	1.42243981	1.38808370	1.35029602	1.32811391
0.00006400	0.00000000	0.00000000	0.00000000	0.00000000	1.41787815	1.37970722	1.33478343	1.29616451
0.00007040	0.00000000	0.00000000	0.00000000	0.00000000	1.41044545	1.37049937	1.32240915	1.32639360
0.00007680	0.00000000	0.00000000	0.00000000	0.00000000	1.40293443	1.36200643	1.31292653	1.29777706
0.00008320	0.00000000	0.00000000	0.00000000	0.00000000	1.39572263	1.35333717	1.29560792	1.27160275
0.00008960	0.00000000	0.00000000	0.00000000	0.00000000	1.38591778	1.34063518	1.29240191	1.24395382
0.00009600	0.00000000	0.00000000	0.00000000	0.00000000	1.38300073	1.33502078	1.27583337	1.21052945
0.00010240	0.00000000	0.00000000	0.00000000	0.00000000	1.37655485	1.32597232	1.27099037	1.24063599
0.00011520	0.00000000	0.00000000	0.00000000	0.00000000	1.36267710	1.31087625	1.25026917	1.20948255
0.00012800	0.00000000	0.00000000	0.00000000	0.00000000	1.35093808	1.29444969	1.23146403	1.19468629
0.00014080	0.00000000	0.00000000	0.00000000	0.00000000	1.33714628	1.28132379	1.21860766	1.16908455
0.00015360	0.00000000	0.00000000	0.00000000	0.00000000	1.32512820	1.26555586	1.19352734	1.14937675
0.00016640	0.00000000	0.00000000	0.00000000	0.00000000	1.31241167	1.24839652	1.18878686	1.13771176
0.00017920	0.00000000	0.00000000	0.00000000	0.00000000	1.30050337	1.23737574	1.16505432	1.11769700
0.00019200	0.00000000	0.00000000	0.00000000	0.00000000	1.29011810	1.22565353	1.15403521	1.11714435
0.00020480	0.00000000	0.00000000	0.00000000	0.00000000	1.27727306	1.21437705	1.14141488	1.10400581
0.00023040	0.00000000	0.00000000	0.00000000	0.00000000	1.25591123	1.19046974	1.11841655	1.08791745
0.00025600	0.00000000	0.00000000	0.00000000	0.00000000	1.23775554	1.16976094	1.09948564	1.06999195
0.00028160	0.00000000	0.00000000	0.00000000	0.00000000	1.21845114	1.15196955	1.08700359	1.06343102
0.00030720	0.00000000	0.00000000	0.00000000	0.00000000	1.19818175	1.13298643	1.07120955	1.05221951
0.00033280	0.00000000	0.00000000	0.00000000	0.00000000	1.18299949	1.11921084	1.06341612	1.04146218
0.00035840	0.00000000	0.00000000	0.00000000	0.00000000	1.16838229	1.10610211	1.04823375	1.03431714
0.00038400	0.00000000	0.00000000	0.00000000	0.00000000	1.15356219	1.09436309	1.03990519	1.03445876
0.00040960	0.00000000	0.00000000	0.00000000	0.00000000	1.14106786	1.08421946	1.03115487	1.03142965
0.00046080	0.00000000	0.00000000	0.00000000	0.00000000	1.11644721	1.06650949	1.02329350	1.01908469
0.00051200	0.00000000	0.00000000	0.00000000	0.00000000	1.09838641	1.05420601	1.01818478	1.01304102
0.00056320	0.00000000	0.00000000	0.00000000	0.00000000	1.08062482	1.04306126	1.01473212	1.00729275
0.00061440	0.00000000	0.00000000	0.00000000	0.00000000	1.06651580	1.03395653	1.00817311	1.00293767
0.00066560	0.00000000	0.00000000	0.00000000	0.00000000	1.05599463	1.02811897	1.00760734	0.99528670
0.00071680	0.00000000	0.00000000	0.00000000	0.00000000	1.04507792	1.02229834	1.00396442	1.00731552
0.00076800	0.00000000	0.00000000	0.00000000	0.00000000	1.03638649	1.01888013	1.00452352	1.00231206
0.00081920	0.00000000	0.00000000	0.00000000	0.00000000	1.03016579	1.01471949	1.00350690	1.00266886
0.00092160	0.00000000	0.00000000	0.00000000	0.00000000	1.01867938	1.00789952	1.00141072	1.00410771
0.00102400	0.00000000	0.00000000	0.00000000	0.00000000	1.01131225	1.00179541	0.99897462	1.00293016
0.00112640	0.00000000	0.00000000	0.00000000	0.00000000	1.00584912	0.99844080	0.99972522	0.99881870
0.00122880	0.00000000	0.00000000	0.00000000	0.00000000	1.00279200	0.99702835	1.00048637	1.00351274
0.00133120	0.00000000	0.00000000	0.00000000	0.00000000	1.00097096	0.99639571	0.99602383	1.00210905
0.00143360	0.00000000	0.00000000	0.00000000	0.00000000	1.00192773	0.99678767	0.99729848	1.00463998
0.00153600	0.00000000	0.00000000	0.00000000	0.00000000	1.00281596	0.99640399	0.99948406	1.00429094
0.00163840	0.00000000	0.00000000	0.00000000	0.00000000	1.00139129	0.99990368	1.00104165	1.00768864
0.00184320	0.00000000	0.00000000	0.00000000	0.00000000	0.99884719	1.00145662	1.00159562	1.00058818
0.00204800	0.00000000	0.00000000	0.00000000	0.00000000	0.99936718	1.00395393	1.00119913	0.99905884
0.00225280	0.00000000	0.00000000	0.00000000	0.00000000	0.99956715	1.00274658	1.00284469	0.99850672
0.00245760	0.00000000	0.00000000	0.00000000	0.00000000	0.99903703	1.00304151	1.00061905	0.99829984
0.00266240	0.00000000	0.00000000	0.00000000	0.00000000	0.99875075	1.00435519	0.99908686	1.00688410
0.00286720	0.00000000	0.00000000	0.00000000	0.00000000	0.99774373	1.00387585	0.99945176	1.00178480
0.00307200	0.00000000	0.00000000	0.00000000	0.00000000	0.99678588	1.00161517	1.00365400	1.00140536
0.00327680	0.00000000	0.00000000	0.00000000	0.00000000	0.99548656	1.00136578	1.00518143	0.99506021
0.00368640	0.00000000	0.00000000	0.00000000	0.00000000	0.99238592	0.99986178	0.99932164	1.00350749
0.00409600	0.00000000	0.00000000	0.00000000	0.00000000	0.99526161	0.99948287	0.99904138	1.00243461
0.00450560	0.00000000	0.00000000	0.00000000	0.00000000	0.99794948	0.99628776	1.00100327	1.00127196
0.00491520	0.00000000	0.00000000	0.00000000	0.00000000	1.00011408	0.99539596	1.00248826	1.00316215
0.00532480	0.00000000	0.00000000	0.00000000	0.00000000	0.99840385	0.99670404	1.00159812	1.00210655
0.00573440	0.00000000	0.00000000	0.00000000	0.00000000	0.99405897	0.99989182	1.00082576	0.99830312
0.00614400	0.00000000	0.00000000	0.00000000	0.00000000	0.99762881	1.00040376	1.00026202	1.00071466
0.00655360	0.00000000	0.00000000	0.00000000	0.00000000	1.00349212	0.99564111	0.99777210	0.99794650
0.00737280	0.00000000	0.00000000	0.00000000	0.00000000	0.99577057	0.99892139	1.00113153	0.99829972
0.00819200	0.00000000	0.00000000	0.00000000	0.00000000	0.99606401	0.99636006	1.00058925	0.99697673
0.00901120	0.00000000	0.00000000	0.00000000	0.00000000	1.00400436	0.99625355	1.00159204	1.00056398
0.00983040	0.00000000	0.00000000	0.00000000	0.00000000	1.00108600	1.00370419	1.00059140	1.00154853
0.01064960	0.00000000	0.00000000	0.00000000	0.00000000	0.99577487	1.00178909	1.00060904	0.99838990
0.01146880	0.00000000	0.00000000	0.00000000	0.00000000	0.99252135	1.00314295	0.99739897	1.00589180
0.01228800	0.00000000	0.00000000	0.00000000	0.00000000	0.99819309	1.00138307	0.99942827	1.00405729
0.01310720	0.00000000	0.00000000	0.00000000	0.00000000	1.00103211	0.99792629	1.00472796	0.99743593
0.01474560	0.00000000	0.00000000	0.00000000	0.00000000	1.00242138	1.00235975	1.00147700	1.00195169
0.01638400	0.00000000	0.00000000	0.00000000	0.00000000	1.00212395	0.99805152	1.00222409	1.00105023
0.01802240	0.00000000	0.00000000	0.00000000	0.00000000	1.00106478	1.00218296	0.99954313	1.00084794
0.01966080	0.00000000	0.00000000	0.00000000	0.00000000	0.99637341	0.99680275	1.00152349	0.99674863
0.02129920	0.00000000	0.00000000	0.00000000	0.00000000	1.00107992	0.99704903	1.00167370	0.99766719
0.02293760	0.00000000	0.00000000	0.00000000	0.00000000	1.00300133	0.99918449	0.99811083	1.00048196
0.02457600	0.00000000	0.00000000	0.00000000	0.00000000	1.00220239	1.00210142	1.00180972	0.99993819
0.02621440	0.00000000	0.00000000	0.00000000	0.00000000	0.99767876	1.00328565	0.99993294	1.00427163
0.02949120	0.00000000	0.00000000	0.00000000	0.00000000	0.99751967	1.00022602	1.00129557	1.00102174
0.03276800	0.00000000	0.00000000	0.00000000	0.00000000	1.00341451	1.00025606	1.00147319	1.00097048
0.03604480	0.00000000	0.00000000	0.00000000	0.00000000	1.00191510	0.99976784	1.00131488	0.99971271
0.03932160	0.00000000	0.00000000	0.00000000	0.00000000	1.00027192	0.99909920	0.99909133	0.99998987
0.04259840	0.00000000	0.00000000	0.00000000	0.00000000	1.00063348	0.99802005	1.00195277	0.99930161
0.04587520	0.00000000	0.00000000	0.00000000	0.00000000	1.00240219	0.99964446	1.00181890	0.99714112
0.04915200	0.00000000	0.00000000	0.00000000	0.00000000	1.00367260	0.99889761	0.99973541	0.99959075
0.05242880	0.00000000	0.00000000	0.00000000	0.00000000	0.99798816	1.00167716	0.99914181	1.00062609
0.05898240	0.00000000	0.00000000	0.00000000	0.00000000	0.99840546	1.00042808	0.99982882	1.00042677
0.06553600	0.00000000	0.00000000	0.00000000	0.00000000	1.00063169	0.99868357	1.00018322	1.00007117
0.07208960	0.00000000	0.00000000	0.00000000	0.00000000	0.99770057	0.99910659	1.00097716	0.99991876
0.07864320	0.00000000	0.00000000	0.00000000	0.00000000	0.99895525	0.99886775	1.00122654	1.00173354
0.08519680	0.00000000	0.00000000	0.00000000	0.00000000	1.00176311	1.00155401	0.99999851	0.99895734
0.09175040	0.00000000	0.00000000	0.00000000	0.00000000	1.00049555	0.99779272	1.00039792	0.99783587
0.09830400	0.00000000	0.00000000	0.00000000	0.00000000	0.99929577	1.00115311	1.00106001	0.99886608
0.10485760	0.00000000	0.00000000	0.00000000	0.00000000	1.00371623	0.99936968	1.00009596	1.00065005
0.11796480	0.00000000	0.00000000	0.00000000	0.00000000	0.99967825	0.99900776	0.99971831	0.99913883
0.13107200	0.00000000	0.00000000	0.00000000	0.00000000	0.99876928	1.00063968	1.00047433	1.00113654
0.14417920	0.00000000	0.00000000	0.00000000	0.00000000	1.00096023	1.00047779	1.00006187	0.99919605
0.15728641	0.00000000	0.00000000	0.00000000	0.00000000	1.00011230	1.00037265	1.00021553	1.00043476
0.17039360	0.00000000	0.00000000	0.00000000	0.00000000	1.00085258	0.99862933	0.99975181	0.99972987
0.18350080	0.00000000	0.00000000	0.00000000	0.00000000	0.99958712	0.99931622	1.00016296	1.00111675
0.19660801	0.00000000	0.00000000	0.00000000	0.00000000	0.99984407	0.99982727	0.99982727	1.00098252
0.20971520	0.00000000	0.00000000	0.00000000	0.00000000	0.99971473	0.99933559	1.00033665	0.99886590
0.23592959	0.00000000	0.00000000	0.00000000	0.00000000	1.00050938	0.99993557	1.00131834	1.00010335
0.26214400	0.00000000	0.00000000	0.00000000	0.00000000	0.99999052	1.00047898	0.99954867	1.00040650
0.28835839	0.00000000	0.00000000	0.00000000	0.00000000	0.99839705	0.99969590	0.99920946	0.99987352
0.31457281	0.00000000	0.00000000	0.00000000	0.00000000	0.99914527	0.99926984	0.99968415	1.00093830
0.34078720	0.00000000	0.00000000	0.00000000	0.00000000	0.99987316	1.00033581	0.99931455	1.00073004
0.36700159	0.00000000	0.00000000	0.00000000	0.00000000	0.99972194	0.99969202	0.99997365	0.99958324
0.39321601	0.00000000	0.00000000	0.00000000	0.00000000	0.99912763	1.00008988	0.99981993	1.00044012
0.41943040	0.00000000	0.00000000	0.00000000	0.00000000	1.00018442	1.00043368	0.99937880	1.00098336
0.47185919	0.00000000	0.00000000	0.00000000	0.00000000	1.00135171	0.99880117	1.00038242	0.99974322
0.52428800	0.00000000	0.00000000	0.00000000	0.00000000	1.00051081	1.00004637	0.99976075	1.00052452
0.57671678	0.00000000	0.00000000	0.00000000	0.00000000	0.99999881	1.00050485	0.99988854	1.00043118
0.62914562	0.00000000	0.00000000	0.00000000	0.00000000	0.99998045	1.00003314	0.99965334	1.00017178
0.68157440	0.00000000	0.00000000	0.00000000	0.00000000	1.00039554	0.99979311	0.99980354	0.99983042
0.73400319	0.00000000	0.00000000	0.00000000	0.00000000	0.99975824	0.99997109	0.99953407	0.99966419
0.78643203	0.00000000	0.00000000	0.00000000	0.00000000	0.99998617	1.00032377	1.00064158	0.99967051
0.83886081	0.00000000	0.00000000	0.00000000	0.00000000	0.99938649	0.99994141	1.00041842	1.00002086
0.94371837	0.00000000	0.00000000	0.00000000	0.00000000	0.99987185	1.00064754	1.00012887	1.00023758
1.04857600	0.00000000	0.00000000	0.00000000	0.00000000	0.99978173	0.99964368	1.00044584	0.99948138
1.15343356	0.00000000	0.00000000	0.00000000	0.00000000	1.00006902	0.99968112	0.99963450	0.99983251
1.25829124	0.00000000	0.00000000	0.00000000	0.00000000	0.99982482	1.00001514	0.99983239	0.99992472
1.36314881	0.00000000	0.00000000	0.00000000	0.00000000	0.99963164	0.99977827	1.00024438	1.00007796
1.46800637	0.00000000	0.00000000	0.00000000	0.00000000	1.00021291	1.00023103	1.00029778	0.99962151
1.57286406	0.00000000	0.00000000	0.00000000	0.00000000	0.99992156	1.00040698	1.00065231	0.99986964
1.67772162	0.00000000	0.00000000	0.00000000	0.00000000	0.99954802	1.00025821	0.99991453	0.99966276
1.88743675	0.00000000	0.00000000	0.00000000	0.00000000	0.99958479	0.99989325	0.99990273	0.99995738
2.09715199	0.00000000	0.00000000	0.00000000	0.00000000	0.99966151	0.99982977	0.99992871	0.99992079
2.30686712	0.00000000	0.00000000	0.00000000	0.00000000	0.99981201	1.00004745	1.00007319	1.00023508
2.51658249	0.00000000	0.00000000	0.00000000	0.00000000	0.99972576	1.00031853	0.99987686	1.00006175
2.72629762	0.00000000	0.00000000	0.00000000	0.00000000	0.99974221	0.99977261	0.99933499	1.00056553
2.93601274	0.00000000	0.00000000	0.00000000	0.00000000	1.00080872	1.00002396	1.00053227	0.99994087
3.14572811	0.00000000	0.00000000	0.00000000	0.00000000	1.00069535	1.00025094	1.00032496	1.00031018
3.35544324	0.00000000	0.00000000	0.00000000	0.00000000	0.99973869	0.99989784	1.00052917	0.99996656
3.77487350	0.00000000	0.00000000	0.00000000	0.00000000	0.99996191	0.99981219	0.99969304	0.99997497
4.19430399	0.00000000	0.00000000	0.00000000	0.00000000	1.00023079	1.00011957	0.99963856	0.99999958
4.61373425	0.00000000	0.00000000	0.00000000	0.00000000	0.99976599	0.99993843	1.00030112	0.99984980
5.03316498	0.00000000	0.00000000	0.00000000	0.00000000	1.00000000	1.00000000	1.00000000	1.00000000
5.45259523	0.00000000	0.00000000	0.00000000	0.00000000	0.00000000	0.00000000	0.00000000	0.00000000
5.87202549	0.00000000	0.00000000	0.00000000	0.00000000	0.00000000	0.00000000	0.00000000	0.00000000
6.29145622	0.00000000	0.00000000	0.00000000	0.00000000	0.00000000	0.00000000	0.00000000	0.00000000
6.71088648	0.00000000	0.00000000	0.00000000	0.00000000	0.00000000	0.00000000	0.00000000	0.00000000
7.54974699	0.00000000	0.00000000	0.00000000	0.00000000	0.00000000	0.00000000	0.00000000	0.00000000
8.38860798	0.00000000	0.00000000	0.00000000	0.00000000	0.00000000	0.00000000	0.00000000	0.00000000
9.22746849	0.00000000	0.00000000	0.00000000	0.00000000	0.00000000	0.00000000	0.00000000	0.00000000
10.06632996	0.00000000	0.00000000	0.00000000	0.00000000	0.00000000	0.00000000	0.00000000	0.00000000
10.90519047	0.00000000	0.00000000	0.00000000	0.00000000	0.00000000	0.00000000	0.00000000	0.00000000
11.74405098	0.00000000	0.00000000	0.00000000	0.00000000	0.00000000	0.00000000	0.00000000	0.00000000
12.58291245	0.00000000	0.00000000	0.00000000	0.00000000	0.00000000	0.00000000	0.00000000	0.00000000
13.42177296	0.00000000	0.00000000	0.00000000	0.00000000	0.00000000	0.00000000	0.00000000	0.00000000
15.09949398	0.00000000	0.00000000	0.00000000	0.00000000	0.00000000	0.00000000	0.00000000	0.00000000
16.77721596	0.00000000	0.00000000	0.00000000	0.00000000	0.00000000	0.00000000	0.00000000	0.00000000
18.45493698	0.00000000	0.00000000	0.00000000	0.00000000	0.00000000	0.00000000	0.00000000	0.00000000
20.13265991	0.00000000	0.00000000	0.00000000	0.00000000	0.00000000	0.00000000	0.00000000	0.00000000
21.81038094	0.00000000	0.00000000	0.00000000	0.00000000	0.00000000	0.00000000	0.00000000	0.00000000
23.48810196	0.00000000	0.00000000	0.00000000	0.00000000	0.00000000	0.00000000	0.00000000	0.00000000
25.16582489	0.00000000	0.00000000	0.00000000	0.00000000	0.00000000	0.00000000	0.00000000	0.00000000
26.84354591	0.00000000	0.00000000	0.00000000	0.00000000	0.00000000	0.00000000	0.00000000	0.00000000
30.19898796	0.00000000	0.00000000	0.00000000	0.00000000	0.00000000	0.00000000	0.00000000	0.00000000
33.55443192	0.00000000	0.00000000	0.00000000	0.00000000	0.00000000	0.00000000	0.00000000	0.00000000
36.90987396	0.00000000	0.00000000	0.00000000	0.00000000	0.00000000	0.00000000	0.00000000	0.00000000
40.26531982	0.00000000	0.00000000	0.00000000	0.00000000	0.00000000	0.00000000	0.00000000	0.00000000
43.62076187	0.00000000	0.00000000	0.00000000	0.00000000	0.00000000	0.00000000	0.00000000	0.00000000
46.97620392	0.00000000	0.00000000	0.00000000	0.00000000	0.00000000	0.00000000	0.00000000	0.00000000
50.33164978	0.00000000	0.00000000	0.00000000	0.00000000	0.00000000	0.00000000	0.00000000	0.00000000
53.68709183	0.00000000	0.00000000	0.00000000	0.00000000	0.00000000	0.00000000	0.00000000	0.00000000
60.39797592	0.00000000	0.00000000	0.00000000	0.00000000	0.00000000	0.00000000	0.00000000	0.00000000
67.10886383	0.00000000	0.00000000	0.00000000	0.00000000	0.00000000	0.00000000	0.00000000	0.00000000
73.81974792	0.00000000	0.00000000	0.00000000	0.00000000	0.00000000	0.00000000	0.00000000	0.00000000
80.53063965	0.00000000	0.00000000	0.00000000	0.00000000	0.00000000	0.00000000	0.00000000	0.00000000
87.24152374	0.00000000	0.00000000	0.00000000	0.00000000	0.00000000	0.00000000	0.00000000	0.00000000
93.95240784	0.00000000	0.00000000	0.00000000	0.00000000	0.00000000	0.00000000	0.00000000	0.00000000
100.66329956	0.00000000	0.00000000	0.00000000	0.00000000	0.00000000	0.00000000	0.00000000	0.00000000
107.37418365	0.00000000	0.00000000	0.00000000	0.00000000	0.00000000	0.00000000	0.00000000	0.00000000
120.79595184	0.00000000	0.00000000	0.00000000	0.00000000	0.00000000	0.00000000	0.00000000	0.00000000
134.21772766	0.00000000	0.00000000	0.00000000	0.00000000	0.00000000	0.00000000	0.00000000	0.00000000
147.63949585	0.00000000	0.00000000	0.00000000	0.00000000	0.00000000	0.00000000	0.00000000	0.00000000
161.06127930	0.00000000	0.00000000	0.00000000	0.00000000	0.00000000	0.00000000	0.00000000	0.00000000
174.48304749	0.00000000	0.00000000	0.00000000	0.00000000	0.00000000	0.00000000	0.00000000	0.00000000
187.90481567	0.00000000	0.00000000	0.00000000	0.00000000	0.00000000	0.00000000	0.00000000	0.00000000
201.32659912	0.00000000	0.00000000	0.00000000	0.00000000	0.00000000	0.00000000	0.00000000	0.00000000
214.74836731	0.00000000	0.00000000	0.00000000	0.00000000	0.00000000	0.00000000	0.00000000	0.00000000
241.59190369	0.00000000	0.00000000	0.00000000	0.00000000	0.00000000	0.00000000	0.00000000	0.00000000
268.43545532	0.00000000	0.00000000	0.00000000	0.00000000	0.00000000	0.00000000	0.00000000	0.00000000
295.27899170	0.00000000	0.00000000	0.00000000	0.00000000	0.00000000	0.00000000	0.00000000	0.00000000
322.12255859	0.00000000	0.00000000	0.00000000	0.00000000	0.00000000	0.00000000	0.00000000	0.00000000
348.96609497	0.00000000	0.00000000	0.00000000	0.00000000	0.00000000	0.00000000	0.00000000	0.00000000
375.80963135	0.00000000	0.00000000	0.00000000	0.00000000	0.00000000	0.00000000	0.00000000	0.00000000
402.65319824	0.00000000	0.00000000	0.00000000	0.00000000	0.00000000	0.00000000	0.00000000	0.00000000
429.49673462	0.00000000	0.00000000	0.00000000	0.00000000	0.00000000	0.00000000	0.00000000	0.00000000
483.18380737	0.00000000	0.00000000	0.00000000	0.00000000	0.00000000	0.00000000	0.00000000	0.00000000
536.87091064	0.00000000	0.00000000	0.00000000	0.00000000	0.00000000	0.00000000	0.00000000	0.00000000
590.55798340	0.00000000	0.00000000	0.00000000	0.00000000	0.00000000	0.00000000	0.00000000	0.00000000
644.24511719	0.00000000	0.00000000	0.00000000	0.00000000	0.00000000	0.00000000	0.00000000	0.00000000
697.93218994	0.00000000	0.00000000	0.00000000	0.00000000	0.00000000	0.00000000	0.00000000	0.00000000
751.61926270	0.00000000	0.00000000	0.00000000	0.00000000	0.00000000	0.00000000	0.00000000	0.00000000
805.30639648	0.00000000	0.00000000	0.00000000	0.00000000	0.00000000	0.00000000	0.00000000	0.00000000
858.99346924	0.00000000	0.00000000	0.00000000	0.00000000	0.00000000	0.00000000	0.00000000	0.00000000
966.36761475	0.00000000	0.00000000	0.00000000	0.00000000	0.00000000	0.00000000	0.00000000	0.00000000
1073.74182129	0.00000000	0.00000000	0.00000000	0.00000000	0.00000000	0.00000000	0.00000000	0.00000000
1181.11596680	0.00000000	0.00000000	0.00000000	0.00000000	0.00000000	0.00000000	0.00000000	0.00000000
1288.49023437	0.00000000	0.00000000	0.00000000	0.00000000	0.00000000	0.00000000	0.00000000	0.00000000
1395.86437988	0.00000000	0.00000000	0.00000000	0.00000000	0.00000000	0.00000000	0.00000000	0.00000000
1503.23852539	0.00000000	0.00000000	0.00000000	0.00000000	0.00000000	0.00000000	0.00000000	0.00000000
1610.61279297	0.00000000	0.00000000	0.00000000	0.00000000	0.00000000	0.00000000	0.00000000	0.00000000
1717.98693848	0.00000000	0.00000000	0.00000000	0.00000000	0.00000000	0.00000000	0.00000000	0.00000000
1932.73522949	0.00000000	0.00000000	0.00000000	0.00000000	0.00000000	0.00000000	0.00000000	0.00000000
2147.48364258	0.00000000	0.00000000	0.00000000	0.00000000	0.00000000	0.00000000	0.00000000	0.00000000
2362.23193359	0.00000000	0.00000000	0.00000000	0.00000000	0.00000000	0.00000000	0.00000000	0.00000000
2576.98046875	0.00000000	0.00000000	0.00000000	0.00000000	0.00000000	0.00000000	0.00000000	0.00000000
2791.72875977	0.00000000	0.00000000	0.00000000	0.00000000	0.00000000	0.00000000	0.00000000	0.00000000
3006.47705078	0.00000000	0.00000000	0.00000000	0.00000000	0.00000000	0.00000000	0.00000000	0.00000000
3221.22558594	0.00000000	0.00000000	0.00000000	0.00000000	0.00000000	0.00000000	0.00000000	0.00000000
3435.97387695	0.00000000	0.00000000	0.00000000	0.00000000	0.00000000	0.00000000	0.00000000	0.00000000
0	0	0	0	0	0	0	0	0
