%3/28/2019 10:06:25 PM
%Duration	ID1		ID2		ID3		ID4		ID5		ID6		ID7		ID8
3000.000000	0.000000	0.000000	0.000000	0.000000	230.331421	242.795944	106.668472	31.490326
%Tau		Tau1		Tau2		Tau3		Tau4		Tau5		Tau6		Tau7		Tau8
%		0.000000	0.000000	0.000000	0.000000	0.000307	0.000230	0.000154	0.000096
%Delaytime	D1		D2		D3		D4		D5		D6		D7		D8
0.00000020	0.00000000	0.00000000	0.00000000	0.00000000	1.64927530	1.75758493	2.42712665	2.28187108
0.00000040	0.00000000	0.00000000	0.00000000	0.00000000	1.57660449	1.51761186	1.61818671	1.68932068
0.00000060	0.00000000	0.00000000	0.00000000	0.00000000	1.50679421	1.48570180	1.50993955	1.56418586
0.00000080	0.00000000	0.00000000	0.00000000	0.00000000	1.49261296	1.49288452	1.48632765	1.50161839
0.00000100	0.00000000	0.00000000	0.00000000	0.00000000	1.48439646	1.48899877	1.48816752	1.58994889
0.00000120	0.00000000	0.00000000	0.00000000	0.00000000	1.47691023	1.45997357	1.46700871	1.67827940
0.00000140	0.00000000	0.00000000	0.00000000	0.00000000	1.47739720	1.49176586	1.48387444	1.54210317
0.00000160	0.00000000	0.00000000	0.00000000	0.00000000	1.48902202	1.48046196	1.47160852	1.55682492
0.00000180	0.00000000	0.00000000	0.00000000	0.00000000	1.49620390	1.46809828	1.47467494	1.63043368
0.00000200	0.00000000	0.00000000	0.00000000	0.00000000	1.49054360	1.47999096	1.45934248	1.44641185
0.00000220	0.00000000	0.00000000	0.00000000	0.00000000	1.49462152	1.46156323	1.51423264	1.51634014
0.00000240	0.00000000	0.00000000	0.00000000	0.00000000	1.49151742	1.48152173	1.48142123	1.46113360
0.00000260	0.00000000	0.00000000	0.00000000	0.00000000	1.49230874	1.48676157	1.49246061	1.37280309
0.00000280	0.00000000	0.00000000	0.00000000	0.00000000	1.49577796	1.47386801	1.47528827	1.41328788
0.00000300	0.00000000	0.00000000	0.00000000	0.00000000	1.48567462	1.47963774	1.50564647	1.48321617
0.00000320	0.00000000	0.00000000	0.00000000	0.00000000	1.48177934	1.48670268	1.49522042	1.53474236
0.00000360	0.00000000	0.00000000	0.00000000	0.00000000	1.48153591	1.46998227	1.50901961	1.48137593
0.00000400	0.00000000	0.00000000	0.00000000	0.00000000	1.49118268	1.48308194	1.49767363	1.47033465
0.00000440	0.00000000	0.00000000	0.00000000	0.00000000	1.49151742	1.48829234	1.46271563	1.44825208
0.00000480	0.00000000	0.00000000	0.00000000	0.00000000	1.49544311	1.48673213	1.48387444	1.44089115
0.00000520	0.00000000	0.00000000	0.00000000	0.00000000	1.48935688	1.45776582	1.45550942	1.53474236
0.00000560	0.00000000	0.00000000	0.00000000	0.00000000	1.47928393	1.45181942	1.48801422	1.46849442
0.00000600	0.00000000	0.00000000	0.00000000	0.00000000	1.48750055	1.46753895	1.46578217	1.45193243
0.00000640	0.00000000	0.00000000	0.00000000	0.00000000	1.47700155	1.47301435	1.47482824	1.43169010
0.00000720	0.00000000	0.00000000	0.00000000	0.00000000	1.48132288	1.46790695	1.47053516	1.48045588
0.00000800	0.00000000	0.00000000	0.00000000	0.00000000	1.48260105	1.46951127	1.46662545	1.49333739
0.00000880	0.00000000	0.00000000	0.00000000	0.00000000	1.47549522	1.45658827	1.46708536	1.46481407
0.00000960	0.00000000	0.00000000	0.00000000	0.00000000	1.48016644	1.46094501	1.46601212	1.50713909
0.00001040	0.00000000	0.00000000	0.00000000	0.00000000	1.48638976	1.46057701	1.46187234	1.46757436
0.00001120	0.00000000	0.00000000	0.00000000	0.00000000	1.47572339	1.45892859	1.45742595	1.46665418
0.00001200	0.00000000	0.00000000	0.00000000	0.00000000	1.47838616	1.45208442	1.46164238	1.45653307
0.00001280	0.00000000	0.00000000	0.00000000	0.00000000	1.47745800	1.45333552	1.46808207	1.43261015
0.00001440	0.00000000	0.00000000	0.00000000	0.00000000	1.47251284	1.45112038	1.45704269	1.42524934
0.00001600	0.00000000	0.00000000	0.00000000	0.00000000	1.47408772	1.44530642	1.44661653	1.44273138
0.00001760	0.00000000	0.00000000	0.00000000	0.00000000	1.47048151	1.44392288	1.45853758	1.39764607
0.00001920	0.00000000	0.00000000	0.00000000	0.00000000	1.46626675	1.44392288	1.44776654	1.46803439
0.00002080	0.00000000	0.00000000	0.00000000	0.00000000	1.45738077	1.43725538	1.43626714	1.39810610
0.00002240	0.00000000	0.00000000	0.00000000	0.00000000	1.45875013	1.43278825	1.43461895	1.43951106
0.00002400	0.00000000	0.00000000	0.00000000	0.00000000	1.46195304	1.43408346	1.43553889	1.38660467
0.00002560	0.00000000	0.00000000	0.00000000	0.00000000	1.46351266	1.43291330	1.41438007	1.39810610
0.00002880	0.00000000	0.00000000	0.00000000	0.00000000	1.45917857	1.42591465	1.41849649	1.42550826
0.00003200	0.00000000	0.00000000	0.00000000	0.00000000	1.45653701	1.41954148	1.41142082	1.40408075
0.00003520	0.00000000	0.00000000	0.00000000	0.00000000	1.45399582	1.41581607	1.39329183	1.38657010
0.00003840	0.00000000	0.00000000	0.00000000	0.00000000	1.44866657	1.40921640	1.39740336	1.39325178
0.00004160	0.00000000	0.00000000	0.00000000	0.00000000	1.44316089	1.40366328	1.39474523	1.36606419
0.00004480	0.00000000	0.00000000	0.00000000	0.00000000	1.43789423	1.39673841	1.39067197	1.33680284
0.00004800	0.00000000	0.00000000	0.00000000	0.00000000	1.43361330	1.38775408	1.37386250	1.31399286
0.00005120	0.00000000	0.00000000	0.00000000	0.00000000	1.43236542	1.38869548	1.36552477	1.34924471
0.00005760	0.00000000	0.00000000	0.00000000	0.00000000	1.42681944	1.37473547	1.35703981	1.31265438
0.00006400	0.00000000	0.00000000	0.00000000	0.00000000	1.41892111	1.36672997	1.34820795	1.30666685
0.00007040	0.00000000	0.00000000	0.00000000	0.00000000	1.41115594	1.35441458	1.33115137	1.30309737
0.00007680	0.00000000	0.00000000	0.00000000	0.00000000	1.40469742	1.34709799	1.31882167	1.27523220
0.00008320	0.00000000	0.00000000	0.00000000	0.00000000	1.39673102	1.33823836	1.30907655	1.24897909
0.00008960	0.00000000	0.00000000	0.00000000	0.00000000	1.38978541	1.32876372	1.30152988	1.24863374
0.00009600	0.00000000	0.00000000	0.00000000	0.00000000	1.38202059	1.32012153	1.28821445	1.25428987
0.00010240	0.00000000	0.00000000	0.00000000	0.00000000	1.37453902	1.31197667	1.27642977	1.23770881
0.00011520	0.00000000	0.00000000	0.00000000	0.00000000	1.36322665	1.29570913	1.25539613	1.19765174
0.00012800	0.00000000	0.00000000	0.00000000	0.00000000	1.34940290	1.28166294	1.24102235	1.19379556
0.00014080	0.00000000	0.00000000	0.00000000	0.00000000	1.33769453	1.26687694	1.22279561	1.15897512
0.00015360	0.00000000	0.00000000	0.00000000	0.00000000	1.32426965	1.25236213	1.20311368	1.16657233
0.00016640	0.00000000	0.00000000	0.00000000	0.00000000	1.31087315	1.23912990	1.18405402	1.14937639
0.00017920	0.00000000	0.00000000	0.00000000	0.00000000	1.29970551	1.22582185	1.17780387	1.12744784
0.00019200	0.00000000	0.00000000	0.00000000	0.00000000	1.28773272	1.21354115	1.16374612	1.11858439
0.00020480	0.00000000	0.00000000	0.00000000	0.00000000	1.27616310	1.20133972	1.15126300	1.11582172
0.00023040	0.00000000	0.00000000	0.00000000	0.00000000	1.25409198	1.18072140	1.12969935	1.08674634
0.00025600	0.00000000	0.00000000	0.00000000	0.00000000	1.23302734	1.15984237	1.10947776	1.07593668
0.00028160	0.00000000	0.00000000	0.00000000	0.00000000	1.21314049	1.14120495	1.09511673	1.05295217
0.00030720	0.00000000	0.00000000	0.00000000	0.00000000	1.19526994	1.12607813	1.08175516	1.05824292
0.00033280	0.00000000	0.00000000	0.00000000	0.00000000	1.17781842	1.11196113	1.06976247	1.04385805
0.00035840	0.00000000	0.00000000	0.00000000	0.00000000	1.16243088	1.10080004	1.05674279	1.03914917
0.00038400	0.00000000	0.00000000	0.00000000	0.00000000	1.14876354	1.08912849	1.05047870	1.02703130
0.00040960	0.00000000	0.00000000	0.00000000	0.00000000	1.13371396	1.07736838	1.04720140	1.02805591
0.00046080	0.00000000	0.00000000	0.00000000	0.00000000	1.10909462	1.06239450	1.03386474	1.02160001
0.00051200	0.00000000	0.00000000	0.00000000	0.00000000	1.08998382	1.04867542	1.02582765	1.00976145
0.00056320	0.00000000	0.00000000	0.00000000	0.00000000	1.07269549	1.03812945	1.01949060	1.00702977
0.00061440	0.00000000	0.00000000	0.00000000	0.00000000	1.05813408	1.02902555	1.01261616	1.01397407
0.00066560	0.00000000	0.00000000	0.00000000	0.00000000	1.04668784	1.02196431	1.00676370	1.00898814
0.00071680	0.00000000	0.00000000	0.00000000	0.00000000	1.03620064	1.01555455	1.00333059	1.00097370
0.00076800	0.00000000	0.00000000	0.00000000	0.00000000	1.02748013	1.01149344	1.00086367	1.01098049
0.00081920	0.00000000	0.00000000	0.00000000	0.00000000	1.02105546	1.00982285	0.99895918	1.00911140
0.00092160	0.00000000	0.00000000	0.00000000	0.00000000	1.01195800	1.00613189	0.99915338	1.00208199
0.00102400	0.00000000	0.00000000	0.00000000	0.00000000	1.00700855	1.00323820	1.00067961	1.00567675
0.00112640	0.00000000	0.00000000	0.00000000	0.00000000	1.00331628	1.00090456	1.00085330	0.99910939
0.00122880	0.00000000	0.00000000	0.00000000	0.00000000	1.00029230	1.00079858	1.00238204	1.00169456
0.00133120	0.00000000	0.00000000	0.00000000	0.00000000	0.99880677	1.00142467	1.00113332	1.00565207
0.00143360	0.00000000	0.00000000	0.00000000	0.00000000	0.99861097	1.00013089	0.99821144	0.99936503
0.00153600	0.00000000	0.00000000	0.00000000	0.00000000	0.99840689	0.99971241	0.99722922	0.99745250
0.00163840	0.00000000	0.00000000	0.00000000	0.00000000	1.00109351	0.99760479	0.99719471	0.99273205
0.00184320	0.00000000	0.00000000	0.00000000	0.00000000	1.00316501	0.99563330	0.99717712	1.00039828
0.00204800	0.00000000	0.00000000	0.00000000	0.00000000	1.00116336	0.99580443	0.99773532	0.99813837
0.00225280	0.00000000	0.00000000	0.00000000	0.00000000	0.99969757	0.99697620	1.00028634	0.99553788
0.00245760	0.00000000	0.00000000	0.00000000	0.00000000	1.00032902	0.99801326	1.00362206	1.00045955
0.00266240	0.00000000	0.00000000	0.00000000	0.00000000	1.00164628	1.00003552	0.99696332	1.00388980
0.00286720	0.00000000	0.00000000	0.00000000	0.00000000	1.00283301	0.99995309	1.00014210	1.00528896
0.00307200	0.00000000	0.00000000	0.00000000	0.00000000	1.00344169	0.99970907	1.00188637	1.00798297
0.00327680	0.00000000	0.00000000	0.00000000	0.00000000	1.00016403	0.99798840	1.00269437	1.00086367
0.00368640	0.00000000	0.00000000	0.00000000	0.00000000	1.00114799	0.99905086	0.99934143	0.99832982
0.00409600	0.00000000	0.00000000	0.00000000	0.00000000	1.00198901	1.00100565	1.00187373	0.99720234
0.00450560	0.00000000	0.00000000	0.00000000	0.00000000	0.99966574	1.00029039	0.99759752	0.99904555
0.00491520	0.00000000	0.00000000	0.00000000	0.00000000	0.99729973	1.00292850	0.99695039	0.99865991
0.00532480	0.00000000	0.00000000	0.00000000	0.00000000	0.99786377	0.99987662	1.00038874	0.99996525
0.00573440	0.00000000	0.00000000	0.00000000	0.00000000	1.00150073	1.00065410	1.00185609	1.00118589
0.00614400	0.00000000	0.00000000	0.00000000	0.00000000	1.00035763	0.99723905	1.00316370	1.00184524
0.00655360	0.00000000	0.00000000	0.00000000	0.00000000	0.99867880	0.99795449	1.00266278	1.00186598
0.00737280	0.00000000	0.00000000	0.00000000	0.00000000	0.99959922	1.00275397	0.99636215	0.99737638
0.00819200	0.00000000	0.00000000	0.00000000	0.00000000	0.99908900	0.99569726	0.99816120	0.99967772
0.00901120	0.00000000	0.00000000	0.00000000	0.00000000	1.00099039	0.99986565	1.00172353	1.00106943
0.00983040	0.00000000	0.00000000	0.00000000	0.00000000	1.00064433	1.00000620	0.99658179	1.00079405
0.01064960	0.00000000	0.00000000	0.00000000	0.00000000	1.00084162	1.00043583	0.99733907	0.99862075
0.01146880	0.00000000	0.00000000	0.00000000	0.00000000	1.00138927	1.00113845	1.00112939	0.99826181
0.01228800	0.00000000	0.00000000	0.00000000	0.00000000	1.00179374	1.00203323	0.99925572	1.00129688
0.01310720	0.00000000	0.00000000	0.00000000	0.00000000	1.00421870	1.00073504	0.99884576	0.99734747
0.01474560	0.00000000	0.00000000	0.00000000	0.00000000	1.00385439	1.00084782	1.00129604	1.00137770
0.01638400	0.00000000	0.00000000	0.00000000	0.00000000	1.00820529	0.99670148	1.00110149	0.99866676
0.01802240	0.00000000	0.00000000	0.00000000	0.00000000	1.00188339	1.00273561	1.00145268	1.00222683
0.01966080	0.00000000	0.00000000	0.00000000	0.00000000	0.99933261	1.00233912	1.00092864	0.99703103
0.02129920	0.00000000	0.00000000	0.00000000	0.00000000	1.00074852	0.99990463	0.99870503	1.00155687
0.02293760	0.00000000	0.00000000	0.00000000	0.00000000	1.00011659	1.00198090	0.99878949	0.99911815
0.02457600	0.00000000	0.00000000	0.00000000	0.00000000	1.00237942	0.99962890	0.99660206	0.99838179
0.02621440	0.00000000	0.00000000	0.00000000	0.00000000	1.00068808	0.99825507	0.99758935	0.99922693
0.02949120	0.00000000	0.00000000	0.00000000	0.00000000	0.99891508	0.99686146	1.00050235	0.99976796
0.03276800	0.00000000	0.00000000	0.00000000	0.00000000	0.99837524	0.99951458	1.00224018	0.99995738
0.03604480	0.00000000	0.00000000	0.00000000	0.00000000	0.99898452	0.99995697	0.99968046	1.00024199
0.03932160	0.00000000	0.00000000	0.00000000	0.00000000	0.99945754	1.00059950	0.99750942	0.99958080
0.04259840	0.00000000	0.00000000	0.00000000	0.00000000	0.99987739	0.99796969	1.00102901	1.00028229
0.04587520	0.00000000	0.00000000	0.00000000	0.00000000	0.99837267	1.00120151	1.00152886	1.00336194
0.04915200	0.00000000	0.00000000	0.00000000	0.00000000	1.00259054	0.99770886	1.00120282	0.99923301
0.05242880	0.00000000	0.00000000	0.00000000	0.00000000	0.99848521	1.00163627	0.99900728	1.00061023
0.05898240	0.00000000	0.00000000	0.00000000	0.00000000	0.99908221	1.00044823	1.00019813	1.00061941
0.06553600	0.00000000	0.00000000	0.00000000	0.00000000	1.00173497	1.00025761	1.00046599	1.00012743
0.07208960	0.00000000	0.00000000	0.00000000	0.00000000	0.99877328	1.00254571	1.00025594	1.00054598
0.07864320	0.00000000	0.00000000	0.00000000	0.00000000	0.99867225	0.99999243	0.99962050	1.00077438
0.08519680	0.00000000	0.00000000	0.00000000	0.00000000	0.99900949	1.00234556	0.99890316	1.00170791
0.09175040	0.00000000	0.00000000	0.00000000	0.00000000	1.00031722	1.00156736	1.00014365	1.00003409
0.09830400	0.00000000	0.00000000	0.00000000	0.00000000	1.00095117	1.00002706	1.00182509	0.99937260
0.10485760	0.00000000	0.00000000	0.00000000	0.00000000	0.99920523	0.99832171	0.99994618	0.99837285
0.11796480	0.00000000	0.00000000	0.00000000	0.00000000	1.00156975	0.99932230	0.99976403	0.99906296
0.13107200	0.00000000	0.00000000	0.00000000	0.00000000	0.99901545	0.99877083	1.00055754	0.99994779
0.14417920	0.00000000	0.00000000	0.00000000	0.00000000	0.99827296	1.00137341	0.99861163	0.99979466
0.15728641	0.00000000	0.00000000	0.00000000	0.00000000	1.00088823	1.00107145	0.99935228	0.99983335
0.17039360	0.00000000	0.00000000	0.00000000	0.00000000	0.99981183	1.00021124	0.99909157	1.00066531
0.18350080	0.00000000	0.00000000	0.00000000	0.00000000	0.99999213	0.99908364	1.00053942	1.00045180
0.19660801	0.00000000	0.00000000	0.00000000	0.00000000	0.99823087	0.99987650	0.99948519	1.00016403
0.20971520	0.00000000	0.00000000	0.00000000	0.00000000	0.99988812	0.99920034	0.99896586	0.99844271
0.23592959	0.00000000	0.00000000	0.00000000	0.00000000	0.99953908	0.99976087	0.99999648	1.00000334
0.26214400	0.00000000	0.00000000	0.00000000	0.00000000	0.99851894	0.99932337	1.00009203	1.00016403
0.28835839	0.00000000	0.00000000	0.00000000	0.00000000	1.00214005	0.99965215	1.00002718	0.99910218
0.31457281	0.00000000	0.00000000	0.00000000	0.00000000	1.00136554	1.00003421	1.00027585	1.00015497
0.34078720	0.00000000	0.00000000	0.00000000	0.00000000	1.00169897	0.99862444	1.00075579	0.99983805
0.36700159	0.00000000	0.00000000	0.00000000	0.00000000	0.99900609	0.99965739	0.99984360	0.99916738
0.39321601	0.00000000	0.00000000	0.00000000	0.00000000	0.99940413	0.99951386	0.99981529	0.99919939
0.41943040	0.00000000	0.00000000	0.00000000	0.00000000	0.99887556	0.99951506	1.00019991	1.00084937
0.47185919	0.00000000	0.00000000	0.00000000	0.00000000	0.99896526	0.99975103	0.99943238	1.00002563
0.52428800	0.00000000	0.00000000	0.00000000	0.00000000	1.00060141	0.99978834	0.99990612	1.00029457
0.57671678	0.00000000	0.00000000	0.00000000	0.00000000	1.00028598	0.99993068	1.00027394	1.00050557
0.62914562	0.00000000	0.00000000	0.00000000	0.00000000	1.00050950	0.99996811	0.99980915	1.00024760
0.68157440	0.00000000	0.00000000	0.00000000	0.00000000	0.99933076	1.00026572	1.00024128	0.99973553
0.73400319	0.00000000	0.00000000	0.00000000	0.00000000	0.99955755	1.00035107	0.99933839	0.99973851
0.78643203	0.00000000	0.00000000	0.00000000	0.00000000	0.99931866	1.00058520	0.99980867	0.99979389
0.83886081	0.00000000	0.00000000	0.00000000	0.00000000	1.00043499	1.00004959	0.99991691	0.99986732
0.94371837	0.00000000	0.00000000	0.00000000	0.00000000	1.00040996	1.00021303	1.00025356	0.99969697
1.04857600	0.00000000	0.00000000	0.00000000	0.00000000	1.00000119	0.99964523	0.99991286	1.00031757
1.15343356	0.00000000	0.00000000	0.00000000	0.00000000	1.00057793	0.99962676	0.99973756	0.99983060
1.25829124	0.00000000	0.00000000	0.00000000	0.00000000	0.99999428	1.00031292	1.00038803	1.00019932
1.36314881	0.00000000	0.00000000	0.00000000	0.00000000	0.99955106	0.99999774	0.99977875	0.99972397
1.46800637	0.00000000	0.00000000	0.00000000	0.00000000	1.00053501	0.99995780	0.99986887	0.99961478
1.57286406	0.00000000	0.00000000	0.00000000	0.00000000	0.99993598	0.99979061	1.00036538	1.00021291
1.67772162	0.00000000	0.00000000	0.00000000	0.00000000	0.99997443	0.99957973	1.00037622	1.00047493
1.88743675	0.00000000	0.00000000	0.00000000	0.00000000	1.00003743	0.99990290	0.99946845	0.99973428
2.09715199	0.00000000	0.00000000	0.00000000	0.00000000	1.00009799	1.00060439	1.00017345	0.99981451
2.30686712	0.00000000	0.00000000	0.00000000	0.00000000	0.99974620	0.99951559	0.99982303	0.99998832
2.51658249	0.00000000	0.00000000	0.00000000	0.00000000	0.99939746	0.99967748	1.00004220	0.99947542
2.72629762	0.00000000	0.00000000	0.00000000	0.00000000	0.99999487	1.00036216	1.00044310	1.00023580
2.93601274	0.00000000	0.00000000	0.00000000	0.00000000	0.99971843	0.99998522	0.99996901	1.00049889
3.14572811	0.00000000	0.00000000	0.00000000	0.00000000	0.99991363	0.99987739	0.99994802	1.00013030
3.35544324	0.00000000	0.00000000	0.00000000	0.00000000	1.00098586	1.00041461	0.99971044	0.99999833
3.77487350	0.00000000	0.00000000	0.00000000	0.00000000	0.99968183	0.99989438	1.00004900	1.00001979
4.19430399	0.00000000	0.00000000	0.00000000	0.00000000	0.99949259	1.00019324	1.00001347	0.99928731
4.61373425	0.00000000	0.00000000	0.00000000	0.00000000	1.00047994	1.00003660	0.99994618	1.00068855
5.03316498	0.00000000	0.00000000	0.00000000	0.00000000	1.00000000	1.00000000	1.00000000	1.00000000
5.45259523	0.00000000	0.00000000	0.00000000	0.00000000	0.00000000	0.00000000	0.00000000	0.00000000
5.87202549	0.00000000	0.00000000	0.00000000	0.00000000	0.00000000	0.00000000	0.00000000	0.00000000
6.29145622	0.00000000	0.00000000	0.00000000	0.00000000	0.00000000	0.00000000	0.00000000	0.00000000
6.71088648	0.00000000	0.00000000	0.00000000	0.00000000	0.00000000	0.00000000	0.00000000	0.00000000
7.54974699	0.00000000	0.00000000	0.00000000	0.00000000	0.00000000	0.00000000	0.00000000	0.00000000
8.38860798	0.00000000	0.00000000	0.00000000	0.00000000	0.00000000	0.00000000	0.00000000	0.00000000
9.22746849	0.00000000	0.00000000	0.00000000	0.00000000	0.00000000	0.00000000	0.00000000	0.00000000
10.06632996	0.00000000	0.00000000	0.00000000	0.00000000	0.00000000	0.00000000	0.00000000	0.00000000
10.90519047	0.00000000	0.00000000	0.00000000	0.00000000	0.00000000	0.00000000	0.00000000	0.00000000
11.74405098	0.00000000	0.00000000	0.00000000	0.00000000	0.00000000	0.00000000	0.00000000	0.00000000
12.58291245	0.00000000	0.00000000	0.00000000	0.00000000	0.00000000	0.00000000	0.00000000	0.00000000
13.42177296	0.00000000	0.00000000	0.00000000	0.00000000	0.00000000	0.00000000	0.00000000	0.00000000
15.09949398	0.00000000	0.00000000	0.00000000	0.00000000	0.00000000	0.00000000	0.00000000	0.00000000
16.77721596	0.00000000	0.00000000	0.00000000	0.00000000	0.00000000	0.00000000	0.00000000	0.00000000
18.45493698	0.00000000	0.00000000	0.00000000	0.00000000	0.00000000	0.00000000	0.00000000	0.00000000
20.13265991	0.00000000	0.00000000	0.00000000	0.00000000	0.00000000	0.00000000	0.00000000	0.00000000
21.81038094	0.00000000	0.00000000	0.00000000	0.00000000	0.00000000	0.00000000	0.00000000	0.00000000
23.48810196	0.00000000	0.00000000	0.00000000	0.00000000	0.00000000	0.00000000	0.00000000	0.00000000
25.16582489	0.00000000	0.00000000	0.00000000	0.00000000	0.00000000	0.00000000	0.00000000	0.00000000
26.84354591	0.00000000	0.00000000	0.00000000	0.00000000	0.00000000	0.00000000	0.00000000	0.00000000
30.19898796	0.00000000	0.00000000	0.00000000	0.00000000	0.00000000	0.00000000	0.00000000	0.00000000
33.55443192	0.00000000	0.00000000	0.00000000	0.00000000	0.00000000	0.00000000	0.00000000	0.00000000
36.90987396	0.00000000	0.00000000	0.00000000	0.00000000	0.00000000	0.00000000	0.00000000	0.00000000
40.26531982	0.00000000	0.00000000	0.00000000	0.00000000	0.00000000	0.00000000	0.00000000	0.00000000
43.62076187	0.00000000	0.00000000	0.00000000	0.00000000	0.00000000	0.00000000	0.00000000	0.00000000
46.97620392	0.00000000	0.00000000	0.00000000	0.00000000	0.00000000	0.00000000	0.00000000	0.00000000
50.33164978	0.00000000	0.00000000	0.00000000	0.00000000	0.00000000	0.00000000	0.00000000	0.00000000
53.68709183	0.00000000	0.00000000	0.00000000	0.00000000	0.00000000	0.00000000	0.00000000	0.00000000
60.39797592	0.00000000	0.00000000	0.00000000	0.00000000	0.00000000	0.00000000	0.00000000	0.00000000
67.10886383	0.00000000	0.00000000	0.00000000	0.00000000	0.00000000	0.00000000	0.00000000	0.00000000
73.81974792	0.00000000	0.00000000	0.00000000	0.00000000	0.00000000	0.00000000	0.00000000	0.00000000
80.53063965	0.00000000	0.00000000	0.00000000	0.00000000	0.00000000	0.00000000	0.00000000	0.00000000
87.24152374	0.00000000	0.00000000	0.00000000	0.00000000	0.00000000	0.00000000	0.00000000	0.00000000
93.95240784	0.00000000	0.00000000	0.00000000	0.00000000	0.00000000	0.00000000	0.00000000	0.00000000
100.66329956	0.00000000	0.00000000	0.00000000	0.00000000	0.00000000	0.00000000	0.00000000	0.00000000
107.37418365	0.00000000	0.00000000	0.00000000	0.00000000	0.00000000	0.00000000	0.00000000	0.00000000
120.79595184	0.00000000	0.00000000	0.00000000	0.00000000	0.00000000	0.00000000	0.00000000	0.00000000
134.21772766	0.00000000	0.00000000	0.00000000	0.00000000	0.00000000	0.00000000	0.00000000	0.00000000
147.63949585	0.00000000	0.00000000	0.00000000	0.00000000	0.00000000	0.00000000	0.00000000	0.00000000
161.06127930	0.00000000	0.00000000	0.00000000	0.00000000	0.00000000	0.00000000	0.00000000	0.00000000
174.48304749	0.00000000	0.00000000	0.00000000	0.00000000	0.00000000	0.00000000	0.00000000	0.00000000
187.90481567	0.00000000	0.00000000	0.00000000	0.00000000	0.00000000	0.00000000	0.00000000	0.00000000
201.32659912	0.00000000	0.00000000	0.00000000	0.00000000	0.00000000	0.00000000	0.00000000	0.00000000
214.74836731	0.00000000	0.00000000	0.00000000	0.00000000	0.00000000	0.00000000	0.00000000	0.00000000
241.59190369	0.00000000	0.00000000	0.00000000	0.00000000	0.00000000	0.00000000	0.00000000	0.00000000
268.43545532	0.00000000	0.00000000	0.00000000	0.00000000	0.00000000	0.00000000	0.00000000	0.00000000
295.27899170	0.00000000	0.00000000	0.00000000	0.00000000	0.00000000	0.00000000	0.00000000	0.00000000
322.12255859	0.00000000	0.00000000	0.00000000	0.00000000	0.00000000	0.00000000	0.00000000	0.00000000
348.96609497	0.00000000	0.00000000	0.00000000	0.00000000	0.00000000	0.00000000	0.00000000	0.00000000
375.80963135	0.00000000	0.00000000	0.00000000	0.00000000	0.00000000	0.00000000	0.00000000	0.00000000
402.65319824	0.00000000	0.00000000	0.00000000	0.00000000	0.00000000	0.00000000	0.00000000	0.00000000
429.49673462	0.00000000	0.00000000	0.00000000	0.00000000	0.00000000	0.00000000	0.00000000	0.00000000
483.18380737	0.00000000	0.00000000	0.00000000	0.00000000	0.00000000	0.00000000	0.00000000	0.00000000
536.87091064	0.00000000	0.00000000	0.00000000	0.00000000	0.00000000	0.00000000	0.00000000	0.00000000
590.55798340	0.00000000	0.00000000	0.00000000	0.00000000	0.00000000	0.00000000	0.00000000	0.00000000
644.24511719	0.00000000	0.00000000	0.00000000	0.00000000	0.00000000	0.00000000	0.00000000	0.00000000
697.93218994	0.00000000	0.00000000	0.00000000	0.00000000	0.00000000	0.00000000	0.00000000	0.00000000
751.61926270	0.00000000	0.00000000	0.00000000	0.00000000	0.00000000	0.00000000	0.00000000	0.00000000
805.30639648	0.00000000	0.00000000	0.00000000	0.00000000	0.00000000	0.00000000	0.00000000	0.00000000
858.99346924	0.00000000	0.00000000	0.00000000	0.00000000	0.00000000	0.00000000	0.00000000	0.00000000
966.36761475	0.00000000	0.00000000	0.00000000	0.00000000	0.00000000	0.00000000	0.00000000	0.00000000
1073.74182129	0.00000000	0.00000000	0.00000000	0.00000000	0.00000000	0.00000000	0.00000000	0.00000000
1181.11596680	0.00000000	0.00000000	0.00000000	0.00000000	0.00000000	0.00000000	0.00000000	0.00000000
1288.49023437	0.00000000	0.00000000	0.00000000	0.00000000	0.00000000	0.00000000	0.00000000	0.00000000
1395.86437988	0.00000000	0.00000000	0.00000000	0.00000000	0.00000000	0.00000000	0.00000000	0.00000000
1503.23852539	0.00000000	0.00000000	0.00000000	0.00000000	0.00000000	0.00000000	0.00000000	0.00000000
1610.61279297	0.00000000	0.00000000	0.00000000	0.00000000	0.00000000	0.00000000	0.00000000	0.00000000
1717.98693848	0.00000000	0.00000000	0.00000000	0.00000000	0.00000000	0.00000000	0.00000000	0.00000000
1932.73522949	0.00000000	0.00000000	0.00000000	0.00000000	0.00000000	0.00000000	0.00000000	0.00000000
2147.48364258	0.00000000	0.00000000	0.00000000	0.00000000	0.00000000	0.00000000	0.00000000	0.00000000
2362.23193359	0.00000000	0.00000000	0.00000000	0.00000000	0.00000000	0.00000000	0.00000000	0.00000000
2576.98046875	0.00000000	0.00000000	0.00000000	0.00000000	0.00000000	0.00000000	0.00000000	0.00000000
2791.72875977	0.00000000	0.00000000	0.00000000	0.00000000	0.00000000	0.00000000	0.00000000	0.00000000
3006.47705078	0.00000000	0.00000000	0.00000000	0.00000000	0.00000000	0.00000000	0.00000000	0.00000000
3221.22558594	0.00000000	0.00000000	0.00000000	0.00000000	0.00000000	0.00000000	0.00000000	0.00000000
3435.97387695	0.00000000	0.00000000	0.00000000	0.00000000	0.00000000	0.00000000	0.00000000	0.00000000
0	0	0	0	0	0	0	0	0
