%3/28/2019 11:00:29 PM
%Duration	ID1		ID2		ID3		ID4		ID5		ID6		ID7		ID8
1000.000000	0.000000	0.000000	0.000000	0.000000	223.531723	237.178802	102.729797	28.667450
%Tau		Tau1		Tau2		Tau3		Tau4		Tau5		Tau6		Tau7		Tau8
%		0.000000	0.000000	0.000000	0.000000	0.000307	0.000230	0.000141	0.000090
%Delaytime	D1		D2		D3		D4		D5		D6		D7		D8
0.00000020	0.00000000	0.00000000	0.00000000	0.00000000	1.67360342	1.76390910	2.36788321	2.58878183
0.00000040	0.00000000	0.00000000	0.00000000	0.00000000	1.52426815	1.52758229	1.59651256	1.50074303
0.00000060	0.00000000	0.00000000	0.00000000	0.00000000	1.49578774	1.50177848	1.47039485	1.56327403
0.00000080	0.00000000	0.00000000	0.00000000	0.00000000	1.47142935	1.52420104	1.57011580	1.51324928
0.00000100	0.00000000	0.00000000	0.00000000	0.00000000	1.48810542	1.50800693	1.46061838	1.51324928
0.00000120	0.00000000	0.00000000	0.00000000	0.00000000	1.47517681	1.48914361	1.56327224	1.70084214
0.00000140	0.00000000	0.00000000	0.00000000	0.00000000	1.52539241	1.51387954	1.40978014	1.51324928
0.00000160	0.00000000	0.00000000	0.00000000	0.00000000	1.49560034	1.48718607	1.53198719	1.32565641
0.00000180	0.00000000	0.00000000	0.00000000	0.00000000	1.48417068	1.53203118	1.49874687	1.55076790
0.00000200	0.00000000	0.00000000	0.00000000	0.00000000	1.47180414	1.49928713	1.48017144	1.56327403
0.00000220	0.00000000	0.00000000	0.00000000	0.00000000	1.49166548	1.51779461	1.48505974	1.63831115
0.00000240	0.00000000	0.00000000	0.00000000	0.00000000	1.43863940	1.50782907	1.38338351	1.35066879
0.00000260	0.00000000	0.00000000	0.00000000	0.00000000	1.46243548	1.50871885	1.45475233	1.30064404
0.00000280	0.00000000	0.00000000	0.00000000	0.00000000	1.47986114	1.49359250	1.52905428	1.37568116
0.00000300	0.00000000	0.00000000	0.00000000	0.00000000	1.48061061	1.51957417	1.50656819	1.51324928
0.00000320	0.00000000	0.00000000	0.00000000	0.00000000	1.49353921	1.47633064	1.44204283	1.43821216
0.00000360	0.00000000	0.00000000	0.00000000	0.00000000	1.46046817	1.49830830	1.48994803	1.55702090
0.00000400	0.00000000	0.00000000	0.00000000	0.00000000	1.47339678	1.48344898	1.50559056	1.52575552
0.00000440	0.00000000	0.00000000	0.00000000	0.00000000	1.46665144	1.47641969	1.49434745	1.66957664
0.00000480	0.00000000	0.00000000	0.00000000	0.00000000	1.48857391	1.47891104	1.46501780	1.42570591
0.00000520	0.00000000	0.00000000	0.00000000	0.00000000	1.50187731	1.47864413	1.49092567	1.45697141
0.00000560	0.00000000	0.00000000	0.00000000	0.00000000	1.48688757	1.46520829	1.44595349	1.48823690
0.00000600	0.00000000	0.00000000	0.00000000	0.00000000	1.47761261	1.49439323	1.47479439	1.55702090
0.00000640	0.00000000	0.00000000	0.00000000	0.00000000	1.48351490	1.49350345	1.48359323	1.56327403
0.00000720	0.00000000	0.00000000	0.00000000	0.00000000	1.47953320	1.47980082	1.47235024	1.45697141
0.00000800	0.00000000	0.00000000	0.00000000	0.00000000	1.47166359	1.47624171	1.50730145	1.44759178
0.00000880	0.00000000	0.00000000	0.00000000	0.00000000	1.46735406	1.48215878	1.44839764	1.48198378
0.00000960	0.00000000	0.00000000	0.00000000	0.00000000	1.46674514	1.49105656	1.44350934	1.60391915
0.00001040	0.00000000	0.00000000	0.00000000	0.00000000	1.46323192	1.46903443	1.46257365	1.52575552
0.00001120	0.00000000	0.00000000	0.00000000	0.00000000	1.46051502	1.46351779	1.47332788	1.42257941
0.00001200	0.00000000	0.00000000	0.00000000	0.00000000	1.47817481	1.47383928	1.48041582	1.40382004
0.00001280	0.00000000	0.00000000	0.00000000	0.00000000	1.49180603	1.46729934	1.46795070	1.45697141
0.00001440	0.00000000	0.00000000	0.00000000	0.00000000	1.47269416	1.47161484	1.46465111	1.35379529
0.00001600	0.00000000	0.00000000	0.00000000	0.00000000	1.46597219	1.45993638	1.45133054	1.46947765
0.00001760	0.00000000	0.00000000	0.00000000	0.00000000	1.46592534	1.46696568	1.43336618	1.42257941
0.00001920	0.00000000	0.00000000	0.00000000	0.00000000	1.46386421	1.45419729	1.44790876	1.43508554
0.00002080	0.00000000	0.00000000	0.00000000	0.00000000	1.46452010	1.45622146	1.43776560	1.41007316
0.00002240	0.00000000	0.00000000	0.00000000	0.00000000	1.46552718	1.45090508	1.42407846	1.44290197
0.00002400	0.00000000	0.00000000	0.00000000	0.00000000	1.46466053	1.45989192	1.42847788	1.39444041
0.00002560	0.00000000	0.00000000	0.00000000	0.00000000	1.45379305	1.44458759	1.41540170	1.38975060
0.00002880	0.00000000	0.00000000	0.00000000	0.00000000	1.45542359	1.43820298	1.42450440	1.41413128
0.00003200	0.00000000	0.00000000	0.00000000	0.00000000	1.44873452	1.43852603	1.40920687	1.38695133
0.00003520	0.00000000	0.00000000	0.00000000	0.00000000	1.45866919	1.43036616	1.41130173	1.37996221
0.00003840	0.00000000	0.00000000	0.00000000	0.00000000	1.44783187	1.43131793	1.40200067	1.39782333
0.00004160	0.00000000	0.00000000	0.00000000	0.00000000	1.44486916	1.42441189	1.38491440	1.39316392
0.00004480	0.00000000	0.00000000	0.00000000	0.00000000	1.43247998	1.41855907	1.38577104	1.35744178
0.00004800	0.00000000	0.00000000	0.00000000	0.00000000	1.43661141	1.40205538	1.36833191	1.26735985
0.00005120	0.00000000	0.00000000	0.00000000	0.00000000	1.43235898	1.40224373	1.34587514	1.33729947
0.00005760	0.00000000	0.00000000	0.00000000	0.00000000	1.42972302	1.39361978	1.34731936	1.35939360
0.00006400	0.00000000	0.00000000	0.00000000	0.00000000	1.41885257	1.37955415	1.33623707	1.32411993
0.00007040	0.00000000	0.00000000	0.00000000	0.00000000	1.41327536	1.37202442	1.32620966	1.26636410
0.00007680	0.00000000	0.00000000	0.00000000	0.00000000	1.40021563	1.36029315	1.30642641	1.27721751
0.00008320	0.00000000	0.00000000	0.00000000	0.00000000	1.39370608	1.35396886	1.30568039	1.23457897
0.00008960	0.00000000	0.00000000	0.00000000	0.00000000	1.38708067	1.34045911	1.28606749	1.23147798
0.00009600	0.00000000	0.00000000	0.00000000	0.00000000	1.37620425	1.33561301	1.27107775	1.27295363
0.00010240	0.00000000	0.00000000	0.00000000	0.00000000	1.37452483	1.32728803	1.27391696	1.21984935
0.00011520	0.00000000	0.00000000	0.00000000	0.00000000	1.36150730	1.30809546	1.23922253	1.21583176
0.00012800	0.00000000	0.00000000	0.00000000	0.00000000	1.34920633	1.29364192	1.22185910	1.16894972
0.00014080	0.00000000	0.00000000	0.00000000	0.00000000	1.33509839	1.27449775	1.20834780	1.16371906
0.00015360	0.00000000	0.00000000	0.00000000	0.00000000	1.32110071	1.25964880	1.17767680	1.14779186
0.00016640	0.00000000	0.00000000	0.00000000	0.00000000	1.30981457	1.24943531	1.16979003	1.14798558
0.00017920	0.00000000	0.00000000	0.00000000	0.00000000	1.30188954	1.23250771	1.15988863	1.13136661
0.00019200	0.00000000	0.00000000	0.00000000	0.00000000	1.28652644	1.22339368	1.14927232	1.13989067
0.00020480	0.00000000	0.00000000	0.00000000	0.00000000	1.27466643	1.20773196	1.13519526	1.13640356
0.00023040	0.00000000	0.00000000	0.00000000	0.00000000	1.24897408	1.18473971	1.11348784	1.10275483
0.00025600	0.00000000	0.00000000	0.00000000	0.00000000	1.22936225	1.16563213	1.09711266	1.07895231
0.00028160	0.00000000	0.00000000	0.00000000	0.00000000	1.21168637	1.14380813	1.08130908	1.07243061
0.00030720	0.00000000	0.00000000	0.00000000	0.00000000	1.18974721	1.13038123	1.07179630	1.05294478
0.00033280	0.00000000	0.00000000	0.00000000	0.00000000	1.17643785	1.11366272	1.05981684	1.05755055
0.00035840	0.00000000	0.00000000	0.00000000	0.00000000	1.16186750	1.10091472	1.04855621	1.05104780
0.00038400	0.00000000	0.00000000	0.00000000	0.00000000	1.14887130	1.08653581	1.03777421	1.03514254
0.00040960	0.00000000	0.00000000	0.00000000	0.00000000	1.13613653	1.07624578	1.03448153	1.03533602
0.00046080	0.00000000	0.00000000	0.00000000	0.00000000	1.11229467	1.06007087	1.01480722	1.00910795
0.00051200	0.00000000	0.00000000	0.00000000	0.00000000	1.09395123	1.04680145	1.01375401	1.01321733
0.00056320	0.00000000	0.00000000	0.00000000	0.00000000	1.07690072	1.03836346	0.99985033	1.00448978
0.00061440	0.00000000	0.00000000	0.00000000	0.00000000	1.06075978	1.03093052	0.99918365	1.00050175
0.00066560	0.00000000	0.00000000	0.00000000	0.00000000	1.05062282	1.02055418	0.99338537	0.97600222
0.00071680	0.00000000	0.00000000	0.00000000	0.00000000	1.04318392	1.01554585	0.99584925	0.97828120
0.00076800	0.00000000	0.00000000	0.00000000	0.00000000	1.03586161	1.01159370	0.99494433	0.98843879
0.00081920	0.00000000	0.00000000	0.00000000	0.00000000	1.02924347	1.00815499	0.99353379	0.99139684
0.00092160	0.00000000	0.00000000	0.00000000	0.00000000	1.01601171	1.00801599	0.99959576	0.99947721
0.00102400	0.00000000	0.00000000	0.00000000	0.00000000	1.00860298	1.00445080	1.00141525	0.99382806
0.00112640	0.00000000	0.00000000	0.00000000	0.00000000	1.00513864	0.99890435	1.00232530	0.98577058
0.00122880	0.00000000	0.00000000	0.00000000	0.00000000	1.00386882	0.99774426	1.00560343	0.98551595
0.00133120	0.00000000	0.00000000	0.00000000	0.00000000	1.00563514	0.99527532	1.00418460	0.98142689
0.00143360	0.00000000	0.00000000	0.00000000	0.00000000	1.00360525	0.99398208	1.00155365	0.99394792
0.00153600	0.00000000	0.00000000	0.00000000	0.00000000	1.00240159	0.99655664	1.00075662	0.98590308
0.00163840	0.00000000	0.00000000	0.00000000	0.00000000	1.00461042	0.99600565	0.99872327	0.99270147
0.00184320	0.00000000	0.00000000	0.00000000	0.00000000	1.00783074	0.99808407	0.99762791	0.99913126
0.00204800	0.00000000	0.00000000	0.00000000	0.00000000	1.00776410	1.00359833	1.00068474	0.99442649
0.00225280	0.00000000	0.00000000	0.00000000	0.00000000	1.00847709	1.01080108	0.99934959	0.99244934
0.00245760	0.00000000	0.00000000	0.00000000	0.00000000	1.00517285	1.00385332	1.00001001	1.00090098
0.00266240	0.00000000	0.00000000	0.00000000	0.00000000	0.99967915	0.99680066	1.00268698	1.00961947
0.00286720	0.00000000	0.00000000	0.00000000	0.00000000	0.99896634	0.99643725	0.99748981	1.01237130
0.00307200	0.00000000	0.00000000	0.00000000	0.00000000	1.00069201	0.99901044	1.00265586	1.01686954
0.00327680	0.00000000	0.00000000	0.00000000	0.00000000	1.00628531	0.99894834	1.00280249	1.01047957
0.00368640	0.00000000	0.00000000	0.00000000	0.00000000	1.00558758	0.99626321	1.00863802	0.99362969
0.00409600	0.00000000	0.00000000	0.00000000	0.00000000	1.00293601	0.98865092	0.99593043	0.99449849
0.00450560	0.00000000	0.00000000	0.00000000	0.00000000	1.00085258	0.99222720	1.00257611	1.00364220
0.00491520	0.00000000	0.00000000	0.00000000	0.00000000	1.00121999	1.00376725	1.00105619	0.99468076
0.00532480	0.00000000	0.00000000	0.00000000	0.00000000	1.00725651	1.00054407	0.98909193	0.99210262
0.00573440	0.00000000	0.00000000	0.00000000	0.00000000	1.01424694	1.00260091	0.99468428	0.99890560
0.00614400	0.00000000	0.00000000	0.00000000	0.00000000	1.01370800	1.00047672	0.99811947	1.00744486
0.00655360	0.00000000	0.00000000	0.00000000	0.00000000	1.00511122	0.99471450	0.99283147	1.00025177
0.00737280	0.00000000	0.00000000	0.00000000	0.00000000	0.99985576	1.00102794	1.00527751	1.00357628
0.00819200	0.00000000	0.00000000	0.00000000	0.00000000	1.00195825	1.00589466	0.99837691	0.99609762
0.00901120	0.00000000	0.00000000	0.00000000	0.00000000	0.99166483	1.00189614	1.00524819	1.00276768
0.00983040	0.00000000	0.00000000	0.00000000	0.00000000	0.99769080	1.00385964	0.99203360	0.99725085
0.01064960	0.00000000	0.00000000	0.00000000	0.00000000	1.00111628	1.00515759	0.99777985	1.00366247
0.01146880	0.00000000	0.00000000	0.00000000	0.00000000	1.00346076	1.00181019	1.00506544	1.00190806
0.01228800	0.00000000	0.00000000	0.00000000	0.00000000	1.01005435	1.00080371	1.00445032	0.99985892
0.01310720	0.00000000	0.00000000	0.00000000	0.00000000	1.00419950	1.00225902	1.00180292	1.00084865
0.01474560	0.00000000	0.00000000	0.00000000	0.00000000	0.99692589	0.99615031	0.99913591	1.00146723
0.01638400	0.00000000	0.00000000	0.00000000	0.00000000	1.01179814	0.99283671	0.99915564	1.00118649
0.01802240	0.00000000	0.00000000	0.00000000	0.00000000	1.00539339	1.00232625	0.99767226	1.00062537
0.01966080	0.00000000	0.00000000	0.00000000	0.00000000	1.00350225	1.00436294	0.99779969	0.99811077
0.02129920	0.00000000	0.00000000	0.00000000	0.00000000	1.00327325	1.00260377	0.99785388	1.00007939
0.02293760	0.00000000	0.00000000	0.00000000	0.00000000	1.00585103	1.00226259	0.99882096	0.99271756
0.02457600	0.00000000	0.00000000	0.00000000	0.00000000	1.00478888	0.99527496	1.00012302	1.00353718
0.02621440	0.00000000	0.00000000	0.00000000	0.00000000	1.00593269	1.00032759	0.99913996	0.99761146
0.02949120	0.00000000	0.00000000	0.00000000	0.00000000	1.00081611	0.99810725	1.00012589	1.00256431
0.03276800	0.00000000	0.00000000	0.00000000	0.00000000	0.99857563	1.00446057	0.99659085	1.00163770
0.03604480	0.00000000	0.00000000	0.00000000	0.00000000	1.00215328	0.99373239	1.00011086	0.99778175
0.03932160	0.00000000	0.00000000	0.00000000	0.00000000	1.00100636	0.99719083	1.00409961	1.00220418
0.04259840	0.00000000	0.00000000	0.00000000	0.00000000	0.99716812	0.99634165	1.00226736	1.00000381
0.04587520	0.00000000	0.00000000	0.00000000	0.00000000	1.00022995	0.99677426	0.99646550	0.99871951
0.04915200	0.00000000	0.00000000	0.00000000	0.00000000	1.00401700	1.00390875	0.99882895	0.99932986
0.05242880	0.00000000	0.00000000	0.00000000	0.00000000	1.00043488	1.00056040	1.00200772	0.99734598
0.05898240	0.00000000	0.00000000	0.00000000	0.00000000	0.99595058	1.00033498	0.99904191	1.00193369
0.06553600	0.00000000	0.00000000	0.00000000	0.00000000	0.99857378	1.00037420	1.00057507	1.00034165
0.07208960	0.00000000	0.00000000	0.00000000	0.00000000	0.99976569	0.99900711	1.00221324	1.00221944
0.07864320	0.00000000	0.00000000	0.00000000	0.00000000	0.99974704	0.99962151	1.00114107	0.99938387
0.08519680	0.00000000	0.00000000	0.00000000	0.00000000	0.99613941	1.00100768	0.99855840	1.00233781
0.09175040	0.00000000	0.00000000	0.00000000	0.00000000	0.99968612	0.99834859	1.00004315	1.00101876
0.09830400	0.00000000	0.00000000	0.00000000	0.00000000	1.00097311	0.99896282	0.99484831	0.99924821
0.10485760	0.00000000	0.00000000	0.00000000	0.00000000	0.99804139	1.00265431	0.99985605	1.00014067
0.11796480	0.00000000	0.00000000	0.00000000	0.00000000	1.00206518	0.99835020	1.00139880	0.99948674
0.13107200	0.00000000	0.00000000	0.00000000	0.00000000	0.99940002	0.99926358	1.00105810	0.99841666
0.14417920	0.00000000	0.00000000	0.00000000	0.00000000	0.99944830	0.99800265	0.99904490	0.99747056
0.15728641	0.00000000	0.00000000	0.00000000	0.00000000	0.99960732	1.00077796	0.99771488	0.99923700
0.17039360	0.00000000	0.00000000	0.00000000	0.00000000	0.99668753	0.99691260	1.00192940	0.99889106
0.18350080	0.00000000	0.00000000	0.00000000	0.00000000	0.99632925	1.00086057	0.99797487	0.99873918
0.19660801	0.00000000	0.00000000	0.00000000	0.00000000	0.99667925	1.00021553	1.00086689	0.99964809
0.20971520	0.00000000	0.00000000	0.00000000	0.00000000	1.00016034	1.00169969	1.00017166	0.99860018
0.23592959	0.00000000	0.00000000	0.00000000	0.00000000	0.99996787	0.99892837	1.00037253	0.99832052
0.26214400	0.00000000	0.00000000	0.00000000	0.00000000	1.00106800	0.99895757	1.00146234	1.00043702
0.28835839	0.00000000	0.00000000	0.00000000	0.00000000	1.00188982	1.00089884	1.00034726	1.00109828
0.31457281	0.00000000	0.00000000	0.00000000	0.00000000	0.99874985	0.99766546	1.00007892	1.00051510
0.34078720	0.00000000	0.00000000	0.00000000	0.00000000	1.00085545	0.99993300	0.99940425	1.00005579
0.36700159	0.00000000	0.00000000	0.00000000	0.00000000	0.99922931	1.00062108	0.99881321	1.00046635
0.39321601	0.00000000	0.00000000	0.00000000	0.00000000	1.00184250	1.00284219	1.00043344	1.00063610
0.41943040	0.00000000	0.00000000	0.00000000	0.00000000	1.00384784	1.00015879	0.99943846	0.99951690
0.47185919	0.00000000	0.00000000	0.00000000	0.00000000	1.00178027	0.99933040	1.00007296	0.99968725
0.52428800	0.00000000	0.00000000	0.00000000	0.00000000	1.00022805	0.99834508	1.00057983	0.99937254
0.57671678	0.00000000	0.00000000	0.00000000	0.00000000	1.00001562	1.00148404	0.99999291	0.99978381
0.62914562	0.00000000	0.00000000	0.00000000	0.00000000	0.99759024	1.00103819	0.99965495	1.00091624
0.68157440	0.00000000	0.00000000	0.00000000	0.00000000	0.99814707	0.99869531	0.99963450	0.99978667
0.73400319	0.00000000	0.00000000	0.00000000	0.00000000	1.00047135	0.99917924	1.00009799	0.99973834
0.78643203	0.00000000	0.00000000	0.00000000	0.00000000	1.00406682	1.00077188	1.00062180	0.99952811
0.83886081	0.00000000	0.00000000	0.00000000	0.00000000	1.00020289	1.00048745	1.00058568	1.00115454
0.94371837	0.00000000	0.00000000	0.00000000	0.00000000	0.99944472	1.00094044	0.99954873	1.00068712
1.04857600	0.00000000	0.00000000	0.00000000	0.00000000	1.00013578	1.00017905	0.99985987	0.99964243
1.15343356	0.00000000	0.00000000	0.00000000	0.00000000	0.99848276	0.99978071	1.00023305	0.99943554
1.25829124	0.00000000	0.00000000	0.00000000	0.00000000	1.00323069	0.99895197	0.99998093	0.99852741
1.36314881	0.00000000	0.00000000	0.00000000	0.00000000	0.99963212	1.00041628	1.00008810	1.00005734
1.46800637	0.00000000	0.00000000	0.00000000	0.00000000	0.99640572	0.99943078	0.99861884	1.00136232
1.57286406	0.00000000	0.00000000	0.00000000	0.00000000	1.00490546	1.00120652	1.00171232	1.00049531
1.67772162	0.00000000	0.00000000	0.00000000	0.00000000	0.99776465	0.99734777	0.99915457	0.99997795
1.88743675	0.00000000	0.00000000	0.00000000	0.00000000	0.00000000	0.00000000	0.00000000	0.00000000
2.09715199	0.00000000	0.00000000	0.00000000	0.00000000	0.00000000	0.00000000	0.00000000	0.00000000
2.30686712	0.00000000	0.00000000	0.00000000	0.00000000	0.00000000	0.00000000	0.00000000	0.00000000
2.51658249	0.00000000	0.00000000	0.00000000	0.00000000	0.00000000	0.00000000	0.00000000	0.00000000
2.72629762	0.00000000	0.00000000	0.00000000	0.00000000	0.00000000	0.00000000	0.00000000	0.00000000
2.93601274	0.00000000	0.00000000	0.00000000	0.00000000	0.00000000	0.00000000	0.00000000	0.00000000
3.14572811	0.00000000	0.00000000	0.00000000	0.00000000	0.00000000	0.00000000	0.00000000	0.00000000
3.35544324	0.00000000	0.00000000	0.00000000	0.00000000	0.00000000	0.00000000	0.00000000	0.00000000
3.77487350	0.00000000	0.00000000	0.00000000	0.00000000	0.00000000	0.00000000	0.00000000	0.00000000
4.19430399	0.00000000	0.00000000	0.00000000	0.00000000	0.00000000	0.00000000	0.00000000	0.00000000
4.61373425	0.00000000	0.00000000	0.00000000	0.00000000	0.00000000	0.00000000	0.00000000	0.00000000
5.03316498	0.00000000	0.00000000	0.00000000	0.00000000	0.00000000	0.00000000	0.00000000	0.00000000
5.45259523	0.00000000	0.00000000	0.00000000	0.00000000	0.00000000	0.00000000	0.00000000	0.00000000
5.87202549	0.00000000	0.00000000	0.00000000	0.00000000	0.00000000	0.00000000	0.00000000	0.00000000
6.29145622	0.00000000	0.00000000	0.00000000	0.00000000	0.00000000	0.00000000	0.00000000	0.00000000
6.71088648	0.00000000	0.00000000	0.00000000	0.00000000	0.00000000	0.00000000	0.00000000	0.00000000
7.54974699	0.00000000	0.00000000	0.00000000	0.00000000	0.00000000	0.00000000	0.00000000	0.00000000
8.38860798	0.00000000	0.00000000	0.00000000	0.00000000	0.00000000	0.00000000	0.00000000	0.00000000
9.22746849	0.00000000	0.00000000	0.00000000	0.00000000	0.00000000	0.00000000	0.00000000	0.00000000
10.06632996	0.00000000	0.00000000	0.00000000	0.00000000	0.00000000	0.00000000	0.00000000	0.00000000
10.90519047	0.00000000	0.00000000	0.00000000	0.00000000	0.00000000	0.00000000	0.00000000	0.00000000
11.74405098	0.00000000	0.00000000	0.00000000	0.00000000	0.00000000	0.00000000	0.00000000	0.00000000
12.58291245	0.00000000	0.00000000	0.00000000	0.00000000	0.00000000	0.00000000	0.00000000	0.00000000
13.42177296	0.00000000	0.00000000	0.00000000	0.00000000	0.00000000	0.00000000	0.00000000	0.00000000
15.09949398	0.00000000	0.00000000	0.00000000	0.00000000	0.00000000	0.00000000	0.00000000	0.00000000
16.77721596	0.00000000	0.00000000	0.00000000	0.00000000	0.00000000	0.00000000	0.00000000	0.00000000
18.45493698	0.00000000	0.00000000	0.00000000	0.00000000	0.00000000	0.00000000	0.00000000	0.00000000
20.13265991	0.00000000	0.00000000	0.00000000	0.00000000	0.00000000	0.00000000	0.00000000	0.00000000
21.81038094	0.00000000	0.00000000	0.00000000	0.00000000	0.00000000	0.00000000	0.00000000	0.00000000
23.48810196	0.00000000	0.00000000	0.00000000	0.00000000	0.00000000	0.00000000	0.00000000	0.00000000
25.16582489	0.00000000	0.00000000	0.00000000	0.00000000	0.00000000	0.00000000	0.00000000	0.00000000
26.84354591	0.00000000	0.00000000	0.00000000	0.00000000	0.00000000	0.00000000	0.00000000	0.00000000
30.19898796	0.00000000	0.00000000	0.00000000	0.00000000	0.00000000	0.00000000	0.00000000	0.00000000
33.55443192	0.00000000	0.00000000	0.00000000	0.00000000	0.00000000	0.00000000	0.00000000	0.00000000
36.90987396	0.00000000	0.00000000	0.00000000	0.00000000	0.00000000	0.00000000	0.00000000	0.00000000
40.26531982	0.00000000	0.00000000	0.00000000	0.00000000	0.00000000	0.00000000	0.00000000	0.00000000
43.62076187	0.00000000	0.00000000	0.00000000	0.00000000	0.00000000	0.00000000	0.00000000	0.00000000
46.97620392	0.00000000	0.00000000	0.00000000	0.00000000	0.00000000	0.00000000	0.00000000	0.00000000
50.33164978	0.00000000	0.00000000	0.00000000	0.00000000	0.00000000	0.00000000	0.00000000	0.00000000
53.68709183	0.00000000	0.00000000	0.00000000	0.00000000	0.00000000	0.00000000	0.00000000	0.00000000
60.39797592	0.00000000	0.00000000	0.00000000	0.00000000	0.00000000	0.00000000	0.00000000	0.00000000
67.10886383	0.00000000	0.00000000	0.00000000	0.00000000	0.00000000	0.00000000	0.00000000	0.00000000
73.81974792	0.00000000	0.00000000	0.00000000	0.00000000	0.00000000	0.00000000	0.00000000	0.00000000
80.53063965	0.00000000	0.00000000	0.00000000	0.00000000	0.00000000	0.00000000	0.00000000	0.00000000
87.24152374	0.00000000	0.00000000	0.00000000	0.00000000	0.00000000	0.00000000	0.00000000	0.00000000
93.95240784	0.00000000	0.00000000	0.00000000	0.00000000	0.00000000	0.00000000	0.00000000	0.00000000
100.66329956	0.00000000	0.00000000	0.00000000	0.00000000	0.00000000	0.00000000	0.00000000	0.00000000
107.37418365	0.00000000	0.00000000	0.00000000	0.00000000	0.00000000	0.00000000	0.00000000	0.00000000
120.79595184	0.00000000	0.00000000	0.00000000	0.00000000	0.00000000	0.00000000	0.00000000	0.00000000
134.21772766	0.00000000	0.00000000	0.00000000	0.00000000	0.00000000	0.00000000	0.00000000	0.00000000
147.63949585	0.00000000	0.00000000	0.00000000	0.00000000	0.00000000	0.00000000	0.00000000	0.00000000
161.06127930	0.00000000	0.00000000	0.00000000	0.00000000	0.00000000	0.00000000	0.00000000	0.00000000
174.48304749	0.00000000	0.00000000	0.00000000	0.00000000	0.00000000	0.00000000	0.00000000	0.00000000
187.90481567	0.00000000	0.00000000	0.00000000	0.00000000	0.00000000	0.00000000	0.00000000	0.00000000
201.32659912	0.00000000	0.00000000	0.00000000	0.00000000	0.00000000	0.00000000	0.00000000	0.00000000
214.74836731	0.00000000	0.00000000	0.00000000	0.00000000	0.00000000	0.00000000	0.00000000	0.00000000
241.59190369	0.00000000	0.00000000	0.00000000	0.00000000	0.00000000	0.00000000	0.00000000	0.00000000
268.43545532	0.00000000	0.00000000	0.00000000	0.00000000	0.00000000	0.00000000	0.00000000	0.00000000
295.27899170	0.00000000	0.00000000	0.00000000	0.00000000	0.00000000	0.00000000	0.00000000	0.00000000
322.12255859	0.00000000	0.00000000	0.00000000	0.00000000	0.00000000	0.00000000	0.00000000	0.00000000
348.96609497	0.00000000	0.00000000	0.00000000	0.00000000	0.00000000	0.00000000	0.00000000	0.00000000
375.80963135	0.00000000	0.00000000	0.00000000	0.00000000	0.00000000	0.00000000	0.00000000	0.00000000
402.65319824	0.00000000	0.00000000	0.00000000	0.00000000	0.00000000	0.00000000	0.00000000	0.00000000
429.49673462	0.00000000	0.00000000	0.00000000	0.00000000	0.00000000	0.00000000	0.00000000	0.00000000
483.18380737	0.00000000	0.00000000	0.00000000	0.00000000	0.00000000	0.00000000	0.00000000	0.00000000
536.87091064	0.00000000	0.00000000	0.00000000	0.00000000	0.00000000	0.00000000	0.00000000	0.00000000
590.55798340	0.00000000	0.00000000	0.00000000	0.00000000	0.00000000	0.00000000	0.00000000	0.00000000
644.24511719	0.00000000	0.00000000	0.00000000	0.00000000	0.00000000	0.00000000	0.00000000	0.00000000
697.93218994	0.00000000	0.00000000	0.00000000	0.00000000	0.00000000	0.00000000	0.00000000	0.00000000
751.61926270	0.00000000	0.00000000	0.00000000	0.00000000	0.00000000	0.00000000	0.00000000	0.00000000
805.30639648	0.00000000	0.00000000	0.00000000	0.00000000	0.00000000	0.00000000	0.00000000	0.00000000
858.99346924	0.00000000	0.00000000	0.00000000	0.00000000	0.00000000	0.00000000	0.00000000	0.00000000
966.36761475	0.00000000	0.00000000	0.00000000	0.00000000	0.00000000	0.00000000	0.00000000	0.00000000
1073.74182129	0.00000000	0.00000000	0.00000000	0.00000000	0.00000000	0.00000000	0.00000000	0.00000000
1181.11596680	0.00000000	0.00000000	0.00000000	0.00000000	0.00000000	0.00000000	0.00000000	0.00000000
1288.49023437	0.00000000	0.00000000	0.00000000	0.00000000	0.00000000	0.00000000	0.00000000	0.00000000
1395.86437988	0.00000000	0.00000000	0.00000000	0.00000000	0.00000000	0.00000000	0.00000000	0.00000000
1503.23852539	0.00000000	0.00000000	0.00000000	0.00000000	0.00000000	0.00000000	0.00000000	0.00000000
1610.61279297	0.00000000	0.00000000	0.00000000	0.00000000	0.00000000	0.00000000	0.00000000	0.00000000
1717.98693848	0.00000000	0.00000000	0.00000000	0.00000000	0.00000000	0.00000000	0.00000000	0.00000000
1932.73522949	0.00000000	0.00000000	0.00000000	0.00000000	0.00000000	0.00000000	0.00000000	0.00000000
2147.48364258	0.00000000	0.00000000	0.00000000	0.00000000	0.00000000	0.00000000	0.00000000	0.00000000
2362.23193359	0.00000000	0.00000000	0.00000000	0.00000000	0.00000000	0.00000000	0.00000000	0.00000000
2576.98046875	0.00000000	0.00000000	0.00000000	0.00000000	0.00000000	0.00000000	0.00000000	0.00000000
2791.72875977	0.00000000	0.00000000	0.00000000	0.00000000	0.00000000	0.00000000	0.00000000	0.00000000
3006.47705078	0.00000000	0.00000000	0.00000000	0.00000000	0.00000000	0.00000000	0.00000000	0.00000000
3221.22558594	0.00000000	0.00000000	0.00000000	0.00000000	0.00000000	0.00000000	0.00000000	0.00000000
3435.97387695	0.00000000	0.00000000	0.00000000	0.00000000	0.00000000	0.00000000	0.00000000	0.00000000
0	0	0	0	0	0	0	0	0
