%3/28/2019 11:00:03 PM
%Duration	ID1		ID2		ID3		ID4		ID5		ID6		ID7		ID8
1000.000000	0.000000	0.000000	0.000000	0.000000	243.434906	248.384476	104.923248	31.118393
%Tau		Tau1		Tau2		Tau3		Tau4		Tau5		Tau6		Tau7		Tau8
%		0.000000	0.000000	0.000000	0.000000	0.000282	0.000230	0.000154	0.000083
%Delaytime	D1		D2		D3		D4		D5		D6		D7		D8
0.00000020	0.00000000	0.00000000	0.00000000	0.00000000	1.64115036	1.73825896	2.39410806	2.20915842
0.00000040	0.00000000	0.00000000	0.00000000	0.00000000	1.55905604	1.48872530	1.58076203	1.54403543
0.00000060	0.00000000	0.00000000	0.00000000	0.00000000	1.52647603	1.46400154	1.50612557	1.42526340
0.00000080	0.00000000	0.00000000	0.00000000	0.00000000	1.46610177	1.45340562	1.47933304	1.57966697
0.00000100	0.00000000	0.00000000	0.00000000	0.00000000	1.48082721	1.45729077	1.49655676	1.54403543
0.00000120	0.00000000	0.00000000	0.00000000	0.00000000	1.47328043	1.49508286	1.50612557	1.81721091
0.00000140	0.00000000	0.00000000	0.00000000	0.00000000	1.47843432	1.46929944	1.47550547	1.41338623
0.00000160	0.00000000	0.00000000	0.00000000	0.00000000	1.50309944	1.48625290	1.48028994	1.62717581
0.00000180	0.00000000	0.00000000	0.00000000	0.00000000	1.47604144	1.47106540	1.52334940	1.48464942
0.00000200	0.00000000	0.00000000	0.00000000	0.00000000	1.49776137	1.46594405	1.43914413	1.40150905
0.00000220	0.00000000	0.00000000	0.00000000	0.00000000	1.48027492	1.47424424	1.53483188	1.40150905
0.00000240	0.00000000	0.00000000	0.00000000	0.00000000	1.46002746	1.43574572	1.49655676	1.44901788
0.00000260	0.00000000	0.00000000	0.00000000	0.00000000	1.49168718	1.47901237	1.48794496	1.42526340
0.00000280	0.00000000	0.00000000	0.00000000	0.00000000	1.45579398	1.47247827	1.47072113	1.49652660
0.00000300	0.00000000	0.00000000	0.00000000	0.00000000	1.48266780	1.48077834	1.47837615	1.49652660
0.00000320	0.00000000	0.00000000	0.00000000	0.00000000	1.44548607	1.48731256	1.43914413	1.49652660
0.00000360	0.00000000	0.00000000	0.00000000	0.00000000	1.47659361	1.47945392	1.48316050	1.37181604
0.00000400	0.00000000	0.00000000	0.00000000	0.00000000	1.48137939	1.45817375	1.46832895	1.37181604
0.00000440	0.00000000	0.00000000	0.00000000	0.00000000	1.49168718	1.48113155	1.48124671	1.51434243
0.00000480	0.00000000	0.00000000	0.00000000	0.00000000	1.46683800	1.47963047	1.46019542	1.50840378
0.00000520	0.00000000	0.00000000	0.00000000	0.00000000	1.48119533	1.44475222	1.48746645	1.47277224
0.00000560	0.00000000	0.00000000	0.00000000	0.00000000	1.47512102	1.44642997	1.47646236	1.54403543
0.00000600	0.00000000	0.00000000	0.00000000	0.00000000	1.47539711	1.44148517	1.43148911	1.49058795
0.00000640	0.00000000	0.00000000	0.00000000	0.00000000	1.45763457	1.48854864	1.42000663	1.57372832
0.00000720	0.00000000	0.00000000	0.00000000	0.00000000	1.46794236	1.44969702	1.43842649	1.39557040
0.00000800	0.00000000	0.00000000	0.00000000	0.00000000	1.47369456	1.45442104	1.48722720	1.44604850
0.00000880	0.00000000	0.00000000	0.00000000	0.00000000	1.47420073	1.44678319	1.47143877	1.49949586
0.00000960	0.00000000	0.00000000	0.00000000	0.00000000	1.46177614	1.45742321	1.49894905	1.37478530
0.00001040	0.00000000	0.00000000	0.00000000	0.00000000	1.45570183	1.44876993	1.46426213	1.51434243
0.00001120	0.00000000	0.00000000	0.00000000	0.00000000	1.46674597	1.45561302	1.44632077	1.40744770
0.00001200	0.00000000	0.00000000	0.00000000	0.00000000	1.46803439	1.44069052	1.44871294	1.40150905
0.00001280	0.00000000	0.00000000	0.00000000	0.00000000	1.46619380	1.44285381	1.46186996	1.34509242
0.00001440	0.00000000	0.00000000	0.00000000	0.00000000	1.46718311	1.44929969	1.45325804	1.41635549
0.00001600	0.00000000	0.00000000	0.00000000	0.00000000	1.47017419	1.42530441	1.43519700	1.45792568
0.00001760	0.00000000	0.00000000	0.00000000	0.00000000	1.46051061	1.43148530	1.43615389	1.42526340
0.00001920	0.00000000	0.00000000	0.00000000	0.00000000	1.45208955	1.43124247	1.43208718	1.43714058
0.00002080	0.00000000	0.00000000	0.00000000	0.00000000	1.45839393	1.42470837	1.41976738	1.49355733
0.00002240	0.00000000	0.00000000	0.00000000	0.00000000	1.46596372	1.42437720	1.41354764	1.41635549
0.00002400	0.00000000	0.00000000	0.00000000	0.00000000	1.44942057	1.42755604	1.42514980	1.38814723
0.00002560	0.00000000	0.00000000	0.00000000	0.00000000	1.45827889	1.42486286	1.39381206	1.33915377
0.00002880	0.00000000	0.00000000	0.00000000	0.00000000	1.45328093	1.42342114	1.39369941	1.44332218
0.00003200	0.00000000	0.00000000	0.00000000	0.00000000	1.44625330	1.41991031	1.42470121	1.32757497
0.00003520	0.00000000	0.00000000	0.00000000	0.00000000	1.44309080	1.41028130	1.38962793	1.30964482
0.00003840	0.00000000	0.00000000	0.00000000	0.00000000	1.43864322	1.40879583	1.38938761	1.38808906
0.00004160	0.00000000	0.00000000	0.00000000	0.00000000	1.43074751	1.39889610	1.37744522	1.40004241
0.00004480	0.00000000	0.00000000	0.00000000	0.00000000	1.43171382	1.39227629	1.37112284	1.33803415
0.00004800	0.00000000	0.00000000	0.00000000	0.00000000	1.43031669	1.39000225	1.37665033	1.32981622
0.00005120	0.00000000	0.00000000	0.00000000	0.00000000	1.42214489	1.38283920	1.35140240	1.34625220
0.00005760	0.00000000	0.00000000	0.00000000	0.00000000	1.42268133	1.37090647	1.35215890	1.32613194
0.00006400	0.00000000	0.00000000	0.00000000	0.00000000	1.40561259	1.36047149	1.33977389	1.28652358
0.00007040	0.00000000	0.00000000	0.00000000	0.00000000	1.40327394	1.34790897	1.33079910	1.30184388
0.00007680	0.00000000	0.00000000	0.00000000	0.00000000	1.39680493	1.34589672	1.31984997	1.27157712
0.00008320	0.00000000	0.00000000	0.00000000	0.00000000	1.38837540	1.33193767	1.30719566	1.30333853
0.00008960	0.00000000	0.00000000	0.00000000	0.00000000	1.38318431	1.32970560	1.29721689	1.23454046
0.00009600	0.00000000	0.00000000	0.00000000	0.00000000	1.37428260	1.31481719	1.28818226	1.19941735
0.00010240	0.00000000	0.00000000	0.00000000	0.00000000	1.36891091	1.31036949	1.27753222	1.22333097
0.00011520	0.00000000	0.00000000	0.00000000	0.00000000	1.35707688	1.28974438	1.25688553	1.17717814
0.00012800	0.00000000	0.00000000	0.00000000	0.00000000	1.34452295	1.27770650	1.23341560	1.18632662
0.00014080	0.00000000	0.00000000	0.00000000	0.00000000	1.33014774	1.25913393	1.21826792	1.16466880
0.00015360	0.00000000	0.00000000	0.00000000	0.00000000	1.31753302	1.24740887	1.21099341	1.12602079
0.00016640	0.00000000	0.00000000	0.00000000	0.00000000	1.30267560	1.23572254	1.19018769	1.14521074
0.00017920	0.00000000	0.00000000	0.00000000	0.00000000	1.29171395	1.22229600	1.19087327	1.10058963
0.00019200	0.00000000	0.00000000	0.00000000	0.00000000	1.27868104	1.20876789	1.15853357	1.09144139
0.00020480	0.00000000	0.00000000	0.00000000	0.00000000	1.26501393	1.19869697	1.16015851	1.07930601
0.00023040	0.00000000	0.00000000	0.00000000	0.00000000	1.24425411	1.17923272	1.13287330	1.06889021
0.00025600	0.00000000	0.00000000	0.00000000	0.00000000	1.22577548	1.15840018	1.11064494	1.03589582
0.00028160	0.00000000	0.00000000	0.00000000	0.00000000	1.20485139	1.13820207	1.09805822	1.03459239
0.00030720	0.00000000	0.00000000	0.00000000	0.00000000	1.18582070	1.12116337	1.08319342	1.03353167
0.00033280	0.00000000	0.00000000	0.00000000	0.00000000	1.17048800	1.10481679	1.07875586	1.00923407
0.00035840	0.00000000	0.00000000	0.00000000	0.00000000	1.15233099	1.09682393	1.05897820	1.01506293
0.00038400	0.00000000	0.00000000	0.00000000	0.00000000	1.13939190	1.08258319	1.05132723	1.02139306
0.00040960	0.00000000	0.00000000	0.00000000	0.00000000	1.12384021	1.07180440	1.04596996	0.99631625
0.00046080	0.00000000	0.00000000	0.00000000	0.00000000	1.10194755	1.05737340	1.04222596	1.00194979
0.00051200	0.00000000	0.00000000	0.00000000	0.00000000	1.08016181	1.04771411	1.02874506	0.99424922
0.00056320	0.00000000	0.00000000	0.00000000	0.00000000	1.06384122	1.03621113	1.02671266	1.00051451
0.00061440	0.00000000	0.00000000	0.00000000	0.00000000	1.05119503	1.02835727	1.01889372	1.00459731
0.00066560	0.00000000	0.00000000	0.00000000	0.00000000	1.04112744	1.02505481	1.01845086	1.02343380
0.00071680	0.00000000	0.00000000	0.00000000	0.00000000	1.03582084	1.01731503	1.01223159	1.01196373
0.00076800	0.00000000	0.00000000	0.00000000	0.00000000	1.02390504	1.01153386	1.01234174	1.00303388
0.00081920	0.00000000	0.00000000	0.00000000	0.00000000	1.02035749	1.00664246	1.01006770	1.00808084
0.00092160	0.00000000	0.00000000	0.00000000	0.00000000	1.01217449	1.00427032	1.00665689	0.99856085
0.00102400	0.00000000	0.00000000	0.00000000	0.00000000	1.00629175	1.00188398	1.00423479	1.00219560
0.00112640	0.00000000	0.00000000	0.00000000	0.00000000	1.00505722	0.99886882	0.99809670	1.01025522
0.00122880	0.00000000	0.00000000	0.00000000	0.00000000	1.00595593	0.99441147	0.99689049	0.99968213
0.00133120	0.00000000	0.00000000	0.00000000	0.00000000	1.00510955	0.99487901	0.99864155	0.99655563
0.00143360	0.00000000	0.00000000	0.00000000	0.00000000	1.00548184	0.99208993	0.99644470	1.00094652
0.00153600	0.00000000	0.00000000	0.00000000	0.00000000	1.00712001	0.99238968	0.99472576	1.00713062
0.00163840	0.00000000	0.00000000	0.00000000	0.00000000	1.00754094	0.99253833	0.99631053	1.01445997
0.00184320	0.00000000	0.00000000	0.00000000	0.00000000	1.00433302	0.99664623	0.99658579	1.02341413
0.00204800	0.00000000	0.00000000	0.00000000	0.00000000	1.00376475	1.00120556	0.99401081	1.00710487
0.00225280	0.00000000	0.00000000	0.00000000	0.00000000	1.00415361	1.00269723	0.99916869	0.99916124
0.00245760	0.00000000	0.00000000	0.00000000	0.00000000	1.00526822	0.99770421	1.00611043	1.00612915
0.00266240	0.00000000	0.00000000	0.00000000	0.00000000	1.00506890	0.99782825	0.99872875	1.00630212
0.00286720	0.00000000	0.00000000	0.00000000	0.00000000	1.00661063	0.99535668	0.99550003	1.00084019
0.00307200	0.00000000	0.00000000	0.00000000	0.00000000	1.00603759	0.99227995	0.99436945	1.00632071
0.00327680	0.00000000	0.00000000	0.00000000	0.00000000	1.00725532	0.99081671	0.98724097	1.00145233
0.00368640	0.00000000	0.00000000	0.00000000	0.00000000	1.01162136	0.99172544	0.98990011	1.00243771
0.00409600	0.00000000	0.00000000	0.00000000	0.00000000	1.01500058	0.99704438	0.99937052	0.99852031
0.00450560	0.00000000	0.00000000	0.00000000	0.00000000	1.01773858	1.00326800	0.99868798	1.00166714
0.00491520	0.00000000	0.00000000	0.00000000	0.00000000	1.00779784	1.00308454	0.99974161	0.99560225
0.00532480	0.00000000	0.00000000	0.00000000	0.00000000	1.00931430	0.99711025	0.99732530	0.99603897
0.00573440	0.00000000	0.00000000	0.00000000	0.00000000	1.00522935	0.99798608	0.99488527	1.00410283
0.00614400	0.00000000	0.00000000	0.00000000	0.00000000	1.00501823	0.99776471	0.99243432	0.99462217
0.00655360	0.00000000	0.00000000	0.00000000	0.00000000	1.01086724	1.00285649	0.99444979	0.99930346
0.00737280	0.00000000	0.00000000	0.00000000	0.00000000	1.00007856	0.99847269	0.99632782	0.99564022
0.00819200	0.00000000	0.00000000	0.00000000	0.00000000	0.99397928	0.99831063	1.00159383	1.00058603
0.00901120	0.00000000	0.00000000	0.00000000	0.00000000	0.99698716	1.00117731	0.99731928	0.98850507
0.00983040	0.00000000	0.00000000	0.00000000	0.00000000	1.00623369	1.00382340	1.00401723	1.00506282
0.01064960	0.00000000	0.00000000	0.00000000	0.00000000	1.00437057	0.99455380	0.99821991	1.00454426
0.01146880	0.00000000	0.00000000	0.00000000	0.00000000	1.00008178	0.99216652	1.00270307	0.99846119
0.01228800	0.00000000	0.00000000	0.00000000	0.00000000	0.98990011	1.00037062	1.00299597	0.99901271
0.01310720	0.00000000	0.00000000	0.00000000	0.00000000	0.98847687	0.99332482	0.99843168	0.99145520
0.01474560	0.00000000	0.00000000	0.00000000	0.00000000	0.99535900	1.00073779	0.99745685	0.99627215
0.01638400	0.00000000	0.00000000	0.00000000	0.00000000	0.99605232	1.00083601	1.00331664	0.99761885
0.01802240	0.00000000	0.00000000	0.00000000	0.00000000	0.99713147	1.00143790	0.99773496	0.99404681
0.01966080	0.00000000	0.00000000	0.00000000	0.00000000	0.99456722	0.99988407	1.00313425	1.00084591
0.02129920	0.00000000	0.00000000	0.00000000	0.00000000	1.00433767	0.99677551	0.99696904	1.00063038
0.02293760	0.00000000	0.00000000	0.00000000	0.00000000	1.00290453	1.00040185	0.99493408	0.99771470
0.02457600	0.00000000	0.00000000	0.00000000	0.00000000	1.00303471	1.00382602	0.99784040	1.00475240
0.02621440	0.00000000	0.00000000	0.00000000	0.00000000	1.00008714	1.00003123	1.00394607	0.99965096
0.02949120	0.00000000	0.00000000	0.00000000	0.00000000	0.99539125	0.99642205	0.99754393	0.99722451
0.03276800	0.00000000	0.00000000	0.00000000	0.00000000	1.00040126	0.99555445	0.99947715	0.99761850
0.03604480	0.00000000	0.00000000	0.00000000	0.00000000	0.99810088	0.99823070	1.00098860	1.00015831
0.03932160	0.00000000	0.00000000	0.00000000	0.00000000	0.99898756	1.00134635	1.00140488	0.99932641
0.04259840	0.00000000	0.00000000	0.00000000	0.00000000	1.00364268	1.00002778	0.99556661	1.00386035
0.04587520	0.00000000	0.00000000	0.00000000	0.00000000	1.00279582	0.99619430	0.99802464	1.00224841
0.04915200	0.00000000	0.00000000	0.00000000	0.00000000	0.99452209	0.99528736	0.99664330	0.99958485
0.05242880	0.00000000	0.00000000	0.00000000	0.00000000	0.99777740	0.99732798	0.99958080	1.00304759
0.05898240	0.00000000	0.00000000	0.00000000	0.00000000	1.00305521	0.99870670	0.99999112	0.99570429
0.06553600	0.00000000	0.00000000	0.00000000	0.00000000	1.00226939	1.00131750	1.00078547	1.00149333
0.07208960	0.00000000	0.00000000	0.00000000	0.00000000	0.99988228	1.00046432	0.99776876	1.00007999
0.07864320	0.00000000	0.00000000	0.00000000	0.00000000	1.00213385	0.99853730	0.99890804	0.99939305
0.08519680	0.00000000	0.00000000	0.00000000	0.00000000	1.00662291	1.00255024	1.00069094	0.99803859
0.09175040	0.00000000	0.00000000	0.00000000	0.00000000	1.00551367	1.00014353	1.00128353	1.00504184
0.09830400	0.00000000	0.00000000	0.00000000	0.00000000	0.99930245	0.99938148	1.00190699	0.99828351
0.10485760	0.00000000	0.00000000	0.00000000	0.00000000	1.00459731	0.99934465	0.99862510	1.00108409
0.11796480	0.00000000	0.00000000	0.00000000	0.00000000	0.99688351	0.99816084	0.99964648	0.99992728
0.13107200	0.00000000	0.00000000	0.00000000	0.00000000	1.00110924	1.00105703	1.00011098	1.00045133
0.14417920	0.00000000	0.00000000	0.00000000	0.00000000	0.99891371	0.99882424	1.00028300	1.00052619
0.15728641	0.00000000	0.00000000	0.00000000	0.00000000	1.00105035	1.00276709	0.99992579	0.99965125
0.17039360	0.00000000	0.00000000	0.00000000	0.00000000	0.99810749	0.99955630	0.99930525	0.99720055
0.18350080	0.00000000	0.00000000	0.00000000	0.00000000	1.00257659	0.99641830	1.00141323	0.99940741
0.19660801	0.00000000	0.00000000	0.00000000	0.00000000	0.99917430	1.00217962	0.99919337	1.00243652
0.20971520	0.00000000	0.00000000	0.00000000	0.00000000	0.99743247	0.99909234	1.00078380	1.00007069
0.23592959	0.00000000	0.00000000	0.00000000	0.00000000	0.99867845	0.99948597	0.99875343	0.99904227
0.26214400	0.00000000	0.00000000	0.00000000	0.00000000	0.99915320	0.99890196	1.00103521	1.00090837
0.28835839	0.00000000	0.00000000	0.00000000	0.00000000	0.99874938	1.00082242	0.99944794	0.99947387
0.31457281	0.00000000	0.00000000	0.00000000	0.00000000	0.99800235	1.00019360	0.99815577	1.00083160
0.34078720	0.00000000	0.00000000	0.00000000	0.00000000	0.99854958	0.99870193	1.00029159	1.00035107
0.36700159	0.00000000	0.00000000	0.00000000	0.00000000	0.99972868	1.00199521	1.00021684	0.99857557
0.39321601	0.00000000	0.00000000	0.00000000	0.00000000	0.99586296	0.99872804	1.00005782	1.00027883
0.41943040	0.00000000	0.00000000	0.00000000	0.00000000	0.99845469	0.99937332	0.99899250	1.00067306
0.47185919	0.00000000	0.00000000	0.00000000	0.00000000	0.99833089	0.99966252	1.00050664	0.99950278
0.52428800	0.00000000	0.00000000	0.00000000	0.00000000	1.00113702	1.00018716	0.99920726	1.00078058
0.57671678	0.00000000	0.00000000	0.00000000	0.00000000	1.00009942	1.00053692	1.00028145	0.99991649
0.62914562	0.00000000	0.00000000	0.00000000	0.00000000	1.00064158	0.99911654	1.00049472	0.99962318
0.68157440	0.00000000	0.00000000	0.00000000	0.00000000	1.00205004	1.00077546	0.99951082	0.99915278
0.73400319	0.00000000	0.00000000	0.00000000	0.00000000	0.99855548	1.00014603	0.99987334	1.00085247
0.78643203	0.00000000	0.00000000	0.00000000	0.00000000	0.99994010	0.99942541	0.99968868	0.99918878
0.83886081	0.00000000	0.00000000	0.00000000	0.00000000	1.00082850	0.99970657	1.00042224	1.00103152
0.94371837	0.00000000	0.00000000	0.00000000	0.00000000	0.99901968	1.00006223	1.00001633	0.99948710
1.04857600	0.00000000	0.00000000	0.00000000	0.00000000	1.00049722	1.00014961	1.00034273	0.99994320
1.15343356	0.00000000	0.00000000	0.00000000	0.00000000	1.00001085	0.99970180	0.99984157	1.00032842
1.25829124	0.00000000	0.00000000	0.00000000	0.00000000	1.00030637	1.00049388	0.99964559	1.00082374
1.36314881	0.00000000	0.00000000	0.00000000	0.00000000	1.00061095	0.99962473	0.99963093	0.99959391
1.46800637	0.00000000	0.00000000	0.00000000	0.00000000	0.99911648	0.99969298	1.00043499	0.99975669
1.57286406	0.00000000	0.00000000	0.00000000	0.00000000	0.99942738	1.00020099	0.99984050	1.00011051
1.67772162	0.00000000	0.00000000	0.00000000	0.00000000	1.00079274	0.99963331	1.00010431	0.99932343
1.88743675	0.00000000	0.00000000	0.00000000	0.00000000	0.00000000	0.00000000	0.00000000	0.00000000
2.09715199	0.00000000	0.00000000	0.00000000	0.00000000	0.00000000	0.00000000	0.00000000	0.00000000
2.30686712	0.00000000	0.00000000	0.00000000	0.00000000	0.00000000	0.00000000	0.00000000	0.00000000
2.51658249	0.00000000	0.00000000	0.00000000	0.00000000	0.00000000	0.00000000	0.00000000	0.00000000
2.72629762	0.00000000	0.00000000	0.00000000	0.00000000	0.00000000	0.00000000	0.00000000	0.00000000
2.93601274	0.00000000	0.00000000	0.00000000	0.00000000	0.00000000	0.00000000	0.00000000	0.00000000
3.14572811	0.00000000	0.00000000	0.00000000	0.00000000	0.00000000	0.00000000	0.00000000	0.00000000
3.35544324	0.00000000	0.00000000	0.00000000	0.00000000	0.00000000	0.00000000	0.00000000	0.00000000
3.77487350	0.00000000	0.00000000	0.00000000	0.00000000	0.00000000	0.00000000	0.00000000	0.00000000
4.19430399	0.00000000	0.00000000	0.00000000	0.00000000	0.00000000	0.00000000	0.00000000	0.00000000
4.61373425	0.00000000	0.00000000	0.00000000	0.00000000	0.00000000	0.00000000	0.00000000	0.00000000
5.03316498	0.00000000	0.00000000	0.00000000	0.00000000	0.00000000	0.00000000	0.00000000	0.00000000
5.45259523	0.00000000	0.00000000	0.00000000	0.00000000	0.00000000	0.00000000	0.00000000	0.00000000
5.87202549	0.00000000	0.00000000	0.00000000	0.00000000	0.00000000	0.00000000	0.00000000	0.00000000
6.29145622	0.00000000	0.00000000	0.00000000	0.00000000	0.00000000	0.00000000	0.00000000	0.00000000
6.71088648	0.00000000	0.00000000	0.00000000	0.00000000	0.00000000	0.00000000	0.00000000	0.00000000
7.54974699	0.00000000	0.00000000	0.00000000	0.00000000	0.00000000	0.00000000	0.00000000	0.00000000
8.38860798	0.00000000	0.00000000	0.00000000	0.00000000	0.00000000	0.00000000	0.00000000	0.00000000
9.22746849	0.00000000	0.00000000	0.00000000	0.00000000	0.00000000	0.00000000	0.00000000	0.00000000
10.06632996	0.00000000	0.00000000	0.00000000	0.00000000	0.00000000	0.00000000	0.00000000	0.00000000
10.90519047	0.00000000	0.00000000	0.00000000	0.00000000	0.00000000	0.00000000	0.00000000	0.00000000
11.74405098	0.00000000	0.00000000	0.00000000	0.00000000	0.00000000	0.00000000	0.00000000	0.00000000
12.58291245	0.00000000	0.00000000	0.00000000	0.00000000	0.00000000	0.00000000	0.00000000	0.00000000
13.42177296	0.00000000	0.00000000	0.00000000	0.00000000	0.00000000	0.00000000	0.00000000	0.00000000
15.09949398	0.00000000	0.00000000	0.00000000	0.00000000	0.00000000	0.00000000	0.00000000	0.00000000
16.77721596	0.00000000	0.00000000	0.00000000	0.00000000	0.00000000	0.00000000	0.00000000	0.00000000
18.45493698	0.00000000	0.00000000	0.00000000	0.00000000	0.00000000	0.00000000	0.00000000	0.00000000
20.13265991	0.00000000	0.00000000	0.00000000	0.00000000	0.00000000	0.00000000	0.00000000	0.00000000
21.81038094	0.00000000	0.00000000	0.00000000	0.00000000	0.00000000	0.00000000	0.00000000	0.00000000
23.48810196	0.00000000	0.00000000	0.00000000	0.00000000	0.00000000	0.00000000	0.00000000	0.00000000
25.16582489	0.00000000	0.00000000	0.00000000	0.00000000	0.00000000	0.00000000	0.00000000	0.00000000
26.84354591	0.00000000	0.00000000	0.00000000	0.00000000	0.00000000	0.00000000	0.00000000	0.00000000
30.19898796	0.00000000	0.00000000	0.00000000	0.00000000	0.00000000	0.00000000	0.00000000	0.00000000
33.55443192	0.00000000	0.00000000	0.00000000	0.00000000	0.00000000	0.00000000	0.00000000	0.00000000
36.90987396	0.00000000	0.00000000	0.00000000	0.00000000	0.00000000	0.00000000	0.00000000	0.00000000
40.26531982	0.00000000	0.00000000	0.00000000	0.00000000	0.00000000	0.00000000	0.00000000	0.00000000
43.62076187	0.00000000	0.00000000	0.00000000	0.00000000	0.00000000	0.00000000	0.00000000	0.00000000
46.97620392	0.00000000	0.00000000	0.00000000	0.00000000	0.00000000	0.00000000	0.00000000	0.00000000
50.33164978	0.00000000	0.00000000	0.00000000	0.00000000	0.00000000	0.00000000	0.00000000	0.00000000
53.68709183	0.00000000	0.00000000	0.00000000	0.00000000	0.00000000	0.00000000	0.00000000	0.00000000
60.39797592	0.00000000	0.00000000	0.00000000	0.00000000	0.00000000	0.00000000	0.00000000	0.00000000
67.10886383	0.00000000	0.00000000	0.00000000	0.00000000	0.00000000	0.00000000	0.00000000	0.00000000
73.81974792	0.00000000	0.00000000	0.00000000	0.00000000	0.00000000	0.00000000	0.00000000	0.00000000
80.53063965	0.00000000	0.00000000	0.00000000	0.00000000	0.00000000	0.00000000	0.00000000	0.00000000
87.24152374	0.00000000	0.00000000	0.00000000	0.00000000	0.00000000	0.00000000	0.00000000	0.00000000
93.95240784	0.00000000	0.00000000	0.00000000	0.00000000	0.00000000	0.00000000	0.00000000	0.00000000
100.66329956	0.00000000	0.00000000	0.00000000	0.00000000	0.00000000	0.00000000	0.00000000	0.00000000
107.37418365	0.00000000	0.00000000	0.00000000	0.00000000	0.00000000	0.00000000	0.00000000	0.00000000
120.79595184	0.00000000	0.00000000	0.00000000	0.00000000	0.00000000	0.00000000	0.00000000	0.00000000
134.21772766	0.00000000	0.00000000	0.00000000	0.00000000	0.00000000	0.00000000	0.00000000	0.00000000
147.63949585	0.00000000	0.00000000	0.00000000	0.00000000	0.00000000	0.00000000	0.00000000	0.00000000
161.06127930	0.00000000	0.00000000	0.00000000	0.00000000	0.00000000	0.00000000	0.00000000	0.00000000
174.48304749	0.00000000	0.00000000	0.00000000	0.00000000	0.00000000	0.00000000	0.00000000	0.00000000
187.90481567	0.00000000	0.00000000	0.00000000	0.00000000	0.00000000	0.00000000	0.00000000	0.00000000
201.32659912	0.00000000	0.00000000	0.00000000	0.00000000	0.00000000	0.00000000	0.00000000	0.00000000
214.74836731	0.00000000	0.00000000	0.00000000	0.00000000	0.00000000	0.00000000	0.00000000	0.00000000
241.59190369	0.00000000	0.00000000	0.00000000	0.00000000	0.00000000	0.00000000	0.00000000	0.00000000
268.43545532	0.00000000	0.00000000	0.00000000	0.00000000	0.00000000	0.00000000	0.00000000	0.00000000
295.27899170	0.00000000	0.00000000	0.00000000	0.00000000	0.00000000	0.00000000	0.00000000	0.00000000
322.12255859	0.00000000	0.00000000	0.00000000	0.00000000	0.00000000	0.00000000	0.00000000	0.00000000
348.96609497	0.00000000	0.00000000	0.00000000	0.00000000	0.00000000	0.00000000	0.00000000	0.00000000
375.80963135	0.00000000	0.00000000	0.00000000	0.00000000	0.00000000	0.00000000	0.00000000	0.00000000
402.65319824	0.00000000	0.00000000	0.00000000	0.00000000	0.00000000	0.00000000	0.00000000	0.00000000
429.49673462	0.00000000	0.00000000	0.00000000	0.00000000	0.00000000	0.00000000	0.00000000	0.00000000
483.18380737	0.00000000	0.00000000	0.00000000	0.00000000	0.00000000	0.00000000	0.00000000	0.00000000
536.87091064	0.00000000	0.00000000	0.00000000	0.00000000	0.00000000	0.00000000	0.00000000	0.00000000
590.55798340	0.00000000	0.00000000	0.00000000	0.00000000	0.00000000	0.00000000	0.00000000	0.00000000
644.24511719	0.00000000	0.00000000	0.00000000	0.00000000	0.00000000	0.00000000	0.00000000	0.00000000
697.93218994	0.00000000	0.00000000	0.00000000	0.00000000	0.00000000	0.00000000	0.00000000	0.00000000
751.61926270	0.00000000	0.00000000	0.00000000	0.00000000	0.00000000	0.00000000	0.00000000	0.00000000
805.30639648	0.00000000	0.00000000	0.00000000	0.00000000	0.00000000	0.00000000	0.00000000	0.00000000
858.99346924	0.00000000	0.00000000	0.00000000	0.00000000	0.00000000	0.00000000	0.00000000	0.00000000
966.36761475	0.00000000	0.00000000	0.00000000	0.00000000	0.00000000	0.00000000	0.00000000	0.00000000
1073.74182129	0.00000000	0.00000000	0.00000000	0.00000000	0.00000000	0.00000000	0.00000000	0.00000000
1181.11596680	0.00000000	0.00000000	0.00000000	0.00000000	0.00000000	0.00000000	0.00000000	0.00000000
1288.49023437	0.00000000	0.00000000	0.00000000	0.00000000	0.00000000	0.00000000	0.00000000	0.00000000
1395.86437988	0.00000000	0.00000000	0.00000000	0.00000000	0.00000000	0.00000000	0.00000000	0.00000000
1503.23852539	0.00000000	0.00000000	0.00000000	0.00000000	0.00000000	0.00000000	0.00000000	0.00000000
1610.61279297	0.00000000	0.00000000	0.00000000	0.00000000	0.00000000	0.00000000	0.00000000	0.00000000
1717.98693848	0.00000000	0.00000000	0.00000000	0.00000000	0.00000000	0.00000000	0.00000000	0.00000000
1932.73522949	0.00000000	0.00000000	0.00000000	0.00000000	0.00000000	0.00000000	0.00000000	0.00000000
2147.48364258	0.00000000	0.00000000	0.00000000	0.00000000	0.00000000	0.00000000	0.00000000	0.00000000
2362.23193359	0.00000000	0.00000000	0.00000000	0.00000000	0.00000000	0.00000000	0.00000000	0.00000000
2576.98046875	0.00000000	0.00000000	0.00000000	0.00000000	0.00000000	0.00000000	0.00000000	0.00000000
2791.72875977	0.00000000	0.00000000	0.00000000	0.00000000	0.00000000	0.00000000	0.00000000	0.00000000
3006.47705078	0.00000000	0.00000000	0.00000000	0.00000000	0.00000000	0.00000000	0.00000000	0.00000000
3221.22558594	0.00000000	0.00000000	0.00000000	0.00000000	0.00000000	0.00000000	0.00000000	0.00000000
3435.97387695	0.00000000	0.00000000	0.00000000	0.00000000	0.00000000	0.00000000	0.00000000	0.00000000
0	0	0	0	0	0	0	0	0
