%3/28/2019 10:54:40 PM
%Duration	ID1		ID2		ID3		ID4		ID5		ID6		ID7		ID8
1000.000000	0.000000	0.000000	0.000000	0.000000	240.154266	244.474411	106.458664	30.441284
%Tau		Tau1		Tau2		Tau3		Tau4		Tau5		Tau6		Tau7		Tau8
%		0.000000	0.000000	0.000000	0.000000	0.000307	0.000205	0.000154	0.000096
%Delaytime	D1		D2		D3		D4		D5		D6		D7		D8
0.00000020	0.00000000	0.00000000	0.00000000	0.00000000	1.67448235	1.78468764	2.40936494	2.20943642
0.00000040	0.00000000	0.00000000	0.00000000	0.00000000	1.56404495	1.51637697	1.56419003	1.42360592
0.00000060	0.00000000	0.00000000	0.00000000	0.00000000	1.50293744	1.48991823	1.54237294	1.60582745
0.00000080	0.00000000	0.00000000	0.00000000	0.00000000	1.50157201	1.48247063	1.47597313	1.45777249
0.00000100	0.00000000	0.00000000	0.00000000	0.00000000	1.49610984	1.47404301	1.48830450	1.41221714
0.00000120	0.00000000	0.00000000	0.00000000	0.00000000	1.48723388	1.48227465	1.49399590	1.67416060
0.00000140	0.00000000	0.00000000	0.00000000	0.00000000	1.50191331	1.49364209	1.50443017	1.60582745
0.00000160	0.00000000	0.00000000	0.00000000	0.00000000	1.48740458	1.48737037	1.44182467	1.52610552
0.00000180	0.00000000	0.00000000	0.00000000	0.00000000	1.51676345	1.52558851	1.55375576	1.38943946
0.00000200	0.00000000	0.00000000	0.00000000	0.00000000	1.48620975	1.48247063	1.46838462	1.51471674
0.00000220	0.00000000	0.00000000	0.00000000	0.00000000	1.48484421	1.48521447	1.44846463	1.65138292
0.00000240	0.00000000	0.00000000	0.00000000	0.00000000	1.47289586	1.49031031	1.43992758	1.30971742
0.00000260	0.00000000	0.00000000	0.00000000	0.00000000	1.50396168	1.52519655	1.46553886	1.54888332
0.00000280	0.00000000	0.00000000	0.00000000	0.00000000	1.48177171	1.46365559	1.48071599	1.36666167
0.00000300	0.00000000	0.00000000	0.00000000	0.00000000	1.46606815	1.48599851	1.48356164	1.37805057
0.00000320	0.00000000	0.00000000	0.00000000	0.00000000	1.50652206	1.44307661	1.52435017	1.58304977
0.00000360	0.00000000	0.00000000	0.00000000	0.00000000	1.52640760	1.49305415	1.45557892	1.56027210
0.00000400	0.00000000	0.00000000	0.00000000	0.00000000	1.48646581	1.45601201	1.46553886	1.56596649
0.00000440	0.00000000	0.00000000	0.00000000	0.00000000	1.50071847	1.47443509	1.53525865	1.49193907
0.00000480	0.00000000	0.00000000	0.00000000	0.00000000	1.48885548	1.48315656	1.50395596	1.44068921
0.00000520	0.00000000	0.00000000	0.00000000	0.00000000	1.49593914	1.44582045	1.45700181	1.58304977
0.00000560	0.00000000	0.00000000	0.00000000	0.00000000	1.51198411	1.47257316	1.46364176	1.49763346
0.00000600	0.00000000	0.00000000	0.00000000	0.00000000	1.47921145	1.47561097	1.48688173	1.60013306
0.00000640	0.00000000	0.00000000	0.00000000	0.00000000	1.49064767	1.45944178	1.44799042	1.69693828
0.00000720	0.00000000	0.00000000	0.00000000	0.00000000	1.49329340	1.48472452	1.47336459	1.52041113
0.00000800	0.00000000	0.00000000	0.00000000	0.00000000	1.49913967	1.47747290	1.45534182	1.49193907
0.00000880	0.00000000	0.00000000	0.00000000	0.00000000	1.49231195	1.46718335	1.46459031	1.42075872
0.00000960	0.00000000	0.00000000	0.00000000	0.00000000	1.47669375	1.46796739	1.44751608	1.36381447
0.00001040	0.00000000	0.00000000	0.00000000	0.00000000	1.50216937	1.46620345	1.44656754	1.53749442
0.00001120	0.00000000	0.00000000	0.00000000	0.00000000	1.48962355	1.44170463	1.44158757	1.56311929
0.00001200	0.00000000	0.00000000	0.00000000	0.00000000	1.47656572	1.46904528	1.45320749	1.44923091
0.00001280	0.00000000	0.00000000	0.00000000	0.00000000	1.48172915	1.45831490	1.43992758	1.49478626
0.00001440	0.00000000	0.00000000	0.00000000	0.00000000	1.47671509	1.45650196	1.42996752	1.52183473
0.00001600	0.00000000	0.00000000	0.00000000	0.00000000	1.47784591	1.45069575	1.44490755	1.44211280
0.00001760	0.00000000	0.00000000	0.00000000	0.00000000	1.46894860	1.45829034	1.44324756	1.52610552
0.00001920	0.00000000	0.00000000	0.00000000	0.00000000	1.46591878	1.44246411	1.45688319	1.30829382
0.00002080	0.00000000	0.00000000	0.00000000	0.00000000	1.47963810	1.43180716	1.44407749	1.41933513
0.00002240	0.00000000	0.00000000	0.00000000	0.00000000	1.47492278	1.44241512	1.42854464	1.44211280
0.00002400	0.00000000	0.00000000	0.00000000	0.00000000	1.48219848	1.43224812	1.41846621	1.36808527
0.00002560	0.00000000	0.00000000	0.00000000	0.00000000	1.47601092	1.42928374	1.42913759	1.44780719
0.00002880	0.00000000	0.00000000	0.00000000	0.00000000	1.46349454	1.42600799	1.42299557	1.37257397
0.00003200	0.00000000	0.00000000	0.00000000	0.00000000	1.46012700	1.42407238	1.40912628	1.49435771
0.00003520	0.00000000	0.00000000	0.00000000	0.00000000	1.45291960	1.40716183	1.41342628	1.40481079
0.00003840	0.00000000	0.00000000	0.00000000	0.00000000	1.45195615	1.41449201	1.39753306	1.38613677
0.00004160	0.00000000	0.00000000	0.00000000	0.00000000	1.44965518	1.40174389	1.38390183	1.32309794
0.00004480	0.00000000	0.00000000	0.00000000	0.00000000	1.44611073	1.40289438	1.39806879	1.33164775
0.00004800	0.00000000	0.00000000	0.00000000	0.00000000	1.44430089	1.39075840	1.37949693	1.31875396
0.00005120	0.00000000	0.00000000	0.00000000	0.00000000	1.43643785	1.39380801	1.37598491	1.33666205
0.00005760	0.00000000	0.00000000	0.00000000	0.00000000	1.43636167	1.38464117	1.35102773	1.30309069
0.00006400	0.00000000	0.00000000	0.00000000	0.00000000	1.42957294	1.36246514	1.35778010	1.32136333
0.00007040	0.00000000	0.00000000	0.00000000	0.00000000	1.41650772	1.35955274	1.33178222	1.32279646
0.00007680	0.00000000	0.00000000	0.00000000	0.00000000	1.41104484	1.35090208	1.31627142	1.30953991
0.00008320	0.00000000	0.00000000	0.00000000	0.00000000	1.40388882	1.34112847	1.31282091	1.29489529
0.00008960	0.00000000	0.00000000	0.00000000	0.00000000	1.40004969	1.33287883	1.30312383	1.24433160
0.00009600	0.00000000	0.00000000	0.00000000	0.00000000	1.38701630	1.31868136	1.27495480	1.26542640
0.00010240	0.00000000	0.00000000	0.00000000	0.00000000	1.38151741	1.31047475	1.27748311	1.25678408
0.00011520	0.00000000	0.00000000	0.00000000	0.00000000	1.37109447	1.30228031	1.24685681	1.23079717
0.00012800	0.00000000	0.00000000	0.00000000	0.00000000	1.35780251	1.28459179	1.23563671	1.21920300
0.00014080	0.00000000	0.00000000	0.00000000	0.00000000	1.34365857	1.26552331	1.21920633	1.18039441
0.00015360	0.00000000	0.00000000	0.00000000	0.00000000	1.32639778	1.25342453	1.20431328	1.16553426
0.00016640	0.00000000	0.00000000	0.00000000	0.00000000	1.31402624	1.23539269	1.18411803	1.16034222
0.00017920	0.00000000	0.00000000	0.00000000	0.00000000	1.30534554	1.22464359	1.17077529	1.14194107
0.00019200	0.00000000	0.00000000	0.00000000	0.00000000	1.29235673	1.21424091	1.15323091	1.11401021
0.00020480	0.00000000	0.00000000	0.00000000	0.00000000	1.28431034	1.20139194	1.13757277	1.12546909
0.00023040	0.00000000	0.00000000	0.00000000	0.00000000	1.26100600	1.17550766	1.12541366	1.07955706
0.00025600	0.00000000	0.00000000	0.00000000	0.00000000	1.24003577	1.15741897	1.10259032	1.07719064
0.00028160	0.00000000	0.00000000	0.00000000	0.00000000	1.22089887	1.13976252	1.08535385	1.05139399
0.00030720	0.00000000	0.00000000	0.00000000	0.00000000	1.20271432	1.12468505	1.06943858	1.04503727
0.00033280	0.00000000	0.00000000	0.00000000	0.00000000	1.18595052	1.11072934	1.05957484	1.02935958
0.00035840	0.00000000	0.00000000	0.00000000	0.00000000	1.16640806	1.09966934	1.05306566	1.02636731
0.00038400	0.00000000	0.00000000	0.00000000	0.00000000	1.15449476	1.08705187	1.04550540	1.01821518
0.00040960	0.00000000	0.00000000	0.00000000	0.00000000	1.13970792	1.07621646	1.03496420	1.00791299
0.00046080	0.00000000	0.00000000	0.00000000	0.00000000	1.11914885	1.05948162	1.02143037	1.00203407
0.00051200	0.00000000	0.00000000	0.00000000	0.00000000	1.10242593	1.04782283	1.01886225	1.01316285
0.00056320	0.00000000	0.00000000	0.00000000	0.00000000	1.08655810	1.03827012	1.01733708	1.00550914
0.00061440	0.00000000	0.00000000	0.00000000	0.00000000	1.07409632	1.03410411	1.01228094	1.01802838
0.00066560	0.00000000	0.00000000	0.00000000	0.00000000	1.06547272	1.02929544	1.01069617	1.00657845
0.00071680	0.00000000	0.00000000	0.00000000	0.00000000	1.05483425	1.02336490	1.00990260	1.00412798
0.00076800	0.00000000	0.00000000	0.00000000	0.00000000	1.04773235	1.01806808	1.00370896	1.01486516
0.00081920	0.00000000	0.00000000	0.00000000	0.00000000	1.03883278	1.01349723	1.00600493	1.01637995
0.00092160	0.00000000	0.00000000	0.00000000	0.00000000	1.02891016	1.01013613	1.00116062	0.99727494
0.00102400	0.00000000	0.00000000	0.00000000	0.00000000	1.01744497	1.00353873	0.99575025	1.00305569
0.00112640	0.00000000	0.00000000	0.00000000	0.00000000	1.01090479	1.00016952	0.99192476	1.00704503
0.00122880	0.00000000	0.00000000	0.00000000	0.00000000	1.00680745	1.00080740	0.99746960	1.00717843
0.00133120	0.00000000	0.00000000	0.00000000	0.00000000	1.00235128	0.99863797	0.99444711	1.00781047
0.00143360	0.00000000	0.00000000	0.00000000	0.00000000	1.00068796	0.99760753	0.99306458	0.99483669
0.00153600	0.00000000	0.00000000	0.00000000	0.00000000	1.00183952	0.99901229	1.00258112	1.01107156
0.00163840	0.00000000	0.00000000	0.00000000	0.00000000	1.00237048	0.99530095	1.00213194	1.01488197
0.00184320	0.00000000	0.00000000	0.00000000	0.00000000	1.00162756	0.99174988	1.00588739	1.00414705
0.00204800	0.00000000	0.00000000	0.00000000	0.00000000	1.00325465	0.99556702	1.00851929	1.00431967
0.00225280	0.00000000	0.00000000	0.00000000	0.00000000	0.99902511	0.99900573	0.99465352	0.99204898
0.00245760	0.00000000	0.00000000	0.00000000	0.00000000	0.99602979	1.00177324	0.99446052	0.99937683
0.00266240	0.00000000	0.00000000	0.00000000	0.00000000	0.99738306	1.00182593	0.99660778	1.00608063
0.00286720	0.00000000	0.00000000	0.00000000	0.00000000	1.00248599	1.00054634	0.99542606	1.00418186
0.00307200	0.00000000	0.00000000	0.00000000	0.00000000	1.00513113	1.00115275	0.99847925	0.99815047
0.00327680	0.00000000	0.00000000	0.00000000	0.00000000	1.00970960	1.00493968	1.00062633	1.00225008
0.00368640	0.00000000	0.00000000	0.00000000	0.00000000	1.01311326	1.00428843	1.00464737	0.99440038
0.00409600	0.00000000	0.00000000	0.00000000	0.00000000	1.00262499	1.01178324	1.00398433	1.00095201
0.00450560	0.00000000	0.00000000	0.00000000	0.00000000	0.99338847	1.00312579	1.00431848	0.99677193
0.00491520	0.00000000	0.00000000	0.00000000	0.00000000	0.98841417	0.99911642	1.00361288	1.00936675
0.00532480	0.00000000	0.00000000	0.00000000	0.00000000	0.99595684	0.99686861	0.99901944	1.00867522
0.00573440	0.00000000	0.00000000	0.00000000	0.00000000	0.99802309	1.00381708	0.99759877	0.99801093
0.00614400	0.00000000	0.00000000	0.00000000	0.00000000	0.99521422	0.99854636	1.00394070	0.99980688
0.00655360	0.00000000	0.00000000	0.00000000	0.00000000	0.99247289	0.99365592	1.00219548	0.99926841
0.00737280	0.00000000	0.00000000	0.00000000	0.00000000	0.99468571	0.99752283	1.00681865	0.99543816
0.00819200	0.00000000	0.00000000	0.00000000	0.00000000	1.00590098	1.00015092	1.00184846	0.99952799
0.00901120	0.00000000	0.00000000	0.00000000	0.00000000	0.99921536	1.00307345	0.99599385	1.00075829
0.00983040	0.00000000	0.00000000	0.00000000	0.00000000	0.99390012	1.00504458	1.00545895	0.99612516
0.01064960	0.00000000	0.00000000	0.00000000	0.00000000	0.99016291	1.00126350	0.99704629	0.99937683
0.01146880	0.00000000	0.00000000	0.00000000	0.00000000	1.00730157	1.00503242	1.00167465	0.99923408
0.01228800	0.00000000	0.00000000	0.00000000	0.00000000	1.00154138	1.00494301	0.99779361	0.99877828
0.01310720	0.00000000	0.00000000	0.00000000	0.00000000	0.99159557	1.00530446	0.99896026	0.99920511
0.01474560	0.00000000	0.00000000	0.00000000	0.00000000	0.99406558	0.99747854	0.99933887	0.99745995
0.01638400	0.00000000	0.00000000	0.00000000	0.00000000	1.00317550	1.00046754	1.00405967	0.99993479
0.01802240	0.00000000	0.00000000	0.00000000	0.00000000	1.00408518	1.00663364	1.00013649	1.00407195
0.01966080	0.00000000	0.00000000	0.00000000	0.00000000	0.99806225	1.00468135	0.99551249	0.99428535
0.02129920	0.00000000	0.00000000	0.00000000	0.00000000	0.99999261	1.00404179	0.99888849	0.99781162
0.02293760	0.00000000	0.00000000	0.00000000	0.00000000	0.99625075	0.99789977	1.00194192	0.99564636
0.02457600	0.00000000	0.00000000	0.00000000	0.00000000	0.99768740	1.00001204	1.00609827	0.99707323
0.02621440	0.00000000	0.00000000	0.00000000	0.00000000	0.99171406	1.00312364	0.99941009	0.99098986
0.02949120	0.00000000	0.00000000	0.00000000	0.00000000	1.00591469	0.99758303	0.99411792	1.00036931
0.03276800	0.00000000	0.00000000	0.00000000	0.00000000	0.99153554	0.99864447	0.99891305	0.99784619
0.03604480	0.00000000	0.00000000	0.00000000	0.00000000	0.99987870	1.00373137	0.99541020	0.99759448
0.03932160	0.00000000	0.00000000	0.00000000	0.00000000	1.00289094	0.99960154	1.00111306	1.00353384
0.04259840	0.00000000	0.00000000	0.00000000	0.00000000	1.00520957	1.00541699	0.99810702	0.99630737
0.04587520	0.00000000	0.00000000	0.00000000	0.00000000	1.00033844	0.99882054	0.99735171	1.00070262
0.04915200	0.00000000	0.00000000	0.00000000	0.00000000	0.99972850	0.99776995	1.00429940	1.00480342
0.05242880	0.00000000	0.00000000	0.00000000	0.00000000	1.00192249	0.99429917	0.99610436	0.99843419
0.05898240	0.00000000	0.00000000	0.00000000	0.00000000	0.99872112	1.00235152	0.99841559	0.99932647
0.06553600	0.00000000	0.00000000	0.00000000	0.00000000	0.99511826	0.99911731	1.00130916	0.99762070
0.07208960	0.00000000	0.00000000	0.00000000	0.00000000	1.00027347	0.99948680	0.99964905	1.00441170
0.07864320	0.00000000	0.00000000	0.00000000	0.00000000	0.99828637	0.99943537	1.00059128	1.00144589
0.08519680	0.00000000	0.00000000	0.00000000	0.00000000	0.99878621	0.99653041	1.00094652	0.99855483
0.09175040	0.00000000	0.00000000	0.00000000	0.00000000	1.00456893	0.99917370	0.99897212	1.00056362
0.09830400	0.00000000	0.00000000	0.00000000	0.00000000	1.00382078	0.99685407	1.00066078	1.00419807
0.10485760	0.00000000	0.00000000	0.00000000	0.00000000	1.00589979	0.99565852	1.00168169	1.00301945
0.11796480	0.00000000	0.00000000	0.00000000	0.00000000	0.99857366	1.00109661	1.00025058	0.99722570
0.13107200	0.00000000	0.00000000	0.00000000	0.00000000	0.99873996	1.00106025	0.99903995	1.00020897
0.14417920	0.00000000	0.00000000	0.00000000	0.00000000	0.99982518	0.99858129	1.00228131	0.99927694
0.15728641	0.00000000	0.00000000	0.00000000	0.00000000	0.99875313	1.00036621	1.00110674	1.00088072
0.17039360	0.00000000	0.00000000	0.00000000	0.00000000	0.99868846	0.99923939	1.00068462	1.00072014
0.18350080	0.00000000	0.00000000	0.00000000	0.00000000	1.00263906	0.99988657	0.99728477	1.00070739
0.19660801	0.00000000	0.00000000	0.00000000	0.00000000	1.00129056	1.00249445	0.99705487	0.99988526
0.20971520	0.00000000	0.00000000	0.00000000	0.00000000	1.00286889	0.99983633	1.00003755	1.00007355
0.23592959	0.00000000	0.00000000	0.00000000	0.00000000	0.99816900	0.99933952	0.99980134	1.00171018
0.26214400	0.00000000	0.00000000	0.00000000	0.00000000	0.99653924	1.00200880	1.00034642	1.00096977
0.28835839	0.00000000	0.00000000	0.00000000	0.00000000	0.99968606	0.99979961	0.99941885	0.99908346
0.31457281	0.00000000	0.00000000	0.00000000	0.00000000	1.00110972	0.99712616	1.00006998	0.99968225
0.34078720	0.00000000	0.00000000	0.00000000	0.00000000	0.99766278	0.99900460	0.99982768	0.99975282
0.36700159	0.00000000	0.00000000	0.00000000	0.00000000	0.99899566	0.99926543	1.00002551	1.00145793
0.39321601	0.00000000	0.00000000	0.00000000	0.00000000	0.99988937	1.00274420	1.00044525	0.99984789
0.41943040	0.00000000	0.00000000	0.00000000	0.00000000	1.00305164	1.00051653	0.99898535	1.00044000
0.47185919	0.00000000	0.00000000	0.00000000	0.00000000	0.99861938	0.99984223	1.00043464	1.00054598
0.52428800	0.00000000	0.00000000	0.00000000	0.00000000	1.00175214	0.99922532	0.99944878	0.99927390
0.57671678	0.00000000	0.00000000	0.00000000	0.00000000	0.99942964	0.99945283	0.99919039	1.00012732
0.62914562	0.00000000	0.00000000	0.00000000	0.00000000	1.00190389	1.00135052	1.00199163	1.00072396
0.68157440	0.00000000	0.00000000	0.00000000	0.00000000	0.99975276	1.00086761	0.99928463	0.99882048
0.73400319	0.00000000	0.00000000	0.00000000	0.00000000	1.00114322	0.99950808	1.00061929	0.99993348
0.78643203	0.00000000	0.00000000	0.00000000	0.00000000	0.99777156	0.99954921	0.99982917	0.99982625
0.83886081	0.00000000	0.00000000	0.00000000	0.00000000	0.99993467	0.99995172	0.99927324	0.99999756
0.94371837	0.00000000	0.00000000	0.00000000	0.00000000	1.00019801	1.00031281	1.00005221	0.99954450
1.04857600	0.00000000	0.00000000	0.00000000	0.00000000	1.00155175	1.00048256	1.00099957	0.99962336
1.15343356	0.00000000	0.00000000	0.00000000	0.00000000	1.00132155	1.00054705	0.99989212	0.99963397
1.25829124	0.00000000	0.00000000	0.00000000	0.00000000	1.00001335	0.99916750	1.00021350	1.00098896
1.36314881	0.00000000	0.00000000	0.00000000	0.00000000	0.99861509	0.99857402	1.00072026	1.00112665
1.46800637	0.00000000	0.00000000	0.00000000	0.00000000	0.99720258	0.99987829	0.99994731	1.00038910
1.57286406	0.00000000	0.00000000	0.00000000	0.00000000	0.99914646	1.00133538	0.99990553	0.99995500
1.67772162	0.00000000	0.00000000	0.00000000	0.00000000	0.99848908	0.99864709	1.00006580	0.99998438
1.88743675	0.00000000	0.00000000	0.00000000	0.00000000	0.00000000	0.00000000	0.00000000	0.00000000
2.09715199	0.00000000	0.00000000	0.00000000	0.00000000	0.00000000	0.00000000	0.00000000	0.00000000
2.30686712	0.00000000	0.00000000	0.00000000	0.00000000	0.00000000	0.00000000	0.00000000	0.00000000
2.51658249	0.00000000	0.00000000	0.00000000	0.00000000	0.00000000	0.00000000	0.00000000	0.00000000
2.72629762	0.00000000	0.00000000	0.00000000	0.00000000	0.00000000	0.00000000	0.00000000	0.00000000
2.93601274	0.00000000	0.00000000	0.00000000	0.00000000	0.00000000	0.00000000	0.00000000	0.00000000
3.14572811	0.00000000	0.00000000	0.00000000	0.00000000	0.00000000	0.00000000	0.00000000	0.00000000
3.35544324	0.00000000	0.00000000	0.00000000	0.00000000	0.00000000	0.00000000	0.00000000	0.00000000
3.77487350	0.00000000	0.00000000	0.00000000	0.00000000	0.00000000	0.00000000	0.00000000	0.00000000
4.19430399	0.00000000	0.00000000	0.00000000	0.00000000	0.00000000	0.00000000	0.00000000	0.00000000
4.61373425	0.00000000	0.00000000	0.00000000	0.00000000	0.00000000	0.00000000	0.00000000	0.00000000
5.03316498	0.00000000	0.00000000	0.00000000	0.00000000	0.00000000	0.00000000	0.00000000	0.00000000
5.45259523	0.00000000	0.00000000	0.00000000	0.00000000	0.00000000	0.00000000	0.00000000	0.00000000
5.87202549	0.00000000	0.00000000	0.00000000	0.00000000	0.00000000	0.00000000	0.00000000	0.00000000
6.29145622	0.00000000	0.00000000	0.00000000	0.00000000	0.00000000	0.00000000	0.00000000	0.00000000
6.71088648	0.00000000	0.00000000	0.00000000	0.00000000	0.00000000	0.00000000	0.00000000	0.00000000
7.54974699	0.00000000	0.00000000	0.00000000	0.00000000	0.00000000	0.00000000	0.00000000	0.00000000
8.38860798	0.00000000	0.00000000	0.00000000	0.00000000	0.00000000	0.00000000	0.00000000	0.00000000
9.22746849	0.00000000	0.00000000	0.00000000	0.00000000	0.00000000	0.00000000	0.00000000	0.00000000
10.06632996	0.00000000	0.00000000	0.00000000	0.00000000	0.00000000	0.00000000	0.00000000	0.00000000
10.90519047	0.00000000	0.00000000	0.00000000	0.00000000	0.00000000	0.00000000	0.00000000	0.00000000
11.74405098	0.00000000	0.00000000	0.00000000	0.00000000	0.00000000	0.00000000	0.00000000	0.00000000
12.58291245	0.00000000	0.00000000	0.00000000	0.00000000	0.00000000	0.00000000	0.00000000	0.00000000
13.42177296	0.00000000	0.00000000	0.00000000	0.00000000	0.00000000	0.00000000	0.00000000	0.00000000
15.09949398	0.00000000	0.00000000	0.00000000	0.00000000	0.00000000	0.00000000	0.00000000	0.00000000
16.77721596	0.00000000	0.00000000	0.00000000	0.00000000	0.00000000	0.00000000	0.00000000	0.00000000
18.45493698	0.00000000	0.00000000	0.00000000	0.00000000	0.00000000	0.00000000	0.00000000	0.00000000
20.13265991	0.00000000	0.00000000	0.00000000	0.00000000	0.00000000	0.00000000	0.00000000	0.00000000
21.81038094	0.00000000	0.00000000	0.00000000	0.00000000	0.00000000	0.00000000	0.00000000	0.00000000
23.48810196	0.00000000	0.00000000	0.00000000	0.00000000	0.00000000	0.00000000	0.00000000	0.00000000
25.16582489	0.00000000	0.00000000	0.00000000	0.00000000	0.00000000	0.00000000	0.00000000	0.00000000
26.84354591	0.00000000	0.00000000	0.00000000	0.00000000	0.00000000	0.00000000	0.00000000	0.00000000
30.19898796	0.00000000	0.00000000	0.00000000	0.00000000	0.00000000	0.00000000	0.00000000	0.00000000
33.55443192	0.00000000	0.00000000	0.00000000	0.00000000	0.00000000	0.00000000	0.00000000	0.00000000
36.90987396	0.00000000	0.00000000	0.00000000	0.00000000	0.00000000	0.00000000	0.00000000	0.00000000
40.26531982	0.00000000	0.00000000	0.00000000	0.00000000	0.00000000	0.00000000	0.00000000	0.00000000
43.62076187	0.00000000	0.00000000	0.00000000	0.00000000	0.00000000	0.00000000	0.00000000	0.00000000
46.97620392	0.00000000	0.00000000	0.00000000	0.00000000	0.00000000	0.00000000	0.00000000	0.00000000
50.33164978	0.00000000	0.00000000	0.00000000	0.00000000	0.00000000	0.00000000	0.00000000	0.00000000
53.68709183	0.00000000	0.00000000	0.00000000	0.00000000	0.00000000	0.00000000	0.00000000	0.00000000
60.39797592	0.00000000	0.00000000	0.00000000	0.00000000	0.00000000	0.00000000	0.00000000	0.00000000
67.10886383	0.00000000	0.00000000	0.00000000	0.00000000	0.00000000	0.00000000	0.00000000	0.00000000
73.81974792	0.00000000	0.00000000	0.00000000	0.00000000	0.00000000	0.00000000	0.00000000	0.00000000
80.53063965	0.00000000	0.00000000	0.00000000	0.00000000	0.00000000	0.00000000	0.00000000	0.00000000
87.24152374	0.00000000	0.00000000	0.00000000	0.00000000	0.00000000	0.00000000	0.00000000	0.00000000
93.95240784	0.00000000	0.00000000	0.00000000	0.00000000	0.00000000	0.00000000	0.00000000	0.00000000
100.66329956	0.00000000	0.00000000	0.00000000	0.00000000	0.00000000	0.00000000	0.00000000	0.00000000
107.37418365	0.00000000	0.00000000	0.00000000	0.00000000	0.00000000	0.00000000	0.00000000	0.00000000
120.79595184	0.00000000	0.00000000	0.00000000	0.00000000	0.00000000	0.00000000	0.00000000	0.00000000
134.21772766	0.00000000	0.00000000	0.00000000	0.00000000	0.00000000	0.00000000	0.00000000	0.00000000
147.63949585	0.00000000	0.00000000	0.00000000	0.00000000	0.00000000	0.00000000	0.00000000	0.00000000
161.06127930	0.00000000	0.00000000	0.00000000	0.00000000	0.00000000	0.00000000	0.00000000	0.00000000
174.48304749	0.00000000	0.00000000	0.00000000	0.00000000	0.00000000	0.00000000	0.00000000	0.00000000
187.90481567	0.00000000	0.00000000	0.00000000	0.00000000	0.00000000	0.00000000	0.00000000	0.00000000
201.32659912	0.00000000	0.00000000	0.00000000	0.00000000	0.00000000	0.00000000	0.00000000	0.00000000
214.74836731	0.00000000	0.00000000	0.00000000	0.00000000	0.00000000	0.00000000	0.00000000	0.00000000
241.59190369	0.00000000	0.00000000	0.00000000	0.00000000	0.00000000	0.00000000	0.00000000	0.00000000
268.43545532	0.00000000	0.00000000	0.00000000	0.00000000	0.00000000	0.00000000	0.00000000	0.00000000
295.27899170	0.00000000	0.00000000	0.00000000	0.00000000	0.00000000	0.00000000	0.00000000	0.00000000
322.12255859	0.00000000	0.00000000	0.00000000	0.00000000	0.00000000	0.00000000	0.00000000	0.00000000
348.96609497	0.00000000	0.00000000	0.00000000	0.00000000	0.00000000	0.00000000	0.00000000	0.00000000
375.80963135	0.00000000	0.00000000	0.00000000	0.00000000	0.00000000	0.00000000	0.00000000	0.00000000
402.65319824	0.00000000	0.00000000	0.00000000	0.00000000	0.00000000	0.00000000	0.00000000	0.00000000
429.49673462	0.00000000	0.00000000	0.00000000	0.00000000	0.00000000	0.00000000	0.00000000	0.00000000
483.18380737	0.00000000	0.00000000	0.00000000	0.00000000	0.00000000	0.00000000	0.00000000	0.00000000
536.87091064	0.00000000	0.00000000	0.00000000	0.00000000	0.00000000	0.00000000	0.00000000	0.00000000
590.55798340	0.00000000	0.00000000	0.00000000	0.00000000	0.00000000	0.00000000	0.00000000	0.00000000
644.24511719	0.00000000	0.00000000	0.00000000	0.00000000	0.00000000	0.00000000	0.00000000	0.00000000
697.93218994	0.00000000	0.00000000	0.00000000	0.00000000	0.00000000	0.00000000	0.00000000	0.00000000
751.61926270	0.00000000	0.00000000	0.00000000	0.00000000	0.00000000	0.00000000	0.00000000	0.00000000
805.30639648	0.00000000	0.00000000	0.00000000	0.00000000	0.00000000	0.00000000	0.00000000	0.00000000
858.99346924	0.00000000	0.00000000	0.00000000	0.00000000	0.00000000	0.00000000	0.00000000	0.00000000
966.36761475	0.00000000	0.00000000	0.00000000	0.00000000	0.00000000	0.00000000	0.00000000	0.00000000
1073.74182129	0.00000000	0.00000000	0.00000000	0.00000000	0.00000000	0.00000000	0.00000000	0.00000000
1181.11596680	0.00000000	0.00000000	0.00000000	0.00000000	0.00000000	0.00000000	0.00000000	0.00000000
1288.49023437	0.00000000	0.00000000	0.00000000	0.00000000	0.00000000	0.00000000	0.00000000	0.00000000
1395.86437988	0.00000000	0.00000000	0.00000000	0.00000000	0.00000000	0.00000000	0.00000000	0.00000000
1503.23852539	0.00000000	0.00000000	0.00000000	0.00000000	0.00000000	0.00000000	0.00000000	0.00000000
1610.61279297	0.00000000	0.00000000	0.00000000	0.00000000	0.00000000	0.00000000	0.00000000	0.00000000
1717.98693848	0.00000000	0.00000000	0.00000000	0.00000000	0.00000000	0.00000000	0.00000000	0.00000000
1932.73522949	0.00000000	0.00000000	0.00000000	0.00000000	0.00000000	0.00000000	0.00000000	0.00000000
2147.48364258	0.00000000	0.00000000	0.00000000	0.00000000	0.00000000	0.00000000	0.00000000	0.00000000
2362.23193359	0.00000000	0.00000000	0.00000000	0.00000000	0.00000000	0.00000000	0.00000000	0.00000000
2576.98046875	0.00000000	0.00000000	0.00000000	0.00000000	0.00000000	0.00000000	0.00000000	0.00000000
2791.72875977	0.00000000	0.00000000	0.00000000	0.00000000	0.00000000	0.00000000	0.00000000	0.00000000
3006.47705078	0.00000000	0.00000000	0.00000000	0.00000000	0.00000000	0.00000000	0.00000000	0.00000000
3221.22558594	0.00000000	0.00000000	0.00000000	0.00000000	0.00000000	0.00000000	0.00000000	0.00000000
3435.97387695	0.00000000	0.00000000	0.00000000	0.00000000	0.00000000	0.00000000	0.00000000	0.00000000
0	0	0	0	0	0	0	0	0
