%3/28/2019 10:56:14 PM
%Duration	ID1		ID2		ID3		ID4		ID5		ID6		ID7		ID8
1000.000000	0.000000	0.000000	0.000000	0.000000	239.238739	241.088867	108.594894	30.117035
%Tau		Tau1		Tau2		Tau3		Tau4		Tau5		Tau6		Tau7		Tau8
%		0.000000	0.000000	0.000000	0.000000	0.000307	0.000205	0.000154	0.000090
%Delaytime	D1		D2		D3		D4		D5		D6		D7		D8
0.00000020	0.00000000	0.00000000	0.00000000	0.00000000	1.69546056	1.75556886	2.38114762	2.12277555
0.00000040	0.00000000	0.00000000	0.00000000	0.00000000	1.56965601	1.53122485	1.54903138	1.35496318
0.00000060	0.00000000	0.00000000	0.00000000	0.00000000	1.53086329	1.49953246	1.54617512	1.40012860
0.00000080	0.00000000	0.00000000	0.00000000	0.00000000	1.51164818	1.49300182	1.53284597	1.41141999
0.00000100	0.00000000	0.00000000	0.00000000	0.00000000	1.48572600	1.50375807	1.45763183	1.29850638
0.00000120	0.00000000	0.00000000	0.00000000	0.00000000	1.45889735	1.52162111	1.48809826	1.45658541
0.00000140	0.00000000	0.00000000	0.00000000	0.00000000	1.50766015	1.50702333	1.54522300	1.49045944
0.00000160	0.00000000	0.00000000	0.00000000	0.00000000	1.51853669	1.46572721	1.48619413	1.30979776
0.00000180	0.00000000	0.00000000	0.00000000	0.00000000	1.50929165	1.49146521	1.41859663	1.32108903
0.00000200	0.00000000	0.00000000	0.00000000	0.00000000	1.51346099	1.50855994	1.45287144	1.54691625
0.00000220	0.00000000	0.00000000	0.00000000	0.00000000	1.51092315	1.49876416	1.45477557	1.67112124
0.00000240	0.00000000	0.00000000	0.00000000	0.00000000	1.49478972	1.53064859	1.49952328	1.55820763
0.00000260	0.00000000	0.00000000	0.00000000	0.00000000	1.49551475	1.49012077	1.42240489	1.36625457
0.00000280	0.00000000	0.00000000	0.00000000	0.00000000	1.48989522	1.47686756	1.46810472	1.45658541
0.00000300	0.00000000	0.00000000	0.00000000	0.00000000	1.50204062	1.50030077	1.46810472	1.38883722
0.00000320	0.00000000	0.00000000	0.00000000	0.00000000	1.50530362	1.50260568	1.38146555	1.45658541
0.00000360	0.00000000	0.00000000	0.00000000	0.00000000	1.50784147	1.48896825	1.41431224	1.38883722
0.00000400	0.00000000	0.00000000	0.00000000	0.00000000	1.51418602	1.47984469	1.45810783	1.54127061
0.00000440	0.00000000	0.00000000	0.00000000	0.00000000	1.48617911	1.49809182	1.47524524	1.49610519
0.00000480	0.00000000	0.00000000	0.00000000	0.00000000	1.51137626	1.48992860	1.46144009	1.39448297
0.00000520	0.00000000	0.00000000	0.00000000	0.00000000	1.49950278	1.47072113	1.49666703	1.48481381
0.00000560	0.00000000	0.00000000	0.00000000	0.00000000	1.51164818	1.49818790	1.42526114	1.43964839
0.00000600	0.00000000	0.00000000	0.00000000	0.00000000	1.50095296	1.48925638	1.45477557	1.46787679
0.00000640	0.00000000	0.00000000	0.00000000	0.00000000	1.48862636	1.47974873	1.43573403	1.64853847
0.00000720	0.00000000	0.00000000	0.00000000	0.00000000	1.50933695	1.47172952	1.47048485	1.50457370
0.00000800	0.00000000	0.00000000	0.00000000	0.00000000	1.49850583	1.49256968	1.49071658	1.42553413
0.00000880	0.00000000	0.00000000	0.00000000	0.00000000	1.49139082	1.46591926	1.44811106	1.42553413
0.00000960	0.00000000	0.00000000	0.00000000	0.00000000	1.50009191	1.48709559	1.44263661	1.48481381
0.00001040	0.00000000	0.00000000	0.00000000	0.00000000	1.50299239	1.46010900	1.46167815	1.46787679
0.00001120	0.00000000	0.00000000	0.00000000	0.00000000	1.50412536	1.46870434	1.43002152	1.40012860
0.00001200	0.00000000	0.00000000	0.00000000	0.00000000	1.49759948	1.45886052	1.42073882	1.48481381
0.00001280	0.00000000	0.00000000	0.00000000	0.00000000	1.48790121	1.46347022	1.46001196	1.36060882
0.00001440	0.00000000	0.00000000	0.00000000	0.00000000	1.48796916	1.46637547	1.45501363	1.51163077
0.00001600	0.00000000	0.00000000	0.00000000	0.00000000	1.48719883	1.46656752	1.43930435	1.43682551
0.00001760	0.00000000	0.00000000	0.00000000	0.00000000	1.48407185	1.45854831	1.41062295	1.35637462
0.00001920	0.00000000	0.00000000	0.00000000	0.00000000	1.47910941	1.46287000	1.41942966	1.47916806
0.00002080	0.00000000	0.00000000	0.00000000	0.00000000	1.48151135	1.45009708	1.42014372	1.36343169
0.00002240	0.00000000	0.00000000	0.00000000	0.00000000	1.47351253	1.44820035	1.43347287	1.48622525
0.00002400	0.00000000	0.00000000	0.00000000	0.00000000	1.47074819	1.44195783	1.44513583	1.32108903
0.00002560	0.00000000	0.00000000	0.00000000	0.00000000	1.46832359	1.45148957	1.42097676	1.34367180
0.00002880	0.00000000	0.00000000	0.00000000	0.00000000	1.47478354	1.43546343	1.42763746	1.35974908
0.00003200	0.00000000	0.00000000	0.00000000	0.00000000	1.46952546	1.42709827	1.39680099	1.33561993
0.00003520	0.00000000	0.00000000	0.00000000	0.00000000	1.47136414	1.42458832	1.40775847	1.42286134
0.00003840	0.00000000	0.00000000	0.00000000	0.00000000	1.46199167	1.41299915	1.39403260	1.31925154
0.00004160	0.00000000	0.00000000	0.00000000	0.00000000	1.46335936	1.41194236	1.37030792	1.36608887
0.00004480	0.00000000	0.00000000	0.00000000	0.00000000	1.45556772	1.41095757	1.37216413	1.32492876
0.00004800	0.00000000	0.00000000	0.00000000	0.00000000	1.45090389	1.40008903	1.37683439	1.33628333
0.00005120	0.00000000	0.00000000	0.00000000	0.00000000	1.45110571	1.40016162	1.36767340	1.31499362
0.00005760	0.00000000	0.00000000	0.00000000	0.00000000	1.44395018	1.38469517	1.35304844	1.28048694
0.00006400	0.00000000	0.00000000	0.00000000	0.00000000	1.42884982	1.37160158	1.32778692	1.29752219
0.00007040	0.00000000	0.00000000	0.00000000	0.00000000	1.42366517	1.36486244	1.32542014	1.28793991
0.00007680	0.00000000	0.00000000	0.00000000	0.00000000	1.41591251	1.35923564	1.31812978	1.27733707
0.00008320	0.00000000	0.00000000	0.00000000	0.00000000	1.41381145	1.35008562	1.31109273	1.22551954
0.00008960	0.00000000	0.00000000	0.00000000	0.00000000	1.40508783	1.33799601	1.28958571	1.26278555
0.00009600	0.00000000	0.00000000	0.00000000	0.00000000	1.40051866	1.32578003	1.27962542	1.23297274
0.00010240	0.00000000	0.00000000	0.00000000	0.00000000	1.39090490	1.32430708	1.25828683	1.23155308
0.00011520	0.00000000	0.00000000	0.00000000	0.00000000	1.37614322	1.30638862	1.25585747	1.18491876
0.00012800	0.00000000	0.00000000	0.00000000	0.00000000	1.36184692	1.28715432	1.23752654	1.18367767
0.00014080	0.00000000	0.00000000	0.00000000	0.00000000	1.35043538	1.27032757	1.21694517	1.16364241
0.00015360	0.00000000	0.00000000	0.00000000	0.00000000	1.33752596	1.25476313	1.20943153	1.14130211
0.00016640	0.00000000	0.00000000	0.00000000	0.00000000	1.32068944	1.24089313	1.18934655	1.13296890
0.00017920	0.00000000	0.00000000	0.00000000	0.00000000	1.31097698	1.22610760	1.17441559	1.12197602
0.00019200	0.00000000	0.00000000	0.00000000	0.00000000	1.30124426	1.21336365	1.17124891	1.11062860
0.00020480	0.00000000	0.00000000	0.00000000	0.00000000	1.28925502	1.20452511	1.15547884	1.07481337
0.00023040	0.00000000	0.00000000	0.00000000	0.00000000	1.26461887	1.17968619	1.13600159	1.08160114
0.00025600	0.00000000	0.00000000	0.00000000	0.00000000	1.24488211	1.15777421	1.12012744	1.05394506
0.00028160	0.00000000	0.00000000	0.00000000	0.00000000	1.22694433	1.13915694	1.10092080	1.03737438
0.00030720	0.00000000	0.00000000	0.00000000	0.00000000	1.20539463	1.12584281	1.08839440	1.02463913
0.00033280	0.00000000	0.00000000	0.00000000	0.00000000	1.18840444	1.11273861	1.08039939	1.02321827
0.00035840	0.00000000	0.00000000	0.00000000	0.00000000	1.17080140	1.09839499	1.06342268	1.00409019
0.00038400	0.00000000	0.00000000	0.00000000	0.00000000	1.15779877	1.08690035	1.05357277	1.00258064
0.00040960	0.00000000	0.00000000	0.00000000	0.00000000	1.14380157	1.08019781	1.04716361	0.99178112
0.00046080	0.00000000	0.00000000	0.00000000	0.00000000	1.11995232	1.06432307	1.03484857	0.98450375
0.00051200	0.00000000	0.00000000	0.00000000	0.00000000	1.09762883	1.05253708	1.02244496	0.99858546
0.00056320	0.00000000	0.00000000	0.00000000	0.00000000	1.08172572	1.04511857	1.00808620	0.98940796
0.00061440	0.00000000	0.00000000	0.00000000	0.00000000	1.06535351	1.03716564	1.00358117	0.98731983
0.00066560	0.00000000	0.00000000	0.00000000	0.00000000	1.05092740	1.02998602	1.00230956	0.98881322
0.00071680	0.00000000	0.00000000	0.00000000	0.00000000	1.04154205	1.02647471	0.99341929	0.98350698
0.00076800	0.00000000	0.00000000	0.00000000	0.00000000	1.03324842	1.02280700	0.99261749	0.98784041
0.00081920	0.00000000	0.00000000	0.00000000	0.00000000	1.02708292	1.01865959	0.99280488	0.98181647
0.00092160	0.00000000	0.00000000	0.00000000	0.00000000	1.01640081	1.01455212	0.99501508	1.00567913
0.00102400	0.00000000	0.00000000	0.00000000	0.00000000	1.01146102	1.01106036	0.99473089	1.00573277
0.00112640	0.00000000	0.00000000	0.00000000	0.00000000	1.00639021	1.01085794	0.99430078	1.00799084
0.00122880	0.00000000	0.00000000	0.00000000	0.00000000	1.00325680	1.00973034	0.98953176	1.00656462
0.00133120	0.00000000	0.00000000	0.00000000	0.00000000	1.00703073	1.00844157	0.99541712	1.00417364
0.00143360	0.00000000	0.00000000	0.00000000	0.00000000	1.00465667	1.00605905	0.99131566	1.01306951
0.00153600	0.00000000	0.00000000	0.00000000	0.00000000	1.00490463	1.00844991	0.99190426	1.00393641
0.00163840	0.00000000	0.00000000	0.00000000	0.00000000	1.00811839	1.01048970	0.99144310	0.99293244
0.00184320	0.00000000	0.00000000	0.00000000	0.00000000	1.01125729	1.00939941	0.99014145	1.00417793
0.00204800	0.00000000	0.00000000	0.00000000	0.00000000	1.01218283	1.00302339	0.99646926	0.99231964
0.00225280	0.00000000	0.00000000	0.00000000	0.00000000	1.00848913	0.99503320	1.00165975	0.99130106
0.00245760	0.00000000	0.00000000	0.00000000	0.00000000	1.00225055	0.99197984	1.00431478	0.99205905
0.00266240	0.00000000	0.00000000	0.00000000	0.00000000	0.99680656	0.99760914	1.00201190	0.99050182
0.00286720	0.00000000	0.00000000	0.00000000	0.00000000	0.99388540	0.99902451	0.99924904	0.98850650
0.00307200	0.00000000	0.00000000	0.00000000	0.00000000	0.99479258	1.00228679	0.99483418	0.99811995
0.00327680	0.00000000	0.00000000	0.00000000	0.00000000	0.99446231	1.00579584	0.99484819	1.01309240
0.00368640	0.00000000	0.00000000	0.00000000	0.00000000	0.99265575	0.99954057	0.99618959	1.00238442
0.00409600	0.00000000	0.00000000	0.00000000	0.00000000	1.00380909	0.99658453	0.99611890	1.00572956
0.00450560	0.00000000	0.00000000	0.00000000	0.00000000	1.00542367	1.00248325	1.00211966	1.00123858
0.00491520	0.00000000	0.00000000	0.00000000	0.00000000	1.00503194	1.00092697	0.99324822	0.99576217
0.00532480	0.00000000	0.00000000	0.00000000	0.00000000	1.00632071	0.99624765	0.99501336	0.99747729
0.00573440	0.00000000	0.00000000	0.00000000	0.00000000	1.00657213	0.99587113	0.99233693	1.00643671
0.00614400	0.00000000	0.00000000	0.00000000	0.00000000	1.00034356	1.00000358	0.99449682	1.00300264
0.00655360	0.00000000	0.00000000	0.00000000	0.00000000	0.99264437	1.00426018	1.00690377	1.00400710
0.00737280	0.00000000	0.00000000	0.00000000	0.00000000	0.99117923	0.99905193	1.00216150	1.00332868
0.00819200	0.00000000	0.00000000	0.00000000	0.00000000	0.99451184	0.99503720	0.99726641	0.99721175
0.00901120	0.00000000	0.00000000	0.00000000	0.00000000	0.99313414	1.00324798	1.00132883	0.99164283
0.00983040	0.00000000	0.00000000	0.00000000	0.00000000	0.99965918	1.00072658	1.00329530	0.99458075
0.01064960	0.00000000	0.00000000	0.00000000	0.00000000	0.99201351	0.99809641	1.00281596	0.99081075
0.01146880	0.00000000	0.00000000	0.00000000	0.00000000	0.99017972	0.99222332	1.00445199	1.00097108
0.01228800	0.00000000	0.00000000	0.00000000	0.00000000	1.00575006	0.99794388	1.00645018	0.99635017
0.01310720	0.00000000	0.00000000	0.00000000	0.00000000	0.99818051	1.00596833	1.00056565	0.99600524
0.01474560	0.00000000	0.00000000	0.00000000	0.00000000	0.99419278	1.00506175	0.99743712	0.99825275
0.01638400	0.00000000	0.00000000	0.00000000	0.00000000	1.00115073	1.00027204	0.99941790	0.99424177
0.01802240	0.00000000	0.00000000	0.00000000	0.00000000	0.99329227	0.99985397	0.99788189	0.99966514
0.01966080	0.00000000	0.00000000	0.00000000	0.00000000	0.98883158	0.99309599	1.00068367	1.00033045
0.02129920	0.00000000	0.00000000	0.00000000	0.00000000	0.99642342	0.99250275	0.99756813	0.99560839
0.02293760	0.00000000	0.00000000	0.00000000	0.00000000	1.00339603	1.00092006	1.00110805	0.99797451
0.02457600	0.00000000	0.00000000	0.00000000	0.00000000	1.00531781	1.00002086	1.00331724	0.99830067
0.02621440	0.00000000	0.00000000	0.00000000	0.00000000	1.00740874	0.99898803	0.99912089	1.00420964
0.02949120	0.00000000	0.00000000	0.00000000	0.00000000	1.00646150	1.00482428	1.00109053	1.00048482
0.03276800	0.00000000	0.00000000	0.00000000	0.00000000	0.99152046	1.00076711	0.99761564	0.99901581
0.03604480	0.00000000	0.00000000	0.00000000	0.00000000	1.00854981	0.99742365	0.99964607	1.00100005
0.03932160	0.00000000	0.00000000	0.00000000	0.00000000	1.00017548	0.99849755	1.00092554	0.99715000
0.04259840	0.00000000	0.00000000	0.00000000	0.00000000	1.00204575	1.00189435	0.99973130	0.99809915
0.04587520	0.00000000	0.00000000	0.00000000	0.00000000	0.99248147	1.00287139	1.00000501	1.00149989
0.04915200	0.00000000	0.00000000	0.00000000	0.00000000	0.99879515	1.00058341	1.00291502	0.99951208
0.05242880	0.00000000	0.00000000	0.00000000	0.00000000	0.99839777	1.00571251	1.00405216	0.99727738
0.05898240	0.00000000	0.00000000	0.00000000	0.00000000	1.00384498	1.00216985	1.00065255	1.00289452
0.06553600	0.00000000	0.00000000	0.00000000	0.00000000	0.99990278	0.99994981	1.00131238	1.00049114
0.07208960	0.00000000	0.00000000	0.00000000	0.00000000	0.99927032	1.00180852	0.99841517	0.99928927
0.07864320	0.00000000	0.00000000	0.00000000	0.00000000	0.99833775	1.00049257	1.00172329	1.00066900
0.08519680	0.00000000	0.00000000	0.00000000	0.00000000	0.99769443	0.99725914	0.99879354	0.99929780
0.09175040	0.00000000	0.00000000	0.00000000	0.00000000	0.99822968	0.99914235	0.99901456	1.00224209
0.09830400	0.00000000	0.00000000	0.00000000	0.00000000	1.00035965	0.99916095	0.99923342	1.00049484
0.10485760	0.00000000	0.00000000	0.00000000	0.00000000	0.99746346	1.00165772	1.00165081	0.99948871
0.11796480	0.00000000	0.00000000	0.00000000	0.00000000	1.00373173	1.00017595	1.00056028	0.99831837
0.13107200	0.00000000	0.00000000	0.00000000	0.00000000	1.00216556	0.99932277	0.99862021	1.00116348
0.14417920	0.00000000	0.00000000	0.00000000	0.00000000	0.99856544	0.99945283	0.99970055	1.00032437
0.15728641	0.00000000	0.00000000	0.00000000	0.00000000	0.99921227	1.00102270	0.99948734	1.00061214
0.17039360	0.00000000	0.00000000	0.00000000	0.00000000	0.99794084	1.00226927	0.99879128	0.99814790
0.18350080	0.00000000	0.00000000	0.00000000	0.00000000	1.00102162	0.99949175	0.99986172	0.99916732
0.19660801	0.00000000	0.00000000	0.00000000	0.00000000	0.99755824	0.99722028	0.99957687	0.99903274
0.20971520	0.00000000	0.00000000	0.00000000	0.00000000	0.99947983	1.00103664	1.00023997	0.99969679
0.23592959	0.00000000	0.00000000	0.00000000	0.00000000	1.00011504	1.00014639	0.99954516	1.00139546
0.26214400	0.00000000	0.00000000	0.00000000	0.00000000	1.00141168	0.99832827	1.00003660	0.99939609
0.28835839	0.00000000	0.00000000	0.00000000	0.00000000	0.99863994	1.00192475	0.99927032	0.99970984
0.31457281	0.00000000	0.00000000	0.00000000	0.00000000	0.99973005	1.00084627	1.00012600	0.99967873
0.34078720	0.00000000	0.00000000	0.00000000	0.00000000	0.99798757	1.00208986	0.99887478	1.00090444
0.36700159	0.00000000	0.00000000	0.00000000	0.00000000	1.00070822	0.99916750	1.00036883	1.00039160
0.39321601	0.00000000	0.00000000	0.00000000	0.00000000	0.99794197	0.99957752	0.99942952	0.99996114
0.41943040	0.00000000	0.00000000	0.00000000	0.00000000	0.99895519	1.00005639	1.00004327	0.99931997
0.47185919	0.00000000	0.00000000	0.00000000	0.00000000	0.99887091	1.00027943	0.99995774	0.99997050
0.52428800	0.00000000	0.00000000	0.00000000	0.00000000	1.00085604	0.99973601	0.99980205	0.99951786
0.57671678	0.00000000	0.00000000	0.00000000	0.00000000	0.99886459	0.99932587	1.00019586	0.99987566
0.62914562	0.00000000	0.00000000	0.00000000	0.00000000	0.99932826	1.00190413	1.00031030	1.00019073
0.68157440	0.00000000	0.00000000	0.00000000	0.00000000	1.00164998	0.99998838	1.00080812	1.00087023
0.73400319	0.00000000	0.00000000	0.00000000	0.00000000	1.00035906	1.00010598	0.99918789	1.00012898
0.78643203	0.00000000	0.00000000	0.00000000	0.00000000	1.00120163	0.99990469	1.00003159	0.99994791
0.83886081	0.00000000	0.00000000	0.00000000	0.00000000	1.00106740	1.00078869	0.99922150	0.99906111
0.94371837	0.00000000	0.00000000	0.00000000	0.00000000	0.99950331	1.00107241	1.00042844	0.99973255
1.04857600	0.00000000	0.00000000	0.00000000	0.00000000	0.99896502	0.99932140	1.00031328	1.00033998
1.15343356	0.00000000	0.00000000	0.00000000	0.00000000	0.99878180	1.00003862	0.99994546	0.99994147
1.25829124	0.00000000	0.00000000	0.00000000	0.00000000	0.99909788	1.00006747	1.00007057	0.99977082
1.36314881	0.00000000	0.00000000	0.00000000	0.00000000	1.00008392	0.99921513	0.99991107	1.00044465
1.46800637	0.00000000	0.00000000	0.00000000	0.00000000	1.00064349	1.00083661	0.99970448	1.00004697
1.57286406	0.00000000	0.00000000	0.00000000	0.00000000	1.00034308	0.99986023	1.00010729	0.99874634
1.67772162	0.00000000	0.00000000	0.00000000	0.00000000	0.99873519	0.99995494	1.00000715	0.99989396
1.88743675	0.00000000	0.00000000	0.00000000	0.00000000	0.00000000	0.00000000	0.00000000	0.00000000
2.09715199	0.00000000	0.00000000	0.00000000	0.00000000	0.00000000	0.00000000	0.00000000	0.00000000
2.30686712	0.00000000	0.00000000	0.00000000	0.00000000	0.00000000	0.00000000	0.00000000	0.00000000
2.51658249	0.00000000	0.00000000	0.00000000	0.00000000	0.00000000	0.00000000	0.00000000	0.00000000
2.72629762	0.00000000	0.00000000	0.00000000	0.00000000	0.00000000	0.00000000	0.00000000	0.00000000
2.93601274	0.00000000	0.00000000	0.00000000	0.00000000	0.00000000	0.00000000	0.00000000	0.00000000
3.14572811	0.00000000	0.00000000	0.00000000	0.00000000	0.00000000	0.00000000	0.00000000	0.00000000
3.35544324	0.00000000	0.00000000	0.00000000	0.00000000	0.00000000	0.00000000	0.00000000	0.00000000
3.77487350	0.00000000	0.00000000	0.00000000	0.00000000	0.00000000	0.00000000	0.00000000	0.00000000
4.19430399	0.00000000	0.00000000	0.00000000	0.00000000	0.00000000	0.00000000	0.00000000	0.00000000
4.61373425	0.00000000	0.00000000	0.00000000	0.00000000	0.00000000	0.00000000	0.00000000	0.00000000
5.03316498	0.00000000	0.00000000	0.00000000	0.00000000	0.00000000	0.00000000	0.00000000	0.00000000
5.45259523	0.00000000	0.00000000	0.00000000	0.00000000	0.00000000	0.00000000	0.00000000	0.00000000
5.87202549	0.00000000	0.00000000	0.00000000	0.00000000	0.00000000	0.00000000	0.00000000	0.00000000
6.29145622	0.00000000	0.00000000	0.00000000	0.00000000	0.00000000	0.00000000	0.00000000	0.00000000
6.71088648	0.00000000	0.00000000	0.00000000	0.00000000	0.00000000	0.00000000	0.00000000	0.00000000
7.54974699	0.00000000	0.00000000	0.00000000	0.00000000	0.00000000	0.00000000	0.00000000	0.00000000
8.38860798	0.00000000	0.00000000	0.00000000	0.00000000	0.00000000	0.00000000	0.00000000	0.00000000
9.22746849	0.00000000	0.00000000	0.00000000	0.00000000	0.00000000	0.00000000	0.00000000	0.00000000
10.06632996	0.00000000	0.00000000	0.00000000	0.00000000	0.00000000	0.00000000	0.00000000	0.00000000
10.90519047	0.00000000	0.00000000	0.00000000	0.00000000	0.00000000	0.00000000	0.00000000	0.00000000
11.74405098	0.00000000	0.00000000	0.00000000	0.00000000	0.00000000	0.00000000	0.00000000	0.00000000
12.58291245	0.00000000	0.00000000	0.00000000	0.00000000	0.00000000	0.00000000	0.00000000	0.00000000
13.42177296	0.00000000	0.00000000	0.00000000	0.00000000	0.00000000	0.00000000	0.00000000	0.00000000
15.09949398	0.00000000	0.00000000	0.00000000	0.00000000	0.00000000	0.00000000	0.00000000	0.00000000
16.77721596	0.00000000	0.00000000	0.00000000	0.00000000	0.00000000	0.00000000	0.00000000	0.00000000
18.45493698	0.00000000	0.00000000	0.00000000	0.00000000	0.00000000	0.00000000	0.00000000	0.00000000
20.13265991	0.00000000	0.00000000	0.00000000	0.00000000	0.00000000	0.00000000	0.00000000	0.00000000
21.81038094	0.00000000	0.00000000	0.00000000	0.00000000	0.00000000	0.00000000	0.00000000	0.00000000
23.48810196	0.00000000	0.00000000	0.00000000	0.00000000	0.00000000	0.00000000	0.00000000	0.00000000
25.16582489	0.00000000	0.00000000	0.00000000	0.00000000	0.00000000	0.00000000	0.00000000	0.00000000
26.84354591	0.00000000	0.00000000	0.00000000	0.00000000	0.00000000	0.00000000	0.00000000	0.00000000
30.19898796	0.00000000	0.00000000	0.00000000	0.00000000	0.00000000	0.00000000	0.00000000	0.00000000
33.55443192	0.00000000	0.00000000	0.00000000	0.00000000	0.00000000	0.00000000	0.00000000	0.00000000
36.90987396	0.00000000	0.00000000	0.00000000	0.00000000	0.00000000	0.00000000	0.00000000	0.00000000
40.26531982	0.00000000	0.00000000	0.00000000	0.00000000	0.00000000	0.00000000	0.00000000	0.00000000
43.62076187	0.00000000	0.00000000	0.00000000	0.00000000	0.00000000	0.00000000	0.00000000	0.00000000
46.97620392	0.00000000	0.00000000	0.00000000	0.00000000	0.00000000	0.00000000	0.00000000	0.00000000
50.33164978	0.00000000	0.00000000	0.00000000	0.00000000	0.00000000	0.00000000	0.00000000	0.00000000
53.68709183	0.00000000	0.00000000	0.00000000	0.00000000	0.00000000	0.00000000	0.00000000	0.00000000
60.39797592	0.00000000	0.00000000	0.00000000	0.00000000	0.00000000	0.00000000	0.00000000	0.00000000
67.10886383	0.00000000	0.00000000	0.00000000	0.00000000	0.00000000	0.00000000	0.00000000	0.00000000
73.81974792	0.00000000	0.00000000	0.00000000	0.00000000	0.00000000	0.00000000	0.00000000	0.00000000
80.53063965	0.00000000	0.00000000	0.00000000	0.00000000	0.00000000	0.00000000	0.00000000	0.00000000
87.24152374	0.00000000	0.00000000	0.00000000	0.00000000	0.00000000	0.00000000	0.00000000	0.00000000
93.95240784	0.00000000	0.00000000	0.00000000	0.00000000	0.00000000	0.00000000	0.00000000	0.00000000
100.66329956	0.00000000	0.00000000	0.00000000	0.00000000	0.00000000	0.00000000	0.00000000	0.00000000
107.37418365	0.00000000	0.00000000	0.00000000	0.00000000	0.00000000	0.00000000	0.00000000	0.00000000
120.79595184	0.00000000	0.00000000	0.00000000	0.00000000	0.00000000	0.00000000	0.00000000	0.00000000
134.21772766	0.00000000	0.00000000	0.00000000	0.00000000	0.00000000	0.00000000	0.00000000	0.00000000
147.63949585	0.00000000	0.00000000	0.00000000	0.00000000	0.00000000	0.00000000	0.00000000	0.00000000
161.06127930	0.00000000	0.00000000	0.00000000	0.00000000	0.00000000	0.00000000	0.00000000	0.00000000
174.48304749	0.00000000	0.00000000	0.00000000	0.00000000	0.00000000	0.00000000	0.00000000	0.00000000
187.90481567	0.00000000	0.00000000	0.00000000	0.00000000	0.00000000	0.00000000	0.00000000	0.00000000
201.32659912	0.00000000	0.00000000	0.00000000	0.00000000	0.00000000	0.00000000	0.00000000	0.00000000
214.74836731	0.00000000	0.00000000	0.00000000	0.00000000	0.00000000	0.00000000	0.00000000	0.00000000
241.59190369	0.00000000	0.00000000	0.00000000	0.00000000	0.00000000	0.00000000	0.00000000	0.00000000
268.43545532	0.00000000	0.00000000	0.00000000	0.00000000	0.00000000	0.00000000	0.00000000	0.00000000
295.27899170	0.00000000	0.00000000	0.00000000	0.00000000	0.00000000	0.00000000	0.00000000	0.00000000
322.12255859	0.00000000	0.00000000	0.00000000	0.00000000	0.00000000	0.00000000	0.00000000	0.00000000
348.96609497	0.00000000	0.00000000	0.00000000	0.00000000	0.00000000	0.00000000	0.00000000	0.00000000
375.80963135	0.00000000	0.00000000	0.00000000	0.00000000	0.00000000	0.00000000	0.00000000	0.00000000
402.65319824	0.00000000	0.00000000	0.00000000	0.00000000	0.00000000	0.00000000	0.00000000	0.00000000
429.49673462	0.00000000	0.00000000	0.00000000	0.00000000	0.00000000	0.00000000	0.00000000	0.00000000
483.18380737	0.00000000	0.00000000	0.00000000	0.00000000	0.00000000	0.00000000	0.00000000	0.00000000
536.87091064	0.00000000	0.00000000	0.00000000	0.00000000	0.00000000	0.00000000	0.00000000	0.00000000
590.55798340	0.00000000	0.00000000	0.00000000	0.00000000	0.00000000	0.00000000	0.00000000	0.00000000
644.24511719	0.00000000	0.00000000	0.00000000	0.00000000	0.00000000	0.00000000	0.00000000	0.00000000
697.93218994	0.00000000	0.00000000	0.00000000	0.00000000	0.00000000	0.00000000	0.00000000	0.00000000
751.61926270	0.00000000	0.00000000	0.00000000	0.00000000	0.00000000	0.00000000	0.00000000	0.00000000
805.30639648	0.00000000	0.00000000	0.00000000	0.00000000	0.00000000	0.00000000	0.00000000	0.00000000
858.99346924	0.00000000	0.00000000	0.00000000	0.00000000	0.00000000	0.00000000	0.00000000	0.00000000
966.36761475	0.00000000	0.00000000	0.00000000	0.00000000	0.00000000	0.00000000	0.00000000	0.00000000
1073.74182129	0.00000000	0.00000000	0.00000000	0.00000000	0.00000000	0.00000000	0.00000000	0.00000000
1181.11596680	0.00000000	0.00000000	0.00000000	0.00000000	0.00000000	0.00000000	0.00000000	0.00000000
1288.49023437	0.00000000	0.00000000	0.00000000	0.00000000	0.00000000	0.00000000	0.00000000	0.00000000
1395.86437988	0.00000000	0.00000000	0.00000000	0.00000000	0.00000000	0.00000000	0.00000000	0.00000000
1503.23852539	0.00000000	0.00000000	0.00000000	0.00000000	0.00000000	0.00000000	0.00000000	0.00000000
1610.61279297	0.00000000	0.00000000	0.00000000	0.00000000	0.00000000	0.00000000	0.00000000	0.00000000
1717.98693848	0.00000000	0.00000000	0.00000000	0.00000000	0.00000000	0.00000000	0.00000000	0.00000000
1932.73522949	0.00000000	0.00000000	0.00000000	0.00000000	0.00000000	0.00000000	0.00000000	0.00000000
2147.48364258	0.00000000	0.00000000	0.00000000	0.00000000	0.00000000	0.00000000	0.00000000	0.00000000
2362.23193359	0.00000000	0.00000000	0.00000000	0.00000000	0.00000000	0.00000000	0.00000000	0.00000000
2576.98046875	0.00000000	0.00000000	0.00000000	0.00000000	0.00000000	0.00000000	0.00000000	0.00000000
2791.72875977	0.00000000	0.00000000	0.00000000	0.00000000	0.00000000	0.00000000	0.00000000	0.00000000
3006.47705078	0.00000000	0.00000000	0.00000000	0.00000000	0.00000000	0.00000000	0.00000000	0.00000000
3221.22558594	0.00000000	0.00000000	0.00000000	0.00000000	0.00000000	0.00000000	0.00000000	0.00000000
3435.97387695	0.00000000	0.00000000	0.00000000	0.00000000	0.00000000	0.00000000	0.00000000	0.00000000
0	0	0	0	0	0	0	0	0
