%3/28/2019 10:10:13 PM
%Duration	ID1		ID2		ID3		ID4		ID5		ID6		ID7		ID8
3000.000000	0.000000	0.000000	0.000000	0.000000	242.004395	232.734680	107.460022	29.144287
%Tau		Tau1		Tau2		Tau3		Tau4		Tau5		Tau6		Tau7		Tau8
%		0.000000	0.000000	0.000000	0.000000	0.000307	0.000230	0.000154	0.000096
%Delaytime	D1		D2		D3		D4		D5		D6		D7		D8
0.00000020	0.00000000	0.00000000	0.00000000	0.00000000	1.65709817	1.78059876	2.40222073	2.51821971
0.00000040	0.00000000	0.00000000	0.00000000	0.00000000	1.55417132	1.51752806	1.55852139	1.59004235
0.00000060	0.00000000	0.00000000	0.00000000	0.00000000	1.49478126	1.47271955	1.50653994	1.62920594
0.00000080	0.00000000	0.00000000	0.00000000	0.00000000	1.49778378	1.48678184	1.47608924	1.49996603
0.00000100	0.00000000	0.00000000	0.00000000	0.00000000	1.48763514	1.46956158	1.48439395	1.60570776
0.00000120	0.00000000	0.00000000	0.00000000	0.00000000	1.48817563	1.47182584	1.48746979	1.53912961
0.00000140	0.00000000	0.00000000	0.00000000	0.00000000	1.49279952	1.47861862	1.50469446	1.31589711
0.00000160	0.00000000	0.00000000	0.00000000	0.00000000	1.48547339	1.47486472	1.47947264	1.47646785
0.00000180	0.00000000	0.00000000	0.00000000	0.00000000	1.49418068	1.47861862	1.46347833	1.46863520
0.00000200	0.00000000	0.00000000	0.00000000	0.00000000	1.49406064	1.47033620	1.48070300	1.39030790
0.00000220	0.00000000	0.00000000	0.00000000	0.00000000	1.48319149	1.47867811	1.52345693	1.49213338
0.00000240	0.00000000	0.00000000	0.00000000	0.00000000	1.48439240	1.46926367	1.48131812	1.50388241
0.00000260	0.00000000	0.00000000	0.00000000	0.00000000	1.46595693	1.46509266	1.49761999	1.64095497
0.00000280	0.00000000	0.00000000	0.00000000	0.00000000	1.49087787	1.47027659	1.52991617	1.47255147
0.00000300	0.00000000	0.00000000	0.00000000	0.00000000	1.48325145	1.46068323	1.48931527	1.57829320
0.00000320	0.00000000	0.00000000	0.00000000	0.00000000	1.48331153	1.45746565	1.47854996	1.43338788
0.00000360	0.00000000	0.00000000	0.00000000	0.00000000	1.48060930	1.46869755	1.51915085	1.42359698
0.00000400	0.00000000	0.00000000	0.00000000	0.00000000	1.49496138	1.46750581	1.48285604	1.35114431
0.00000440	0.00000000	0.00000000	0.00000000	0.00000000	1.48214054	1.46661210	1.43487322	1.48430061
0.00000480	0.00000000	0.00000000	0.00000000	0.00000000	1.47445405	1.46941257	1.48547053	1.50388241
0.00000520	0.00000000	0.00000000	0.00000000	0.00000000	1.49135828	1.46294749	1.48408639	1.45296967
0.00000560	0.00000000	0.00000000	0.00000000	0.00000000	1.48286116	1.47423899	1.47839606	1.38443339
0.00000600	0.00000000	0.00000000	0.00000000	0.00000000	1.49216902	1.45749545	1.44656134	1.35114431
0.00000640	0.00000000	0.00000000	0.00000000	0.00000000	1.48841584	1.46768463	1.49562073	1.49996603
0.00000720	0.00000000	0.00000000	0.00000000	0.00000000	1.48214054	1.46588218	1.47062969	1.48821700
0.00000800	0.00000000	0.00000000	0.00000000	0.00000000	1.47678101	1.46772933	1.48616254	1.45003247
0.00000880	0.00000000	0.00000000	0.00000000	0.00000000	1.46628714	1.45886588	1.46324766	1.47157240
0.00000960	0.00000000	0.00000000	0.00000000	0.00000000	1.47613549	1.45774865	1.46417046	1.44513702
0.00001040	0.00000000	0.00000000	0.00000000	0.00000000	1.48184025	1.45590150	1.48700845	1.38737071
0.00001120	0.00000000	0.00000000	0.00000000	0.00000000	1.48009884	1.46105564	1.45901835	1.41380608
0.00001200	0.00000000	0.00000000	0.00000000	0.00000000	1.47251737	1.44933224	1.44763780	1.36191440
0.00001280	0.00000000	0.00000000	0.00000000	0.00000000	1.47121131	1.45202851	1.45071363	1.38737071
0.00001440	0.00000000	0.00000000	0.00000000	0.00000000	1.46949983	1.45120168	1.45855701	1.42996109
0.00001600	0.00000000	0.00000000	0.00000000	0.00000000	1.47207451	1.44684446	1.44329321	1.40793157
0.00001760	0.00000000	0.00000000	0.00000000	0.00000000	1.46154320	1.45056117	1.43537295	1.40891063
0.00001920	0.00000000	0.00000000	0.00000000	0.00000000	1.46412539	1.43632019	1.43925619	1.44660568
0.00002080	0.00000000	0.00000000	0.00000000	0.00000000	1.46080756	1.43822694	1.43298924	1.39960933
0.00002240	0.00000000	0.00000000	0.00000000	0.00000000	1.45682168	1.43728840	1.42068589	1.39863026
0.00002400	0.00000000	0.00000000	0.00000000	0.00000000	1.46035719	1.42947531	1.40834415	1.44415796
0.00002560	0.00000000	0.00000000	0.00000000	0.00000000	1.45147717	1.42852187	1.41464961	1.40695250
0.00002880	0.00000000	0.00000000	0.00000000	0.00000000	1.44861984	1.42681479	1.41358101	1.39975333
0.00003200	0.00000000	0.00000000	0.00000000	0.00000000	1.44910848	1.41680121	1.40466487	1.36976385
0.00003520	0.00000000	0.00000000	0.00000000	0.00000000	1.44397032	1.41244900	1.39656162	1.36415601
0.00003840	0.00000000	0.00000000	0.00000000	0.00000000	1.44275343	1.40895414	1.38918984	1.33002162
0.00004160	0.00000000	0.00000000	0.00000000	0.00000000	1.43870449	1.40163386	1.36555386	1.34367537
0.00004480	0.00000000	0.00000000	0.00000000	0.00000000	1.43527532	1.39864731	1.37052417	1.33636093
0.00004800	0.00000000	0.00000000	0.00000000	0.00000000	1.42939734	1.39401615	1.37011993	1.34099340
0.00005120	0.00000000	0.00000000	0.00000000	0.00000000	1.42238867	1.39068592	1.36014974	1.34221244
0.00005760	0.00000000	0.00000000	0.00000000	0.00000000	1.41876709	1.37560213	1.34625304	1.31645846
0.00006400	0.00000000	0.00000000	0.00000000	0.00000000	1.41022944	1.36924171	1.33485460	1.32304251
0.00007040	0.00000000	0.00000000	0.00000000	0.00000000	1.40390527	1.35776520	1.32436669	1.29792535
0.00007680	0.00000000	0.00000000	0.00000000	0.00000000	1.39246356	1.34830415	1.30981994	1.26256621
0.00008320	0.00000000	0.00000000	0.00000000	0.00000000	1.39152408	1.33853126	1.29982328	1.26488280
0.00008960	0.00000000	0.00000000	0.00000000	0.00000000	1.38266551	1.33083165	1.28754401	1.25122690
0.00009600	0.00000000	0.00000000	0.00000000	0.00000000	1.37401712	1.32329655	1.27661729	1.22501230
0.00010240	0.00000000	0.00000000	0.00000000	0.00000000	1.37119555	1.31392527	1.26420319	1.22745085
0.00011520	0.00000000	0.00000000	0.00000000	0.00000000	1.35550213	1.29378438	1.24879837	1.19364691
0.00012800	0.00000000	0.00000000	0.00000000	0.00000000	1.34398782	1.28037298	1.22774470	1.18596089
0.00014080	0.00000000	0.00000000	0.00000000	0.00000000	1.33399320	1.26388824	1.21133614	1.17893231
0.00015360	0.00000000	0.00000000	0.00000000	0.00000000	1.31948531	1.24925029	1.19516921	1.15250635
0.00016640	0.00000000	0.00000000	0.00000000	0.00000000	1.30836403	1.23764718	1.18105555	1.14079463
0.00017920	0.00000000	0.00000000	0.00000000	0.00000000	1.29779422	1.22491109	1.16559255	1.12944889
0.00019200	0.00000000	0.00000000	0.00000000	0.00000000	1.28783512	1.21039152	1.15538716	1.11436939
0.00020480	0.00000000	0.00000000	0.00000000	0.00000000	1.27572131	1.19870245	1.14368403	1.09527707
0.00023040	0.00000000	0.00000000	0.00000000	0.00000000	1.25441766	1.17650974	1.12371421	1.08584166
0.00025600	0.00000000	0.00000000	0.00000000	0.00000000	1.23511541	1.15745068	1.10549247	1.07402503
0.00028160	0.00000000	0.00000000	0.00000000	0.00000000	1.21440780	1.14074075	1.08915889	1.06943274
0.00030720	0.00000000	0.00000000	0.00000000	0.00000000	1.19785559	1.12527025	1.07567418	1.04285657
0.00033280	0.00000000	0.00000000	0.00000000	0.00000000	1.17999744	1.11250365	1.06566989	1.03073490
0.00035840	0.00000000	0.00000000	0.00000000	0.00000000	1.16466343	1.09691560	1.05753207	1.02388370
0.00038400	0.00000000	0.00000000	0.00000000	0.00000000	1.14900100	1.08595455	1.05000389	1.02326620
0.00040960	0.00000000	0.00000000	0.00000000	0.00000000	1.13675237	1.07469738	1.04002583	1.02093387
0.00046080	0.00000000	0.00000000	0.00000000	0.00000000	1.11342049	1.05791533	1.03147376	1.01100326
0.00051200	0.00000000	0.00000000	0.00000000	0.00000000	1.09479666	1.04421163	1.02309895	1.00710773
0.00056320	0.00000000	0.00000000	0.00000000	0.00000000	1.07732868	1.03365076	1.01819086	0.99998838
0.00061440	0.00000000	0.00000000	0.00000000	0.00000000	1.06385231	1.02443135	1.01246572	0.99218678
0.00066560	0.00000000	0.00000000	0.00000000	0.00000000	1.05234671	1.01959825	1.00666153	0.99658877
0.00071680	0.00000000	0.00000000	0.00000000	0.00000000	1.04426110	1.01404607	1.00063205	0.99044889
0.00076800	0.00000000	0.00000000	0.00000000	0.00000000	1.03561330	1.01115882	1.00120974	1.00150132
0.00081920	0.00000000	0.00000000	0.00000000	0.00000000	1.02877128	1.00862122	0.99736691	1.00087631
0.00092160	0.00000000	0.00000000	0.00000000	0.00000000	1.01793933	1.00512815	0.99756879	1.00229621
0.00102400	0.00000000	0.00000000	0.00000000	0.00000000	1.01045859	1.00493169	0.99862701	1.00896156
0.00112640	0.00000000	0.00000000	0.00000000	0.00000000	1.00457132	1.00093782	0.99934500	0.99920201
0.00122880	0.00000000	0.00000000	0.00000000	0.00000000	1.00128806	0.99819523	0.99843979	1.00652277
0.00133120	0.00000000	0.00000000	0.00000000	0.00000000	1.00093794	0.99901116	0.99786592	1.00316906
0.00143360	0.00000000	0.00000000	0.00000000	0.00000000	1.00127375	0.99927378	0.99773365	1.00205219
0.00153600	0.00000000	0.00000000	0.00000000	0.00000000	1.00027108	0.99758548	0.99752873	0.99831766
0.00163840	0.00000000	0.00000000	0.00000000	0.00000000	0.99895841	0.99630380	0.99830866	1.00133944
0.00184320	0.00000000	0.00000000	0.00000000	0.00000000	0.99476582	0.99777108	0.99617898	0.99800014
0.00204800	0.00000000	0.00000000	0.00000000	0.00000000	0.99309343	0.99981260	0.99982792	1.00103688
0.00225280	0.00000000	0.00000000	0.00000000	0.00000000	0.99553818	1.00258338	1.00140417	1.00136447
0.00245760	0.00000000	0.00000000	0.00000000	0.00000000	0.99923426	1.00289607	1.00065601	1.00012982
0.00266240	0.00000000	0.00000000	0.00000000	0.00000000	0.99842602	1.00024366	0.99939609	0.99847627
0.00286720	0.00000000	0.00000000	0.00000000	0.00000000	0.99930859	0.99943060	0.99474108	1.00099468
0.00307200	0.00000000	0.00000000	0.00000000	0.00000000	0.99851835	1.00081861	0.99608773	0.99702495
0.00327680	0.00000000	0.00000000	0.00000000	0.00000000	0.99792457	0.99944913	1.00205731	1.00201941
0.00368640	0.00000000	0.00000000	0.00000000	0.00000000	0.99920541	0.99963897	1.00006056	0.99429387
0.00409600	0.00000000	0.00000000	0.00000000	0.00000000	0.99986261	0.99833167	0.99762881	0.99567997
0.00450560	0.00000000	0.00000000	0.00000000	0.00000000	1.00211728	1.00176144	1.00146282	1.00058985
0.00491520	0.00000000	0.00000000	0.00000000	0.00000000	1.00339341	1.00126994	1.00291336	1.00352526
0.00532480	0.00000000	0.00000000	0.00000000	0.00000000	1.00037634	1.00326228	0.99950856	1.00357604
0.00573440	0.00000000	0.00000000	0.00000000	0.00000000	1.00060177	1.00401759	0.99959850	1.00041807
0.00614400	0.00000000	0.00000000	0.00000000	0.00000000	0.99805427	1.00306356	1.00045061	0.99708879
0.00655360	0.00000000	0.00000000	0.00000000	0.00000000	1.00260305	1.00348628	0.99979508	1.00104928
0.00737280	0.00000000	0.00000000	0.00000000	0.00000000	0.99838692	0.99756300	0.99758130	0.99497497
0.00819200	0.00000000	0.00000000	0.00000000	0.00000000	0.99801844	0.99663407	0.99697274	0.99615949
0.00901120	0.00000000	0.00000000	0.00000000	0.00000000	0.99987382	0.99777329	1.00076461	0.99728435
0.00983040	0.00000000	0.00000000	0.00000000	0.00000000	1.00485981	1.00159407	1.00265789	1.00000882
0.01064960	0.00000000	0.00000000	0.00000000	0.00000000	1.00330055	1.00035858	1.00139081	1.00153589
0.01146880	0.00000000	0.00000000	0.00000000	0.00000000	1.00335360	0.99971819	0.99785113	1.00045872
0.01228800	0.00000000	0.00000000	0.00000000	0.00000000	1.00308919	1.00258493	0.99849212	1.00050199
0.01310720	0.00000000	0.00000000	0.00000000	0.00000000	0.99845737	0.99932820	0.99878049	0.99882132
0.01474560	0.00000000	0.00000000	0.00000000	0.00000000	1.00017762	0.99764931	0.99952018	1.00007248
0.01638400	0.00000000	0.00000000	0.00000000	0.00000000	1.00154543	0.99813110	0.99756187	1.00012589
0.01802240	0.00000000	0.00000000	0.00000000	0.00000000	0.99922234	1.00067496	1.00278044	0.99726772
0.01966080	0.00000000	0.00000000	0.00000000	0.00000000	0.99838358	0.99719042	1.00305057	0.99974489
0.02129920	0.00000000	0.00000000	0.00000000	0.00000000	0.99917310	0.99599582	0.99767137	0.99974024
0.02293760	0.00000000	0.00000000	0.00000000	0.00000000	1.00199044	0.99974471	1.00007832	0.99830818
0.02457600	0.00000000	0.00000000	0.00000000	0.00000000	0.99848640	0.99984288	0.99835777	1.00349092
0.02621440	0.00000000	0.00000000	0.00000000	0.00000000	1.00202680	0.99949437	0.99834770	1.00264215
0.02949120	0.00000000	0.00000000	0.00000000	0.00000000	1.00143647	0.99921513	1.00207138	0.99926090
0.03276800	0.00000000	0.00000000	0.00000000	0.00000000	1.00032401	1.00066650	0.99841464	0.99884367
0.03604480	0.00000000	0.00000000	0.00000000	0.00000000	1.00051618	0.99890864	1.00102699	1.00139904
0.03932160	0.00000000	0.00000000	0.00000000	0.00000000	0.99880445	1.00031602	0.99941236	1.00222635
0.04259840	0.00000000	0.00000000	0.00000000	0.00000000	0.99961597	1.00195658	0.99830484	1.00052059
0.04587520	0.00000000	0.00000000	0.00000000	0.00000000	0.99735707	0.99984694	0.99910682	1.00030684
0.04915200	0.00000000	0.00000000	0.00000000	0.00000000	0.99933642	0.99942714	1.00286055	1.00084960
0.05242880	0.00000000	0.00000000	0.00000000	0.00000000	0.99661756	0.99967903	0.99857759	1.00369251
0.05898240	0.00000000	0.00000000	0.00000000	0.00000000	0.99744356	0.99943095	0.99935180	0.99975878
0.06553600	0.00000000	0.00000000	0.00000000	0.00000000	1.00150037	1.00091946	0.99931723	1.00028443
0.07208960	0.00000000	0.00000000	0.00000000	0.00000000	0.99872881	0.99945849	0.99987102	0.99998021
0.07864320	0.00000000	0.00000000	0.00000000	0.00000000	1.00047719	1.00049162	1.00120926	1.00148427
0.08519680	0.00000000	0.00000000	0.00000000	0.00000000	0.99779612	0.99906927	0.99962193	1.00016975
0.09175040	0.00000000	0.00000000	0.00000000	0.00000000	0.99878711	1.00123096	1.00007939	1.00012171
0.09830400	0.00000000	0.00000000	0.00000000	0.00000000	0.99744052	0.99920249	1.00114059	0.99951488
0.10485760	0.00000000	0.00000000	0.00000000	0.00000000	1.00412154	1.00244176	0.99995583	1.00121379
0.11796480	0.00000000	0.00000000	0.00000000	0.00000000	1.00137615	0.99962527	0.99898881	1.00071704
0.13107200	0.00000000	0.00000000	0.00000000	0.00000000	0.99825382	1.00068879	0.99987692	1.00000024
0.14417920	0.00000000	0.00000000	0.00000000	0.00000000	0.99986345	1.00003588	0.99996209	0.99977070
0.15728641	0.00000000	0.00000000	0.00000000	0.00000000	0.99870652	1.00070977	0.99978423	0.99977320
0.17039360	0.00000000	0.00000000	0.00000000	0.00000000	0.99845296	1.00075459	1.00036120	1.00146329
0.18350080	0.00000000	0.00000000	0.00000000	0.00000000	1.00026393	0.99988294	1.00042868	0.99968594
0.19660801	0.00000000	0.00000000	0.00000000	0.00000000	0.99804437	1.00062537	1.00102615	0.99956721
0.20971520	0.00000000	0.00000000	0.00000000	0.00000000	1.00061929	0.99960107	1.00060618	1.00123978
0.23592959	0.00000000	0.00000000	0.00000000	0.00000000	1.00102735	1.00005209	0.99967980	0.99943984
0.26214400	0.00000000	0.00000000	0.00000000	0.00000000	0.99998111	1.00062692	0.99948692	0.99974090
0.28835839	0.00000000	0.00000000	0.00000000	0.00000000	0.99936616	0.99948674	0.99987978	1.00009453
0.31457281	0.00000000	0.00000000	0.00000000	0.00000000	1.00011516	0.99986440	0.99938726	0.99970859
0.34078720	0.00000000	0.00000000	0.00000000	0.00000000	0.99949145	1.00031447	0.99910706	0.99959415
0.36700159	0.00000000	0.00000000	0.00000000	0.00000000	1.00029337	0.99969226	1.00006580	0.99974018
0.39321601	0.00000000	0.00000000	0.00000000	0.00000000	1.00134969	0.99954182	1.00045478	0.99929446
0.41943040	0.00000000	0.00000000	0.00000000	0.00000000	0.99856919	0.99974489	1.00031376	0.99922895
0.47185919	0.00000000	0.00000000	0.00000000	0.00000000	1.00058436	0.99995905	0.99927706	0.99985588
0.52428800	0.00000000	0.00000000	0.00000000	0.00000000	0.99939293	0.99969119	0.99959373	0.99974048
0.57671678	0.00000000	0.00000000	0.00000000	0.00000000	1.00041676	0.99956298	0.99994433	1.00073600
0.62914562	0.00000000	0.00000000	0.00000000	0.00000000	1.00019503	0.99937749	1.00008965	0.99999821
0.68157440	0.00000000	0.00000000	0.00000000	0.00000000	0.99982524	1.00003219	0.99982703	0.99968809
0.73400319	0.00000000	0.00000000	0.00000000	0.00000000	0.99941379	1.00004363	1.00036120	0.99968582
0.78643203	0.00000000	0.00000000	0.00000000	0.00000000	0.99945706	1.00014246	0.99995041	1.00035369
0.83886081	0.00000000	0.00000000	0.00000000	0.00000000	1.00015008	1.00033164	1.00035429	0.99974447
0.94371837	0.00000000	0.00000000	0.00000000	0.00000000	1.00061285	1.00016582	1.00002110	1.00001144
1.04857600	0.00000000	0.00000000	0.00000000	0.00000000	0.99939770	1.00010490	0.99996030	1.00006843
1.15343356	0.00000000	0.00000000	0.00000000	0.00000000	0.99972010	1.00001431	0.99993140	0.99996364
1.25829124	0.00000000	0.00000000	0.00000000	0.00000000	0.99981421	0.99978423	0.99990577	0.99985927
1.36314881	0.00000000	0.00000000	0.00000000	0.00000000	1.00018907	0.99999613	1.00021636	1.00027311
1.46800637	0.00000000	0.00000000	0.00000000	0.00000000	1.00016010	0.99972492	0.99994135	1.00028491
1.57286406	0.00000000	0.00000000	0.00000000	0.00000000	1.00046957	0.99958879	1.00032687	1.00045407
1.67772162	0.00000000	0.00000000	0.00000000	0.00000000	0.99942583	0.99957186	0.99975252	1.00036836
1.88743675	0.00000000	0.00000000	0.00000000	0.00000000	1.00016558	1.00017977	0.99974459	1.00005412
2.09715199	0.00000000	0.00000000	0.00000000	0.00000000	0.99959874	1.00021291	0.99996495	0.99961799
2.30686712	0.00000000	0.00000000	0.00000000	0.00000000	1.00003755	1.00048470	1.00027895	0.99960244
2.51658249	0.00000000	0.00000000	0.00000000	0.00000000	0.99997801	0.99991506	1.00008857	1.00002229
2.72629762	0.00000000	0.00000000	0.00000000	0.00000000	0.99979043	0.99971086	0.99973053	1.00016117
2.93601274	0.00000000	0.00000000	0.00000000	0.00000000	0.99998909	0.99969721	1.00013328	1.00015020
3.14572811	0.00000000	0.00000000	0.00000000	0.00000000	1.00004256	1.00028777	1.00008130	1.00006592
3.35544324	0.00000000	0.00000000	0.00000000	0.00000000	1.00038946	0.99988037	0.99990636	1.00038230
3.77487350	0.00000000	0.00000000	0.00000000	0.00000000	1.00005686	0.99984998	0.99993980	0.99929595
4.19430399	0.00000000	0.00000000	0.00000000	0.00000000	1.00005031	1.00005400	0.99969137	1.00046182
4.61373425	0.00000000	0.00000000	0.00000000	0.00000000	0.99996477	0.99998909	0.99993140	0.99938875
5.03316498	0.00000000	0.00000000	0.00000000	0.00000000	1.00000000	1.00000000	1.00000000	1.00000000
5.45259523	0.00000000	0.00000000	0.00000000	0.00000000	0.00000000	0.00000000	0.00000000	0.00000000
5.87202549	0.00000000	0.00000000	0.00000000	0.00000000	0.00000000	0.00000000	0.00000000	0.00000000
6.29145622	0.00000000	0.00000000	0.00000000	0.00000000	0.00000000	0.00000000	0.00000000	0.00000000
6.71088648	0.00000000	0.00000000	0.00000000	0.00000000	0.00000000	0.00000000	0.00000000	0.00000000
7.54974699	0.00000000	0.00000000	0.00000000	0.00000000	0.00000000	0.00000000	0.00000000	0.00000000
8.38860798	0.00000000	0.00000000	0.00000000	0.00000000	0.00000000	0.00000000	0.00000000	0.00000000
9.22746849	0.00000000	0.00000000	0.00000000	0.00000000	0.00000000	0.00000000	0.00000000	0.00000000
10.06632996	0.00000000	0.00000000	0.00000000	0.00000000	0.00000000	0.00000000	0.00000000	0.00000000
10.90519047	0.00000000	0.00000000	0.00000000	0.00000000	0.00000000	0.00000000	0.00000000	0.00000000
11.74405098	0.00000000	0.00000000	0.00000000	0.00000000	0.00000000	0.00000000	0.00000000	0.00000000
12.58291245	0.00000000	0.00000000	0.00000000	0.00000000	0.00000000	0.00000000	0.00000000	0.00000000
13.42177296	0.00000000	0.00000000	0.00000000	0.00000000	0.00000000	0.00000000	0.00000000	0.00000000
15.09949398	0.00000000	0.00000000	0.00000000	0.00000000	0.00000000	0.00000000	0.00000000	0.00000000
16.77721596	0.00000000	0.00000000	0.00000000	0.00000000	0.00000000	0.00000000	0.00000000	0.00000000
18.45493698	0.00000000	0.00000000	0.00000000	0.00000000	0.00000000	0.00000000	0.00000000	0.00000000
20.13265991	0.00000000	0.00000000	0.00000000	0.00000000	0.00000000	0.00000000	0.00000000	0.00000000
21.81038094	0.00000000	0.00000000	0.00000000	0.00000000	0.00000000	0.00000000	0.00000000	0.00000000
23.48810196	0.00000000	0.00000000	0.00000000	0.00000000	0.00000000	0.00000000	0.00000000	0.00000000
25.16582489	0.00000000	0.00000000	0.00000000	0.00000000	0.00000000	0.00000000	0.00000000	0.00000000
26.84354591	0.00000000	0.00000000	0.00000000	0.00000000	0.00000000	0.00000000	0.00000000	0.00000000
30.19898796	0.00000000	0.00000000	0.00000000	0.00000000	0.00000000	0.00000000	0.00000000	0.00000000
33.55443192	0.00000000	0.00000000	0.00000000	0.00000000	0.00000000	0.00000000	0.00000000	0.00000000
36.90987396	0.00000000	0.00000000	0.00000000	0.00000000	0.00000000	0.00000000	0.00000000	0.00000000
40.26531982	0.00000000	0.00000000	0.00000000	0.00000000	0.00000000	0.00000000	0.00000000	0.00000000
43.62076187	0.00000000	0.00000000	0.00000000	0.00000000	0.00000000	0.00000000	0.00000000	0.00000000
46.97620392	0.00000000	0.00000000	0.00000000	0.00000000	0.00000000	0.00000000	0.00000000	0.00000000
50.33164978	0.00000000	0.00000000	0.00000000	0.00000000	0.00000000	0.00000000	0.00000000	0.00000000
53.68709183	0.00000000	0.00000000	0.00000000	0.00000000	0.00000000	0.00000000	0.00000000	0.00000000
60.39797592	0.00000000	0.00000000	0.00000000	0.00000000	0.00000000	0.00000000	0.00000000	0.00000000
67.10886383	0.00000000	0.00000000	0.00000000	0.00000000	0.00000000	0.00000000	0.00000000	0.00000000
73.81974792	0.00000000	0.00000000	0.00000000	0.00000000	0.00000000	0.00000000	0.00000000	0.00000000
80.53063965	0.00000000	0.00000000	0.00000000	0.00000000	0.00000000	0.00000000	0.00000000	0.00000000
87.24152374	0.00000000	0.00000000	0.00000000	0.00000000	0.00000000	0.00000000	0.00000000	0.00000000
93.95240784	0.00000000	0.00000000	0.00000000	0.00000000	0.00000000	0.00000000	0.00000000	0.00000000
100.66329956	0.00000000	0.00000000	0.00000000	0.00000000	0.00000000	0.00000000	0.00000000	0.00000000
107.37418365	0.00000000	0.00000000	0.00000000	0.00000000	0.00000000	0.00000000	0.00000000	0.00000000
120.79595184	0.00000000	0.00000000	0.00000000	0.00000000	0.00000000	0.00000000	0.00000000	0.00000000
134.21772766	0.00000000	0.00000000	0.00000000	0.00000000	0.00000000	0.00000000	0.00000000	0.00000000
147.63949585	0.00000000	0.00000000	0.00000000	0.00000000	0.00000000	0.00000000	0.00000000	0.00000000
161.06127930	0.00000000	0.00000000	0.00000000	0.00000000	0.00000000	0.00000000	0.00000000	0.00000000
174.48304749	0.00000000	0.00000000	0.00000000	0.00000000	0.00000000	0.00000000	0.00000000	0.00000000
187.90481567	0.00000000	0.00000000	0.00000000	0.00000000	0.00000000	0.00000000	0.00000000	0.00000000
201.32659912	0.00000000	0.00000000	0.00000000	0.00000000	0.00000000	0.00000000	0.00000000	0.00000000
214.74836731	0.00000000	0.00000000	0.00000000	0.00000000	0.00000000	0.00000000	0.00000000	0.00000000
241.59190369	0.00000000	0.00000000	0.00000000	0.00000000	0.00000000	0.00000000	0.00000000	0.00000000
268.43545532	0.00000000	0.00000000	0.00000000	0.00000000	0.00000000	0.00000000	0.00000000	0.00000000
295.27899170	0.00000000	0.00000000	0.00000000	0.00000000	0.00000000	0.00000000	0.00000000	0.00000000
322.12255859	0.00000000	0.00000000	0.00000000	0.00000000	0.00000000	0.00000000	0.00000000	0.00000000
348.96609497	0.00000000	0.00000000	0.00000000	0.00000000	0.00000000	0.00000000	0.00000000	0.00000000
375.80963135	0.00000000	0.00000000	0.00000000	0.00000000	0.00000000	0.00000000	0.00000000	0.00000000
402.65319824	0.00000000	0.00000000	0.00000000	0.00000000	0.00000000	0.00000000	0.00000000	0.00000000
429.49673462	0.00000000	0.00000000	0.00000000	0.00000000	0.00000000	0.00000000	0.00000000	0.00000000
483.18380737	0.00000000	0.00000000	0.00000000	0.00000000	0.00000000	0.00000000	0.00000000	0.00000000
536.87091064	0.00000000	0.00000000	0.00000000	0.00000000	0.00000000	0.00000000	0.00000000	0.00000000
590.55798340	0.00000000	0.00000000	0.00000000	0.00000000	0.00000000	0.00000000	0.00000000	0.00000000
644.24511719	0.00000000	0.00000000	0.00000000	0.00000000	0.00000000	0.00000000	0.00000000	0.00000000
697.93218994	0.00000000	0.00000000	0.00000000	0.00000000	0.00000000	0.00000000	0.00000000	0.00000000
751.61926270	0.00000000	0.00000000	0.00000000	0.00000000	0.00000000	0.00000000	0.00000000	0.00000000
805.30639648	0.00000000	0.00000000	0.00000000	0.00000000	0.00000000	0.00000000	0.00000000	0.00000000
858.99346924	0.00000000	0.00000000	0.00000000	0.00000000	0.00000000	0.00000000	0.00000000	0.00000000
966.36761475	0.00000000	0.00000000	0.00000000	0.00000000	0.00000000	0.00000000	0.00000000	0.00000000
1073.74182129	0.00000000	0.00000000	0.00000000	0.00000000	0.00000000	0.00000000	0.00000000	0.00000000
1181.11596680	0.00000000	0.00000000	0.00000000	0.00000000	0.00000000	0.00000000	0.00000000	0.00000000
1288.49023437	0.00000000	0.00000000	0.00000000	0.00000000	0.00000000	0.00000000	0.00000000	0.00000000
1395.86437988	0.00000000	0.00000000	0.00000000	0.00000000	0.00000000	0.00000000	0.00000000	0.00000000
1503.23852539	0.00000000	0.00000000	0.00000000	0.00000000	0.00000000	0.00000000	0.00000000	0.00000000
1610.61279297	0.00000000	0.00000000	0.00000000	0.00000000	0.00000000	0.00000000	0.00000000	0.00000000
1717.98693848	0.00000000	0.00000000	0.00000000	0.00000000	0.00000000	0.00000000	0.00000000	0.00000000
1932.73522949	0.00000000	0.00000000	0.00000000	0.00000000	0.00000000	0.00000000	0.00000000	0.00000000
2147.48364258	0.00000000	0.00000000	0.00000000	0.00000000	0.00000000	0.00000000	0.00000000	0.00000000
2362.23193359	0.00000000	0.00000000	0.00000000	0.00000000	0.00000000	0.00000000	0.00000000	0.00000000
2576.98046875	0.00000000	0.00000000	0.00000000	0.00000000	0.00000000	0.00000000	0.00000000	0.00000000
2791.72875977	0.00000000	0.00000000	0.00000000	0.00000000	0.00000000	0.00000000	0.00000000	0.00000000
3006.47705078	0.00000000	0.00000000	0.00000000	0.00000000	0.00000000	0.00000000	0.00000000	0.00000000
3221.22558594	0.00000000	0.00000000	0.00000000	0.00000000	0.00000000	0.00000000	0.00000000	0.00000000
3435.97387695	0.00000000	0.00000000	0.00000000	0.00000000	0.00000000	0.00000000	0.00000000	0.00000000
0	0	0	0	0	0	0	0	0
