%3/28/2019 10:59:18 PM
%Duration	ID1		ID2		ID3		ID4		ID5		ID6		ID7		ID8
1000.000000	0.000000	0.000000	0.000000	0.000000	240.278244	230.207443	106.563568	28.400421
%Tau		Tau1		Tau2		Tau3		Tau4		Tau5		Tau6		Tau7		Tau8
%		0.000000	0.000000	0.000000	0.000000	0.000307	0.000205	0.000154	0.000096
%Delaytime	D1		D2		D3		D4		D5		D6		D7		D8
0.00000020	0.00000000	0.00000000	0.00000000	0.00000000	1.65054572	1.77097380	2.37730789	2.30500555
0.00000040	0.00000000	0.00000000	0.00000000	0.00000000	1.55533278	1.51190436	1.62269700	1.64977551
0.00000060	0.00000000	0.00000000	0.00000000	0.00000000	1.51836765	1.48737812	1.50449347	1.57957232
0.00000080	0.00000000	0.00000000	0.00000000	0.00000000	1.46777403	1.51499283	1.42695200	1.50936913
0.00000100	0.00000000	0.00000000	0.00000000	0.00000000	1.49465775	1.50772583	1.38912690	1.63807499
0.00000120	0.00000000	0.00000000	0.00000000	0.00000000	1.49988508	1.50318396	1.43924522	1.40406430
0.00000140	0.00000000	0.00000000	0.00000000	0.00000000	1.46740067	1.50609076	1.46099460	1.71997869
0.00000160	0.00000000	0.00000000	0.00000000	0.00000000	1.50977981	1.49827874	1.52340603	1.68487716
0.00000180	0.00000000	0.00000000	0.00000000	0.00000000	1.47710872	1.47556925	1.47707033	1.63807499
0.00000200	0.00000000	0.00000000	0.00000000	0.00000000	1.44761133	1.50354731	1.51962352	1.45086646
0.00000220	0.00000000	0.00000000	0.00000000	0.00000000	1.50865972	1.48174620	1.48085284	1.35726213
0.00000240	0.00000000	0.00000000	0.00000000	0.00000000	1.51556730	1.49773371	1.47801590	1.50936913
0.00000260	0.00000000	0.00000000	0.00000000	0.00000000	1.47225475	1.47229910	1.41371322	1.45086646
0.00000280	0.00000000	0.00000000	0.00000000	0.00000000	1.48158932	1.47847605	1.45248401	1.55617118
0.00000300	0.00000000	0.00000000	0.00000000	0.00000000	1.48270941	1.48156452	1.42127824	1.38066316
0.00000320	0.00000000	0.00000000	0.00000000	0.00000000	1.48196268	1.46848392	1.46194029	1.62637448
0.00000360	0.00000000	0.00000000	0.00000000	0.00000000	1.47449505	1.47257161	1.47045088	1.38066316
0.00000400	0.00000000	0.00000000	0.00000000	0.00000000	1.49195075	1.48292708	1.46808684	1.56202149
0.00000440	0.00000000	0.00000000	0.00000000	0.00000000	1.47766876	1.45803750	1.48889065	1.43916583
0.00000480	0.00000000	0.00000000	0.00000000	0.00000000	1.48541653	1.47366166	1.48605382	1.49766850
0.00000520	0.00000000	0.00000000	0.00000000	0.00000000	1.46796072	1.46512294	1.48841786	1.62637448
0.00000560	0.00000000	0.00000000	0.00000000	0.00000000	1.48364294	1.46666718	1.48510814	1.29875946
0.00000600	0.00000000	0.00000000	0.00000000	0.00000000	1.47925568	1.49046659	1.45059276	1.49766850
0.00000640	0.00000000	0.00000000	0.00000000	0.00000000	1.47169459	1.49628019	1.48794508	1.35726213
0.00000720	0.00000000	0.00000000	0.00000000	0.00000000	1.47426164	1.45849168	1.49811053	1.48011780
0.00000800	0.00000000	0.00000000	0.00000000	0.00000000	1.47407496	1.45217848	1.43664479	1.41576481
0.00000880	0.00000000	0.00000000	0.00000000	0.00000000	1.49003708	1.46021760	1.46075821	1.57957232
0.00000960	0.00000000	0.00000000	0.00000000	0.00000000	1.47734201	1.47434294	1.45792139	1.46549213
0.00001040	0.00000000	0.00000000	0.00000000	0.00000000	1.48018909	1.46407831	1.42316949	1.49181831
0.00001120	0.00000000	0.00000000	0.00000000	0.00000000	1.48028243	1.44895375	1.45863056	1.43331563
0.00001200	0.00000000	0.00000000	0.00000000	0.00000000	1.47766876	1.45031631	1.43569911	1.38943863
0.00001280	0.00000000	0.00000000	0.00000000	0.00000000	1.47696865	1.44836330	1.45886695	1.48889315
0.00001440	0.00000000	0.00000000	0.00000000	0.00000000	1.46684062	1.44522941	1.45378423	1.50205624
0.00001600	0.00000000	0.00000000	0.00000000	0.00000000	1.45398223	1.45047534	1.43959987	1.40260172
0.00001760	0.00000000	0.00000000	0.00000000	0.00000000	1.46987438	1.44920361	1.44361877	1.47280490
0.00001920	0.00000000	0.00000000	0.00000000	0.00000000	1.46184659	1.45285976	1.43510807	1.45964181
0.00002080	0.00000000	0.00000000	0.00000000	0.00000000	1.45622253	1.45717454	1.42376053	1.38505089
0.00002240	0.00000000	0.00000000	0.00000000	0.00000000	1.46663058	1.43832576	1.42080545	1.48743057
0.00002400	0.00000000	0.00000000	0.00000000	0.00000000	1.46600056	1.44561541	1.43097103	1.44355357
0.00002560	0.00000000	0.00000000	0.00000000	0.00000000	1.46000302	1.42955983	1.40354776	1.41868997
0.00002880	0.00000000	0.00000000	0.00000000	0.00000000	1.46309555	1.42844641	1.42130554	1.40804851
0.00003200	0.00000000	0.00000000	0.00000000	0.00000000	1.45647979	1.40864789	1.41658103	1.40592813
0.00003520	0.00000000	0.00000000	0.00000000	0.00000000	1.44914877	1.40995777	1.40370679	1.43051744
0.00003840	0.00000000	0.00000000	0.00000000	0.00000000	1.45775664	1.40576029	1.39378536	1.31692672
0.00004160	0.00000000	0.00000000	0.00000000	0.00000000	1.45036173	1.40240753	1.40022242	1.36465716
0.00004480	0.00000000	0.00000000	0.00000000	0.00000000	1.44573927	1.39516449	1.40127146	1.42468178
0.00004800	0.00000000	0.00000000	0.00000000	0.00000000	1.44683921	1.39215267	1.39861393	1.35887158
0.00005120	0.00000000	0.00000000	0.00000000	0.00000000	1.44050288	1.38714778	1.36035955	1.37188900
0.00005760	0.00000000	0.00000000	0.00000000	0.00000000	1.43365800	1.37038708	1.34913743	1.29805899
0.00006400	0.00000000	0.00000000	0.00000000	0.00000000	1.42189610	1.36567211	1.34602439	1.36633968
0.00007040	0.00000000	0.00000000	0.00000000	0.00000000	1.41291523	1.35497284	1.33037126	1.29333746
0.00007680	0.00000000	0.00000000	0.00000000	0.00000000	1.41130567	1.34971297	1.32367539	1.26423752
0.00008320	0.00000000	0.00000000	0.00000000	0.00000000	1.39823270	1.33601630	1.31634653	1.26205838
0.00008960	0.00000000	0.00000000	0.00000000	0.00000000	1.39294600	1.33073997	1.29155958	1.26641655
0.00009600	0.00000000	0.00000000	0.00000000	0.00000000	1.38912284	1.31965876	1.29743326	1.25987935
0.00010240	0.00000000	0.00000000	0.00000000	0.00000000	1.38125980	1.30973399	1.27639282	1.22973514
0.00011520	0.00000000	0.00000000	0.00000000	0.00000000	1.36858451	1.29882431	1.26008153	1.22212100
0.00012800	0.00000000	0.00000000	0.00000000	0.00000000	1.35640800	1.27815771	1.24019611	1.17797422
0.00014080	0.00000000	0.00000000	0.00000000	0.00000000	1.34448600	1.26400650	1.21936631	1.16993952
0.00015360	0.00000000	0.00000000	0.00000000	0.00000000	1.32721913	1.25248206	1.20508659	1.14813948
0.00016640	0.00000000	0.00000000	0.00000000	0.00000000	1.32004762	1.23446262	1.19771373	1.13865280
0.00017920	0.00000000	0.00000000	0.00000000	0.00000000	1.30796134	1.22324359	1.17773652	1.14373922
0.00019200	0.00000000	0.00000000	0.00000000	0.00000000	1.29587770	1.20878959	1.16681421	1.11372602
0.00020480	0.00000000	0.00000000	0.00000000	0.00000000	1.28408289	1.20003045	1.15628481	1.09657359
0.00023040	0.00000000	0.00000000	0.00000000	0.00000000	1.25941169	1.17704976	1.12732899	1.09111214
0.00025600	0.00000000	0.00000000	0.00000000	0.00000000	1.23629439	1.16125369	1.11749935	1.04417956
0.00028160	0.00000000	0.00000000	0.00000000	0.00000000	1.21755028	1.14092100	1.09477234	1.05817652
0.00030720	0.00000000	0.00000000	0.00000000	0.00000000	1.19672489	1.12520862	1.08425272	1.04866242
0.00033280	0.00000000	0.00000000	0.00000000	0.00000000	1.17543805	1.11081803	1.06596231	1.03827417
0.00035840	0.00000000	0.00000000	0.00000000	0.00000000	1.15905118	1.10029197	1.05772126	1.04505420
0.00038400	0.00000000	0.00000000	0.00000000	0.00000000	1.14467323	1.09022200	1.04961252	1.04611087
0.00040960	0.00000000	0.00000000	0.00000000	0.00000000	1.13080537	1.07679820	1.04258549	1.03462923
0.00046080	0.00000000	0.00000000	0.00000000	0.00000000	1.10908127	1.06540012	1.03323340	1.02907217
0.00051200	0.00000000	0.00000000	0.00000000	0.00000000	1.08844256	1.05451226	1.02620709	1.01487613
0.00056320	0.00000000	0.00000000	0.00000000	0.00000000	1.07108057	1.04164159	1.02370739	1.01920342
0.00061440	0.00000000	0.00000000	0.00000000	0.00000000	1.05588615	1.03364253	1.01925981	1.00986612
0.00066560	0.00000000	0.00000000	0.00000000	0.00000000	1.04355073	1.02396154	1.01929605	0.99960250
0.00071680	0.00000000	0.00000000	0.00000000	0.00000000	1.03542817	1.02000630	1.01416075	1.00593603
0.00076800	0.00000000	0.00000000	0.00000000	0.00000000	1.03008246	1.01486874	1.01262259	1.01445818
0.00081920	0.00000000	0.00000000	0.00000000	0.00000000	1.02379084	1.01036131	1.00998795	0.99620110
0.00092160	0.00000000	0.00000000	0.00000000	0.00000000	1.01765835	1.00664794	0.99956042	1.01432252
0.00102400	0.00000000	0.00000000	0.00000000	0.00000000	1.01612031	1.00241148	0.99748027	1.00659621
0.00112640	0.00000000	0.00000000	0.00000000	0.00000000	1.01576805	1.00095010	0.99727648	1.00074196
0.00122880	0.00000000	0.00000000	0.00000000	0.00000000	1.01499152	0.99664855	0.99927533	0.99449372
0.00133120	0.00000000	0.00000000	0.00000000	0.00000000	1.01514328	0.99796158	0.99906397	1.01484787
0.00143360	0.00000000	0.00000000	0.00000000	0.00000000	1.01364529	0.99702752	0.99817699	1.00078249
0.00153600	0.00000000	0.00000000	0.00000000	0.00000000	1.00982475	0.99920410	0.99442524	1.00881672
0.00163840	0.00000000	0.00000000	0.00000000	0.00000000	1.00739360	1.00067389	0.98862386	1.00807166
0.00184320	0.00000000	0.00000000	0.00000000	0.00000000	1.00644457	1.00581264	0.99394256	1.01708770
0.00204800	0.00000000	0.00000000	0.00000000	0.00000000	1.00192249	1.00818586	0.99659067	0.99975365
0.00225280	0.00000000	0.00000000	0.00000000	0.00000000	0.99478996	1.00876462	1.00272620	1.00881290
0.00245760	0.00000000	0.00000000	0.00000000	0.00000000	0.99128854	1.00825000	1.00551045	1.00172591
0.00266240	0.00000000	0.00000000	0.00000000	0.00000000	0.99599171	1.00930333	0.99767476	0.99362701
0.00286720	0.00000000	0.00000000	0.00000000	0.00000000	0.99913824	1.00675678	0.99730295	0.98617053
0.00307200	0.00000000	0.00000000	0.00000000	0.00000000	0.99835598	1.00595534	1.00807667	1.00064576
0.00327680	0.00000000	0.00000000	0.00000000	0.00000000	0.99602938	1.00703549	1.00798607	0.99544668
0.00368640	0.00000000	0.00000000	0.00000000	0.00000000	0.99853355	1.00653005	1.00270236	1.00072551
0.00409600	0.00000000	0.00000000	0.00000000	0.00000000	0.99403846	1.00193501	0.99326783	0.99542409
0.00450560	0.00000000	0.00000000	0.00000000	0.00000000	0.99215436	0.99408573	0.99574149	0.99957919
0.00491520	0.00000000	0.00000000	0.00000000	0.00000000	0.99994588	0.99967110	0.99236137	0.99964786
0.00532480	0.00000000	0.00000000	0.00000000	0.00000000	0.99756449	0.99698132	0.99017143	0.99823034
0.00573440	0.00000000	0.00000000	0.00000000	0.00000000	1.00395036	1.00014555	0.99916828	0.99652874
0.00614400	0.00000000	0.00000000	0.00000000	0.00000000	1.00280333	1.00274014	1.01027203	0.99183285
0.00655360	0.00000000	0.00000000	0.00000000	0.00000000	1.00523221	1.00492203	1.00022709	1.00581229
0.00737280	0.00000000	0.00000000	0.00000000	0.00000000	0.99911880	1.00108433	1.00373888	0.99916112
0.00819200	0.00000000	0.00000000	0.00000000	0.00000000	1.00287247	0.99935877	0.99694139	1.00383031
0.00901120	0.00000000	0.00000000	0.00000000	0.00000000	1.00184131	1.00096881	1.00109649	1.00494516
0.00983040	0.00000000	0.00000000	0.00000000	0.00000000	0.99845171	1.00677061	0.99743831	0.99813324
0.01064960	0.00000000	0.00000000	0.00000000	0.00000000	1.00047541	1.00960672	0.99298882	0.99525547
0.01146880	0.00000000	0.00000000	0.00000000	0.00000000	1.00026906	1.00456309	0.99569547	0.99291033
0.01228800	0.00000000	0.00000000	0.00000000	0.00000000	1.00471509	1.00757325	0.99311054	1.00245881
0.01310720	0.00000000	0.00000000	0.00000000	0.00000000	1.01976907	0.99784404	1.00089407	0.99883199
0.01474560	0.00000000	0.00000000	0.00000000	0.00000000	1.00799716	0.99661231	1.00054717	1.00868762
0.01638400	0.00000000	0.00000000	0.00000000	0.00000000	1.00012076	0.99845254	1.00054801	1.00425887
0.01802240	0.00000000	0.00000000	0.00000000	0.00000000	1.00175464	1.00050008	1.00049818	0.99606305
0.01966080	0.00000000	0.00000000	0.00000000	0.00000000	1.00220072	1.00438762	0.99493045	0.99853075
0.02129920	0.00000000	0.00000000	0.00000000	0.00000000	0.99711090	0.99947548	1.00204158	1.00101113
0.02293760	0.00000000	0.00000000	0.00000000	0.00000000	1.00531459	0.99690664	1.00393844	1.00009429
0.02457600	0.00000000	0.00000000	0.00000000	0.00000000	1.00378978	0.99571568	0.99806875	0.99745429
0.02621440	0.00000000	0.00000000	0.00000000	0.00000000	1.00829303	0.99777561	1.00357473	1.00205326
0.02949120	0.00000000	0.00000000	0.00000000	0.00000000	0.99972761	1.00409734	0.99932158	0.99985391
0.03276800	0.00000000	0.00000000	0.00000000	0.00000000	0.99765646	1.00341117	0.99950182	0.99872464
0.03604480	0.00000000	0.00000000	0.00000000	0.00000000	1.00562954	0.99698883	0.99603736	1.00383651
0.03932160	0.00000000	0.00000000	0.00000000	0.00000000	0.99871147	1.00163722	0.99795806	1.00044119
0.04259840	0.00000000	0.00000000	0.00000000	0.00000000	0.99400628	1.00082898	0.99838352	0.99804896
0.04587520	0.00000000	0.00000000	0.00000000	0.00000000	0.99851125	0.99980003	0.99512243	0.99673480
0.04915200	0.00000000	0.00000000	0.00000000	0.00000000	0.99520093	1.00037932	1.00099194	1.00165641
0.05242880	0.00000000	0.00000000	0.00000000	0.00000000	1.00727737	1.00402045	1.00020635	1.00154722
0.05898240	0.00000000	0.00000000	0.00000000	0.00000000	1.00299060	0.99921983	0.99929708	0.99809408
0.06553600	0.00000000	0.00000000	0.00000000	0.00000000	0.99779820	1.00182986	0.99865597	1.00017965
0.07208960	0.00000000	0.00000000	0.00000000	0.00000000	0.99881524	0.99927652	0.99991047	0.99927485
0.07864320	0.00000000	0.00000000	0.00000000	0.00000000	0.99869376	0.99966103	1.00018191	0.99734193
0.08519680	0.00000000	0.00000000	0.00000000	0.00000000	0.99749148	0.99751794	0.99948734	1.00010920
0.09175040	0.00000000	0.00000000	0.00000000	0.00000000	0.99768430	0.99842697	0.99967146	0.99935699
0.09830400	0.00000000	0.00000000	0.00000000	0.00000000	0.99798846	0.99875295	0.99955893	1.00167501
0.10485760	0.00000000	0.00000000	0.00000000	0.00000000	0.99903703	0.99808705	0.99981534	1.00004780
0.11796480	0.00000000	0.00000000	0.00000000	0.00000000	0.99868876	1.00067186	0.99898028	1.00023663
0.13107200	0.00000000	0.00000000	0.00000000	0.00000000	0.99633050	0.99869418	1.00142753	0.99880266
0.14417920	0.00000000	0.00000000	0.00000000	0.00000000	0.99670237	0.99927086	0.99960119	1.00095427
0.15728641	0.00000000	0.00000000	0.00000000	0.00000000	0.99928707	0.99972534	1.00068676	0.99768549
0.17039360	0.00000000	0.00000000	0.00000000	0.00000000	0.99810380	0.99908954	1.00019026	0.99813288
0.18350080	0.00000000	0.00000000	0.00000000	0.00000000	0.99824035	0.99976158	0.99960083	0.99814683
0.19660801	0.00000000	0.00000000	0.00000000	0.00000000	1.00265539	1.00009894	0.99886560	1.00137568
0.20971520	0.00000000	0.00000000	0.00000000	0.00000000	1.00182128	1.00137532	1.00040376	0.99953997
0.23592959	0.00000000	0.00000000	0.00000000	0.00000000	1.00212061	1.00011110	0.99959558	0.99998802
0.26214400	0.00000000	0.00000000	0.00000000	0.00000000	1.00173402	0.99943423	1.00062609	0.99929410
0.28835839	0.00000000	0.00000000	0.00000000	0.00000000	0.99989557	1.00216663	0.99996316	0.99978894
0.31457281	0.00000000	0.00000000	0.00000000	0.00000000	0.99830711	0.99962491	0.99983376	1.00117159
0.34078720	0.00000000	0.00000000	0.00000000	0.00000000	1.00130153	0.99816686	0.99916923	1.00159001
0.36700159	0.00000000	0.00000000	0.00000000	0.00000000	0.99885088	1.00070930	1.00051677	0.99879920
0.39321601	0.00000000	0.00000000	0.00000000	0.00000000	0.99784046	0.99948347	0.99955523	0.99956584
0.41943040	0.00000000	0.00000000	0.00000000	0.00000000	0.99625409	0.99872321	1.00007653	0.99994665
0.47185919	0.00000000	0.00000000	0.00000000	0.00000000	1.00083268	0.99964607	0.99983799	1.00121510
0.52428800	0.00000000	0.00000000	0.00000000	0.00000000	0.99898672	1.00082076	1.00009096	0.99868476
0.57671678	0.00000000	0.00000000	0.00000000	0.00000000	1.00199342	1.00069582	1.00044453	0.99986690
0.62914562	0.00000000	0.00000000	0.00000000	0.00000000	1.00017953	0.99986297	0.99951118	1.00086021
0.68157440	0.00000000	0.00000000	0.00000000	0.00000000	1.00013757	0.99850422	1.00020397	0.99960214
0.73400319	0.00000000	0.00000000	0.00000000	0.00000000	0.99927378	0.99965525	1.00003815	0.99958014
0.78643203	0.00000000	0.00000000	0.00000000	0.00000000	1.00179732	1.00116384	0.99968737	0.99965262
0.83886081	0.00000000	0.00000000	0.00000000	0.00000000	1.00191271	1.00009072	0.99970436	0.99875247
0.94371837	0.00000000	0.00000000	0.00000000	0.00000000	0.99821782	0.99824232	1.00011718	1.00100493
1.04857600	0.00000000	0.00000000	0.00000000	0.00000000	1.00134110	0.99946713	1.00001383	0.99931109
1.15343356	0.00000000	0.00000000	0.00000000	0.00000000	0.99956793	1.00210905	1.00036144	0.99914002
1.25829124	0.00000000	0.00000000	0.00000000	0.00000000	0.99946582	0.99993521	1.00025904	1.00080824
1.36314881	0.00000000	0.00000000	0.00000000	0.00000000	1.00242317	1.00180316	1.00001657	0.99926555
1.46800637	0.00000000	0.00000000	0.00000000	0.00000000	0.99802411	0.99795085	0.99976540	0.99865597
1.57286406	0.00000000	0.00000000	0.00000000	0.00000000	1.00010467	0.99878842	0.99901521	1.00191903
1.67772162	0.00000000	0.00000000	0.00000000	0.00000000	1.00019312	1.00089467	0.99983537	1.00052607
1.88743675	0.00000000	0.00000000	0.00000000	0.00000000	0.00000000	0.00000000	0.00000000	0.00000000
2.09715199	0.00000000	0.00000000	0.00000000	0.00000000	0.00000000	0.00000000	0.00000000	0.00000000
2.30686712	0.00000000	0.00000000	0.00000000	0.00000000	0.00000000	0.00000000	0.00000000	0.00000000
2.51658249	0.00000000	0.00000000	0.00000000	0.00000000	0.00000000	0.00000000	0.00000000	0.00000000
2.72629762	0.00000000	0.00000000	0.00000000	0.00000000	0.00000000	0.00000000	0.00000000	0.00000000
2.93601274	0.00000000	0.00000000	0.00000000	0.00000000	0.00000000	0.00000000	0.00000000	0.00000000
3.14572811	0.00000000	0.00000000	0.00000000	0.00000000	0.00000000	0.00000000	0.00000000	0.00000000
3.35544324	0.00000000	0.00000000	0.00000000	0.00000000	0.00000000	0.00000000	0.00000000	0.00000000
3.77487350	0.00000000	0.00000000	0.00000000	0.00000000	0.00000000	0.00000000	0.00000000	0.00000000
4.19430399	0.00000000	0.00000000	0.00000000	0.00000000	0.00000000	0.00000000	0.00000000	0.00000000
4.61373425	0.00000000	0.00000000	0.00000000	0.00000000	0.00000000	0.00000000	0.00000000	0.00000000
5.03316498	0.00000000	0.00000000	0.00000000	0.00000000	0.00000000	0.00000000	0.00000000	0.00000000
5.45259523	0.00000000	0.00000000	0.00000000	0.00000000	0.00000000	0.00000000	0.00000000	0.00000000
5.87202549	0.00000000	0.00000000	0.00000000	0.00000000	0.00000000	0.00000000	0.00000000	0.00000000
6.29145622	0.00000000	0.00000000	0.00000000	0.00000000	0.00000000	0.00000000	0.00000000	0.00000000
6.71088648	0.00000000	0.00000000	0.00000000	0.00000000	0.00000000	0.00000000	0.00000000	0.00000000
7.54974699	0.00000000	0.00000000	0.00000000	0.00000000	0.00000000	0.00000000	0.00000000	0.00000000
8.38860798	0.00000000	0.00000000	0.00000000	0.00000000	0.00000000	0.00000000	0.00000000	0.00000000
9.22746849	0.00000000	0.00000000	0.00000000	0.00000000	0.00000000	0.00000000	0.00000000	0.00000000
10.06632996	0.00000000	0.00000000	0.00000000	0.00000000	0.00000000	0.00000000	0.00000000	0.00000000
10.90519047	0.00000000	0.00000000	0.00000000	0.00000000	0.00000000	0.00000000	0.00000000	0.00000000
11.74405098	0.00000000	0.00000000	0.00000000	0.00000000	0.00000000	0.00000000	0.00000000	0.00000000
12.58291245	0.00000000	0.00000000	0.00000000	0.00000000	0.00000000	0.00000000	0.00000000	0.00000000
13.42177296	0.00000000	0.00000000	0.00000000	0.00000000	0.00000000	0.00000000	0.00000000	0.00000000
15.09949398	0.00000000	0.00000000	0.00000000	0.00000000	0.00000000	0.00000000	0.00000000	0.00000000
16.77721596	0.00000000	0.00000000	0.00000000	0.00000000	0.00000000	0.00000000	0.00000000	0.00000000
18.45493698	0.00000000	0.00000000	0.00000000	0.00000000	0.00000000	0.00000000	0.00000000	0.00000000
20.13265991	0.00000000	0.00000000	0.00000000	0.00000000	0.00000000	0.00000000	0.00000000	0.00000000
21.81038094	0.00000000	0.00000000	0.00000000	0.00000000	0.00000000	0.00000000	0.00000000	0.00000000
23.48810196	0.00000000	0.00000000	0.00000000	0.00000000	0.00000000	0.00000000	0.00000000	0.00000000
25.16582489	0.00000000	0.00000000	0.00000000	0.00000000	0.00000000	0.00000000	0.00000000	0.00000000
26.84354591	0.00000000	0.00000000	0.00000000	0.00000000	0.00000000	0.00000000	0.00000000	0.00000000
30.19898796	0.00000000	0.00000000	0.00000000	0.00000000	0.00000000	0.00000000	0.00000000	0.00000000
33.55443192	0.00000000	0.00000000	0.00000000	0.00000000	0.00000000	0.00000000	0.00000000	0.00000000
36.90987396	0.00000000	0.00000000	0.00000000	0.00000000	0.00000000	0.00000000	0.00000000	0.00000000
40.26531982	0.00000000	0.00000000	0.00000000	0.00000000	0.00000000	0.00000000	0.00000000	0.00000000
43.62076187	0.00000000	0.00000000	0.00000000	0.00000000	0.00000000	0.00000000	0.00000000	0.00000000
46.97620392	0.00000000	0.00000000	0.00000000	0.00000000	0.00000000	0.00000000	0.00000000	0.00000000
50.33164978	0.00000000	0.00000000	0.00000000	0.00000000	0.00000000	0.00000000	0.00000000	0.00000000
53.68709183	0.00000000	0.00000000	0.00000000	0.00000000	0.00000000	0.00000000	0.00000000	0.00000000
60.39797592	0.00000000	0.00000000	0.00000000	0.00000000	0.00000000	0.00000000	0.00000000	0.00000000
67.10886383	0.00000000	0.00000000	0.00000000	0.00000000	0.00000000	0.00000000	0.00000000	0.00000000
73.81974792	0.00000000	0.00000000	0.00000000	0.00000000	0.00000000	0.00000000	0.00000000	0.00000000
80.53063965	0.00000000	0.00000000	0.00000000	0.00000000	0.00000000	0.00000000	0.00000000	0.00000000
87.24152374	0.00000000	0.00000000	0.00000000	0.00000000	0.00000000	0.00000000	0.00000000	0.00000000
93.95240784	0.00000000	0.00000000	0.00000000	0.00000000	0.00000000	0.00000000	0.00000000	0.00000000
100.66329956	0.00000000	0.00000000	0.00000000	0.00000000	0.00000000	0.00000000	0.00000000	0.00000000
107.37418365	0.00000000	0.00000000	0.00000000	0.00000000	0.00000000	0.00000000	0.00000000	0.00000000
120.79595184	0.00000000	0.00000000	0.00000000	0.00000000	0.00000000	0.00000000	0.00000000	0.00000000
134.21772766	0.00000000	0.00000000	0.00000000	0.00000000	0.00000000	0.00000000	0.00000000	0.00000000
147.63949585	0.00000000	0.00000000	0.00000000	0.00000000	0.00000000	0.00000000	0.00000000	0.00000000
161.06127930	0.00000000	0.00000000	0.00000000	0.00000000	0.00000000	0.00000000	0.00000000	0.00000000
174.48304749	0.00000000	0.00000000	0.00000000	0.00000000	0.00000000	0.00000000	0.00000000	0.00000000
187.90481567	0.00000000	0.00000000	0.00000000	0.00000000	0.00000000	0.00000000	0.00000000	0.00000000
201.32659912	0.00000000	0.00000000	0.00000000	0.00000000	0.00000000	0.00000000	0.00000000	0.00000000
214.74836731	0.00000000	0.00000000	0.00000000	0.00000000	0.00000000	0.00000000	0.00000000	0.00000000
241.59190369	0.00000000	0.00000000	0.00000000	0.00000000	0.00000000	0.00000000	0.00000000	0.00000000
268.43545532	0.00000000	0.00000000	0.00000000	0.00000000	0.00000000	0.00000000	0.00000000	0.00000000
295.27899170	0.00000000	0.00000000	0.00000000	0.00000000	0.00000000	0.00000000	0.00000000	0.00000000
322.12255859	0.00000000	0.00000000	0.00000000	0.00000000	0.00000000	0.00000000	0.00000000	0.00000000
348.96609497	0.00000000	0.00000000	0.00000000	0.00000000	0.00000000	0.00000000	0.00000000	0.00000000
375.80963135	0.00000000	0.00000000	0.00000000	0.00000000	0.00000000	0.00000000	0.00000000	0.00000000
402.65319824	0.00000000	0.00000000	0.00000000	0.00000000	0.00000000	0.00000000	0.00000000	0.00000000
429.49673462	0.00000000	0.00000000	0.00000000	0.00000000	0.00000000	0.00000000	0.00000000	0.00000000
483.18380737	0.00000000	0.00000000	0.00000000	0.00000000	0.00000000	0.00000000	0.00000000	0.00000000
536.87091064	0.00000000	0.00000000	0.00000000	0.00000000	0.00000000	0.00000000	0.00000000	0.00000000
590.55798340	0.00000000	0.00000000	0.00000000	0.00000000	0.00000000	0.00000000	0.00000000	0.00000000
644.24511719	0.00000000	0.00000000	0.00000000	0.00000000	0.00000000	0.00000000	0.00000000	0.00000000
697.93218994	0.00000000	0.00000000	0.00000000	0.00000000	0.00000000	0.00000000	0.00000000	0.00000000
751.61926270	0.00000000	0.00000000	0.00000000	0.00000000	0.00000000	0.00000000	0.00000000	0.00000000
805.30639648	0.00000000	0.00000000	0.00000000	0.00000000	0.00000000	0.00000000	0.00000000	0.00000000
858.99346924	0.00000000	0.00000000	0.00000000	0.00000000	0.00000000	0.00000000	0.00000000	0.00000000
966.36761475	0.00000000	0.00000000	0.00000000	0.00000000	0.00000000	0.00000000	0.00000000	0.00000000
1073.74182129	0.00000000	0.00000000	0.00000000	0.00000000	0.00000000	0.00000000	0.00000000	0.00000000
1181.11596680	0.00000000	0.00000000	0.00000000	0.00000000	0.00000000	0.00000000	0.00000000	0.00000000
1288.49023437	0.00000000	0.00000000	0.00000000	0.00000000	0.00000000	0.00000000	0.00000000	0.00000000
1395.86437988	0.00000000	0.00000000	0.00000000	0.00000000	0.00000000	0.00000000	0.00000000	0.00000000
1503.23852539	0.00000000	0.00000000	0.00000000	0.00000000	0.00000000	0.00000000	0.00000000	0.00000000
1610.61279297	0.00000000	0.00000000	0.00000000	0.00000000	0.00000000	0.00000000	0.00000000	0.00000000
1717.98693848	0.00000000	0.00000000	0.00000000	0.00000000	0.00000000	0.00000000	0.00000000	0.00000000
1932.73522949	0.00000000	0.00000000	0.00000000	0.00000000	0.00000000	0.00000000	0.00000000	0.00000000
2147.48364258	0.00000000	0.00000000	0.00000000	0.00000000	0.00000000	0.00000000	0.00000000	0.00000000
2362.23193359	0.00000000	0.00000000	0.00000000	0.00000000	0.00000000	0.00000000	0.00000000	0.00000000
2576.98046875	0.00000000	0.00000000	0.00000000	0.00000000	0.00000000	0.00000000	0.00000000	0.00000000
2791.72875977	0.00000000	0.00000000	0.00000000	0.00000000	0.00000000	0.00000000	0.00000000	0.00000000
3006.47705078	0.00000000	0.00000000	0.00000000	0.00000000	0.00000000	0.00000000	0.00000000	0.00000000
3221.22558594	0.00000000	0.00000000	0.00000000	0.00000000	0.00000000	0.00000000	0.00000000	0.00000000
3435.97387695	0.00000000	0.00000000	0.00000000	0.00000000	0.00000000	0.00000000	0.00000000	0.00000000
0	0	0	0	0	0	0	0	0
