%10/26/2018 2:02:57 PM
%Duration	ID1		ID2		ID3		ID4		ID5		ID6		ID7		ID8
1000.000000	414.390564	0.543594	0.391006	0.400543	0.000000	0.000000	0.000000	0.000000
%Tau		Tau1		Tau2		Tau3		Tau4		Tau5		Tau6		Tau7		Tau8
%		0.000307	0.000001	0.000001	0.000002	0.000000	0.000000	0.000000	0.000000
%Delaytime	D1		D2		D3		D4		D5		D6		D7		D8
0.00000020	1.67367589	55.06070328	258.79547119	0.00000000	0.00000000	0.00000000	0.00000000	0.00000000
0.00000040	1.64679718	0.00000000	0.00000000	0.00000000	0.00000000	0.00000000	0.00000000	0.00000000
0.00000060	1.60668314	55.06070328	0.00000000	0.00000000	0.00000000	0.00000000	0.00000000	0.00000000
0.00000080	1.61199355	0.00000000	0.00000000	0.00000000	0.00000000	0.00000000	0.00000000	0.00000000
0.00000100	1.59524536	0.00000000	51.75909424	0.00000000	0.00000000	0.00000000	0.00000000	0.00000000
0.00000120	1.60496747	0.00000000	0.00000000	0.00000000	0.00000000	0.00000000	0.00000000	0.00000000
0.00000140	1.59753287	0.00000000	0.00000000	0.00000000	0.00000000	0.00000000	0.00000000	0.00000000
0.00000160	1.60366035	0.00000000	0.00000000	0.00000000	0.00000000	0.00000000	0.00000000	0.00000000
0.00000180	1.60856223	0.00000000	0.00000000	0.00000000	0.00000000	0.00000000	0.00000000	0.00000000
0.00000200	1.61232030	0.00000000	0.00000000	0.00000000	0.00000000	0.00000000	0.00000000	0.00000000
0.00000220	1.59197736	0.00000000	0.00000000	0.00000000	0.00000000	0.00000000	0.00000000	0.00000000
0.00000240	1.61607850	0.00000000	0.00000000	0.00000000	0.00000000	0.00000000	0.00000000	0.00000000
0.00000260	1.62988555	0.00000000	0.00000000	0.00000000	0.00000000	0.00000000	0.00000000	0.00000000
0.00000280	1.60227144	0.00000000	51.75909424	0.00000000	0.00000000	0.00000000	0.00000000	0.00000000
0.00000300	1.59679759	0.00000000	0.00000000	0.00000000	0.00000000	0.00000000	0.00000000	0.00000000
0.00000320	1.60709167	0.00000000	0.00000000	0.00000000	0.00000000	0.00000000	0.00000000	0.00000000
0.00000360	1.61211610	0.00000000	0.00000000	0.00000000	0.00000000	0.00000000	0.00000000	0.00000000
0.00000400	1.61281049	0.00000000	0.00000000	0.00000000	0.00000000	0.00000000	0.00000000	0.00000000
0.00000440	1.58307230	0.00000000	0.00000000	0.00000000	0.00000000	0.00000000	0.00000000	0.00000000
0.00000480	1.60598874	0.00000000	0.00000000	0.00000000	0.00000000	0.00000000	0.00000000	0.00000000
0.00000520	1.60786784	0.00000000	0.00000000	0.00000000	0.00000000	0.00000000	0.00000000	0.00000000
0.00000560	1.59508193	0.00000000	0.00000000	0.00000000	0.00000000	0.00000000	0.00000000	0.00000000
0.00000600	1.59998381	0.00000000	0.00000000	0.00000000	0.00000000	0.00000000	0.00000000	0.00000000
0.00000640	1.60341525	0.00000000	0.00000000	0.00000000	0.00000000	0.00000000	0.00000000	0.00000000
0.00000720	1.58384836	0.00000000	0.00000000	0.00000000	0.00000000	0.00000000	0.00000000	0.00000000
0.00000800	1.59011877	0.00000000	0.00000000	0.00000000	0.00000000	0.00000000	0.00000000	0.00000000
0.00000880	1.59187531	0.00000000	0.00000000	0.00000000	0.00000000	0.00000000	0.00000000	0.00000000
0.00000960	1.58435905	0.00000000	0.00000000	0.00000000	0.00000000	0.00000000	0.00000000	0.00000000
0.00001040	1.58924055	0.00000000	0.00000000	0.00000000	0.00000000	0.00000000	0.00000000	0.00000000
0.00001120	1.57220638	0.00000000	0.00000000	0.00000000	0.00000000	0.00000000	0.00000000	0.00000000
0.00001200	1.58198977	13.76517582	0.00000000	0.00000000	0.00000000	0.00000000	0.00000000	0.00000000
0.00001280	1.57136893	0.00000000	0.00000000	0.00000000	0.00000000	0.00000000	0.00000000	0.00000000
0.00001440	1.56665087	0.00000000	0.00000000	0.00000000	0.00000000	0.00000000	0.00000000	0.00000000
0.00001600	1.56329107	0.00000000	0.00000000	0.00000000	0.00000000	0.00000000	0.00000000	0.00000000
0.00001760	1.55800104	6.88258791	6.46988678	0.00000000	0.00000000	0.00000000	0.00000000	0.00000000
0.00001920	1.55579519	0.00000000	0.00000000	0.00000000	0.00000000	0.00000000	0.00000000	0.00000000
0.00002080	1.54762530	0.00000000	0.00000000	0.00000000	0.00000000	0.00000000	0.00000000	0.00000000
0.00002240	1.53848529	0.00000000	0.00000000	7.33607388	0.00000000	0.00000000	0.00000000	0.00000000
0.00002400	1.53552377	0.00000000	12.93977356	7.33607388	0.00000000	0.00000000	0.00000000	0.00000000
0.00002560	1.52615905	0.00000000	6.46988678	0.00000000	0.00000000	0.00000000	0.00000000	0.00000000
0.00002880	1.62526155	0.00000000	0.00000000	0.00000000	0.00000000	0.00000000	0.00000000	0.00000000
0.00003200	1.61642492	0.00000000	3.25014877	0.00000000	0.00000000	0.00000000	0.00000000	0.00000000
0.00003520	1.60501075	0.00000000	0.00000000	3.72354245	0.00000000	0.00000000	0.00000000	0.00000000
0.00003840	1.60116720	0.00000000	6.50029755	0.00000000	0.00000000	0.00000000	0.00000000	0.00000000
0.00004160	1.58999109	3.40828395	0.00000000	0.00000000	0.00000000	0.00000000	0.00000000	0.00000000
0.00004480	1.58710623	6.81656790	0.00000000	3.72354245	0.00000000	0.00000000	0.00000000	0.00000000
0.00004800	1.57369971	3.40828395	0.00000000	0.00000000	0.00000000	0.00000000	0.00000000	0.00000000
0.00005120	1.56749952	0.00000000	0.00000000	3.72354245	0.00000000	0.00000000	0.00000000	0.00000000
0.00005760	1.54164302	1.69597852	0.00000000	1.85245073	0.00000000	0.00000000	0.00000000	0.00000000
0.00006400	1.52753007	1.69597852	0.00000000	1.85245073	0.00000000	0.00000000	0.00000000	0.00000000
0.00007040	1.50987864	1.69597852	0.00000000	1.85245073	0.00000000	0.00000000	0.00000000	0.00000000
0.00007680	1.49532914	0.00000000	1.64820683	3.70490146	0.00000000	0.00000000	0.00000000	0.00000000
0.00008320	1.48381984	0.00000000	0.00000000	0.00000000	0.00000000	0.00000000	0.00000000	0.00000000
0.00008960	1.46814609	0.00000000	1.64820683	0.00000000	0.00000000	0.00000000	0.00000000	0.00000000
0.00009600	1.45628738	0.00000000	1.64820683	3.70490146	0.00000000	0.00000000	0.00000000	0.00000000
0.00010240	1.44494593	0.00000000	0.00000000	0.00000000	0.00000000	0.00000000	0.00000000	0.00000000
0.00011520	1.41307199	0.00000000	0.00000000	1.83401847	0.00000000	0.00000000	0.00000000	0.00000000
0.00012800	1.39452553	1.72064698	0.81253719	0.00000000	0.00000000	0.00000000	0.00000000	0.00000000
0.00014080	1.37944174	0.00000000	0.00000000	0.91700923	0.00000000	0.00000000	0.00000000	0.00000000
0.00015360	1.36098588	0.00000000	0.81253719	0.00000000	0.00000000	0.00000000	0.00000000	0.00000000
0.00016640	1.34832311	1.72064698	1.62507439	0.00000000	0.00000000	0.00000000	0.00000000	0.00000000
0.00017920	1.33119667	0.00000000	0.81253719	0.91700923	0.00000000	0.00000000	0.00000000	0.00000000
0.00019200	1.31924844	1.72064698	0.00000000	0.00000000	0.00000000	0.00000000	0.00000000	0.00000000
0.00020480	1.30719519	0.86032349	1.62507439	0.91700923	0.00000000	0.00000000	0.00000000	0.00000000
0.00023040	1.27738321	1.29048514	1.23615515	0.92622536	0.00000000	0.00000000	0.00000000	0.00000000
0.00025600	1.25697672	0.00000000	1.64820683	0.46311268	0.00000000	0.00000000	0.00000000	0.00000000
0.00028160	1.24132848	0.86032349	0.00000000	1.85245073	0.00000000	0.00000000	0.00000000	0.00000000
0.00030720	1.22822046	1.29048514	0.41205171	0.46311268	0.00000000	0.00000000	0.00000000	0.00000000
0.00033280	1.21630549	0.43016174	0.82410342	1.38933802	0.00000000	0.00000000	0.00000000	0.00000000
0.00035840	1.20781994	0.43016174	1.23615515	0.00000000	0.00000000	0.00000000	0.00000000	0.00000000
0.00038400	1.19768500	0.43016174	0.41205171	1.38933802	0.00000000	0.00000000	0.00000000	0.00000000
0.00040960	1.19036758	1.29048514	0.41205171	2.31556344	0.00000000	0.00000000	0.00000000	0.00000000
0.00046080	1.16887224	3.07017255	1.43538630	0.23389527	0.00000000	0.00000000	0.00000000	0.00000000
0.00051200	1.15893030	0.87719214	0.61516553	0.46779054	0.00000000	0.00000000	0.00000000	0.00000000
0.00056320	1.15101242	1.09649014	1.64044142	1.40337169	0.00000000	0.00000000	0.00000000	0.00000000
0.00061440	1.14410114	0.87719214	1.23033106	1.63726687	0.00000000	0.00000000	0.00000000	0.00000000
0.00066560	1.13731503	0.87719214	1.23033106	1.40337169	0.00000000	0.00000000	0.00000000	0.00000000
0.00071680	1.13502932	0.65789413	1.43538630	0.46779054	0.00000000	0.00000000	0.00000000	0.00000000
0.00076800	1.13394511	0.43859607	1.02527595	0.93558109	0.00000000	0.00000000	0.00000000	0.00000000
0.00081920	1.13014638	1.31578827	0.82022071	0.70168585	0.00000000	0.00000000	0.00000000	0.00000000
0.00092160	1.11550879	0.76010936	0.61516553	0.58034533	0.00000000	0.00000000	0.00000000	0.00000000
0.00102400	1.11506629	0.86869639	0.92274833	0.92855251	0.00000000	0.00000000	0.00000000	0.00000000
0.00112640	1.11756897	1.19445753	0.82022071	1.04462159	0.00000000	0.00000000	0.00000000	0.00000000
0.00122880	1.11517239	1.30304456	0.82022071	1.04724634	0.00000000	0.00000000	0.00000000	0.00000000
0.00133120	1.11300552	1.41163158	1.43538630	0.93088561	0.00000000	0.00000000	0.00000000	0.00000000
0.00143360	1.11468136	1.19445753	0.82022071	1.27996767	0.00000000	0.00000000	0.00000000	0.00000000
0.00153600	1.11577225	1.08587050	1.02527595	1.27996767	0.00000000	0.00000000	0.00000000	0.00000000
0.00163840	1.11842155	0.54293525	1.12780344	0.81452489	0.00000000	0.00000000	0.00000000	0.00000000
0.00184320	1.11412275	1.12103796	0.96943390	1.33479428	0.00000000	0.00000000	0.00000000	0.00000000
0.00204800	1.11328554	1.22485209	1.22454810	0.63837987	0.00000000	0.00000000	0.00000000	0.00000000
0.00225280	1.11514831	1.22485209	0.66329688	0.81248349	0.00000000	0.00000000	0.00000000	0.00000000
0.00245760	1.11660588	1.17159760	1.17352521	0.98658705	0.00000000	0.00000000	0.00000000	0.00000000
0.00266240	1.11613667	0.85207099	0.91841108	0.98658705	0.00000000	0.00000000	0.00000000	0.00000000
0.00286720	1.11282301	1.01183426	0.96943390	0.81248349	0.00000000	0.00000000	0.00000000	0.00000000
0.00307200	1.11447358	0.79881656	1.02045679	0.81248349	0.00000000	0.00000000	0.00000000	0.00000000
0.00327680	1.11258519	0.79881656	1.27557099	0.75444895	0.00000000	0.00000000	0.00000000	0.00000000
0.00368640	1.10942471	0.82743281	0.98564684	0.77373135	0.00000000	0.00000000	0.00000000	0.00000000
0.00409600	1.10805225	1.12103796	0.83400887	1.06029856	0.00000000	0.00000000	0.00000000	0.00000000
0.00450560	1.10310912	0.90750694	1.03619277	1.34686565	0.00000000	0.00000000	0.00000000	0.00000000
0.00491520	1.10132611	0.77405006	1.13728476	1.06029856	0.00000000	0.00000000	0.00000000	0.00000000
0.00532480	1.10781646	1.01427245	1.06146586	0.80238807	0.00000000	0.00000000	0.00000000	0.00000000
0.00573440	1.11028862	1.25449491	0.85928184	1.00548625	0.00000000	0.00000000	0.00000000	0.00000000
0.00614400	1.10888135	1.33456910	0.85928184	0.97675812	0.00000000	0.00000000	0.00000000	0.00000000
0.00655360	1.10806906	0.96088970	1.13728476	1.06294262	0.00000000	0.00000000	0.00000000	0.00000000
0.00737280	1.09524751	0.76808083	1.07410824	0.94033623	0.00000000	0.00000000	0.00000000	0.00000000
0.00819200	1.08957458	0.98368251	1.26365674	0.86687243	0.00000000	0.00000000	0.00000000	0.00000000
0.00901120	1.09572697	0.87588167	0.83401340	1.04057097	0.00000000	0.00000000	0.00000000	0.00000000
0.00983040	1.09426415	0.88935679	1.26365674	0.85004389	0.00000000	0.00000000	0.00000000	0.00000000
0.01064960	1.09498858	0.90283185	0.92246938	1.20178616	0.00000000	0.00000000	0.00000000	0.00000000
0.01146880	1.09466910	0.90065640	0.92030907	0.81868023	0.00000000	0.00000000	0.00000000	0.00000000
0.01228800	1.10050333	1.06196797	0.79423934	0.92101520	0.00000000	0.00000000	0.00000000	0.00000000
0.01310720	1.10075557	0.95442688	1.17244852	0.97949237	0.00000000	0.00000000	0.00000000	0.00000000
0.01474560	1.09428906	0.96373278	0.98105174	0.99888605	0.00000000	0.00000000	0.00000000	0.00000000
0.01638400	1.09026992	1.11162686	0.93292624	0.90410125	0.00000000	0.00000000	0.00000000	0.00000000
0.01802240	1.09214175	1.07070804	0.97705114	1.07908857	0.00000000	0.00000000	0.00000000	0.00000000
0.01966080	1.08945489	0.95694590	0.88249779	1.09266329	0.00000000	0.00000000	0.00000000	0.00000000
0.02129920	1.09517980	0.99088019	0.79424798	0.94556391	0.00000000	0.00000000	0.00000000	0.00000000
0.02293760	1.08829939	0.95694590	1.02117598	0.93112785	0.00000000	0.00000000	0.00000000	0.00000000
0.02457600	1.08881903	0.93432856	0.84898710	1.03680003	0.00000000	0.00000000	0.00000000	0.00000000
0.02621440	1.08843923	1.08327949	1.02507329	0.97920001	0.00000000	0.00000000	0.00000000	0.00000000
0.02949120	1.08349323	0.95460635	1.04883504	1.04003286	0.00000000	0.00000000	0.00000000	0.00000000
0.03276800	1.07931411	1.00052643	1.02356195	1.01520634	0.00000000	0.00000000	0.00000000	0.00000000
0.03604480	1.08295059	1.02500069	1.07789624	1.04139650	0.00000000	0.00000000	0.00000000	0.00000000
0.03932160	1.08038580	0.91409904	0.95812994	0.99581468	0.00000000	0.00000000	0.00000000	0.00000000
0.04259840	1.08513415	1.01918423	0.86988115	1.02088916	0.00000000	0.00000000	0.00000000	0.00000000
0.04587520	1.08410454	1.04265225	1.04813635	1.04954576	0.00000000	0.00000000	0.00000000	0.00000000
0.04915200	1.08360660	1.01583159	0.93097305	0.98640615	0.00000000	0.00000000	0.00000000	0.00000000
0.05242880	1.08086026	1.07953060	0.88664103	0.96001202	0.00000000	0.00000000	0.00000000	0.00000000
0.05898240	1.07643712	0.97057182	0.99260980	1.02196085	0.00000000	0.00000000	0.00000000	0.00000000
0.06553600	1.07682455	1.02827597	0.94615924	1.02553415	0.00000000	0.00000000	0.00000000	0.00000000
0.07208960	1.07543254	0.97153199	1.03002918	0.97437686	0.00000000	0.00000000	0.00000000	0.00000000
0.07864320	1.07422197	1.05703330	0.91841614	1.00556147	0.00000000	0.00000000	0.00000000	0.00000000
0.08519680	1.07391429	0.99327940	1.01249003	1.01992667	0.00000000	0.00000000	0.00000000	0.00000000
0.09175040	1.07191050	0.95291382	1.02209461	1.04686141	0.00000000	0.00000000	0.00000000	0.00000000
0.09830400	1.07305372	1.02916098	1.00049949	0.98801458	0.00000000	0.00000000	0.00000000	0.00000000
0.10485760	1.07070136	1.02253675	1.00614953	0.95642084	0.00000000	0.00000000	0.00000000	0.00000000
0.11796480	1.07706606	0.98509020	1.00453436	0.99450624	0.00000000	0.00000000	0.00000000	0.00000000
0.13107200	1.06778073	1.02526176	1.00385284	1.00498748	0.00000000	0.00000000	0.00000000	0.00000000
0.14417920	1.06356764	1.00938642	1.05363643	1.01999450	0.00000000	0.00000000	0.00000000	0.00000000
0.15728641	1.05573547	0.99482518	0.97880715	0.98238003	0.00000000	0.00000000	0.00000000	0.00000000
0.17039360	1.04881454	1.01195037	1.02508581	1.00187302	0.00000000	0.00000000	0.00000000	0.00000000
0.18350080	1.04033566	0.97691292	1.04644561	0.98500508	0.00000000	0.00000000	0.00000000	0.00000000
0.19660801	1.03229785	0.98812026	0.98830110	1.00124907	0.00000000	0.00000000	0.00000000	0.00000000
0.20971520	1.02317047	1.05127561	1.00569880	0.97717941	0.00000000	0.00000000	0.00000000	0.00000000
0.23592959	1.00843000	0.98492271	0.96755928	1.00561523	0.00000000	0.00000000	0.00000000	0.00000000
0.26214400	0.99795842	0.99630040	0.98710805	1.00544178	0.00000000	0.00000000	0.00000000	0.00000000
0.28835839	0.99719644	0.95438689	1.01340067	1.00800157	0.00000000	0.00000000	0.00000000	0.00000000
0.31457281	1.00333464	1.00800824	0.99513537	1.01104903	0.00000000	0.00000000	0.00000000	0.00000000
0.34078720	1.00719929	1.00118506	1.00442076	0.99578291	0.00000000	0.00000000	0.00000000	0.00000000
0.36700159	1.00843155	0.97971439	1.00587428	1.00111985	0.00000000	0.00000000	0.00000000	0.00000000
0.39321601	1.00998211	0.99409276	1.00823414	0.99972796	0.00000000	0.00000000	0.00000000	0.00000000
0.41943040	1.00714874	0.99886435	0.96085906	0.99389070	0.00000000	0.00000000	0.00000000	0.00000000
0.47185919	1.00329530	0.98516518	1.01019204	1.00139976	0.00000000	0.00000000	0.00000000	0.00000000
0.52428800	0.99466622	1.01392877	1.00038481	1.00821829	0.00000000	0.00000000	0.00000000	0.00000000
0.57671678	0.98404646	1.00727952	1.01064181	0.99580210	0.00000000	0.00000000	0.00000000	0.00000000
0.62914562	0.98136455	0.99590164	1.00072980	0.98658371	0.00000000	0.00000000	0.00000000	0.00000000
0.68157440	0.98884857	0.99766308	1.00483096	0.96688527	0.00000000	0.00000000	0.00000000	0.00000000
0.73400319	1.00212204	1.00568628	1.00099838	0.98798531	0.00000000	0.00000000	0.00000000	0.00000000
0.78643203	1.01033914	1.00492418	0.98199439	0.98957723	0.00000000	0.00000000	0.00000000	0.00000000
0.83886081	1.01643777	1.00213373	0.99941409	0.99145406	0.00000000	0.00000000	0.00000000	0.00000000
0.94371837	1.02137327	1.01746655	1.00304234	1.00158513	0.00000000	0.00000000	0.00000000	0.00000000
1.04857600	1.02654254	1.01060236	0.99160999	0.98568386	0.00000000	0.00000000	0.00000000	0.00000000
1.15343356	1.03396738	1.01776874	1.00468850	1.00570941	0.00000000	0.00000000	0.00000000	0.00000000
1.25829124	1.01582611	0.98885137	0.99890947	0.98619330	0.00000000	0.00000000	0.00000000	0.00000000
1.36314881	1.00702071	0.99214876	0.97512937	1.02285719	0.00000000	0.00000000	0.00000000	0.00000000
1.46800637	1.01882672	0.97720796	0.99518460	0.98322254	0.00000000	0.00000000	0.00000000	0.00000000
1.57286406	1.00027621	1.00778282	0.99267399	0.99949598	0.00000000	0.00000000	0.00000000	0.00000000
1.67772162	1.00077879	1.00952387	0.98496240	0.99707603	0.00000000	0.00000000	0.00000000	0.00000000
1.88743675	0.00000000	0.00000000	0.00000000	0.00000000	0.00000000	0.00000000	0.00000000	0.00000000
2.09715199	0.00000000	0.00000000	0.00000000	0.00000000	0.00000000	0.00000000	0.00000000	0.00000000
2.30686712	0.00000000	0.00000000	0.00000000	0.00000000	0.00000000	0.00000000	0.00000000	0.00000000
2.51658249	0.00000000	0.00000000	0.00000000	0.00000000	0.00000000	0.00000000	0.00000000	0.00000000
2.72629762	0.00000000	0.00000000	0.00000000	0.00000000	0.00000000	0.00000000	0.00000000	0.00000000
2.93601274	0.00000000	0.00000000	0.00000000	0.00000000	0.00000000	0.00000000	0.00000000	0.00000000
3.14572811	0.00000000	0.00000000	0.00000000	0.00000000	0.00000000	0.00000000	0.00000000	0.00000000
3.35544324	0.00000000	0.00000000	0.00000000	0.00000000	0.00000000	0.00000000	0.00000000	0.00000000
3.77487350	0.00000000	0.00000000	0.00000000	0.00000000	0.00000000	0.00000000	0.00000000	0.00000000
4.19430399	0.00000000	0.00000000	0.00000000	0.00000000	0.00000000	0.00000000	0.00000000	0.00000000
4.61373425	0.00000000	0.00000000	0.00000000	0.00000000	0.00000000	0.00000000	0.00000000	0.00000000
5.03316498	0.00000000	0.00000000	0.00000000	0.00000000	0.00000000	0.00000000	0.00000000	0.00000000
5.45259523	0.00000000	0.00000000	0.00000000	0.00000000	0.00000000	0.00000000	0.00000000	0.00000000
5.87202549	0.00000000	0.00000000	0.00000000	0.00000000	0.00000000	0.00000000	0.00000000	0.00000000
6.29145622	0.00000000	0.00000000	0.00000000	0.00000000	0.00000000	0.00000000	0.00000000	0.00000000
6.71088648	0.00000000	0.00000000	0.00000000	0.00000000	0.00000000	0.00000000	0.00000000	0.00000000
7.54974699	0.00000000	0.00000000	0.00000000	0.00000000	0.00000000	0.00000000	0.00000000	0.00000000
8.38860798	0.00000000	0.00000000	0.00000000	0.00000000	0.00000000	0.00000000	0.00000000	0.00000000
9.22746849	0.00000000	0.00000000	0.00000000	0.00000000	0.00000000	0.00000000	0.00000000	0.00000000
10.06632996	0.00000000	0.00000000	0.00000000	0.00000000	0.00000000	0.00000000	0.00000000	0.00000000
10.90519047	0.00000000	0.00000000	0.00000000	0.00000000	0.00000000	0.00000000	0.00000000	0.00000000
11.74405098	0.00000000	0.00000000	0.00000000	0.00000000	0.00000000	0.00000000	0.00000000	0.00000000
12.58291245	0.00000000	0.00000000	0.00000000	0.00000000	0.00000000	0.00000000	0.00000000	0.00000000
13.42177296	0.00000000	0.00000000	0.00000000	0.00000000	0.00000000	0.00000000	0.00000000	0.00000000
15.09949398	0.00000000	0.00000000	0.00000000	0.00000000	0.00000000	0.00000000	0.00000000	0.00000000
16.77721596	0.00000000	0.00000000	0.00000000	0.00000000	0.00000000	0.00000000	0.00000000	0.00000000
18.45493698	0.00000000	0.00000000	0.00000000	0.00000000	0.00000000	0.00000000	0.00000000	0.00000000
20.13265991	0.00000000	0.00000000	0.00000000	0.00000000	0.00000000	0.00000000	0.00000000	0.00000000
21.81038094	0.00000000	0.00000000	0.00000000	0.00000000	0.00000000	0.00000000	0.00000000	0.00000000
23.48810196	0.00000000	0.00000000	0.00000000	0.00000000	0.00000000	0.00000000	0.00000000	0.00000000
25.16582489	0.00000000	0.00000000	0.00000000	0.00000000	0.00000000	0.00000000	0.00000000	0.00000000
26.84354591	0.00000000	0.00000000	0.00000000	0.00000000	0.00000000	0.00000000	0.00000000	0.00000000
30.19898796	0.00000000	0.00000000	0.00000000	0.00000000	0.00000000	0.00000000	0.00000000	0.00000000
33.55443192	0.00000000	0.00000000	0.00000000	0.00000000	0.00000000	0.00000000	0.00000000	0.00000000
36.90987396	0.00000000	0.00000000	0.00000000	0.00000000	0.00000000	0.00000000	0.00000000	0.00000000
40.26531982	0.00000000	0.00000000	0.00000000	0.00000000	0.00000000	0.00000000	0.00000000	0.00000000
43.62076187	0.00000000	0.00000000	0.00000000	0.00000000	0.00000000	0.00000000	0.00000000	0.00000000
46.97620392	0.00000000	0.00000000	0.00000000	0.00000000	0.00000000	0.00000000	0.00000000	0.00000000
50.33164978	0.00000000	0.00000000	0.00000000	0.00000000	0.00000000	0.00000000	0.00000000	0.00000000
53.68709183	0.00000000	0.00000000	0.00000000	0.00000000	0.00000000	0.00000000	0.00000000	0.00000000
60.39797592	0.00000000	0.00000000	0.00000000	0.00000000	0.00000000	0.00000000	0.00000000	0.00000000
67.10886383	0.00000000	0.00000000	0.00000000	0.00000000	0.00000000	0.00000000	0.00000000	0.00000000
73.81974792	0.00000000	0.00000000	0.00000000	0.00000000	0.00000000	0.00000000	0.00000000	0.00000000
80.53063965	0.00000000	0.00000000	0.00000000	0.00000000	0.00000000	0.00000000	0.00000000	0.00000000
87.24152374	0.00000000	0.00000000	0.00000000	0.00000000	0.00000000	0.00000000	0.00000000	0.00000000
93.95240784	0.00000000	0.00000000	0.00000000	0.00000000	0.00000000	0.00000000	0.00000000	0.00000000
100.66329956	0.00000000	0.00000000	0.00000000	0.00000000	0.00000000	0.00000000	0.00000000	0.00000000
107.37418365	0.00000000	0.00000000	0.00000000	0.00000000	0.00000000	0.00000000	0.00000000	0.00000000
120.79595184	0.00000000	0.00000000	0.00000000	0.00000000	0.00000000	0.00000000	0.00000000	0.00000000
134.21772766	0.00000000	0.00000000	0.00000000	0.00000000	0.00000000	0.00000000	0.00000000	0.00000000
147.63949585	0.00000000	0.00000000	0.00000000	0.00000000	0.00000000	0.00000000	0.00000000	0.00000000
161.06127930	0.00000000	0.00000000	0.00000000	0.00000000	0.00000000	0.00000000	0.00000000	0.00000000
174.48304749	0.00000000	0.00000000	0.00000000	0.00000000	0.00000000	0.00000000	0.00000000	0.00000000
187.90481567	0.00000000	0.00000000	0.00000000	0.00000000	0.00000000	0.00000000	0.00000000	0.00000000
201.32659912	0.00000000	0.00000000	0.00000000	0.00000000	0.00000000	0.00000000	0.00000000	0.00000000
214.74836731	0.00000000	0.00000000	0.00000000	0.00000000	0.00000000	0.00000000	0.00000000	0.00000000
241.59190369	0.00000000	0.00000000	0.00000000	0.00000000	0.00000000	0.00000000	0.00000000	0.00000000
268.43545532	0.00000000	0.00000000	0.00000000	0.00000000	0.00000000	0.00000000	0.00000000	0.00000000
295.27899170	0.00000000	0.00000000	0.00000000	0.00000000	0.00000000	0.00000000	0.00000000	0.00000000
322.12255859	0.00000000	0.00000000	0.00000000	0.00000000	0.00000000	0.00000000	0.00000000	0.00000000
348.96609497	0.00000000	0.00000000	0.00000000	0.00000000	0.00000000	0.00000000	0.00000000	0.00000000
375.80963135	0.00000000	0.00000000	0.00000000	0.00000000	0.00000000	0.00000000	0.00000000	0.00000000
402.65319824	0.00000000	0.00000000	0.00000000	0.00000000	0.00000000	0.00000000	0.00000000	0.00000000
429.49673462	0.00000000	0.00000000	0.00000000	0.00000000	0.00000000	0.00000000	0.00000000	0.00000000
483.18380737	0.00000000	0.00000000	0.00000000	0.00000000	0.00000000	0.00000000	0.00000000	0.00000000
536.87091064	0.00000000	0.00000000	0.00000000	0.00000000	0.00000000	0.00000000	0.00000000	0.00000000
590.55798340	0.00000000	0.00000000	0.00000000	0.00000000	0.00000000	0.00000000	0.00000000	0.00000000
644.24511719	0.00000000	0.00000000	0.00000000	0.00000000	0.00000000	0.00000000	0.00000000	0.00000000
697.93218994	0.00000000	0.00000000	0.00000000	0.00000000	0.00000000	0.00000000	0.00000000	0.00000000
751.61926270	0.00000000	0.00000000	0.00000000	0.00000000	0.00000000	0.00000000	0.00000000	0.00000000
805.30639648	0.00000000	0.00000000	0.00000000	0.00000000	0.00000000	0.00000000	0.00000000	0.00000000
858.99346924	0.00000000	0.00000000	0.00000000	0.00000000	0.00000000	0.00000000	0.00000000	0.00000000
966.36761475	0.00000000	0.00000000	0.00000000	0.00000000	0.00000000	0.00000000	0.00000000	0.00000000
1073.74182129	0.00000000	0.00000000	0.00000000	0.00000000	0.00000000	0.00000000	0.00000000	0.00000000
1181.11596680	0.00000000	0.00000000	0.00000000	0.00000000	0.00000000	0.00000000	0.00000000	0.00000000
1288.49023437	0.00000000	0.00000000	0.00000000	0.00000000	0.00000000	0.00000000	0.00000000	0.00000000
1395.86437988	0.00000000	0.00000000	0.00000000	0.00000000	0.00000000	0.00000000	0.00000000	0.00000000
1503.23852539	0.00000000	0.00000000	0.00000000	0.00000000	0.00000000	0.00000000	0.00000000	0.00000000
1610.61279297	0.00000000	0.00000000	0.00000000	0.00000000	0.00000000	0.00000000	0.00000000	0.00000000
1717.98693848	0.00000000	0.00000000	0.00000000	0.00000000	0.00000000	0.00000000	0.00000000	0.00000000
1932.73522949	0.00000000	0.00000000	0.00000000	0.00000000	0.00000000	0.00000000	0.00000000	0.00000000
2147.48364258	0.00000000	0.00000000	0.00000000	0.00000000	0.00000000	0.00000000	0.00000000	0.00000000
2362.23193359	0.00000000	0.00000000	0.00000000	0.00000000	0.00000000	0.00000000	0.00000000	0.00000000
2576.98046875	0.00000000	0.00000000	0.00000000	0.00000000	0.00000000	0.00000000	0.00000000	0.00000000
2791.72875977	0.00000000	0.00000000	0.00000000	0.00000000	0.00000000	0.00000000	0.00000000	0.00000000
3006.47705078	0.00000000	0.00000000	0.00000000	0.00000000	0.00000000	0.00000000	0.00000000	0.00000000
3221.22558594	0.00000000	0.00000000	0.00000000	0.00000000	0.00000000	0.00000000	0.00000000	0.00000000
3435.97387695	0.00000000	0.00000000	0.00000000	0.00000000	0.00000000	0.00000000	0.00000000	0.00000000
0	0	0	0	0	0	0	0	0
