%2/12/2019 1:58:31 PM
%Duration	ID1		ID2		ID3		ID4		ID5		ID6		ID7		ID8
1000.000000	0.000000	0.000000	0.000000	0.000000	116.319656	2640.647949	2822.761719	2763.328613
%Tau		Tau1		Tau2		Tau3		Tau4		Tau5		Tau6		Tau7		Tau8
%		0.000000	0.000000	0.000000	0.000000	0.000205	0.000001	0.000001	0.000001
%Delaytime	D1		D2		D3		D4		D5		D6		D7		D8
0.00000020	0.00000000	0.00000000	0.00000000	0.00000000	1.61840820	0.92521173	0.95296824	0.93234849
0.00000040	0.00000000	0.00000000	0.00000000	0.00000000	1.55606961	1.00159001	1.00345874	1.00268674
0.00000060	0.00000000	0.00000000	0.00000000	0.00000000	1.49532926	0.99931300	1.00051403	1.00122702
0.00000080	0.00000000	0.00000000	0.00000000	0.00000000	1.47135293	0.99907404	0.99870050	0.99840194
0.00000100	0.00000000	0.00000000	0.00000000	0.00000000	1.49852610	1.00008106	0.99988079	0.99891585
0.00000120	0.00000000	0.00000000	0.00000000	0.00000000	1.51770723	1.00124133	1.00149024	0.99952418
0.00000140	0.00000000	0.00000000	0.00000000	0.00000000	1.43299055	0.99950987	0.99935222	0.99906445
0.00000160	0.00000000	0.00000000	0.00000000	0.00000000	1.48414028	0.99906498	1.00120020	1.00061452
0.00000180	0.00000000	0.00000000	0.00000000	0.00000000	1.50172305	0.99939716	1.00109291	0.99965334
0.00000200	0.00000000	0.00000000	0.00000000	0.00000000	1.48254192	0.99966770	0.99916679	0.99893528
0.00000220	0.00000000	0.00000000	0.00000000	0.00000000	1.48893559	0.99932504	0.99962515	0.99857420
0.00000240	0.00000000	0.00000000	0.00000000	0.00000000	1.48973477	0.99975187	0.99978942	0.99862003
0.00000260	0.00000000	0.00000000	0.00000000	0.00000000	1.47854578	1.00056493	0.99913764	1.00132978
0.00000280	0.00000000	0.00000000	0.00000000	0.00000000	1.55447114	0.99781150	1.00035238	0.99929643
0.00000300	0.00000000	0.00000000	0.00000000	0.00000000	1.42579770	1.00026894	0.99857068	0.99943948
0.00000320	0.00000000	0.00000000	0.00000000	0.00000000	1.47055364	1.00055742	0.99930322	1.00010896
0.00000360	0.00000000	0.00000000	0.00000000	0.00000000	1.45776629	1.00005627	1.00026095	0.99952352
0.00000400	0.00000000	0.00000000	0.00000000	0.00000000	1.48014426	0.99901241	0.99963707	0.99895126
0.00000440	0.00000000	0.00000000	0.00000000	0.00000000	1.46336079	0.99846458	0.99939793	0.99888045
0.00000480	0.00000000	0.00000000	0.00000000	0.00000000	1.45736659	0.99944979	1.00016296	1.00121593
0.00000520	0.00000000	0.00000000	0.00000000	0.00000000	1.43259096	0.99884105	0.99916679	0.99954224
0.00000560	0.00000000	0.00000000	0.00000000	0.00000000	1.47974467	1.00070703	1.00079882	1.00003326
0.00000600	0.00000000	0.00000000	0.00000000	0.00000000	1.46256149	0.99900264	1.00010598	0.99977630
0.00000640	0.00000000	0.00000000	0.00000000	0.00000000	1.48174262	0.99942195	1.00032461	0.99876934
0.00000720	0.00000000	0.00000000	0.00000000	0.00000000	1.46735680	0.99832404	0.99989867	0.99905407
0.00000800	0.00000000	0.00000000	0.00000000	0.00000000	1.45796609	0.99945503	0.99930954	1.00047076
0.00000880	0.00000000	0.00000000	0.00000000	0.00000000	1.47874558	0.99962527	0.99993610	0.99906689
0.00000960	0.00000000	0.00000000	0.00000000	0.00000000	1.46995425	0.99835747	0.99947476	0.99962729
0.00001040	0.00000000	0.00000000	0.00000000	0.00000000	1.45277119	0.99871707	1.00011694	0.99946445
0.00001120	0.00000000	0.00000000	0.00000000	0.00000000	1.44637740	1.00014865	0.99950159	0.99860924
0.00001200	0.00000000	0.00000000	0.00000000	0.00000000	1.46356058	0.99911612	0.99951881	1.00024748
0.00001280	0.00000000	0.00000000	0.00000000	0.00000000	1.46016383	0.99987888	0.99933732	0.99993634
0.00001440	0.00000000	0.00000000	0.00000000	0.00000000	1.44617760	0.99893028	0.99910587	0.99947244
0.00001600	0.00000000	0.00000000	0.00000000	0.00000000	1.42240107	0.99972856	0.99992949	1.00019872
0.00001760	0.00000000	0.00000000	0.00000000	0.00000000	1.44977415	0.99979734	0.99962282	0.99986398
0.00001920	0.00000000	0.00000000	0.00000000	0.00000000	1.41950393	0.99964100	1.00005496	0.99964345
0.00002080	0.00000000	0.00000000	0.00000000	0.00000000	1.43059301	1.00002348	1.00004160	1.00001061
0.00002240	0.00000000	0.00000000	0.00000000	0.00000000	1.42859495	0.99942738	0.99947625	1.00005126
0.00002400	0.00000000	0.00000000	0.00000000	0.00000000	1.40381932	0.99961793	0.99953574	1.00022352
0.00002560	0.00000000	0.00000000	0.00000000	0.00000000	1.42709637	0.99976784	0.99976784	0.99918598
0.00002880	0.00000000	0.00000000	0.00000000	0.00000000	1.41114807	0.99953198	0.99950260	0.99931675
0.00003200	0.00000000	0.00000000	0.00000000	0.00000000	1.41524303	1.00004661	0.99950993	0.99956751
0.00003520	0.00000000	0.00000000	0.00000000	0.00000000	1.41239655	1.00032699	1.00033891	0.99983364
0.00003840	0.00000000	0.00000000	0.00000000	0.00000000	1.41684103	0.99973238	0.99958366	1.00021672
0.00004160	0.00000000	0.00000000	0.00000000	0.00000000	1.38822651	0.99997020	0.99994725	1.00044823
0.00004480	0.00000000	0.00000000	0.00000000	0.00000000	1.37639129	0.99930638	1.00022089	0.99960220
0.00004800	0.00000000	0.00000000	0.00000000	0.00000000	1.38752747	0.99980557	0.99977350	0.99995863
0.00005120	0.00000000	0.00000000	0.00000000	0.00000000	1.37822628	0.99955946	1.00004447	0.99960679
0.00005760	0.00000000	0.00000000	0.00000000	0.00000000	1.36719584	0.99985647	1.00022376	1.00040829
0.00006400	0.00000000	0.00000000	0.00000000	0.00000000	1.36809635	0.99967039	0.99999124	0.99996263
0.00007040	0.00000000	0.00000000	0.00000000	0.00000000	1.35482562	0.99970037	1.00004208	0.99987215
0.00007680	0.00000000	0.00000000	0.00000000	0.00000000	1.33693945	0.99981260	1.00014102	1.00010848
0.00008320	0.00000000	0.00000000	0.00000000	0.00000000	1.34164238	0.99956983	0.99944532	0.99987799
0.00008960	0.00000000	0.00000000	0.00000000	0.00000000	1.32077920	1.00029504	1.00009859	0.99986798
0.00009600	0.00000000	0.00000000	0.00000000	0.00000000	1.31256199	0.99986666	1.00016809	1.00013506
0.00010240	0.00000000	0.00000000	0.00000000	0.00000000	1.30102992	1.00002134	1.00004423	1.00022674
0.00011520	0.00000000	0.00000000	0.00000000	0.00000000	1.29099476	1.00009489	1.00022876	1.00005209
0.00012800	0.00000000	0.00000000	0.00000000	0.00000000	1.27424753	1.00001323	1.00014532	1.00014389
0.00014080	0.00000000	0.00000000	0.00000000	0.00000000	1.26174247	1.00003862	1.00000668	1.00002754
0.00015360	0.00000000	0.00000000	0.00000000	0.00000000	1.24773645	1.00008702	1.00029159	0.99993700
0.00016640	0.00000000	0.00000000	0.00000000	0.00000000	1.23114967	1.00003886	1.00012672	1.00014389
0.00017920	0.00000000	0.00000000	0.00000000	0.00000000	1.22209954	1.00021279	1.00014067	0.99990922
0.00019200	0.00000000	0.00000000	0.00000000	0.00000000	1.21556664	0.99998939	1.00004196	1.00004029
0.00020480	0.00000000	0.00000000	0.00000000	0.00000000	1.20403814	0.99998748	1.00007689	0.99994200
0.00023040	0.00000000	0.00000000	0.00000000	0.00000000	1.17868781	0.99990505	1.00015152	1.00018942
0.00025600	0.00000000	0.00000000	0.00000000	0.00000000	1.16542602	1.00022578	1.00006807	1.00006866
0.00028160	0.00000000	0.00000000	0.00000000	0.00000000	1.14675176	1.00002074	1.00008810	0.99994141
0.00030720	0.00000000	0.00000000	0.00000000	0.00000000	1.13536382	1.00007522	1.00016999	0.99999267
0.00033280	0.00000000	0.00000000	0.00000000	0.00000000	1.12639904	0.99999464	1.00006664	0.99999386
0.00035840	0.00000000	0.00000000	0.00000000	0.00000000	1.11791313	0.99997824	1.00013649	1.00010693
0.00038400	0.00000000	0.00000000	0.00000000	0.00000000	1.10662246	1.00006175	0.99989849	0.99999326
0.00040960	0.00000000	0.00000000	0.00000000	0.00000000	1.09658694	1.00007558	1.00008714	0.99998170
0.00046080	0.00000000	0.00000000	0.00000000	0.00000000	1.08058965	0.99998432	1.00000513	0.99993140
0.00051200	0.00000000	0.00000000	0.00000000	0.00000000	1.06543040	0.99996597	1.00004160	0.99990475
0.00056320	0.00000000	0.00000000	0.00000000	0.00000000	1.05767727	1.00007880	1.00009143	0.99991637
0.00061440	0.00000000	0.00000000	0.00000000	0.00000000	1.04904401	1.00001228	0.99999702	0.99995250
0.00066560	0.00000000	0.00000000	0.00000000	0.00000000	1.04074860	0.99995327	0.99994135	1.00001061
0.00071680	0.00000000	0.00000000	0.00000000	0.00000000	1.03912938	1.00001383	1.00014496	0.99999195
0.00076800	0.00000000	0.00000000	0.00000000	0.00000000	1.02676105	1.00007486	0.99995083	0.99994379
0.00081920	0.00000000	0.00000000	0.00000000	0.00000000	1.02102900	1.00003600	1.00001049	1.00003254
0.00092160	0.00000000	0.00000000	0.00000000	0.00000000	1.01672816	0.99997872	0.99998015	0.99995774
0.00102400	0.00000000	0.00000000	0.00000000	0.00000000	1.01315057	1.00002646	1.00002491	1.00002265
0.00112640	0.00000000	0.00000000	0.00000000	0.00000000	1.01389778	0.99997896	1.00001955	0.99987000
0.00122880	0.00000000	0.00000000	0.00000000	0.00000000	1.00891697	1.00003183	0.99999034	0.99997389
0.00133120	0.00000000	0.00000000	0.00000000	0.00000000	1.00409520	0.99992335	1.00002313	0.99997735
0.00143360	0.00000000	0.00000000	0.00000000	0.00000000	1.00172246	1.00005257	0.99998081	0.99998707
0.00153600	0.00000000	0.00000000	0.00000000	0.00000000	0.99853706	0.99992853	0.99996793	0.99998462
0.00163840	0.00000000	0.00000000	0.00000000	0.00000000	0.99668026	1.00001109	1.00001478	0.99998575
0.00184320	0.00000000	0.00000000	0.00000000	0.00000000	0.99707174	0.99997264	0.99997121	1.00002086
0.00204800	0.00000000	0.00000000	0.00000000	0.00000000	0.99865425	0.99999785	0.99997568	0.99997127
0.00225280	0.00000000	0.00000000	0.00000000	0.00000000	1.00675213	1.00003147	1.00000548	0.99996549
0.00245760	0.00000000	0.00000000	0.00000000	0.00000000	1.00908804	1.00003505	0.99999702	0.99997818
0.00266240	0.00000000	0.00000000	0.00000000	0.00000000	1.00904393	0.99998695	1.00000048	1.00003636
0.00286720	0.00000000	0.00000000	0.00000000	0.00000000	1.00973141	0.99997586	0.99998206	0.99995857
0.00307200	0.00000000	0.00000000	0.00000000	0.00000000	1.01146793	0.99998897	0.99997264	0.99999756
0.00327680	0.00000000	0.00000000	0.00000000	0.00000000	1.01021934	0.99996132	0.99996614	0.99998063
0.00368640	0.00000000	0.00000000	0.00000000	0.00000000	1.00243044	1.00002372	0.99998039	0.99998713
0.00409600	0.00000000	0.00000000	0.00000000	0.00000000	0.99671221	1.00002980	0.99998254	1.00001538
0.00450560	0.00000000	0.00000000	0.00000000	0.00000000	0.99323219	0.99997491	0.99998921	0.99994898
0.00491520	0.00000000	0.00000000	0.00000000	0.00000000	0.99079293	1.00000405	0.99998695	0.99998796
0.00532480	0.00000000	0.00000000	0.00000000	0.00000000	0.99800521	0.99997842	0.99994755	0.99999326
0.00573440	0.00000000	0.00000000	0.00000000	0.00000000	0.99794650	0.99997872	0.99999702	0.99997181
0.00614400	0.00000000	0.00000000	0.00000000	0.00000000	1.00499964	1.00000894	0.99994379	0.99997556
0.00655360	0.00000000	0.00000000	0.00000000	0.00000000	1.01195693	1.00000894	1.00002491	1.00001633
0.00737280	0.00000000	0.00000000	0.00000000	0.00000000	0.99979281	0.99997258	1.00000751	1.00000823
0.00819200	0.00000000	0.00000000	0.00000000	0.00000000	0.99758005	1.00004649	1.00010526	1.00003541
0.00901120	0.00000000	0.00000000	0.00000000	0.00000000	1.00564516	1.00002766	1.00002098	1.00002182
0.00983040	0.00000000	0.00000000	0.00000000	0.00000000	1.00414181	1.00002789	1.00000668	1.00000083
0.01064960	0.00000000	0.00000000	0.00000000	0.00000000	1.00275791	1.00001538	0.99998724	1.00000262
0.01146880	0.00000000	0.00000000	0.00000000	0.00000000	1.00592875	1.00001204	1.00001144	0.99999416
0.01228800	0.00000000	0.00000000	0.00000000	0.00000000	1.00038755	0.99999750	0.99998426	0.99998802
0.01310720	0.00000000	0.00000000	0.00000000	0.00000000	1.00137198	0.99997187	1.00000429	1.00000072
0.01474560	0.00000000	0.00000000	0.00000000	0.00000000	0.99880123	0.99998593	0.99999106	1.00001001
0.01638400	0.00000000	0.00000000	0.00000000	0.00000000	1.00238276	1.00003958	1.00005698	1.00001967
0.01802240	0.00000000	0.00000000	0.00000000	0.00000000	0.99392450	1.00002849	1.00001431	0.99998677
0.01966080	0.00000000	0.00000000	0.00000000	0.00000000	1.00214946	0.99999392	0.99998033	0.99998540
0.02129920	0.00000000	0.00000000	0.00000000	0.00000000	1.00123465	1.00000274	0.99998635	1.00000560
0.02293760	0.00000000	0.00000000	0.00000000	0.00000000	0.99862403	0.99999070	0.99998200	0.99998760
0.02457600	0.00000000	0.00000000	0.00000000	0.00000000	0.99980485	1.00000465	1.00002706	1.00002527
0.02621440	0.00000000	0.00000000	0.00000000	0.00000000	1.00021017	1.00001276	1.00002456	1.00000477
0.02949120	0.00000000	0.00000000	0.00000000	0.00000000	0.99594635	0.99998838	0.99997753	0.99998915
0.03276800	0.00000000	0.00000000	0.00000000	0.00000000	1.00049078	1.00001311	1.00001574	1.00000346
0.03604480	0.00000000	0.00000000	0.00000000	0.00000000	0.99515462	1.00000167	0.99999791	0.99999440
0.03932160	0.00000000	0.00000000	0.00000000	0.00000000	1.00064671	1.00000715	0.99998498	0.99999124
0.04259840	0.00000000	0.00000000	0.00000000	0.00000000	1.00316226	1.00001216	1.00000846	1.00000978
0.04587520	0.00000000	0.00000000	0.00000000	0.00000000	1.00021374	1.00000453	0.99999148	0.99998134
0.04915200	0.00000000	0.00000000	0.00000000	0.00000000	1.00423694	1.00001085	1.00001264	0.99999702
0.05242880	0.00000000	0.00000000	0.00000000	0.00000000	1.00076485	1.00001061	0.99999076	1.00000274
0.05898240	0.00000000	0.00000000	0.00000000	0.00000000	0.99589980	1.00000083	1.00001574	0.99999410
0.06553600	0.00000000	0.00000000	0.00000000	0.00000000	1.00076437	1.00000918	1.00000119	1.00000799
0.07208960	0.00000000	0.00000000	0.00000000	0.00000000	0.99822450	1.00000513	0.99999589	0.99999565
0.07864320	0.00000000	0.00000000	0.00000000	0.00000000	0.99721777	1.00000560	0.99999326	0.99999648
0.08519680	0.00000000	0.00000000	0.00000000	0.00000000	1.00072134	1.00001717	0.99999487	0.99999851
0.09175040	0.00000000	0.00000000	0.00000000	0.00000000	1.00008833	1.00001121	1.00000322	0.99999923
0.09830400	0.00000000	0.00000000	0.00000000	0.00000000	0.99983686	0.99999803	0.99999452	1.00000453
0.10485760	0.00000000	0.00000000	0.00000000	0.00000000	0.99728608	1.00000238	0.99999481	1.00000250
0.11796480	0.00000000	0.00000000	0.00000000	0.00000000	0.99582613	1.00000644	0.99999988	1.00000131
0.13107200	0.00000000	0.00000000	0.00000000	0.00000000	0.99777049	1.00000596	1.00000584	1.00000453
0.14417920	0.00000000	0.00000000	0.00000000	0.00000000	0.99840105	1.00000107	1.00000215	1.00000012
0.15728641	0.00000000	0.00000000	0.00000000	0.00000000	1.00121868	1.00000775	1.00000274	1.00000179
0.17039360	0.00000000	0.00000000	0.00000000	0.00000000	1.00179219	1.00000072	1.00000727	0.99999887
0.18350080	0.00000000	0.00000000	0.00000000	0.00000000	1.00036871	1.00000334	1.00000453	1.00000083
0.19660801	0.00000000	0.00000000	0.00000000	0.00000000	1.00012743	1.00000465	1.00000191	0.99999666
0.20971520	0.00000000	0.00000000	0.00000000	0.00000000	1.00022721	1.00000763	0.99999726	1.00000024
0.23592959	0.00000000	0.00000000	0.00000000	0.00000000	1.00054944	1.00000143	1.00000226	1.00000274
0.26214400	0.00000000	0.00000000	0.00000000	0.00000000	1.00007379	1.00000381	0.99999583	1.00000226
0.28835839	0.00000000	0.00000000	0.00000000	0.00000000	1.00013399	1.00000489	1.00000966	1.00000429
0.31457281	0.00000000	0.00000000	0.00000000	0.00000000	0.99870998	1.00000346	0.99999726	0.99999893
0.34078720	0.00000000	0.00000000	0.00000000	0.00000000	1.00117826	1.00000429	0.99999833	1.00000072
0.36700159	0.00000000	0.00000000	0.00000000	0.00000000	1.00075519	1.00000393	0.99999946	0.99999797
0.39321601	0.00000000	0.00000000	0.00000000	0.00000000	1.00036216	1.00000620	0.99999702	1.00000012
0.41943040	0.00000000	0.00000000	0.00000000	0.00000000	1.00214326	1.00000751	1.00000262	1.00000334
0.47185919	0.00000000	0.00000000	0.00000000	0.00000000	0.99805897	1.00000429	1.00000167	0.99999911
0.52428800	0.00000000	0.00000000	0.00000000	0.00000000	0.99968231	1.00000429	0.99999654	1.00000119
0.57671678	0.00000000	0.00000000	0.00000000	0.00000000	1.00019300	1.00000441	1.00000072	1.00000048
0.62914562	0.00000000	0.00000000	0.00000000	0.00000000	0.99990153	1.00000513	0.99999946	1.00000060
0.68157440	0.00000000	0.00000000	0.00000000	0.00000000	1.00159967	1.00000143	0.99999893	0.99999899
0.73400319	0.00000000	0.00000000	0.00000000	0.00000000	0.99966222	1.00000119	1.00000083	1.00000095
0.78643203	0.00000000	0.00000000	0.00000000	0.00000000	0.99910396	1.00000060	0.99999934	1.00000167
0.83886081	0.00000000	0.00000000	0.00000000	0.00000000	1.00214338	1.00000393	1.00000310	0.99999797
0.94371837	0.00000000	0.00000000	0.00000000	0.00000000	0.99840611	0.99999785	0.99999964	0.99999899
1.04857600	0.00000000	0.00000000	0.00000000	0.00000000	1.00075567	1.00000322	1.00000393	0.99999940
1.15343356	0.00000000	0.00000000	0.00000000	0.00000000	0.99992925	1.00000072	0.99999827	1.00000131
1.25829124	0.00000000	0.00000000	0.00000000	0.00000000	0.99905980	1.00000083	1.00000429	0.99999988
1.36314881	0.00000000	0.00000000	0.00000000	0.00000000	1.00215793	0.99999809	0.99999517	0.99999940
1.46800637	0.00000000	0.00000000	0.00000000	0.00000000	0.99956453	1.00000012	1.00000560	1.00000012
1.57286406	0.00000000	0.00000000	0.00000000	0.00000000	0.99891955	1.00000131	0.99999851	0.99999988
1.67772162	0.00000000	0.00000000	0.00000000	0.00000000	1.00085652	0.99999976	0.99999833	1.00000036
1.88743675	0.00000000	0.00000000	0.00000000	0.00000000	0.00000000	0.00000000	0.00000000	0.00000000
2.09715199	0.00000000	0.00000000	0.00000000	0.00000000	0.00000000	0.00000000	0.00000000	0.00000000
2.30686712	0.00000000	0.00000000	0.00000000	0.00000000	0.00000000	0.00000000	0.00000000	0.00000000
2.51658249	0.00000000	0.00000000	0.00000000	0.00000000	0.00000000	0.00000000	0.00000000	0.00000000
2.72629762	0.00000000	0.00000000	0.00000000	0.00000000	0.00000000	0.00000000	0.00000000	0.00000000
2.93601274	0.00000000	0.00000000	0.00000000	0.00000000	0.00000000	0.00000000	0.00000000	0.00000000
3.14572811	0.00000000	0.00000000	0.00000000	0.00000000	0.00000000	0.00000000	0.00000000	0.00000000
3.35544324	0.00000000	0.00000000	0.00000000	0.00000000	0.00000000	0.00000000	0.00000000	0.00000000
3.77487350	0.00000000	0.00000000	0.00000000	0.00000000	0.00000000	0.00000000	0.00000000	0.00000000
4.19430399	0.00000000	0.00000000	0.00000000	0.00000000	0.00000000	0.00000000	0.00000000	0.00000000
4.61373425	0.00000000	0.00000000	0.00000000	0.00000000	0.00000000	0.00000000	0.00000000	0.00000000
5.03316498	0.00000000	0.00000000	0.00000000	0.00000000	0.00000000	0.00000000	0.00000000	0.00000000
5.45259523	0.00000000	0.00000000	0.00000000	0.00000000	0.00000000	0.00000000	0.00000000	0.00000000
5.87202549	0.00000000	0.00000000	0.00000000	0.00000000	0.00000000	0.00000000	0.00000000	0.00000000
6.29145622	0.00000000	0.00000000	0.00000000	0.00000000	0.00000000	0.00000000	0.00000000	0.00000000
6.71088648	0.00000000	0.00000000	0.00000000	0.00000000	0.00000000	0.00000000	0.00000000	0.00000000
7.54974699	0.00000000	0.00000000	0.00000000	0.00000000	0.00000000	0.00000000	0.00000000	0.00000000
8.38860798	0.00000000	0.00000000	0.00000000	0.00000000	0.00000000	0.00000000	0.00000000	0.00000000
9.22746849	0.00000000	0.00000000	0.00000000	0.00000000	0.00000000	0.00000000	0.00000000	0.00000000
10.06632996	0.00000000	0.00000000	0.00000000	0.00000000	0.00000000	0.00000000	0.00000000	0.00000000
10.90519047	0.00000000	0.00000000	0.00000000	0.00000000	0.00000000	0.00000000	0.00000000	0.00000000
11.74405098	0.00000000	0.00000000	0.00000000	0.00000000	0.00000000	0.00000000	0.00000000	0.00000000
12.58291245	0.00000000	0.00000000	0.00000000	0.00000000	0.00000000	0.00000000	0.00000000	0.00000000
13.42177296	0.00000000	0.00000000	0.00000000	0.00000000	0.00000000	0.00000000	0.00000000	0.00000000
15.09949398	0.00000000	0.00000000	0.00000000	0.00000000	0.00000000	0.00000000	0.00000000	0.00000000
16.77721596	0.00000000	0.00000000	0.00000000	0.00000000	0.00000000	0.00000000	0.00000000	0.00000000
18.45493698	0.00000000	0.00000000	0.00000000	0.00000000	0.00000000	0.00000000	0.00000000	0.00000000
20.13265991	0.00000000	0.00000000	0.00000000	0.00000000	0.00000000	0.00000000	0.00000000	0.00000000
21.81038094	0.00000000	0.00000000	0.00000000	0.00000000	0.00000000	0.00000000	0.00000000	0.00000000
23.48810196	0.00000000	0.00000000	0.00000000	0.00000000	0.00000000	0.00000000	0.00000000	0.00000000
25.16582489	0.00000000	0.00000000	0.00000000	0.00000000	0.00000000	0.00000000	0.00000000	0.00000000
26.84354591	0.00000000	0.00000000	0.00000000	0.00000000	0.00000000	0.00000000	0.00000000	0.00000000
30.19898796	0.00000000	0.00000000	0.00000000	0.00000000	0.00000000	0.00000000	0.00000000	0.00000000
33.55443192	0.00000000	0.00000000	0.00000000	0.00000000	0.00000000	0.00000000	0.00000000	0.00000000
36.90987396	0.00000000	0.00000000	0.00000000	0.00000000	0.00000000	0.00000000	0.00000000	0.00000000
40.26531982	0.00000000	0.00000000	0.00000000	0.00000000	0.00000000	0.00000000	0.00000000	0.00000000
43.62076187	0.00000000	0.00000000	0.00000000	0.00000000	0.00000000	0.00000000	0.00000000	0.00000000
46.97620392	0.00000000	0.00000000	0.00000000	0.00000000	0.00000000	0.00000000	0.00000000	0.00000000
50.33164978	0.00000000	0.00000000	0.00000000	0.00000000	0.00000000	0.00000000	0.00000000	0.00000000
53.68709183	0.00000000	0.00000000	0.00000000	0.00000000	0.00000000	0.00000000	0.00000000	0.00000000
60.39797592	0.00000000	0.00000000	0.00000000	0.00000000	0.00000000	0.00000000	0.00000000	0.00000000
67.10886383	0.00000000	0.00000000	0.00000000	0.00000000	0.00000000	0.00000000	0.00000000	0.00000000
73.81974792	0.00000000	0.00000000	0.00000000	0.00000000	0.00000000	0.00000000	0.00000000	0.00000000
80.53063965	0.00000000	0.00000000	0.00000000	0.00000000	0.00000000	0.00000000	0.00000000	0.00000000
87.24152374	0.00000000	0.00000000	0.00000000	0.00000000	0.00000000	0.00000000	0.00000000	0.00000000
93.95240784	0.00000000	0.00000000	0.00000000	0.00000000	0.00000000	0.00000000	0.00000000	0.00000000
100.66329956	0.00000000	0.00000000	0.00000000	0.00000000	0.00000000	0.00000000	0.00000000	0.00000000
107.37418365	0.00000000	0.00000000	0.00000000	0.00000000	0.00000000	0.00000000	0.00000000	0.00000000
120.79595184	0.00000000	0.00000000	0.00000000	0.00000000	0.00000000	0.00000000	0.00000000	0.00000000
134.21772766	0.00000000	0.00000000	0.00000000	0.00000000	0.00000000	0.00000000	0.00000000	0.00000000
147.63949585	0.00000000	0.00000000	0.00000000	0.00000000	0.00000000	0.00000000	0.00000000	0.00000000
161.06127930	0.00000000	0.00000000	0.00000000	0.00000000	0.00000000	0.00000000	0.00000000	0.00000000
174.48304749	0.00000000	0.00000000	0.00000000	0.00000000	0.00000000	0.00000000	0.00000000	0.00000000
187.90481567	0.00000000	0.00000000	0.00000000	0.00000000	0.00000000	0.00000000	0.00000000	0.00000000
201.32659912	0.00000000	0.00000000	0.00000000	0.00000000	0.00000000	0.00000000	0.00000000	0.00000000
214.74836731	0.00000000	0.00000000	0.00000000	0.00000000	0.00000000	0.00000000	0.00000000	0.00000000
241.59190369	0.00000000	0.00000000	0.00000000	0.00000000	0.00000000	0.00000000	0.00000000	0.00000000
268.43545532	0.00000000	0.00000000	0.00000000	0.00000000	0.00000000	0.00000000	0.00000000	0.00000000
295.27899170	0.00000000	0.00000000	0.00000000	0.00000000	0.00000000	0.00000000	0.00000000	0.00000000
322.12255859	0.00000000	0.00000000	0.00000000	0.00000000	0.00000000	0.00000000	0.00000000	0.00000000
348.96609497	0.00000000	0.00000000	0.00000000	0.00000000	0.00000000	0.00000000	0.00000000	0.00000000
375.80963135	0.00000000	0.00000000	0.00000000	0.00000000	0.00000000	0.00000000	0.00000000	0.00000000
402.65319824	0.00000000	0.00000000	0.00000000	0.00000000	0.00000000	0.00000000	0.00000000	0.00000000
429.49673462	0.00000000	0.00000000	0.00000000	0.00000000	0.00000000	0.00000000	0.00000000	0.00000000
483.18380737	0.00000000	0.00000000	0.00000000	0.00000000	0.00000000	0.00000000	0.00000000	0.00000000
536.87091064	0.00000000	0.00000000	0.00000000	0.00000000	0.00000000	0.00000000	0.00000000	0.00000000
590.55798340	0.00000000	0.00000000	0.00000000	0.00000000	0.00000000	0.00000000	0.00000000	0.00000000
644.24511719	0.00000000	0.00000000	0.00000000	0.00000000	0.00000000	0.00000000	0.00000000	0.00000000
697.93218994	0.00000000	0.00000000	0.00000000	0.00000000	0.00000000	0.00000000	0.00000000	0.00000000
751.61926270	0.00000000	0.00000000	0.00000000	0.00000000	0.00000000	0.00000000	0.00000000	0.00000000
805.30639648	0.00000000	0.00000000	0.00000000	0.00000000	0.00000000	0.00000000	0.00000000	0.00000000
858.99346924	0.00000000	0.00000000	0.00000000	0.00000000	0.00000000	0.00000000	0.00000000	0.00000000
966.36761475	0.00000000	0.00000000	0.00000000	0.00000000	0.00000000	0.00000000	0.00000000	0.00000000
1073.74182129	0.00000000	0.00000000	0.00000000	0.00000000	0.00000000	0.00000000	0.00000000	0.00000000
1181.11596680	0.00000000	0.00000000	0.00000000	0.00000000	0.00000000	0.00000000	0.00000000	0.00000000
1288.49023437	0.00000000	0.00000000	0.00000000	0.00000000	0.00000000	0.00000000	0.00000000	0.00000000
1395.86437988	0.00000000	0.00000000	0.00000000	0.00000000	0.00000000	0.00000000	0.00000000	0.00000000
1503.23852539	0.00000000	0.00000000	0.00000000	0.00000000	0.00000000	0.00000000	0.00000000	0.00000000
1610.61279297	0.00000000	0.00000000	0.00000000	0.00000000	0.00000000	0.00000000	0.00000000	0.00000000
1717.98693848	0.00000000	0.00000000	0.00000000	0.00000000	0.00000000	0.00000000	0.00000000	0.00000000
1932.73522949	0.00000000	0.00000000	0.00000000	0.00000000	0.00000000	0.00000000	0.00000000	0.00000000
2147.48364258	0.00000000	0.00000000	0.00000000	0.00000000	0.00000000	0.00000000	0.00000000	0.00000000
2362.23193359	0.00000000	0.00000000	0.00000000	0.00000000	0.00000000	0.00000000	0.00000000	0.00000000
2576.98046875	0.00000000	0.00000000	0.00000000	0.00000000	0.00000000	0.00000000	0.00000000	0.00000000
2791.72875977	0.00000000	0.00000000	0.00000000	0.00000000	0.00000000	0.00000000	0.00000000	0.00000000
3006.47705078	0.00000000	0.00000000	0.00000000	0.00000000	0.00000000	0.00000000	0.00000000	0.00000000
3221.22558594	0.00000000	0.00000000	0.00000000	0.00000000	0.00000000	0.00000000	0.00000000	0.00000000
3435.97387695	0.00000000	0.00000000	0.00000000	0.00000000	0.00000000	0.00000000	0.00000000	0.00000000
0	0	0	0	0	0	0	0	0
