%2/12/2019 2:02:08 PM
%Duration	ID1		ID2		ID3		ID4		ID5		ID6		ID7		ID8
3000.000000	0.000000	0.000000	0.000000	0.000000	75.311661	893.602417	874.977112	720.949219
%Tau		Tau1		Tau2		Tau3		Tau4		Tau5		Tau6		Tau7		Tau8
%		0.000000	0.000000	0.000000	0.000000	0.000154	0.786432	0.576717	0.340787
%Delaytime	D1		D2		D3		D4		D5		D6		D7		D8
0.00000020	0.00000000	0.00000000	0.00000000	0.00000000	1.72319412	1.00616860	1.04471481	0.97203910
0.00000040	0.00000000	0.00000000	0.00000000	0.00000000	1.52769315	1.01143563	1.01878631	1.01135302
0.00000060	0.00000000	0.00000000	0.00000000	0.00000000	1.53266776	1.01434040	1.00994217	1.01153040
0.00000080	0.00000000	0.00000000	0.00000000	0.00000000	1.50530756	1.00837564	1.00802958	1.01087534
0.00000100	0.00000000	0.00000000	0.00000000	0.00000000	1.49535835	1.01009488	1.00998497	1.00749123
0.00000120	0.00000000	0.00000000	0.00000000	0.00000000	1.48043466	1.00645590	1.00804389	1.00951076
0.00000140	0.00000000	0.00000000	0.00000000	0.00000000	1.53067791	1.00802457	1.00949490	1.01002932
0.00000160	0.00000000	0.00000000	0.00000000	0.00000000	1.48093212	1.00525200	1.00558424	1.00841916
0.00000180	0.00000000	0.00000000	0.00000000	0.00000000	1.45605922	1.00602722	1.01057971	1.00325418
0.00000200	0.00000000	0.00000000	0.00000000	0.00000000	1.46252620	1.00469100	1.00578403	1.00436628
0.00000220	0.00000000	0.00000000	0.00000000	0.00000000	1.50878978	0.99827027	1.00552237	1.00742292
0.00000240	0.00000000	0.00000000	0.00000000	0.00000000	1.48441434	1.00893664	1.00798202	1.00631762
0.00000260	0.00000000	0.00000000	0.00000000	0.00000000	1.47744989	1.00422585	1.01068437	1.00968826
0.00000280	0.00000000	0.00000000	0.00000000	0.00000000	1.48690164	1.00630081	1.00964248	1.00694537
0.00000300	0.00000000	0.00000000	0.00000000	0.00000000	1.45307446	1.00381553	1.01166439	1.00575137
0.00000320	0.00000000	0.00000000	0.00000000	0.00000000	1.49088132	1.00622332	1.01190221	1.00787330
0.00000360	0.00000000	0.00000000	0.00000000	0.00000000	1.48167825	1.00639880	1.00703764	1.00898886
0.00000400	0.00000000	0.00000000	0.00000000	0.00000000	1.46252620	1.00816596	1.00788212	1.01042855
0.00000440	0.00000000	0.00000000	0.00000000	0.00000000	1.46600842	1.00721061	1.00890267	1.00504518
0.00000480	0.00000000	0.00000000	0.00000000	0.00000000	1.48814523	1.00715590	1.00735879	1.00885582
0.00000520	0.00000000	0.00000000	0.00000000	0.00000000	1.48540926	1.00779200	1.00624800	1.00665879
0.00000560	0.00000000	0.00000000	0.00000000	0.00000000	1.46973932	1.00585616	1.00597203	1.00679529
0.00000600	0.00000000	0.00000000	0.00000000	0.00000000	1.48391688	1.00720596	1.00757527	1.00646436
0.00000640	0.00000000	0.00000000	0.00000000	0.00000000	1.48615539	1.00450861	1.00732315	1.00707495
0.00000720	0.00000000	0.00000000	0.00000000	0.00000000	1.47446513	1.00785351	1.00850654	1.00740588
0.00000800	0.00000000	0.00000000	0.00000000	0.00000000	1.46613276	1.00496924	1.00649178	1.00602424
0.00000880	0.00000000	0.00000000	0.00000000	0.00000000	1.45568609	1.00558710	1.00893474	1.00687718
0.00000960	0.00000000	0.00000000	0.00000000	0.00000000	1.48080778	1.00524509	1.00858033	1.00692666
0.00001040	0.00000000	0.00000000	0.00000000	0.00000000	1.46140695	1.00629735	1.00660717	1.00649500
0.00001120	0.00000000	0.00000000	0.00000000	0.00000000	1.43280303	1.00592339	1.00807726	1.00750661
0.00001200	0.00000000	0.00000000	0.00000000	0.00000000	1.45493996	1.00810099	1.00599110	1.00735986
0.00001280	0.00000000	0.00000000	0.00000000	0.00000000	1.46613276	1.00681388	1.00904655	1.00646091
0.00001440	0.00000000	0.00000000	0.00000000	0.00000000	1.44809985	1.00686514	1.00801659	1.00668180
0.00001600	0.00000000	0.00000000	0.00000000	0.00000000	1.44393373	1.00612581	1.00974298	1.00541449
0.00001760	0.00000000	0.00000000	0.00000000	0.00000000	1.43236780	1.00645530	1.00917554	1.00641406
0.00001920	0.00000000	0.00000000	0.00000000	0.00000000	1.44206822	1.00612807	1.00833952	1.00857520
0.00002080	0.00000000	0.00000000	0.00000000	0.00000000	1.44169509	1.00747728	1.00792849	1.00656331
0.00002240	0.00000000	0.00000000	0.00000000	0.00000000	1.43790197	1.00648439	1.00808549	1.00701106
0.00002400	0.00000000	0.00000000	0.00000000	0.00000000	1.41346443	1.00684631	1.00841618	1.00585711
0.00002560	0.00000000	0.00000000	0.00000000	0.00000000	1.42900991	1.00533402	1.00712097	1.00530100
0.00002880	0.00000000	0.00000000	0.00000000	0.00000000	1.40058219	1.00599468	1.00739181	1.00706553
0.00003200	0.00000000	0.00000000	0.00000000	0.00000000	1.40668619	1.00672758	1.00831997	1.00683129
0.00003520	0.00000000	0.00000000	0.00000000	0.00000000	1.40210044	1.00695086	1.00734127	1.00593054
0.00003840	0.00000000	0.00000000	0.00000000	0.00000000	1.39934289	1.00657034	1.00812650	1.00626290
0.00004160	0.00000000	0.00000000	0.00000000	0.00000000	1.38378870	1.00679231	1.00757003	1.00621557
0.00004480	0.00000000	0.00000000	0.00000000	0.00000000	1.37679195	1.00677049	1.00806296	1.00579762
0.00004800	0.00000000	0.00000000	0.00000000	0.00000000	1.36291099	1.00626564	1.00762689	1.00633442
0.00005120	0.00000000	0.00000000	0.00000000	0.00000000	1.36687696	1.00653768	1.00747907	1.00724542
0.00005760	0.00000000	0.00000000	0.00000000	0.00000000	1.34403741	1.00697243	1.00816500	1.00541949
0.00006400	0.00000000	0.00000000	0.00000000	0.00000000	1.33231795	1.00635076	1.00780368	1.00556302
0.00007040	0.00000000	0.00000000	0.00000000	0.00000000	1.32304466	1.00622821	1.00757349	1.00554013
0.00007680	0.00000000	0.00000000	0.00000000	0.00000000	1.30183506	1.00575936	1.00733685	1.00628400
0.00008320	0.00000000	0.00000000	0.00000000	0.00000000	1.28926408	1.00617146	1.00779676	1.00605786
0.00008960	0.00000000	0.00000000	0.00000000	0.00000000	1.28235412	1.00690484	1.00785327	1.00725305
0.00009600	0.00000000	0.00000000	0.00000000	0.00000000	1.27069664	1.00653160	1.00830853	1.00650191
0.00010240	0.00000000	0.00000000	0.00000000	0.00000000	1.25872946	1.00643897	1.00819218	1.00611484
0.00011520	0.00000000	0.00000000	0.00000000	0.00000000	1.24803209	1.00708592	1.00831318	1.00620914
0.00012800	0.00000000	0.00000000	0.00000000	0.00000000	1.22757268	1.00613320	1.00779009	1.00661576
0.00014080	0.00000000	0.00000000	0.00000000	0.00000000	1.21662331	1.00603378	1.00791073	1.00604963
0.00015360	0.00000000	0.00000000	0.00000000	0.00000000	1.19108772	1.00615513	1.00789547	1.00565004
0.00016640	0.00000000	0.00000000	0.00000000	0.00000000	1.18372595	1.00666273	1.00744474	1.00574899
0.00017920	0.00000000	0.00000000	0.00000000	0.00000000	1.17143202	1.00618935	1.00790691	1.00586998
0.00019200	0.00000000	0.00000000	0.00000000	0.00000000	1.15867186	1.00618839	1.00725043	1.00609267
0.00020480	0.00000000	0.00000000	0.00000000	0.00000000	1.15229726	1.00654256	1.00761652	1.00594532
0.00023040	0.00000000	0.00000000	0.00000000	0.00000000	1.13217294	1.00623703	1.00803459	1.00614274
0.00025600	0.00000000	0.00000000	0.00000000	0.00000000	1.10843146	1.00646627	1.00765502	1.00575316
0.00028160	0.00000000	0.00000000	0.00000000	0.00000000	1.09875262	1.00601065	1.00742733	1.00551224
0.00030720	0.00000000	0.00000000	0.00000000	0.00000000	1.08559477	1.00631487	1.00768018	1.00548196
0.00033280	0.00000000	0.00000000	0.00000000	0.00000000	1.07602429	1.00596595	1.00786805	1.00639236
0.00035840	0.00000000	0.00000000	0.00000000	0.00000000	1.06809580	1.00614369	1.00746763	1.00566590
0.00038400	0.00000000	0.00000000	0.00000000	0.00000000	1.05889392	1.00604594	1.00742626	1.00577438
0.00040960	0.00000000	0.00000000	0.00000000	0.00000000	1.04994297	1.00614691	1.00721860	1.00564551
0.00046080	0.00000000	0.00000000	0.00000000	0.00000000	1.04094470	1.00587070	1.00720274	1.00527465
0.00051200	0.00000000	0.00000000	0.00000000	0.00000000	1.03319764	1.00583851	1.00710297	1.00517869
0.00056320	0.00000000	0.00000000	0.00000000	0.00000000	1.02453458	1.00565648	1.00700438	1.00548363
0.00061440	0.00000000	0.00000000	0.00000000	0.00000000	1.01823020	1.00565588	1.00709307	1.00515270
0.00066560	0.00000000	0.00000000	0.00000000	0.00000000	1.00902438	1.00570440	1.00682425	1.00529981
0.00071680	0.00000000	0.00000000	0.00000000	0.00000000	1.00666785	1.00529373	1.00686467	1.00521362
0.00076800	0.00000000	0.00000000	0.00000000	0.00000000	1.00809252	1.00566483	1.00706255	1.00528860
0.00081920	0.00000000	0.00000000	0.00000000	0.00000000	1.00440705	1.00555348	1.00678039	1.00501657
0.00092160	0.00000000	0.00000000	0.00000000	0.00000000	1.00210309	1.00559008	1.00668144	1.00497377
0.00102400	0.00000000	0.00000000	0.00000000	0.00000000	0.99980098	1.00545251	1.00682652	1.00511062
0.00112640	0.00000000	0.00000000	0.00000000	0.00000000	1.00030518	1.00556755	1.00693750	1.00502932
0.00122880	0.00000000	0.00000000	0.00000000	0.00000000	1.00161242	1.00560772	1.00683224	1.00500643
0.00133120	0.00000000	0.00000000	0.00000000	0.00000000	1.00035620	1.00544941	1.00690365	1.00509632
0.00143360	0.00000000	0.00000000	0.00000000	0.00000000	0.99905747	1.00563121	1.00694299	1.00524867
0.00153600	0.00000000	0.00000000	0.00000000	0.00000000	0.99589717	1.00544584	1.00687158	1.00532436
0.00163840	0.00000000	0.00000000	0.00000000	0.00000000	0.99739212	1.00539875	1.00689232	1.00520682
0.00184320	0.00000000	0.00000000	0.00000000	0.00000000	0.99910563	1.00556350	1.00680578	1.00513232
0.00204800	0.00000000	0.00000000	0.00000000	0.00000000	0.99928457	1.00544453	1.00690079	1.00499547
0.00225280	0.00000000	0.00000000	0.00000000	0.00000000	1.00151610	1.00545430	1.00675118	1.00500357
0.00245760	0.00000000	0.00000000	0.00000000	0.00000000	1.00047457	1.00540125	1.00669789	1.00516796
0.00266240	0.00000000	0.00000000	0.00000000	0.00000000	1.00116444	1.00547886	1.00676048	1.00510120
0.00286720	0.00000000	0.00000000	0.00000000	0.00000000	1.00141525	1.00557852	1.00670528	1.00514424
0.00307200	0.00000000	0.00000000	0.00000000	0.00000000	0.99831057	1.00544715	1.00680494	1.00503540
0.00327680	0.00000000	0.00000000	0.00000000	0.00000000	0.99426615	1.00547791	1.00678682	1.00517154
0.00368640	0.00000000	0.00000000	0.00000000	0.00000000	0.99634933	1.00549734	1.00694180	1.00504935
0.00409600	0.00000000	0.00000000	0.00000000	0.00000000	0.99805677	1.00553119	1.00694096	1.00510204
0.00450560	0.00000000	0.00000000	0.00000000	0.00000000	1.00069916	1.00552642	1.00695467	1.00512695
0.00491520	0.00000000	0.00000000	0.00000000	0.00000000	1.00300193	1.00556183	1.00686693	1.00503361
0.00532480	0.00000000	0.00000000	0.00000000	0.00000000	1.00179851	1.00546491	1.00684917	1.00509322
0.00573440	0.00000000	0.00000000	0.00000000	0.00000000	1.00026941	1.00556338	1.00687683	1.00515366
0.00614400	0.00000000	0.00000000	0.00000000	0.00000000	1.00384581	1.00542128	1.00683534	1.00517857
0.00655360	0.00000000	0.00000000	0.00000000	0.00000000	1.00178480	1.00544858	1.00684893	1.00520205
0.00737280	0.00000000	0.00000000	0.00000000	0.00000000	0.99976724	1.00554049	1.00680745	1.00509167
0.00819200	0.00000000	0.00000000	0.00000000	0.00000000	1.00028348	1.00616014	1.00751984	1.00580609
0.00901120	0.00000000	0.00000000	0.00000000	0.00000000	1.00089574	1.00569117	1.00703001	1.00531316
0.00983040	0.00000000	0.00000000	0.00000000	0.00000000	1.00017226	1.00544691	1.00679803	1.00509143
0.01064960	0.00000000	0.00000000	0.00000000	0.00000000	0.99929661	1.00546968	1.00678802	1.00512171
0.01146880	0.00000000	0.00000000	0.00000000	0.00000000	1.00419605	1.00555575	1.00687337	1.00510371
0.01228800	0.00000000	0.00000000	0.00000000	0.00000000	1.00293410	1.00558734	1.00691390	1.00505996
0.01310720	0.00000000	0.00000000	0.00000000	0.00000000	0.99867111	1.00547600	1.00688136	1.00504589
0.01474560	0.00000000	0.00000000	0.00000000	0.00000000	0.99987942	1.00551188	1.00682783	1.00509250
0.01638400	0.00000000	0.00000000	0.00000000	0.00000000	0.99754447	1.00582683	1.00720263	1.00544667
0.01802240	0.00000000	0.00000000	0.00000000	0.00000000	0.99901652	1.00558329	1.00691283	1.00519943
0.01966080	0.00000000	0.00000000	0.00000000	0.00000000	1.00100505	1.00544596	1.00681651	1.00516593
0.02129920	0.00000000	0.00000000	0.00000000	0.00000000	1.00149310	1.00551939	1.00684488	1.00510585
0.02293760	0.00000000	0.00000000	0.00000000	0.00000000	1.00211608	1.00547421	1.00680709	1.00512040
0.02457600	0.00000000	0.00000000	0.00000000	0.00000000	1.00180376	1.00580597	1.00715542	1.00545549
0.02621440	0.00000000	0.00000000	0.00000000	0.00000000	1.00162518	1.00566840	1.00695729	1.00529563
0.02949120	0.00000000	0.00000000	0.00000000	0.00000000	1.00211406	1.00550163	1.00683367	1.00510108
0.03276800	0.00000000	0.00000000	0.00000000	0.00000000	1.00072086	1.00563753	1.00699198	1.00528324
0.03604480	0.00000000	0.00000000	0.00000000	0.00000000	1.00171924	1.00553846	1.00688958	1.00513184
0.03932160	0.00000000	0.00000000	0.00000000	0.00000000	1.00074804	1.00556123	1.00688100	1.00517225
0.04259840	0.00000000	0.00000000	0.00000000	0.00000000	0.99976230	1.00565779	1.00697267	1.00526488
0.04587520	0.00000000	0.00000000	0.00000000	0.00000000	0.99764037	1.00549781	1.00684392	1.00505853
0.04915200	0.00000000	0.00000000	0.00000000	0.00000000	1.00228083	1.00561619	1.00694966	1.00520146
0.05242880	0.00000000	0.00000000	0.00000000	0.00000000	0.99932855	1.00555372	1.00692570	1.00514853
0.05898240	0.00000000	0.00000000	0.00000000	0.00000000	0.99829751	1.00558305	1.00692487	1.00515640
0.06553600	0.00000000	0.00000000	0.00000000	0.00000000	1.00080538	1.00554311	1.00687325	1.00513339
0.07208960	0.00000000	0.00000000	0.00000000	0.00000000	1.00016022	1.00554037	1.00688457	1.00513422
0.07864320	0.00000000	0.00000000	0.00000000	0.00000000	1.00042081	1.00553477	1.00688708	1.00512993
0.08519680	0.00000000	0.00000000	0.00000000	0.00000000	0.99943644	1.00554454	1.00685585	1.00508869
0.09175040	0.00000000	0.00000000	0.00000000	0.00000000	0.99952996	1.00555801	1.00689113	1.00511658
0.09830400	0.00000000	0.00000000	0.00000000	0.00000000	1.00080729	1.00551999	1.00683987	1.00508082
0.10485760	0.00000000	0.00000000	0.00000000	0.00000000	1.00028610	1.00551081	1.00682127	1.00503671
0.11796480	0.00000000	0.00000000	0.00000000	0.00000000	1.00032163	1.00548506	1.00680327	1.00500000
0.13107200	0.00000000	0.00000000	0.00000000	0.00000000	1.00077426	1.00547791	1.00678098	1.00495327
0.14417920	0.00000000	0.00000000	0.00000000	0.00000000	0.99970281	1.00547123	1.00678778	1.00491679
0.15728641	0.00000000	0.00000000	0.00000000	0.00000000	0.99999678	1.00546110	1.00676179	1.00488341
0.17039360	0.00000000	0.00000000	0.00000000	0.00000000	0.99968648	1.00546110	1.00673759	1.00484002
0.18350080	0.00000000	0.00000000	0.00000000	0.00000000	0.99987394	1.00545156	1.00677085	1.00480485
0.19660801	0.00000000	0.00000000	0.00000000	0.00000000	0.99958253	1.00544047	1.00670481	1.00473499
0.20971520	0.00000000	0.00000000	0.00000000	0.00000000	1.00043035	1.00542629	1.00670183	1.00470197
0.23592959	0.00000000	0.00000000	0.00000000	0.00000000	1.00007379	1.00542068	1.00667572	1.00459206
0.26214400	0.00000000	0.00000000	0.00000000	0.00000000	1.00064135	1.00539207	1.00661647	1.00451040
0.28835839	0.00000000	0.00000000	0.00000000	0.00000000	0.99984843	1.00538242	1.00657034	1.00441360
0.31457281	0.00000000	0.00000000	0.00000000	0.00000000	0.99980903	1.00534451	1.00650990	1.00429487
0.34078720	0.00000000	0.00000000	0.00000000	0.00000000	0.99988419	1.00534070	1.00643253	1.00419855
0.36700159	0.00000000	0.00000000	0.00000000	0.00000000	1.00079882	1.00530446	1.00640869	1.00411642
0.39321601	0.00000000	0.00000000	0.00000000	0.00000000	1.00051165	1.00527442	1.00632656	1.00402319
0.41943040	0.00000000	0.00000000	0.00000000	0.00000000	1.00143480	1.00524259	1.00626850	1.00392926
0.47185919	0.00000000	0.00000000	0.00000000	0.00000000	0.99980778	1.00520599	1.00623107	1.00385237
0.52428800	0.00000000	0.00000000	0.00000000	0.00000000	1.00008953	1.00510395	1.00608516	1.00371778
0.57671678	0.00000000	0.00000000	0.00000000	0.00000000	0.99995387	1.00499058	1.00595129	1.00361824
0.62914562	0.00000000	0.00000000	0.00000000	0.00000000	0.99972886	1.00488102	1.00580144	1.00352550
0.68157440	0.00000000	0.00000000	0.00000000	0.00000000	0.99981511	1.00474250	1.00564599	1.00345278
0.73400319	0.00000000	0.00000000	0.00000000	0.00000000	0.99936646	1.00458395	1.00546730	1.00337672
0.78643203	0.00000000	0.00000000	0.00000000	0.00000000	1.00028586	1.00441933	1.00526536	1.00329053
0.83886081	0.00000000	0.00000000	0.00000000	0.00000000	0.99981290	1.00424409	1.00503695	1.00317693
0.94371837	0.00000000	0.00000000	0.00000000	0.00000000	0.99980211	1.00387943	1.00457835	1.00289369
1.04857600	0.00000000	0.00000000	0.00000000	0.00000000	0.99955803	1.00346088	1.00401592	1.00246346
1.15343356	0.00000000	0.00000000	0.00000000	0.00000000	1.00021279	1.00300074	1.00339472	1.00195444
1.25829124	0.00000000	0.00000000	0.00000000	0.00000000	0.99986440	1.00253737	1.00275278	1.00139475
1.36314881	0.00000000	0.00000000	0.00000000	0.00000000	0.99967629	1.00206316	1.00208175	1.00082707
1.46800637	0.00000000	0.00000000	0.00000000	0.00000000	0.99982220	1.00157189	1.00143135	1.00030625
1.57286406	0.00000000	0.00000000	0.00000000	0.00000000	0.99979585	1.00110674	1.00084352	0.99985427
1.67772162	0.00000000	0.00000000	0.00000000	0.00000000	1.00008237	1.00069201	1.00028217	0.99951142
1.88743675	0.00000000	0.00000000	0.00000000	0.00000000	1.00004518	1.00010097	0.99954617	0.99923772
2.09715199	0.00000000	0.00000000	0.00000000	0.00000000	1.00004876	0.99953336	0.99894309	0.99901074
2.30686712	0.00000000	0.00000000	0.00000000	0.00000000	1.00010478	0.99919295	0.99867123	0.99897999
2.51658249	0.00000000	0.00000000	0.00000000	0.00000000	1.00008011	0.99909800	0.99867684	0.99912822
2.72629762	0.00000000	0.00000000	0.00000000	0.00000000	0.99962902	0.99919575	0.99894738	0.99945831
2.93601274	0.00000000	0.00000000	0.00000000	0.00000000	1.00005901	0.99942112	0.99936503	0.99991739
3.14572811	0.00000000	0.00000000	0.00000000	0.00000000	0.99983382	0.99968994	0.99980098	1.00038242
3.35544324	0.00000000	0.00000000	0.00000000	0.00000000	0.99983853	0.99999017	1.00022566	1.00069022
3.77487350	0.00000000	0.00000000	0.00000000	0.00000000	0.99985301	1.00037813	1.00070071	1.00068724
4.19430399	0.00000000	0.00000000	0.00000000	0.00000000	1.00004709	1.00031197	1.00031197	1.00009930
4.61373425	0.00000000	0.00000000	0.00000000	0.00000000	1.00002444	1.00005126	0.99995732	0.99950999
5.03316498	0.00000000	0.00000000	0.00000000	0.00000000	1.00000000	1.00000000	1.00000000	1.00000000
5.45259523	0.00000000	0.00000000	0.00000000	0.00000000	0.00000000	0.00000000	0.00000000	0.00000000
5.87202549	0.00000000	0.00000000	0.00000000	0.00000000	0.00000000	0.00000000	0.00000000	0.00000000
6.29145622	0.00000000	0.00000000	0.00000000	0.00000000	0.00000000	0.00000000	0.00000000	0.00000000
6.71088648	0.00000000	0.00000000	0.00000000	0.00000000	0.00000000	0.00000000	0.00000000	0.00000000
7.54974699	0.00000000	0.00000000	0.00000000	0.00000000	0.00000000	0.00000000	0.00000000	0.00000000
8.38860798	0.00000000	0.00000000	0.00000000	0.00000000	0.00000000	0.00000000	0.00000000	0.00000000
9.22746849	0.00000000	0.00000000	0.00000000	0.00000000	0.00000000	0.00000000	0.00000000	0.00000000
10.06632996	0.00000000	0.00000000	0.00000000	0.00000000	0.00000000	0.00000000	0.00000000	0.00000000
10.90519047	0.00000000	0.00000000	0.00000000	0.00000000	0.00000000	0.00000000	0.00000000	0.00000000
11.74405098	0.00000000	0.00000000	0.00000000	0.00000000	0.00000000	0.00000000	0.00000000	0.00000000
12.58291245	0.00000000	0.00000000	0.00000000	0.00000000	0.00000000	0.00000000	0.00000000	0.00000000
13.42177296	0.00000000	0.00000000	0.00000000	0.00000000	0.00000000	0.00000000	0.00000000	0.00000000
15.09949398	0.00000000	0.00000000	0.00000000	0.00000000	0.00000000	0.00000000	0.00000000	0.00000000
16.77721596	0.00000000	0.00000000	0.00000000	0.00000000	0.00000000	0.00000000	0.00000000	0.00000000
18.45493698	0.00000000	0.00000000	0.00000000	0.00000000	0.00000000	0.00000000	0.00000000	0.00000000
20.13265991	0.00000000	0.00000000	0.00000000	0.00000000	0.00000000	0.00000000	0.00000000	0.00000000
21.81038094	0.00000000	0.00000000	0.00000000	0.00000000	0.00000000	0.00000000	0.00000000	0.00000000
23.48810196	0.00000000	0.00000000	0.00000000	0.00000000	0.00000000	0.00000000	0.00000000	0.00000000
25.16582489	0.00000000	0.00000000	0.00000000	0.00000000	0.00000000	0.00000000	0.00000000	0.00000000
26.84354591	0.00000000	0.00000000	0.00000000	0.00000000	0.00000000	0.00000000	0.00000000	0.00000000
30.19898796	0.00000000	0.00000000	0.00000000	0.00000000	0.00000000	0.00000000	0.00000000	0.00000000
33.55443192	0.00000000	0.00000000	0.00000000	0.00000000	0.00000000	0.00000000	0.00000000	0.00000000
36.90987396	0.00000000	0.00000000	0.00000000	0.00000000	0.00000000	0.00000000	0.00000000	0.00000000
40.26531982	0.00000000	0.00000000	0.00000000	0.00000000	0.00000000	0.00000000	0.00000000	0.00000000
43.62076187	0.00000000	0.00000000	0.00000000	0.00000000	0.00000000	0.00000000	0.00000000	0.00000000
46.97620392	0.00000000	0.00000000	0.00000000	0.00000000	0.00000000	0.00000000	0.00000000	0.00000000
50.33164978	0.00000000	0.00000000	0.00000000	0.00000000	0.00000000	0.00000000	0.00000000	0.00000000
53.68709183	0.00000000	0.00000000	0.00000000	0.00000000	0.00000000	0.00000000	0.00000000	0.00000000
60.39797592	0.00000000	0.00000000	0.00000000	0.00000000	0.00000000	0.00000000	0.00000000	0.00000000
67.10886383	0.00000000	0.00000000	0.00000000	0.00000000	0.00000000	0.00000000	0.00000000	0.00000000
73.81974792	0.00000000	0.00000000	0.00000000	0.00000000	0.00000000	0.00000000	0.00000000	0.00000000
80.53063965	0.00000000	0.00000000	0.00000000	0.00000000	0.00000000	0.00000000	0.00000000	0.00000000
87.24152374	0.00000000	0.00000000	0.00000000	0.00000000	0.00000000	0.00000000	0.00000000	0.00000000
93.95240784	0.00000000	0.00000000	0.00000000	0.00000000	0.00000000	0.00000000	0.00000000	0.00000000
100.66329956	0.00000000	0.00000000	0.00000000	0.00000000	0.00000000	0.00000000	0.00000000	0.00000000
107.37418365	0.00000000	0.00000000	0.00000000	0.00000000	0.00000000	0.00000000	0.00000000	0.00000000
120.79595184	0.00000000	0.00000000	0.00000000	0.00000000	0.00000000	0.00000000	0.00000000	0.00000000
134.21772766	0.00000000	0.00000000	0.00000000	0.00000000	0.00000000	0.00000000	0.00000000	0.00000000
147.63949585	0.00000000	0.00000000	0.00000000	0.00000000	0.00000000	0.00000000	0.00000000	0.00000000
161.06127930	0.00000000	0.00000000	0.00000000	0.00000000	0.00000000	0.00000000	0.00000000	0.00000000
174.48304749	0.00000000	0.00000000	0.00000000	0.00000000	0.00000000	0.00000000	0.00000000	0.00000000
187.90481567	0.00000000	0.00000000	0.00000000	0.00000000	0.00000000	0.00000000	0.00000000	0.00000000
201.32659912	0.00000000	0.00000000	0.00000000	0.00000000	0.00000000	0.00000000	0.00000000	0.00000000
214.74836731	0.00000000	0.00000000	0.00000000	0.00000000	0.00000000	0.00000000	0.00000000	0.00000000
241.59190369	0.00000000	0.00000000	0.00000000	0.00000000	0.00000000	0.00000000	0.00000000	0.00000000
268.43545532	0.00000000	0.00000000	0.00000000	0.00000000	0.00000000	0.00000000	0.00000000	0.00000000
295.27899170	0.00000000	0.00000000	0.00000000	0.00000000	0.00000000	0.00000000	0.00000000	0.00000000
322.12255859	0.00000000	0.00000000	0.00000000	0.00000000	0.00000000	0.00000000	0.00000000	0.00000000
348.96609497	0.00000000	0.00000000	0.00000000	0.00000000	0.00000000	0.00000000	0.00000000	0.00000000
375.80963135	0.00000000	0.00000000	0.00000000	0.00000000	0.00000000	0.00000000	0.00000000	0.00000000
402.65319824	0.00000000	0.00000000	0.00000000	0.00000000	0.00000000	0.00000000	0.00000000	0.00000000
429.49673462	0.00000000	0.00000000	0.00000000	0.00000000	0.00000000	0.00000000	0.00000000	0.00000000
483.18380737	0.00000000	0.00000000	0.00000000	0.00000000	0.00000000	0.00000000	0.00000000	0.00000000
536.87091064	0.00000000	0.00000000	0.00000000	0.00000000	0.00000000	0.00000000	0.00000000	0.00000000
590.55798340	0.00000000	0.00000000	0.00000000	0.00000000	0.00000000	0.00000000	0.00000000	0.00000000
644.24511719	0.00000000	0.00000000	0.00000000	0.00000000	0.00000000	0.00000000	0.00000000	0.00000000
697.93218994	0.00000000	0.00000000	0.00000000	0.00000000	0.00000000	0.00000000	0.00000000	0.00000000
751.61926270	0.00000000	0.00000000	0.00000000	0.00000000	0.00000000	0.00000000	0.00000000	0.00000000
805.30639648	0.00000000	0.00000000	0.00000000	0.00000000	0.00000000	0.00000000	0.00000000	0.00000000
858.99346924	0.00000000	0.00000000	0.00000000	0.00000000	0.00000000	0.00000000	0.00000000	0.00000000
966.36761475	0.00000000	0.00000000	0.00000000	0.00000000	0.00000000	0.00000000	0.00000000	0.00000000
1073.74182129	0.00000000	0.00000000	0.00000000	0.00000000	0.00000000	0.00000000	0.00000000	0.00000000
1181.11596680	0.00000000	0.00000000	0.00000000	0.00000000	0.00000000	0.00000000	0.00000000	0.00000000
1288.49023437	0.00000000	0.00000000	0.00000000	0.00000000	0.00000000	0.00000000	0.00000000	0.00000000
1395.86437988	0.00000000	0.00000000	0.00000000	0.00000000	0.00000000	0.00000000	0.00000000	0.00000000
1503.23852539	0.00000000	0.00000000	0.00000000	0.00000000	0.00000000	0.00000000	0.00000000	0.00000000
1610.61279297	0.00000000	0.00000000	0.00000000	0.00000000	0.00000000	0.00000000	0.00000000	0.00000000
1717.98693848	0.00000000	0.00000000	0.00000000	0.00000000	0.00000000	0.00000000	0.00000000	0.00000000
1932.73522949	0.00000000	0.00000000	0.00000000	0.00000000	0.00000000	0.00000000	0.00000000	0.00000000
2147.48364258	0.00000000	0.00000000	0.00000000	0.00000000	0.00000000	0.00000000	0.00000000	0.00000000
2362.23193359	0.00000000	0.00000000	0.00000000	0.00000000	0.00000000	0.00000000	0.00000000	0.00000000
2576.98046875	0.00000000	0.00000000	0.00000000	0.00000000	0.00000000	0.00000000	0.00000000	0.00000000
2791.72875977	0.00000000	0.00000000	0.00000000	0.00000000	0.00000000	0.00000000	0.00000000	0.00000000
3006.47705078	0.00000000	0.00000000	0.00000000	0.00000000	0.00000000	0.00000000	0.00000000	0.00000000
3221.22558594	0.00000000	0.00000000	0.00000000	0.00000000	0.00000000	0.00000000	0.00000000	0.00000000
3435.97387695	0.00000000	0.00000000	0.00000000	0.00000000	0.00000000	0.00000000	0.00000000	0.00000000
0	0	0	0	0	0	0	0	0
