%2/12/2019 2:01:35 PM
%Duration	ID1		ID2		ID3		ID4		ID5		ID6		ID7		ID8
3000.000000	0.000000	0.000000	0.000000	0.000000	82.502365	2687.988281	2857.256104	2770.023437
%Tau		Tau1		Tau2		Tau3		Tau4		Tau5		Tau6		Tau7		Tau8
%		0.000000	0.000000	0.000000	0.000000	0.000141	0.000001	0.000002	0.000002
%Delaytime	D1		D2		D3		D4		D5		D6		D7		D8
0.00000020	0.00000000	0.00000000	0.00000000	0.00000000	1.70100880	0.92622060	0.95368469	0.93306601
0.00000040	0.00000000	0.00000000	0.00000000	0.00000000	1.53027010	1.00232649	1.00219798	1.00076354
0.00000060	0.00000000	0.00000000	0.00000000	0.00000000	1.48464167	1.00068426	0.99995053	0.99911827
0.00000080	0.00000000	0.00000000	0.00000000	0.00000000	1.55332959	1.00024462	0.99882495	1.00007331
0.00000100	0.00000000	0.00000000	0.00000000	0.00000000	1.51751375	1.00055349	0.99999994	1.00070286
0.00000120	0.00000000	0.00000000	0.00000000	0.00000000	1.48611355	1.00107956	0.99967170	0.99961412
0.00000140	0.00000000	0.00000000	0.00000000	0.00000000	1.51407933	0.99992377	1.00008273	1.00080621
0.00000160	0.00000000	0.00000000	0.00000000	0.00000000	1.47188532	0.99937165	0.99917871	1.00002360
0.00000180	0.00000000	0.00000000	0.00000000	0.00000000	1.49052918	0.99876702	0.99989080	0.99995941
0.00000200	0.00000000	0.00000000	0.00000000	0.00000000	1.48022604	0.99983025	0.99978453	1.00024140
0.00000220	0.00000000	0.00000000	0.00000000	0.00000000	1.48905730	0.99945122	1.00058270	1.00091410
0.00000240	0.00000000	0.00000000	0.00000000	0.00000000	1.51555121	1.00087774	0.99996120	1.00019825
0.00000260	0.00000000	0.00000000	0.00000000	0.00000000	1.52143884	0.99839956	0.99904323	0.99884111
0.00000280	0.00000000	0.00000000	0.00000000	0.00000000	1.51457000	0.99896932	0.99965358	1.00029159
0.00000300	0.00000000	0.00000000	0.00000000	0.00000000	1.46550715	1.00054705	0.99996698	0.99883193
0.00000320	0.00000000	0.00000000	0.00000000	0.00000000	1.44686329	0.99952006	0.99977589	0.99985510
0.00000360	0.00000000	0.00000000	0.00000000	0.00000000	1.47875416	1.00005162	0.99952918	1.00013864
0.00000400	0.00000000	0.00000000	0.00000000	0.00000000	1.50279486	0.99946934	0.99958605	0.99989462
0.00000440	0.00000000	0.00000000	0.00000000	0.00000000	1.47090411	0.99921679	0.99936509	1.00039899
0.00000480	0.00000000	0.00000000	0.00000000	0.00000000	1.48145258	1.00024045	1.00023115	0.99952883
0.00000520	0.00000000	0.00000000	0.00000000	0.00000000	1.45765710	0.99948609	1.00033748	0.99956155
0.00000560	0.00000000	0.00000000	0.00000000	0.00000000	1.45495868	1.00009704	0.99967045	0.99965584
0.00000600	0.00000000	0.00000000	0.00000000	0.00000000	1.45520389	1.00001585	0.99975383	0.99934894
0.00000640	0.00000000	0.00000000	0.00000000	0.00000000	1.45961964	0.99940401	1.00066614	0.99909097
0.00000720	0.00000000	0.00000000	0.00000000	0.00000000	1.46820557	0.99945873	0.99975950	0.99971509
0.00000800	0.00000000	0.00000000	0.00000000	0.00000000	1.44355154	1.00011027	0.99955660	0.99958283
0.00000880	0.00000000	0.00000000	0.00000000	0.00000000	1.43717337	1.00010633	0.99932915	0.99960017
0.00000960	0.00000000	0.00000000	0.00000000	0.00000000	1.44723117	0.99952304	1.00000417	0.99944764
0.00001040	0.00000000	0.00000000	0.00000000	0.00000000	1.45765710	0.99910784	0.99947441	0.99913794
0.00001120	0.00000000	0.00000000	0.00000000	0.00000000	1.45152426	1.00001812	0.99966252	0.99957103
0.00001200	0.00000000	0.00000000	0.00000000	0.00000000	1.43361628	0.99968398	0.99972123	0.99953264
0.00001280	0.00000000	0.00000000	0.00000000	0.00000000	1.46526182	0.99998724	1.00031662	0.99987006
0.00001440	0.00000000	0.00000000	0.00000000	0.00000000	1.44631135	1.00009072	1.00007832	0.99959534
0.00001600	0.00000000	0.00000000	0.00000000	0.00000000	1.42558229	0.99999684	1.00011790	1.00028622
0.00001760	0.00000000	0.00000000	0.00000000	0.00000000	1.44232500	0.99978840	0.99973905	0.99996942
0.00001920	0.00000000	0.00000000	0.00000000	0.00000000	1.40767431	0.99978268	1.00035334	1.00035417
0.00002080	0.00000000	0.00000000	0.00000000	0.00000000	1.42809677	1.00017512	0.99999815	1.00008464
0.00002240	0.00000000	0.00000000	0.00000000	0.00000000	1.41442049	0.99971968	1.00024736	1.00010395
0.00002400	0.00000000	0.00000000	0.00000000	0.00000000	1.41478848	0.99978167	0.99967468	1.00021100
0.00002560	0.00000000	0.00000000	0.00000000	0.00000000	1.42190254	0.99970257	1.00005555	0.99962515
0.00002880	0.00000000	0.00000000	0.00000000	0.00000000	1.39292729	0.99985904	0.99986285	0.99968797
0.00003200	0.00000000	0.00000000	0.00000000	0.00000000	1.38187647	0.99985451	0.99995136	0.99985605
0.00003520	0.00000000	0.00000000	0.00000000	0.00000000	1.37303019	1.00004876	1.00001812	0.99995649
0.00003840	0.00000000	0.00000000	0.00000000	0.00000000	1.37447858	1.00009763	0.99980575	1.00017214
0.00004160	0.00000000	0.00000000	0.00000000	0.00000000	1.37662172	1.00008857	0.99995035	1.00008249
0.00004480	0.00000000	0.00000000	0.00000000	0.00000000	1.36280823	0.99978501	1.00006354	0.99992365
0.00004800	0.00000000	0.00000000	0.00000000	0.00000000	1.35332298	0.99971950	1.00000060	1.00014770
0.00005120	0.00000000	0.00000000	0.00000000	0.00000000	1.35740554	0.99997258	0.99979311	0.99977452
0.00005760	0.00000000	0.00000000	0.00000000	0.00000000	1.34059155	1.00002074	1.00007856	0.99996531
0.00006400	0.00000000	0.00000000	0.00000000	0.00000000	1.32241654	0.99985170	0.99995822	0.99990010
0.00007040	0.00000000	0.00000000	0.00000000	0.00000000	1.30879056	1.00007164	1.00012136	0.99995834
0.00007680	0.00000000	0.00000000	0.00000000	0.00000000	1.28564191	1.00000358	1.00020874	1.00012958
0.00008320	0.00000000	0.00000000	0.00000000	0.00000000	1.28901911	0.99993110	1.00007832	0.99998891
0.00008960	0.00000000	0.00000000	0.00000000	0.00000000	1.27644169	1.00032091	1.00005972	1.00001180
0.00009600	0.00000000	0.00000000	0.00000000	0.00000000	1.25754011	0.99997306	1.00021446	1.00003600
0.00010240	0.00000000	0.00000000	0.00000000	0.00000000	1.26024687	1.00012052	1.00021315	1.00007164
0.00011520	0.00000000	0.00000000	0.00000000	0.00000000	1.23531640	1.00017190	1.00016689	1.00016451
0.00012800	0.00000000	0.00000000	0.00000000	0.00000000	1.21893156	1.00003088	1.00011563	1.00006711
0.00014080	0.00000000	0.00000000	0.00000000	0.00000000	1.19906485	1.00009763	1.00002730	1.00019407
0.00015360	0.00000000	0.00000000	0.00000000	0.00000000	1.18978775	1.00010633	1.00014341	1.00008917
0.00016640	0.00000000	0.00000000	0.00000000	0.00000000	1.17265308	1.00016153	1.00004292	1.00009835
0.00017920	0.00000000	0.00000000	0.00000000	0.00000000	1.15538800	1.00002384	1.00010669	1.00011897
0.00019200	0.00000000	0.00000000	0.00000000	0.00000000	1.15082991	1.00011277	1.00009573	1.00006378
0.00020480	0.00000000	0.00000000	0.00000000	0.00000000	1.14041722	1.00017571	1.00007033	1.00005901
0.00023040	0.00000000	0.00000000	0.00000000	0.00000000	1.11655080	1.00009143	1.00020194	1.00011742
0.00025600	0.00000000	0.00000000	0.00000000	0.00000000	1.10206950	1.00012159	1.00001717	1.00001729
0.00028160	0.00000000	0.00000000	0.00000000	0.00000000	1.08829343	1.00007737	1.00014460	1.00005352
0.00030720	0.00000000	0.00000000	0.00000000	0.00000000	1.07784069	1.00006855	1.00008738	1.00013089
0.00033280	0.00000000	0.00000000	0.00000000	0.00000000	1.06785750	1.00008214	1.00010121	1.00001085
0.00035840	0.00000000	0.00000000	0.00000000	0.00000000	1.05843246	1.00005436	1.00007117	1.00007939
0.00038400	0.00000000	0.00000000	0.00000000	0.00000000	1.05637705	1.00008380	1.00002217	0.99997991
0.00040960	0.00000000	0.00000000	0.00000000	0.00000000	1.04453242	1.00003123	1.00007749	1.00003684
0.00046080	0.00000000	0.00000000	0.00000000	0.00000000	1.03493714	1.00002635	1.00002122	1.00004053
0.00051200	0.00000000	0.00000000	0.00000000	0.00000000	1.02882516	1.00005698	1.00003731	1.00004625
0.00056320	0.00000000	0.00000000	0.00000000	0.00000000	1.01888216	0.99999708	1.00007939	0.99999738
0.00061440	0.00000000	0.00000000	0.00000000	0.00000000	1.01406801	1.00006759	1.00004840	1.00005829
0.00066560	0.00000000	0.00000000	0.00000000	0.00000000	1.00897002	1.00003099	0.99995792	1.00003576
0.00071680	0.00000000	0.00000000	0.00000000	0.00000000	1.00249898	1.00000477	1.00001001	0.99999833
0.00076800	0.00000000	0.00000000	0.00000000	0.00000000	0.99918747	1.00003672	1.00000739	1.00004780
0.00081920	0.00000000	0.00000000	0.00000000	0.00000000	0.99732643	0.99998540	1.00003481	1.00006247
0.00092160	0.00000000	0.00000000	0.00000000	0.00000000	0.99605405	1.00003350	1.00001347	1.00001884
0.00102400	0.00000000	0.00000000	0.00000000	0.00000000	0.99834329	1.00004840	1.00002837	1.00002956
0.00112640	0.00000000	0.00000000	0.00000000	0.00000000	0.99703968	1.00000620	1.00004303	1.00001347
0.00122880	0.00000000	0.00000000	0.00000000	0.00000000	0.99459881	1.00006044	1.00008607	1.00004220
0.00133120	0.00000000	0.00000000	0.00000000	0.00000000	0.99762189	1.00002420	1.00004554	1.00001574
0.00143360	0.00000000	0.00000000	0.00000000	0.00000000	1.00183547	1.00004220	1.00003862	1.00002921
0.00153600	0.00000000	0.00000000	0.00000000	0.00000000	1.00135410	1.00004828	1.00001347	1.00005710
0.00163840	0.00000000	0.00000000	0.00000000	0.00000000	1.00197506	1.00001395	1.00005531	1.00000870
0.00184320	0.00000000	0.00000000	0.00000000	0.00000000	1.00242937	1.00003242	1.00004184	1.00001860
0.00204800	0.00000000	0.00000000	0.00000000	0.00000000	1.00348401	1.00003517	1.00004983	1.00002205
0.00225280	0.00000000	0.00000000	0.00000000	0.00000000	1.00146639	1.00004029	1.00004900	1.00003231
0.00245760	0.00000000	0.00000000	0.00000000	0.00000000	1.00360775	1.00004840	1.00002182	1.00002384
0.00266240	0.00000000	0.00000000	0.00000000	0.00000000	0.99856192	1.00005436	1.00001585	1.00003254
0.00286720	0.00000000	0.00000000	0.00000000	0.00000000	0.99736708	1.00004315	1.00005770	1.00002229
0.00307200	0.00000000	0.00000000	0.00000000	0.00000000	0.99559587	1.00004363	1.00003517	1.00003648
0.00327680	0.00000000	0.00000000	0.00000000	0.00000000	0.99760842	1.00001490	1.00003839	1.00003588
0.00368640	0.00000000	0.00000000	0.00000000	0.00000000	1.00031281	1.00004673	1.00003171	1.00004518
0.00409600	0.00000000	0.00000000	0.00000000	0.00000000	0.99813712	1.00005174	1.00003004	1.00004077
0.00450560	0.00000000	0.00000000	0.00000000	0.00000000	1.00194216	1.00002825	1.00003815	1.00003529
0.00491520	0.00000000	0.00000000	0.00000000	0.00000000	0.99798775	1.00002873	1.00003600	1.00005400
0.00532480	0.00000000	0.00000000	0.00000000	0.00000000	0.99708015	1.00003982	1.00003648	1.00004435
0.00573440	0.00000000	0.00000000	0.00000000	0.00000000	1.00295126	1.00005984	1.00003731	1.00003350
0.00614400	0.00000000	0.00000000	0.00000000	0.00000000	1.00413024	1.00005281	1.00002730	1.00002289
0.00655360	0.00000000	0.00000000	0.00000000	0.00000000	1.00408125	1.00003016	1.00004148	1.00003672
0.00737280	0.00000000	0.00000000	0.00000000	0.00000000	0.99907565	1.00004482	1.00004148	1.00003481
0.00819200	0.00000000	0.00000000	0.00000000	0.00000000	1.00153005	1.00011420	1.00011873	1.00010300
0.00901120	0.00000000	0.00000000	0.00000000	0.00000000	1.00060844	1.00006771	1.00005937	1.00007141
0.00983040	0.00000000	0.00000000	0.00000000	0.00000000	0.99806535	1.00004244	1.00003958	1.00003552
0.01064960	0.00000000	0.00000000	0.00000000	0.00000000	0.99872237	1.00004089	1.00001693	1.00004804
0.01146880	0.00000000	0.00000000	0.00000000	0.00000000	0.99803603	1.00005269	1.00003648	1.00002909
0.01228800	0.00000000	0.00000000	0.00000000	0.00000000	0.99724168	1.00004637	1.00004125	1.00003684
0.01310720	0.00000000	0.00000000	0.00000000	0.00000000	0.99963427	1.00004840	1.00003898	1.00003850
0.01474560	0.00000000	0.00000000	0.00000000	0.00000000	1.00020087	1.00003493	1.00003397	1.00003302
0.01638400	0.00000000	0.00000000	0.00000000	0.00000000	0.99877954	1.00007927	1.00008333	1.00007355
0.01802240	0.00000000	0.00000000	0.00000000	0.00000000	1.00007701	1.00004613	1.00004792	1.00005269
0.01966080	0.00000000	0.00000000	0.00000000	0.00000000	1.00000417	1.00004494	1.00002944	1.00004578
0.02129920	0.00000000	0.00000000	0.00000000	0.00000000	0.99847192	1.00004601	1.00003064	1.00002646
0.02293760	0.00000000	0.00000000	0.00000000	0.00000000	1.00255644	1.00003409	1.00004029	1.00003958
0.02457600	0.00000000	0.00000000	0.00000000	0.00000000	0.99808085	1.00006747	1.00007737	1.00006485
0.02621440	0.00000000	0.00000000	0.00000000	0.00000000	0.99790365	1.00005412	1.00006413	1.00004268
0.02949120	0.00000000	0.00000000	0.00000000	0.00000000	0.99890143	1.00004220	1.00003862	1.00003242
0.03276800	0.00000000	0.00000000	0.00000000	0.00000000	0.99759638	1.00005543	1.00005937	1.00005257
0.03604480	0.00000000	0.00000000	0.00000000	0.00000000	1.00057423	1.00004089	1.00003374	1.00003493
0.03932160	0.00000000	0.00000000	0.00000000	0.00000000	1.00045574	1.00004959	1.00004447	1.00003934
0.04259840	0.00000000	0.00000000	0.00000000	0.00000000	1.00037086	1.00005829	1.00005984	1.00005162
0.04587520	0.00000000	0.00000000	0.00000000	0.00000000	0.99889499	1.00004709	1.00004137	1.00003731
0.04915200	0.00000000	0.00000000	0.00000000	0.00000000	1.00044549	1.00005805	1.00006413	1.00005448
0.05242880	0.00000000	0.00000000	0.00000000	0.00000000	1.00199938	1.00005031	1.00004220	1.00004506
0.05898240	0.00000000	0.00000000	0.00000000	0.00000000	1.00184214	1.00004828	1.00004971	1.00004566
0.06553600	0.00000000	0.00000000	0.00000000	0.00000000	0.99909049	1.00004745	1.00005019	1.00004768
0.07208960	0.00000000	0.00000000	0.00000000	0.00000000	0.99910343	1.00004745	1.00004339	1.00004506
0.07864320	0.00000000	0.00000000	0.00000000	0.00000000	0.99814838	1.00004768	1.00004601	1.00004399
0.08519680	0.00000000	0.00000000	0.00000000	0.00000000	0.99907959	1.00004578	1.00004435	1.00004220
0.09175040	0.00000000	0.00000000	0.00000000	0.00000000	1.00212312	1.00005388	1.00004828	1.00004375
0.09830400	0.00000000	0.00000000	0.00000000	0.00000000	1.00017822	1.00004709	1.00004900	1.00004101
0.10485760	0.00000000	0.00000000	0.00000000	0.00000000	0.99990314	1.00005209	1.00004673	1.00004101
0.11796480	0.00000000	0.00000000	0.00000000	0.00000000	1.00004327	1.00005019	1.00004911	1.00004244
0.13107200	0.00000000	0.00000000	0.00000000	0.00000000	1.00062132	1.00004745	1.00004578	1.00004041
0.14417920	0.00000000	0.00000000	0.00000000	0.00000000	0.99913192	1.00004148	1.00004780	1.00003994
0.15728641	0.00000000	0.00000000	0.00000000	0.00000000	1.00058067	1.00004303	1.00004327	1.00003552
0.17039360	0.00000000	0.00000000	0.00000000	0.00000000	0.99953526	1.00004375	1.00004101	1.00003695
0.18350080	0.00000000	0.00000000	0.00000000	0.00000000	1.00048184	1.00004137	1.00004458	1.00003934
0.19660801	0.00000000	0.00000000	0.00000000	0.00000000	0.99944550	1.00003779	1.00003707	1.00003624
0.20971520	0.00000000	0.00000000	0.00000000	0.00000000	1.00078917	1.00003731	1.00003695	1.00003195
0.23592959	0.00000000	0.00000000	0.00000000	0.00000000	0.99963546	1.00003862	1.00003564	1.00003397
0.26214400	0.00000000	0.00000000	0.00000000	0.00000000	0.99966085	1.00003541	1.00003481	1.00003266
0.28835839	0.00000000	0.00000000	0.00000000	0.00000000	1.00017297	1.00003326	1.00003278	1.00002992
0.31457281	0.00000000	0.00000000	0.00000000	0.00000000	1.00019062	1.00003147	1.00002849	1.00003016
0.34078720	0.00000000	0.00000000	0.00000000	0.00000000	1.00044978	1.00003207	1.00002849	1.00002623
0.36700159	0.00000000	0.00000000	0.00000000	0.00000000	1.00035048	1.00002778	1.00002432	1.00002503
0.39321601	0.00000000	0.00000000	0.00000000	0.00000000	1.00026739	1.00002861	1.00002384	1.00002205
0.41943040	0.00000000	0.00000000	0.00000000	0.00000000	0.99987698	1.00002491	1.00002062	1.00001967
0.47185919	0.00000000	0.00000000	0.00000000	0.00000000	0.99965250	1.00001872	1.00001502	1.00001633
0.52428800	0.00000000	0.00000000	0.00000000	0.00000000	0.99971765	1.00001419	1.00000978	1.00001049
0.57671678	0.00000000	0.00000000	0.00000000	0.00000000	1.00049067	1.00000954	1.00000441	1.00000882
0.62914562	0.00000000	0.00000000	0.00000000	0.00000000	0.99948269	1.00000346	1.00000215	1.00000441
0.68157440	0.00000000	0.00000000	0.00000000	0.00000000	0.99999601	1.00000036	0.99999571	1.00000143
0.73400319	0.00000000	0.00000000	0.00000000	0.00000000	1.00017774	0.99999607	0.99999309	0.99999791
0.78643203	0.00000000	0.00000000	0.00000000	0.00000000	0.99976379	0.99999362	0.99999535	0.99999613
0.83886081	0.00000000	0.00000000	0.00000000	0.00000000	0.99953347	0.99999261	0.99999118	0.99999642
0.94371837	0.00000000	0.00000000	0.00000000	0.00000000	0.99992090	0.99999160	0.99999154	0.99999565
1.04857600	0.00000000	0.00000000	0.00000000	0.00000000	0.99961305	0.99998808	0.99999177	0.99999291
1.15343356	0.00000000	0.00000000	0.00000000	0.00000000	0.99997836	0.99998772	0.99999130	0.99999291
1.25829124	0.00000000	0.00000000	0.00000000	0.00000000	1.00016487	0.99998653	0.99999106	0.99999100
1.36314881	0.00000000	0.00000000	0.00000000	0.00000000	0.99964094	0.99998611	0.99998981	0.99999195
1.46800637	0.00000000	0.00000000	0.00000000	0.00000000	1.00023401	0.99998277	0.99998719	0.99999189
1.57286406	0.00000000	0.00000000	0.00000000	0.00000000	0.99993217	0.99998206	0.99998438	0.99998796
1.67772162	0.00000000	0.00000000	0.00000000	0.00000000	1.00019062	0.99997956	0.99998116	0.99998492
1.88743675	0.00000000	0.00000000	0.00000000	0.00000000	1.00008595	0.99997938	0.99997926	0.99998349
2.09715199	0.00000000	0.00000000	0.00000000	0.00000000	0.99976450	0.99998659	0.99998355	0.99998403
2.30686712	0.00000000	0.00000000	0.00000000	0.00000000	0.99981940	0.99999136	0.99999297	0.99999279
2.51658249	0.00000000	0.00000000	0.00000000	0.00000000	1.00001574	0.99999845	1.00000131	0.99999678
2.72629762	0.00000000	0.00000000	0.00000000	0.00000000	0.99992138	0.99999952	1.00000370	1.00000274
2.93601274	0.00000000	0.00000000	0.00000000	0.00000000	1.00019431	1.00000393	0.99999982	0.99999642
3.14572811	0.00000000	0.00000000	0.00000000	0.00000000	1.00016332	0.99999446	0.99998879	0.99998885
3.35544324	0.00000000	0.00000000	0.00000000	0.00000000	1.00006735	0.99999154	0.99998796	0.99998623
3.77487350	0.00000000	0.00000000	0.00000000	0.00000000	1.00042415	0.99999011	0.99999636	0.99998087
4.19430399	0.00000000	0.00000000	0.00000000	0.00000000	0.99995708	0.99998516	0.99998701	0.99997878
4.61373425	0.00000000	0.00000000	0.00000000	0.00000000	0.99982530	0.99999392	0.99999136	0.99999213
5.03316498	0.00000000	0.00000000	0.00000000	0.00000000	1.00000000	1.00000000	1.00000000	1.00000000
5.45259523	0.00000000	0.00000000	0.00000000	0.00000000	0.00000000	0.00000000	0.00000000	0.00000000
5.87202549	0.00000000	0.00000000	0.00000000	0.00000000	0.00000000	0.00000000	0.00000000	0.00000000
6.29145622	0.00000000	0.00000000	0.00000000	0.00000000	0.00000000	0.00000000	0.00000000	0.00000000
6.71088648	0.00000000	0.00000000	0.00000000	0.00000000	0.00000000	0.00000000	0.00000000	0.00000000
7.54974699	0.00000000	0.00000000	0.00000000	0.00000000	0.00000000	0.00000000	0.00000000	0.00000000
8.38860798	0.00000000	0.00000000	0.00000000	0.00000000	0.00000000	0.00000000	0.00000000	0.00000000
9.22746849	0.00000000	0.00000000	0.00000000	0.00000000	0.00000000	0.00000000	0.00000000	0.00000000
10.06632996	0.00000000	0.00000000	0.00000000	0.00000000	0.00000000	0.00000000	0.00000000	0.00000000
10.90519047	0.00000000	0.00000000	0.00000000	0.00000000	0.00000000	0.00000000	0.00000000	0.00000000
11.74405098	0.00000000	0.00000000	0.00000000	0.00000000	0.00000000	0.00000000	0.00000000	0.00000000
12.58291245	0.00000000	0.00000000	0.00000000	0.00000000	0.00000000	0.00000000	0.00000000	0.00000000
13.42177296	0.00000000	0.00000000	0.00000000	0.00000000	0.00000000	0.00000000	0.00000000	0.00000000
15.09949398	0.00000000	0.00000000	0.00000000	0.00000000	0.00000000	0.00000000	0.00000000	0.00000000
16.77721596	0.00000000	0.00000000	0.00000000	0.00000000	0.00000000	0.00000000	0.00000000	0.00000000
18.45493698	0.00000000	0.00000000	0.00000000	0.00000000	0.00000000	0.00000000	0.00000000	0.00000000
20.13265991	0.00000000	0.00000000	0.00000000	0.00000000	0.00000000	0.00000000	0.00000000	0.00000000
21.81038094	0.00000000	0.00000000	0.00000000	0.00000000	0.00000000	0.00000000	0.00000000	0.00000000
23.48810196	0.00000000	0.00000000	0.00000000	0.00000000	0.00000000	0.00000000	0.00000000	0.00000000
25.16582489	0.00000000	0.00000000	0.00000000	0.00000000	0.00000000	0.00000000	0.00000000	0.00000000
26.84354591	0.00000000	0.00000000	0.00000000	0.00000000	0.00000000	0.00000000	0.00000000	0.00000000
30.19898796	0.00000000	0.00000000	0.00000000	0.00000000	0.00000000	0.00000000	0.00000000	0.00000000
33.55443192	0.00000000	0.00000000	0.00000000	0.00000000	0.00000000	0.00000000	0.00000000	0.00000000
36.90987396	0.00000000	0.00000000	0.00000000	0.00000000	0.00000000	0.00000000	0.00000000	0.00000000
40.26531982	0.00000000	0.00000000	0.00000000	0.00000000	0.00000000	0.00000000	0.00000000	0.00000000
43.62076187	0.00000000	0.00000000	0.00000000	0.00000000	0.00000000	0.00000000	0.00000000	0.00000000
46.97620392	0.00000000	0.00000000	0.00000000	0.00000000	0.00000000	0.00000000	0.00000000	0.00000000
50.33164978	0.00000000	0.00000000	0.00000000	0.00000000	0.00000000	0.00000000	0.00000000	0.00000000
53.68709183	0.00000000	0.00000000	0.00000000	0.00000000	0.00000000	0.00000000	0.00000000	0.00000000
60.39797592	0.00000000	0.00000000	0.00000000	0.00000000	0.00000000	0.00000000	0.00000000	0.00000000
67.10886383	0.00000000	0.00000000	0.00000000	0.00000000	0.00000000	0.00000000	0.00000000	0.00000000
73.81974792	0.00000000	0.00000000	0.00000000	0.00000000	0.00000000	0.00000000	0.00000000	0.00000000
80.53063965	0.00000000	0.00000000	0.00000000	0.00000000	0.00000000	0.00000000	0.00000000	0.00000000
87.24152374	0.00000000	0.00000000	0.00000000	0.00000000	0.00000000	0.00000000	0.00000000	0.00000000
93.95240784	0.00000000	0.00000000	0.00000000	0.00000000	0.00000000	0.00000000	0.00000000	0.00000000
100.66329956	0.00000000	0.00000000	0.00000000	0.00000000	0.00000000	0.00000000	0.00000000	0.00000000
107.37418365	0.00000000	0.00000000	0.00000000	0.00000000	0.00000000	0.00000000	0.00000000	0.00000000
120.79595184	0.00000000	0.00000000	0.00000000	0.00000000	0.00000000	0.00000000	0.00000000	0.00000000
134.21772766	0.00000000	0.00000000	0.00000000	0.00000000	0.00000000	0.00000000	0.00000000	0.00000000
147.63949585	0.00000000	0.00000000	0.00000000	0.00000000	0.00000000	0.00000000	0.00000000	0.00000000
161.06127930	0.00000000	0.00000000	0.00000000	0.00000000	0.00000000	0.00000000	0.00000000	0.00000000
174.48304749	0.00000000	0.00000000	0.00000000	0.00000000	0.00000000	0.00000000	0.00000000	0.00000000
187.90481567	0.00000000	0.00000000	0.00000000	0.00000000	0.00000000	0.00000000	0.00000000	0.00000000
201.32659912	0.00000000	0.00000000	0.00000000	0.00000000	0.00000000	0.00000000	0.00000000	0.00000000
214.74836731	0.00000000	0.00000000	0.00000000	0.00000000	0.00000000	0.00000000	0.00000000	0.00000000
241.59190369	0.00000000	0.00000000	0.00000000	0.00000000	0.00000000	0.00000000	0.00000000	0.00000000
268.43545532	0.00000000	0.00000000	0.00000000	0.00000000	0.00000000	0.00000000	0.00000000	0.00000000
295.27899170	0.00000000	0.00000000	0.00000000	0.00000000	0.00000000	0.00000000	0.00000000	0.00000000
322.12255859	0.00000000	0.00000000	0.00000000	0.00000000	0.00000000	0.00000000	0.00000000	0.00000000
348.96609497	0.00000000	0.00000000	0.00000000	0.00000000	0.00000000	0.00000000	0.00000000	0.00000000
375.80963135	0.00000000	0.00000000	0.00000000	0.00000000	0.00000000	0.00000000	0.00000000	0.00000000
402.65319824	0.00000000	0.00000000	0.00000000	0.00000000	0.00000000	0.00000000	0.00000000	0.00000000
429.49673462	0.00000000	0.00000000	0.00000000	0.00000000	0.00000000	0.00000000	0.00000000	0.00000000
483.18380737	0.00000000	0.00000000	0.00000000	0.00000000	0.00000000	0.00000000	0.00000000	0.00000000
536.87091064	0.00000000	0.00000000	0.00000000	0.00000000	0.00000000	0.00000000	0.00000000	0.00000000
590.55798340	0.00000000	0.00000000	0.00000000	0.00000000	0.00000000	0.00000000	0.00000000	0.00000000
644.24511719	0.00000000	0.00000000	0.00000000	0.00000000	0.00000000	0.00000000	0.00000000	0.00000000
697.93218994	0.00000000	0.00000000	0.00000000	0.00000000	0.00000000	0.00000000	0.00000000	0.00000000
751.61926270	0.00000000	0.00000000	0.00000000	0.00000000	0.00000000	0.00000000	0.00000000	0.00000000
805.30639648	0.00000000	0.00000000	0.00000000	0.00000000	0.00000000	0.00000000	0.00000000	0.00000000
858.99346924	0.00000000	0.00000000	0.00000000	0.00000000	0.00000000	0.00000000	0.00000000	0.00000000
966.36761475	0.00000000	0.00000000	0.00000000	0.00000000	0.00000000	0.00000000	0.00000000	0.00000000
1073.74182129	0.00000000	0.00000000	0.00000000	0.00000000	0.00000000	0.00000000	0.00000000	0.00000000
1181.11596680	0.00000000	0.00000000	0.00000000	0.00000000	0.00000000	0.00000000	0.00000000	0.00000000
1288.49023437	0.00000000	0.00000000	0.00000000	0.00000000	0.00000000	0.00000000	0.00000000	0.00000000
1395.86437988	0.00000000	0.00000000	0.00000000	0.00000000	0.00000000	0.00000000	0.00000000	0.00000000
1503.23852539	0.00000000	0.00000000	0.00000000	0.00000000	0.00000000	0.00000000	0.00000000	0.00000000
1610.61279297	0.00000000	0.00000000	0.00000000	0.00000000	0.00000000	0.00000000	0.00000000	0.00000000
1717.98693848	0.00000000	0.00000000	0.00000000	0.00000000	0.00000000	0.00000000	0.00000000	0.00000000
1932.73522949	0.00000000	0.00000000	0.00000000	0.00000000	0.00000000	0.00000000	0.00000000	0.00000000
2147.48364258	0.00000000	0.00000000	0.00000000	0.00000000	0.00000000	0.00000000	0.00000000	0.00000000
2362.23193359	0.00000000	0.00000000	0.00000000	0.00000000	0.00000000	0.00000000	0.00000000	0.00000000
2576.98046875	0.00000000	0.00000000	0.00000000	0.00000000	0.00000000	0.00000000	0.00000000	0.00000000
2791.72875977	0.00000000	0.00000000	0.00000000	0.00000000	0.00000000	0.00000000	0.00000000	0.00000000
3006.47705078	0.00000000	0.00000000	0.00000000	0.00000000	0.00000000	0.00000000	0.00000000	0.00000000
3221.22558594	0.00000000	0.00000000	0.00000000	0.00000000	0.00000000	0.00000000	0.00000000	0.00000000
3435.97387695	0.00000000	0.00000000	0.00000000	0.00000000	0.00000000	0.00000000	0.00000000	0.00000000
0	0	0	0	0	0	0	0	0
