%2/12/2019 2:01:42 PM
%Duration	ID1		ID2		ID3		ID4		ID5		ID6		ID7		ID8
3000.000000	0.000000	0.000000	0.000000	0.000000	79.193115	2548.113037	2721.147705	2605.190430
%Tau		Tau1		Tau2		Tau3		Tau4		Tau5		Tau6		Tau7		Tau8
%		0.000000	0.000000	0.000000	0.000000	0.000115	0.000002	0.000018	0.002662
%Delaytime	D1		D2		D3		D4		D5		D6		D7		D8
0.00000020	0.00000000	0.00000000	0.00000000	0.00000000	1.73591900	0.92849928	0.95732361	0.93510967
0.00000040	0.00000000	0.00000000	0.00000000	0.00000000	1.49981797	1.00326312	1.00174701	1.00192213
0.00000060	0.00000000	0.00000000	0.00000000	0.00000000	1.48828864	1.00115037	1.00098109	1.00107849
0.00000080	0.00000000	0.00000000	0.00000000	0.00000000	1.48227334	1.00105941	1.00161564	1.00014675
0.00000100	0.00000000	0.00000000	0.00000000	0.00000000	1.48728609	0.99993348	1.00155139	1.00027037
0.00000120	0.00000000	0.00000000	0.00000000	0.00000000	1.48628354	0.99943900	1.00108838	0.99908412
0.00000140	0.00000000	0.00000000	0.00000000	0.00000000	1.43465209	0.99979877	1.00153232	1.00045490
0.00000160	0.00000000	0.00000000	0.00000000	0.00000000	1.48828864	1.00187111	1.00084877	1.00060225
0.00000180	0.00000000	0.00000000	0.00000000	0.00000000	1.47575676	0.99996120	1.00119662	1.00012827
0.00000200	0.00000000	0.00000000	0.00000000	0.00000000	1.50483072	0.99899435	1.00068903	1.00060546
0.00000220	0.00000000	0.00000000	0.00000000	0.00000000	1.48127079	1.00034821	1.00023079	0.99994051
0.00000240	0.00000000	0.00000000	0.00000000	0.00000000	1.52087152	0.99973339	1.00103199	1.00095654
0.00000260	0.00000000	0.00000000	0.00000000	0.00000000	1.49530649	1.00080836	0.99998820	0.99955446
0.00000280	0.00000000	0.00000000	0.00000000	0.00000000	1.53189969	1.00043797	1.00051057	0.99989545
0.00000300	0.00000000	0.00000000	0.00000000	0.00000000	1.47675931	1.00055552	1.00060225	0.99988109
0.00000320	0.00000000	0.00000000	0.00000000	0.00000000	1.48578227	1.00125241	0.99891406	1.00011814
0.00000360	0.00000000	0.00000000	0.00000000	0.00000000	1.45570564	0.99985808	1.00098181	0.99984694
0.00000400	0.00000000	0.00000000	0.00000000	0.00000000	1.50959289	1.00033104	0.99963856	0.99999219
0.00000440	0.00000000	0.00000000	0.00000000	0.00000000	1.48102009	1.00049174	1.00066328	1.00062931
0.00000480	0.00000000	0.00000000	0.00000000	0.00000000	1.45219672	1.00043416	1.00031805	1.00038171
0.00000520	0.00000000	0.00000000	0.00000000	0.00000000	1.46272349	0.99973142	0.99970573	1.00004470
0.00000560	0.00000000	0.00000000	0.00000000	0.00000000	1.51184857	1.00019383	1.00146198	0.99985886
0.00000600	0.00000000	0.00000000	0.00000000	0.00000000	1.44668269	0.99944896	1.00048018	0.99946249
0.00000640	0.00000000	0.00000000	0.00000000	0.00000000	1.44618142	1.00119340	0.99983704	1.00021303
0.00000720	0.00000000	0.00000000	0.00000000	0.00000000	1.43841171	1.00033998	1.00026441	0.99969232
0.00000800	0.00000000	0.00000000	0.00000000	0.00000000	1.46961606	1.00043118	1.00052810	0.99965429
0.00000880	0.00000000	0.00000000	0.00000000	0.00000000	1.44806123	0.99964219	1.00040972	0.99993372
0.00000960	0.00000000	0.00000000	0.00000000	0.00000000	1.45633233	0.99975443	0.99997991	1.00039256
0.00001040	0.00000000	0.00000000	0.00000000	0.00000000	1.46610713	1.00040901	1.00055850	0.99932539
0.00001120	0.00000000	0.00000000	0.00000000	0.00000000	1.45495379	0.99969870	1.00070786	0.99970877
0.00001200	0.00000000	0.00000000	0.00000000	0.00000000	1.42249620	1.00004947	0.99968427	0.99986947
0.00001280	0.00000000	0.00000000	0.00000000	0.00000000	1.46585655	1.00014949	1.00057924	1.00006366
0.00001440	0.00000000	0.00000000	0.00000000	0.00000000	1.44912648	1.00038087	1.00045228	1.00059342
0.00001600	0.00000000	0.00000000	0.00000000	0.00000000	1.43014061	0.99994034	1.00023091	1.00060773
0.00001760	0.00000000	0.00000000	0.00000000	0.00000000	1.43277228	1.00063443	1.00071049	1.00090837
0.00001920	0.00000000	0.00000000	0.00000000	0.00000000	1.42356133	1.00017178	1.00066042	1.00093806
0.00002080	0.00000000	0.00000000	0.00000000	0.00000000	1.43841171	1.00072396	1.00070238	1.00043929
0.00002240	0.00000000	0.00000000	0.00000000	0.00000000	1.42807281	1.00017989	1.00037265	1.00023425
0.00002400	0.00000000	0.00000000	0.00000000	0.00000000	1.40996420	1.00022435	1.00066745	1.00011706
0.00002560	0.00000000	0.00000000	0.00000000	0.00000000	1.40513945	1.00006557	1.00078034	1.00008821
0.00002880	0.00000000	0.00000000	0.00000000	0.00000000	1.40780830	1.00015473	1.00052166	0.99990499
0.00003200	0.00000000	0.00000000	0.00000000	0.00000000	1.39652908	1.00044322	1.00012457	0.99969399
0.00003520	0.00000000	0.00000000	0.00000000	0.00000000	1.37593913	1.00032532	1.00032318	1.00062323
0.00003840	0.00000000	0.00000000	0.00000000	0.00000000	1.36871040	1.00030315	1.00061834	1.00037408
0.00004160	0.00000000	0.00000000	0.00000000	0.00000000	1.36462307	1.00038970	1.00042045	1.00047410
0.00004480	0.00000000	0.00000000	0.00000000	0.00000000	1.36137927	1.00008821	1.00031352	1.00032234
0.00004800	0.00000000	0.00000000	0.00000000	0.00000000	1.35016251	1.00039518	1.00029385	1.00017929
0.00005120	0.00000000	0.00000000	0.00000000	0.00000000	1.33516526	1.00005496	1.00059819	1.00031221
0.00005760	0.00000000	0.00000000	0.00000000	0.00000000	1.31764853	1.00029790	1.00073862	1.00036633
0.00006400	0.00000000	0.00000000	0.00000000	0.00000000	1.31047988	1.00024569	1.00032604	1.00043154
0.00007040	0.00000000	0.00000000	0.00000000	0.00000000	1.28317237	1.00012970	1.00049591	1.00037384
0.00007680	0.00000000	0.00000000	0.00000000	0.00000000	1.27056646	1.00047398	1.00067401	1.00036716
0.00008320	0.00000000	0.00000000	0.00000000	0.00000000	1.25867999	1.00045228	1.00048649	1.00021553
0.00008960	0.00000000	0.00000000	0.00000000	0.00000000	1.24045432	1.00028670	1.00067425	1.00036967
0.00009600	0.00000000	0.00000000	0.00000000	0.00000000	1.22525215	1.00042748	1.00064385	1.00063324
0.00010240	0.00000000	0.00000000	0.00000000	0.00000000	1.21414280	1.00031340	1.00038826	1.00034308
0.00011520	0.00000000	0.00000000	0.00000000	0.00000000	1.18763721	1.00039148	1.00068307	1.00046718
0.00012800	0.00000000	0.00000000	0.00000000	0.00000000	1.16004789	1.00046194	1.00045013	1.00042272
0.00014080	0.00000000	0.00000000	0.00000000	0.00000000	1.14514959	1.00054812	1.00065649	1.00041103
0.00015360	0.00000000	0.00000000	0.00000000	0.00000000	1.12522852	1.00050604	1.00053489	1.00044000
0.00016640	0.00000000	0.00000000	0.00000000	0.00000000	1.10605013	1.00053871	1.00057924	1.00045574
0.00017920	0.00000000	0.00000000	0.00000000	0.00000000	1.09375942	1.00045586	1.00064385	1.00033689
0.00019200	0.00000000	0.00000000	0.00000000	0.00000000	1.08319938	1.00041735	1.00063765	1.00043273
0.00020480	0.00000000	0.00000000	0.00000000	0.00000000	1.07076335	1.00052726	1.00064194	1.00048470
0.00023040	0.00000000	0.00000000	0.00000000	0.00000000	1.05447805	1.00058722	1.00067139	1.00054455
0.00025600	0.00000000	0.00000000	0.00000000	0.00000000	1.04108405	1.00031984	1.00049841	1.00047731
0.00028160	0.00000000	0.00000000	0.00000000	0.00000000	1.02861106	1.00048912	1.00053942	1.00041735
0.00030720	0.00000000	0.00000000	0.00000000	0.00000000	1.02373290	1.00049376	1.00050449	1.00046611
0.00033280	0.00000000	0.00000000	0.00000000	0.00000000	1.01546800	1.00044608	1.00064278	1.00044858
0.00035840	0.00000000	0.00000000	0.00000000	0.00000000	1.01159573	1.00040150	1.00055707	1.00038552
0.00038400	0.00000000	0.00000000	0.00000000	0.00000000	1.00550258	1.00048137	1.00054169	1.00039315
0.00040960	0.00000000	0.00000000	0.00000000	0.00000000	1.00117326	1.00036240	1.00054657	1.00041950
0.00046080	0.00000000	0.00000000	0.00000000	0.00000000	1.00267780	1.00038588	1.00054657	1.00038612
0.00051200	0.00000000	0.00000000	0.00000000	0.00000000	0.99726814	1.00040400	1.00048625	1.00041842
0.00056320	0.00000000	0.00000000	0.00000000	0.00000000	1.00063407	1.00036621	1.00050294	1.00035858
0.00061440	0.00000000	0.00000000	0.00000000	0.00000000	1.00250053	1.00043392	1.00047457	1.00037670
0.00066560	0.00000000	0.00000000	0.00000000	0.00000000	1.00208437	1.00038493	1.00047481	1.00038183
0.00071680	0.00000000	0.00000000	0.00000000	0.00000000	1.00314224	1.00044465	1.00046980	1.00037372
0.00076800	0.00000000	0.00000000	0.00000000	0.00000000	0.99915862	1.00039041	1.00052655	1.00033998
0.00081920	0.00000000	0.00000000	0.00000000	0.00000000	1.00215209	1.00040901	1.00045276	1.00041139
0.00092160	0.00000000	0.00000000	0.00000000	0.00000000	1.00203288	1.00034809	1.00048697	1.00038946
0.00102400	0.00000000	0.00000000	0.00000000	0.00000000	1.00064647	1.00037587	1.00053144	1.00035214
0.00112640	0.00000000	0.00000000	0.00000000	0.00000000	0.99757916	1.00034106	1.00050962	1.00042760
0.00122880	0.00000000	0.00000000	0.00000000	0.00000000	0.99874961	1.00038624	1.00051272	1.00036526
0.00133120	0.00000000	0.00000000	0.00000000	0.00000000	1.00023532	1.00039244	1.00050223	1.00037801
0.00143360	0.00000000	0.00000000	0.00000000	0.00000000	1.00124526	1.00038314	1.00055122	1.00036812
0.00153600	0.00000000	0.00000000	0.00000000	0.00000000	0.99470657	1.00034881	1.00049400	1.00037432
0.00163840	0.00000000	0.00000000	0.00000000	0.00000000	0.99539751	1.00038350	1.00051010	1.00037336
0.00184320	0.00000000	0.00000000	0.00000000	0.00000000	1.00127268	1.00038648	1.00051820	1.00040019
0.00204800	0.00000000	0.00000000	0.00000000	0.00000000	1.00233400	1.00038695	1.00051057	1.00038004
0.00225280	0.00000000	0.00000000	0.00000000	0.00000000	0.99632549	1.00041068	1.00051677	1.00043106
0.00245760	0.00000000	0.00000000	0.00000000	0.00000000	1.00164819	1.00037253	1.00047076	1.00039899
0.00266240	0.00000000	0.00000000	0.00000000	0.00000000	1.00105715	1.00040317	1.00050318	1.00036013
0.00286720	0.00000000	0.00000000	0.00000000	0.00000000	1.00441694	1.00036883	1.00053191	1.00036323
0.00307200	0.00000000	0.00000000	0.00000000	0.00000000	1.00071347	1.00038850	1.00051665	1.00038755
0.00327680	0.00000000	0.00000000	0.00000000	0.00000000	0.99640226	1.00035787	1.00051284	1.00037909
0.00368640	0.00000000	0.00000000	0.00000000	0.00000000	1.00347626	1.00037086	1.00050008	1.00037241
0.00409600	0.00000000	0.00000000	0.00000000	0.00000000	1.00103617	1.00038600	1.00049353	1.00034630
0.00450560	0.00000000	0.00000000	0.00000000	0.00000000	1.00343144	1.00038099	1.00051320	1.00036645
0.00491520	0.00000000	0.00000000	0.00000000	0.00000000	0.99925888	1.00038934	1.00050318	1.00039077
0.00532480	0.00000000	0.00000000	0.00000000	0.00000000	0.99685460	1.00037539	1.00050366	1.00038218
0.00573440	0.00000000	0.00000000	0.00000000	0.00000000	0.99879527	1.00038576	1.00050795	1.00038290
0.00614400	0.00000000	0.00000000	0.00000000	0.00000000	0.99654019	1.00036824	1.00052476	1.00038719
0.00655360	0.00000000	0.00000000	0.00000000	0.00000000	0.99526823	1.00038397	1.00050867	1.00038338
0.00737280	0.00000000	0.00000000	0.00000000	0.00000000	0.99889779	1.00036979	1.00051177	1.00039136
0.00819200	0.00000000	0.00000000	0.00000000	0.00000000	1.00043857	1.00049222	1.00060201	1.00048423
0.00901120	0.00000000	0.00000000	0.00000000	0.00000000	0.99818182	1.00041854	1.00053930	1.00042105
0.00983040	0.00000000	0.00000000	0.00000000	0.00000000	1.00225592	1.00037420	1.00051856	1.00038445
0.01064960	0.00000000	0.00000000	0.00000000	0.00000000	0.99944419	1.00038469	1.00052464	1.00038064
0.01146880	0.00000000	0.00000000	0.00000000	0.00000000	0.99615139	1.00038600	1.00051379	1.00039804
0.01228800	0.00000000	0.00000000	0.00000000	0.00000000	0.99891025	1.00036812	1.00050962	1.00037956
0.01310720	0.00000000	0.00000000	0.00000000	0.00000000	0.99997640	1.00037587	1.00049996	1.00037575
0.01474560	0.00000000	0.00000000	0.00000000	0.00000000	0.99706823	1.00039077	1.00052178	1.00039983
0.01638400	0.00000000	0.00000000	0.00000000	0.00000000	0.99940431	1.00042999	1.00057626	1.00044143
0.01802240	0.00000000	0.00000000	0.00000000	0.00000000	0.99854994	1.00040102	1.00053656	1.00039184
0.01966080	0.00000000	0.00000000	0.00000000	0.00000000	1.00058961	1.00038862	1.00050938	1.00039005
0.02129920	0.00000000	0.00000000	0.00000000	0.00000000	1.00102937	1.00039482	1.00051045	1.00038683
0.02293760	0.00000000	0.00000000	0.00000000	0.00000000	1.00011945	1.00039148	1.00051737	1.00039029
0.02457600	0.00000000	0.00000000	0.00000000	0.00000000	1.00099754	1.00041902	1.00057101	1.00043249
0.02621440	0.00000000	0.00000000	0.00000000	0.00000000	0.99868828	1.00040770	1.00054061	1.00040674
0.02949120	0.00000000	0.00000000	0.00000000	0.00000000	1.00018990	1.00038826	1.00051117	1.00037980
0.03276800	0.00000000	0.00000000	0.00000000	0.00000000	1.00154662	1.00039828	1.00054049	1.00041485
0.03604480	0.00000000	0.00000000	0.00000000	0.00000000	1.00031745	1.00038052	1.00052571	1.00039291
0.03932160	0.00000000	0.00000000	0.00000000	0.00000000	1.00045490	1.00039077	1.00052524	1.00039744
0.04259840	0.00000000	0.00000000	0.00000000	0.00000000	1.00082147	1.00040329	1.00054002	1.00040662
0.04587520	0.00000000	0.00000000	0.00000000	0.00000000	1.00046730	1.00038111	1.00051236	1.00038397
0.04915200	0.00000000	0.00000000	0.00000000	0.00000000	1.00024247	1.00040317	1.00053942	1.00041592
0.05242880	0.00000000	0.00000000	0.00000000	0.00000000	0.99954188	1.00038970	1.00052285	1.00039899
0.05898240	0.00000000	0.00000000	0.00000000	0.00000000	0.99921024	1.00039411	1.00052297	1.00039983
0.06553600	0.00000000	0.00000000	0.00000000	0.00000000	1.00013578	1.00038660	1.00052214	1.00039339
0.07208960	0.00000000	0.00000000	0.00000000	0.00000000	0.99967498	1.00038385	1.00052214	1.00039363
0.07864320	0.00000000	0.00000000	0.00000000	0.00000000	1.00065863	1.00038826	1.00051796	1.00039303
0.08519680	0.00000000	0.00000000	0.00000000	0.00000000	1.00096178	1.00038087	1.00052333	1.00039327
0.09175040	0.00000000	0.00000000	0.00000000	0.00000000	0.99852705	1.00038159	1.00051522	1.00039434
0.09830400	0.00000000	0.00000000	0.00000000	0.00000000	0.99966335	1.00038052	1.00051427	1.00039792
0.10485760	0.00000000	0.00000000	0.00000000	0.00000000	0.99918485	1.00037968	1.00050592	1.00038695
0.11796480	0.00000000	0.00000000	0.00000000	0.00000000	1.00024664	1.00037003	1.00050664	1.00038791
0.13107200	0.00000000	0.00000000	0.00000000	0.00000000	0.99984825	1.00036657	1.00050044	1.00038290
0.14417920	0.00000000	0.00000000	0.00000000	0.00000000	0.99984455	1.00036395	1.00049603	1.00037932
0.15728641	0.00000000	0.00000000	0.00000000	0.00000000	1.00053585	1.00036275	1.00049162	1.00037813
0.17039360	0.00000000	0.00000000	0.00000000	0.00000000	1.00022447	1.00035310	1.00048673	1.00036943
0.18350080	0.00000000	0.00000000	0.00000000	0.00000000	1.00034332	1.00034785	1.00048459	1.00037205
0.19660801	0.00000000	0.00000000	0.00000000	0.00000000	0.99930263	1.00033844	1.00047696	1.00037014
0.20971520	0.00000000	0.00000000	0.00000000	0.00000000	0.99973190	1.00034082	1.00047684	1.00036621
0.23592959	0.00000000	0.00000000	0.00000000	0.00000000	0.99948072	1.00032628	1.00046766	1.00035727
0.26214400	0.00000000	0.00000000	0.00000000	0.00000000	0.99965233	1.00031316	1.00045753	1.00034952
0.28835839	0.00000000	0.00000000	0.00000000	0.00000000	1.00032115	1.00030184	1.00045204	1.00034165
0.31457281	0.00000000	0.00000000	0.00000000	0.00000000	0.99930650	1.00029504	1.00044405	1.00033581
0.34078720	0.00000000	0.00000000	0.00000000	0.00000000	0.99991894	1.00028050	1.00043380	1.00032973
0.36700159	0.00000000	0.00000000	0.00000000	0.00000000	1.00005865	1.00027120	1.00042677	1.00032055
0.39321601	0.00000000	0.00000000	0.00000000	0.00000000	0.99983633	1.00025940	1.00041890	1.00031364
0.41943040	0.00000000	0.00000000	0.00000000	0.00000000	1.00020599	1.00024819	1.00040817	1.00030601
0.47185919	0.00000000	0.00000000	0.00000000	0.00000000	0.99998879	1.00022483	1.00038946	1.00028908
0.52428800	0.00000000	0.00000000	0.00000000	0.00000000	0.99998927	1.00020564	1.00036931	1.00027633
0.57671678	0.00000000	0.00000000	0.00000000	0.00000000	0.99997807	1.00019002	1.00035131	1.00026095
0.62914562	0.00000000	0.00000000	0.00000000	0.00000000	1.00029933	1.00017464	1.00033283	1.00024414
0.68157440	0.00000000	0.00000000	0.00000000	0.00000000	0.99989325	1.00015831	1.00031531	1.00023043
0.73400319	0.00000000	0.00000000	0.00000000	0.00000000	0.99996424	1.00013995	1.00029790	1.00021207
0.78643203	0.00000000	0.00000000	0.00000000	0.00000000	1.00045848	1.00012887	1.00028098	1.00019646
0.83886081	0.00000000	0.00000000	0.00000000	0.00000000	0.99962568	1.00010943	1.00026083	1.00018275
0.94371837	0.00000000	0.00000000	0.00000000	0.00000000	0.99982953	1.00007606	1.00021017	1.00014162
1.04857600	0.00000000	0.00000000	0.00000000	0.00000000	0.99986720	1.00004780	1.00016630	1.00011253
1.15343356	0.00000000	0.00000000	0.00000000	0.00000000	1.00025821	1.00001335	1.00011516	1.00007963
1.25829124	0.00000000	0.00000000	0.00000000	0.00000000	0.99990344	0.99997395	1.00005794	1.00003541
1.36314881	0.00000000	0.00000000	0.00000000	0.00000000	0.99991679	0.99993390	0.99999851	0.99999011
1.46800637	0.00000000	0.00000000	0.00000000	0.00000000	0.99992949	0.99988788	0.99993986	0.99994850
1.57286406	0.00000000	0.00000000	0.00000000	0.00000000	1.00002587	0.99984729	0.99988914	0.99990964
1.67772162	0.00000000	0.00000000	0.00000000	0.00000000	0.99990511	0.99983037	0.99985337	0.99988025
1.88743675	0.00000000	0.00000000	0.00000000	0.00000000	0.99994129	0.99983436	0.99979770	0.99983710
2.09715199	0.00000000	0.00000000	0.00000000	0.00000000	1.00008893	0.99983966	0.99977875	0.99980849
2.30686712	0.00000000	0.00000000	0.00000000	0.00000000	0.99999493	0.99977595	0.99970931	0.99976122
2.51658249	0.00000000	0.00000000	0.00000000	0.00000000	1.00001717	0.99970502	0.99964976	0.99972773
2.72629762	0.00000000	0.00000000	0.00000000	0.00000000	1.00005567	0.99968696	0.99964434	0.99973345
2.93601274	0.00000000	0.00000000	0.00000000	0.00000000	1.00004280	0.99970680	0.99965590	0.99975276
3.14572811	0.00000000	0.00000000	0.00000000	0.00000000	0.99984539	0.99975276	0.99971944	0.99980360
3.35544324	0.00000000	0.00000000	0.00000000	0.00000000	1.00000155	0.99978334	0.99976271	0.99984813
3.77487350	0.00000000	0.00000000	0.00000000	0.00000000	1.00001264	0.99991423	0.99992287	0.99996454
4.19430399	0.00000000	0.00000000	0.00000000	0.00000000	1.00016129	1.00001633	0.99999899	1.00000465
4.61373425	0.00000000	0.00000000	0.00000000	0.00000000	0.99975824	1.00000572	1.00000405	0.99999869
5.03316498	0.00000000	0.00000000	0.00000000	0.00000000	1.00000000	1.00000000	1.00000000	1.00000000
5.45259523	0.00000000	0.00000000	0.00000000	0.00000000	0.00000000	0.00000000	0.00000000	0.00000000
5.87202549	0.00000000	0.00000000	0.00000000	0.00000000	0.00000000	0.00000000	0.00000000	0.00000000
6.29145622	0.00000000	0.00000000	0.00000000	0.00000000	0.00000000	0.00000000	0.00000000	0.00000000
6.71088648	0.00000000	0.00000000	0.00000000	0.00000000	0.00000000	0.00000000	0.00000000	0.00000000
7.54974699	0.00000000	0.00000000	0.00000000	0.00000000	0.00000000	0.00000000	0.00000000	0.00000000
8.38860798	0.00000000	0.00000000	0.00000000	0.00000000	0.00000000	0.00000000	0.00000000	0.00000000
9.22746849	0.00000000	0.00000000	0.00000000	0.00000000	0.00000000	0.00000000	0.00000000	0.00000000
10.06632996	0.00000000	0.00000000	0.00000000	0.00000000	0.00000000	0.00000000	0.00000000	0.00000000
10.90519047	0.00000000	0.00000000	0.00000000	0.00000000	0.00000000	0.00000000	0.00000000	0.00000000
11.74405098	0.00000000	0.00000000	0.00000000	0.00000000	0.00000000	0.00000000	0.00000000	0.00000000
12.58291245	0.00000000	0.00000000	0.00000000	0.00000000	0.00000000	0.00000000	0.00000000	0.00000000
13.42177296	0.00000000	0.00000000	0.00000000	0.00000000	0.00000000	0.00000000	0.00000000	0.00000000
15.09949398	0.00000000	0.00000000	0.00000000	0.00000000	0.00000000	0.00000000	0.00000000	0.00000000
16.77721596	0.00000000	0.00000000	0.00000000	0.00000000	0.00000000	0.00000000	0.00000000	0.00000000
18.45493698	0.00000000	0.00000000	0.00000000	0.00000000	0.00000000	0.00000000	0.00000000	0.00000000
20.13265991	0.00000000	0.00000000	0.00000000	0.00000000	0.00000000	0.00000000	0.00000000	0.00000000
21.81038094	0.00000000	0.00000000	0.00000000	0.00000000	0.00000000	0.00000000	0.00000000	0.00000000
23.48810196	0.00000000	0.00000000	0.00000000	0.00000000	0.00000000	0.00000000	0.00000000	0.00000000
25.16582489	0.00000000	0.00000000	0.00000000	0.00000000	0.00000000	0.00000000	0.00000000	0.00000000
26.84354591	0.00000000	0.00000000	0.00000000	0.00000000	0.00000000	0.00000000	0.00000000	0.00000000
30.19898796	0.00000000	0.00000000	0.00000000	0.00000000	0.00000000	0.00000000	0.00000000	0.00000000
33.55443192	0.00000000	0.00000000	0.00000000	0.00000000	0.00000000	0.00000000	0.00000000	0.00000000
36.90987396	0.00000000	0.00000000	0.00000000	0.00000000	0.00000000	0.00000000	0.00000000	0.00000000
40.26531982	0.00000000	0.00000000	0.00000000	0.00000000	0.00000000	0.00000000	0.00000000	0.00000000
43.62076187	0.00000000	0.00000000	0.00000000	0.00000000	0.00000000	0.00000000	0.00000000	0.00000000
46.97620392	0.00000000	0.00000000	0.00000000	0.00000000	0.00000000	0.00000000	0.00000000	0.00000000
50.33164978	0.00000000	0.00000000	0.00000000	0.00000000	0.00000000	0.00000000	0.00000000	0.00000000
53.68709183	0.00000000	0.00000000	0.00000000	0.00000000	0.00000000	0.00000000	0.00000000	0.00000000
60.39797592	0.00000000	0.00000000	0.00000000	0.00000000	0.00000000	0.00000000	0.00000000	0.00000000
67.10886383	0.00000000	0.00000000	0.00000000	0.00000000	0.00000000	0.00000000	0.00000000	0.00000000
73.81974792	0.00000000	0.00000000	0.00000000	0.00000000	0.00000000	0.00000000	0.00000000	0.00000000
80.53063965	0.00000000	0.00000000	0.00000000	0.00000000	0.00000000	0.00000000	0.00000000	0.00000000
87.24152374	0.00000000	0.00000000	0.00000000	0.00000000	0.00000000	0.00000000	0.00000000	0.00000000
93.95240784	0.00000000	0.00000000	0.00000000	0.00000000	0.00000000	0.00000000	0.00000000	0.00000000
100.66329956	0.00000000	0.00000000	0.00000000	0.00000000	0.00000000	0.00000000	0.00000000	0.00000000
107.37418365	0.00000000	0.00000000	0.00000000	0.00000000	0.00000000	0.00000000	0.00000000	0.00000000
120.79595184	0.00000000	0.00000000	0.00000000	0.00000000	0.00000000	0.00000000	0.00000000	0.00000000
134.21772766	0.00000000	0.00000000	0.00000000	0.00000000	0.00000000	0.00000000	0.00000000	0.00000000
147.63949585	0.00000000	0.00000000	0.00000000	0.00000000	0.00000000	0.00000000	0.00000000	0.00000000
161.06127930	0.00000000	0.00000000	0.00000000	0.00000000	0.00000000	0.00000000	0.00000000	0.00000000
174.48304749	0.00000000	0.00000000	0.00000000	0.00000000	0.00000000	0.00000000	0.00000000	0.00000000
187.90481567	0.00000000	0.00000000	0.00000000	0.00000000	0.00000000	0.00000000	0.00000000	0.00000000
201.32659912	0.00000000	0.00000000	0.00000000	0.00000000	0.00000000	0.00000000	0.00000000	0.00000000
214.74836731	0.00000000	0.00000000	0.00000000	0.00000000	0.00000000	0.00000000	0.00000000	0.00000000
241.59190369	0.00000000	0.00000000	0.00000000	0.00000000	0.00000000	0.00000000	0.00000000	0.00000000
268.43545532	0.00000000	0.00000000	0.00000000	0.00000000	0.00000000	0.00000000	0.00000000	0.00000000
295.27899170	0.00000000	0.00000000	0.00000000	0.00000000	0.00000000	0.00000000	0.00000000	0.00000000
322.12255859	0.00000000	0.00000000	0.00000000	0.00000000	0.00000000	0.00000000	0.00000000	0.00000000
348.96609497	0.00000000	0.00000000	0.00000000	0.00000000	0.00000000	0.00000000	0.00000000	0.00000000
375.80963135	0.00000000	0.00000000	0.00000000	0.00000000	0.00000000	0.00000000	0.00000000	0.00000000
402.65319824	0.00000000	0.00000000	0.00000000	0.00000000	0.00000000	0.00000000	0.00000000	0.00000000
429.49673462	0.00000000	0.00000000	0.00000000	0.00000000	0.00000000	0.00000000	0.00000000	0.00000000
483.18380737	0.00000000	0.00000000	0.00000000	0.00000000	0.00000000	0.00000000	0.00000000	0.00000000
536.87091064	0.00000000	0.00000000	0.00000000	0.00000000	0.00000000	0.00000000	0.00000000	0.00000000
590.55798340	0.00000000	0.00000000	0.00000000	0.00000000	0.00000000	0.00000000	0.00000000	0.00000000
644.24511719	0.00000000	0.00000000	0.00000000	0.00000000	0.00000000	0.00000000	0.00000000	0.00000000
697.93218994	0.00000000	0.00000000	0.00000000	0.00000000	0.00000000	0.00000000	0.00000000	0.00000000
751.61926270	0.00000000	0.00000000	0.00000000	0.00000000	0.00000000	0.00000000	0.00000000	0.00000000
805.30639648	0.00000000	0.00000000	0.00000000	0.00000000	0.00000000	0.00000000	0.00000000	0.00000000
858.99346924	0.00000000	0.00000000	0.00000000	0.00000000	0.00000000	0.00000000	0.00000000	0.00000000
966.36761475	0.00000000	0.00000000	0.00000000	0.00000000	0.00000000	0.00000000	0.00000000	0.00000000
1073.74182129	0.00000000	0.00000000	0.00000000	0.00000000	0.00000000	0.00000000	0.00000000	0.00000000
1181.11596680	0.00000000	0.00000000	0.00000000	0.00000000	0.00000000	0.00000000	0.00000000	0.00000000
1288.49023437	0.00000000	0.00000000	0.00000000	0.00000000	0.00000000	0.00000000	0.00000000	0.00000000
1395.86437988	0.00000000	0.00000000	0.00000000	0.00000000	0.00000000	0.00000000	0.00000000	0.00000000
1503.23852539	0.00000000	0.00000000	0.00000000	0.00000000	0.00000000	0.00000000	0.00000000	0.00000000
1610.61279297	0.00000000	0.00000000	0.00000000	0.00000000	0.00000000	0.00000000	0.00000000	0.00000000
1717.98693848	0.00000000	0.00000000	0.00000000	0.00000000	0.00000000	0.00000000	0.00000000	0.00000000
1932.73522949	0.00000000	0.00000000	0.00000000	0.00000000	0.00000000	0.00000000	0.00000000	0.00000000
2147.48364258	0.00000000	0.00000000	0.00000000	0.00000000	0.00000000	0.00000000	0.00000000	0.00000000
2362.23193359	0.00000000	0.00000000	0.00000000	0.00000000	0.00000000	0.00000000	0.00000000	0.00000000
2576.98046875	0.00000000	0.00000000	0.00000000	0.00000000	0.00000000	0.00000000	0.00000000	0.00000000
2791.72875977	0.00000000	0.00000000	0.00000000	0.00000000	0.00000000	0.00000000	0.00000000	0.00000000
3006.47705078	0.00000000	0.00000000	0.00000000	0.00000000	0.00000000	0.00000000	0.00000000	0.00000000
3221.22558594	0.00000000	0.00000000	0.00000000	0.00000000	0.00000000	0.00000000	0.00000000	0.00000000
3435.97387695	0.00000000	0.00000000	0.00000000	0.00000000	0.00000000	0.00000000	0.00000000	0.00000000
0	0	0	0	0	0	0	0	0
