%2/12/2019 1:58:26 PM
%Duration	ID1		ID2		ID3		ID4		ID5		ID6		ID7		ID8
1000.000000	0.000000	0.000000	0.000000	0.000000	115.022659	2659.063477	2829.561279	2756.767334
%Tau		Tau1		Tau2		Tau3		Tau4		Tau5		Tau6		Tau7		Tau8
%		0.000000	0.000000	0.000000	0.000000	0.000205	0.000005	0.000013	0.000006
%Delaytime	D1		D2		D3		D4		D5		D6		D7		D8
0.00000020	0.00000000	0.00000000	0.00000000	0.00000000	1.58783948	0.92747802	0.95700997	0.93488765
0.00000040	0.00000000	0.00000000	0.00000000	0.00000000	1.55985272	1.00406897	1.00225353	1.00280201
0.00000060	0.00000000	0.00000000	0.00000000	0.00000000	1.53680468	1.00343812	1.00158596	1.00100100
0.00000080	0.00000000	0.00000000	0.00000000	0.00000000	1.50717163	1.00078607	1.00157607	1.00245845
0.00000100	0.00000000	0.00000000	0.00000000	0.00000000	1.48000801	1.00053179	1.00099492	1.00258791
0.00000120	0.00000000	0.00000000	0.00000000	0.00000000	1.48000801	0.99963236	1.00202107	1.00156021
0.00000140	0.00000000	0.00000000	0.00000000	0.00000000	1.45942950	1.00189519	1.00064063	0.99987513
0.00000160	0.00000000	0.00000000	0.00000000	0.00000000	1.45202112	1.00100207	1.00273263	0.99975461
0.00000180	0.00000000	0.00000000	0.00000000	0.00000000	1.50140965	1.00160432	1.00264335	1.00192451
0.00000200	0.00000000	0.00000000	0.00000000	0.00000000	1.47013032	1.00038874	1.00206649	1.00127161
0.00000220	0.00000000	0.00000000	0.00000000	0.00000000	1.50140965	0.99992317	1.00095809	0.99966538
0.00000240	0.00000000	0.00000000	0.00000000	0.00000000	1.45613682	0.99979603	1.00099635	1.00010860
0.00000260	0.00000000	0.00000000	0.00000000	0.00000000	1.43308890	1.00085914	1.00005674	1.00169992
0.00000280	0.00000000	0.00000000	0.00000000	0.00000000	1.44378972	1.00121343	1.00159872	1.00072432
0.00000300	0.00000000	0.00000000	0.00000000	0.00000000	1.43473518	1.00171077	1.00231171	1.00205100
0.00000320	0.00000000	0.00000000	0.00000000	0.00000000	1.50223279	1.00032997	1.00206792	0.99939322
0.00000360	0.00000000	0.00000000	0.00000000	0.00000000	1.44337821	1.00095522	1.00081146	1.00156534
0.00000400	0.00000000	0.00000000	0.00000000	0.00000000	1.44420135	1.00062239	1.00169516	1.00103438
0.00000440	0.00000000	0.00000000	0.00000000	0.00000000	1.45942950	1.00154555	1.00006807	0.99976134
0.00000480	0.00000000	0.00000000	0.00000000	0.00000000	1.43185425	1.00012732	1.00103116	1.00084031
0.00000520	0.00000000	0.00000000	0.00000000	0.00000000	1.52034187	1.00069857	1.00113106	1.00139439
0.00000560	0.00000000	0.00000000	0.00000000	0.00000000	1.48782778	1.00115788	1.00131881	1.00089610
0.00000600	0.00000000	0.00000000	0.00000000	0.00000000	1.44296658	1.00169730	1.00095606	1.00036073
0.00000640	0.00000000	0.00000000	0.00000000	0.00000000	1.49112034	1.00117612	0.99995112	0.99970704
0.00000720	0.00000000	0.00000000	0.00000000	0.00000000	1.42712116	1.00036693	1.00079119	1.00087047
0.00000800	0.00000000	0.00000000	0.00000000	0.00000000	1.46951294	1.00112045	1.00127172	1.00069416
0.00000880	0.00000000	0.00000000	0.00000000	0.00000000	1.48206580	1.00108957	1.00125682	1.00076187
0.00000960	0.00000000	0.00000000	0.00000000	0.00000000	1.46848404	1.00118923	1.00167739	1.00041091
0.00001040	0.00000000	0.00000000	0.00000000	0.00000000	1.46724927	1.00112844	1.00071466	1.00102925
0.00001120	0.00000000	0.00000000	0.00000000	0.00000000	1.44914019	0.99995416	1.00064313	1.00067043
0.00001200	0.00000000	0.00000000	0.00000000	0.00000000	1.49852860	1.00070298	1.00100636	1.00044620
0.00001280	0.00000000	0.00000000	0.00000000	0.00000000	1.46724927	1.00146210	1.00174010	1.00110066
0.00001440	0.00000000	0.00000000	0.00000000	0.00000000	1.46200180	1.00144744	1.00127757	1.00135493
0.00001600	0.00000000	0.00000000	0.00000000	0.00000000	1.44636202	1.00128341	1.00093949	1.00112939
0.00001760	0.00000000	0.00000000	0.00000000	0.00000000	1.44697940	1.00087559	1.00182021	1.00127029
0.00001920	0.00000000	0.00000000	0.00000000	0.00000000	1.44121742	1.00053728	1.00176811	1.00143373
0.00002080	0.00000000	0.00000000	0.00000000	0.00000000	1.43133974	1.00090182	1.00158548	1.00088906
0.00002240	0.00000000	0.00000000	0.00000000	0.00000000	1.42722404	1.00103986	1.00127685	1.00178385
0.00002400	0.00000000	0.00000000	0.00000000	0.00000000	1.44399559	1.00105321	1.00119734	1.00110018
0.00002560	0.00000000	0.00000000	0.00000000	0.00000000	1.42177069	1.00077486	1.00137198	1.00122046
0.00002880	0.00000000	0.00000000	0.00000000	0.00000000	1.42832398	0.99976635	0.99983102	1.00023770
0.00003200	0.00000000	0.00000000	0.00000000	0.00000000	1.41882610	1.00026166	1.00044298	0.99986148
0.00003520	0.00000000	0.00000000	0.00000000	0.00000000	1.41189504	1.00031114	1.00083113	1.00053871
0.00003840	0.00000000	0.00000000	0.00000000	0.00000000	1.40037811	1.00049615	1.00067198	1.00062728
0.00004160	0.00000000	0.00000000	0.00000000	0.00000000	1.40934145	1.00023997	1.00053978	1.00083053
0.00004480	0.00000000	0.00000000	0.00000000	0.00000000	1.40964091	1.00042439	1.00059652	1.00040305
0.00004800	0.00000000	0.00000000	0.00000000	0.00000000	1.38583863	1.00045168	1.00021160	0.99991953
0.00005120	0.00000000	0.00000000	0.00000000	0.00000000	1.38338923	1.00001478	0.99980682	1.00036108
0.00005760	0.00000000	0.00000000	0.00000000	0.00000000	1.37834930	1.00050986	1.00040197	1.00057447
0.00006400	0.00000000	0.00000000	0.00000000	0.00000000	1.35581613	1.00012064	1.00032413	1.00068521
0.00007040	0.00000000	0.00000000	0.00000000	0.00000000	1.33689046	1.00033033	1.00048423	1.00035548
0.00007680	0.00000000	0.00000000	0.00000000	0.00000000	1.32656217	1.00038540	1.00064623	1.00060856
0.00008320	0.00000000	0.00000000	0.00000000	0.00000000	1.33396029	1.00049376	1.00046313	1.00053167
0.00008960	0.00000000	0.00000000	0.00000000	0.00000000	1.32917964	1.00030315	1.00015008	1.00059783
0.00009600	0.00000000	0.00000000	0.00000000	0.00000000	1.31139982	1.00075436	1.00096667	1.00065076
0.00010240	0.00000000	0.00000000	0.00000000	0.00000000	1.31606281	1.00032389	1.00050604	1.00081384
0.00011520	0.00000000	0.00000000	0.00000000	0.00000000	1.29069817	1.00045383	1.00061941	1.00056970
0.00012800	0.00000000	0.00000000	0.00000000	0.00000000	1.27308226	1.00017416	1.00046492	1.00061548
0.00014080	0.00000000	0.00000000	0.00000000	0.00000000	1.26428187	1.00041318	1.00066340	1.00058365
0.00015360	0.00000000	0.00000000	0.00000000	0.00000000	1.24574435	1.00037861	1.00057530	1.00077021
0.00016640	0.00000000	0.00000000	0.00000000	0.00000000	1.22750318	1.00044250	1.00049436	1.00049853
0.00017920	0.00000000	0.00000000	0.00000000	0.00000000	1.22539854	1.00022447	1.00062239	1.00069046
0.00019200	0.00000000	0.00000000	0.00000000	0.00000000	1.20839727	1.00052869	1.00057220	1.00057912
0.00020480	0.00000000	0.00000000	0.00000000	0.00000000	1.19937861	1.00046849	1.00039136	1.00072813
0.00023040	0.00000000	0.00000000	0.00000000	0.00000000	1.18281364	1.00045729	1.00064361	1.00062275
0.00025600	0.00000000	0.00000000	0.00000000	0.00000000	1.16017079	1.00047612	1.00034523	1.00050044
0.00028160	0.00000000	0.00000000	0.00000000	0.00000000	1.14510763	1.00054204	1.00057065	1.00060165
0.00030720	0.00000000	0.00000000	0.00000000	0.00000000	1.12974584	1.00030935	1.00043428	1.00054562
0.00033280	0.00000000	0.00000000	0.00000000	0.00000000	1.11294973	1.00042069	1.00065219	1.00051999
0.00035840	0.00000000	0.00000000	0.00000000	0.00000000	1.10348082	1.00037253	1.00059927	1.00048828
0.00038400	0.00000000	0.00000000	0.00000000	0.00000000	1.09576428	1.00053251	1.00048149	1.00054717
0.00040960	0.00000000	0.00000000	0.00000000	0.00000000	1.08361495	1.00028646	1.00045395	1.00053144
0.00046080	0.00000000	0.00000000	0.00000000	0.00000000	1.07748997	1.00037098	1.00049782	1.00065064
0.00051200	0.00000000	0.00000000	0.00000000	0.00000000	1.06505489	1.00038481	1.00054431	1.00053740
0.00056320	0.00000000	0.00000000	0.00000000	0.00000000	1.05539310	1.00038838	1.00048673	1.00061607
0.00061440	0.00000000	0.00000000	0.00000000	0.00000000	1.04657686	1.00029361	1.00051880	1.00058603
0.00066560	0.00000000	0.00000000	0.00000000	0.00000000	1.04030740	1.00037301	1.00045979	1.00053990
0.00071680	0.00000000	0.00000000	0.00000000	0.00000000	1.03264904	1.00039780	1.00054336	1.00059652
0.00076800	0.00000000	0.00000000	0.00000000	0.00000000	1.02825129	1.00035751	1.00055051	1.00059998
0.00081920	0.00000000	0.00000000	0.00000000	0.00000000	1.02409911	1.00033975	1.00064671	1.00053060
0.00092160	0.00000000	0.00000000	0.00000000	0.00000000	1.02177262	1.00041091	1.00045955	1.00049210
0.00102400	0.00000000	0.00000000	0.00000000	0.00000000	1.01068079	1.00034618	1.00052536	1.00056505
0.00112640	0.00000000	0.00000000	0.00000000	0.00000000	1.01051462	1.00043654	1.00053620	1.00051117
0.00122880	0.00000000	0.00000000	0.00000000	0.00000000	1.00928926	1.00030828	1.00047207	1.00052869
0.00133120	0.00000000	0.00000000	0.00000000	0.00000000	1.00694776	1.00041842	1.00046217	1.00060296
0.00143360	0.00000000	0.00000000	0.00000000	0.00000000	1.00244641	1.00028694	1.00046742	1.00053263
0.00153600	0.00000000	0.00000000	0.00000000	0.00000000	1.00033247	1.00037229	1.00051892	1.00055170
0.00163840	0.00000000	0.00000000	0.00000000	0.00000000	0.99731231	1.00035965	1.00053287	1.00056899
0.00184320	0.00000000	0.00000000	0.00000000	0.00000000	0.99903226	1.00040662	1.00053024	1.00051188
0.00204800	0.00000000	0.00000000	0.00000000	0.00000000	0.99603128	1.00036108	1.00045359	1.00052452
0.00225280	0.00000000	0.00000000	0.00000000	0.00000000	0.99344474	1.00031900	1.00045252	1.00054729
0.00245760	0.00000000	0.00000000	0.00000000	0.00000000	0.99320555	1.00031257	1.00050044	1.00061607
0.00266240	0.00000000	0.00000000	0.00000000	0.00000000	0.99104440	1.00033319	1.00045002	1.00057280
0.00286720	0.00000000	0.00000000	0.00000000	0.00000000	0.99467540	1.00037527	1.00051749	1.00053370
0.00307200	0.00000000	0.00000000	0.00000000	0.00000000	0.99535853	1.00037456	1.00047052	1.00054932
0.00327680	0.00000000	0.00000000	0.00000000	0.00000000	0.99715781	1.00033629	1.00048983	1.00046229
0.00368640	0.00000000	0.00000000	0.00000000	0.00000000	0.99879581	1.00038409	1.00053048	1.00052750
0.00409600	0.00000000	0.00000000	0.00000000	0.00000000	1.00131679	1.00035369	1.00054240	1.00052321
0.00450560	0.00000000	0.00000000	0.00000000	0.00000000	1.00465405	1.00032389	1.00053740	1.00056064
0.00491520	0.00000000	0.00000000	0.00000000	0.00000000	0.99423468	1.00035191	1.00053263	1.00052416
0.00532480	0.00000000	0.00000000	0.00000000	0.00000000	0.99097848	1.00039756	1.00054038	1.00054145
0.00573440	0.00000000	0.00000000	0.00000000	0.00000000	0.99812531	1.00034630	1.00052357	1.00054860
0.00614400	0.00000000	0.00000000	0.00000000	0.00000000	1.00087571	1.00039399	1.00046980	1.00053811
0.00655360	0.00000000	0.00000000	0.00000000	0.00000000	0.99525791	1.00036144	1.00052047	1.00052440
0.00737280	0.00000000	0.00000000	0.00000000	0.00000000	0.99959487	1.00036812	1.00053096	1.00056648
0.00819200	0.00000000	0.00000000	0.00000000	0.00000000	0.99854314	1.00044572	1.00054765	1.00062144
0.00901120	0.00000000	0.00000000	0.00000000	0.00000000	0.99527848	1.00039876	1.00055325	1.00056148
0.00983040	0.00000000	0.00000000	0.00000000	0.00000000	1.00777066	1.00037563	1.00052035	1.00055087
0.01064960	0.00000000	0.00000000	0.00000000	0.00000000	1.01183748	1.00035894	1.00049675	1.00054324
0.01146880	0.00000000	0.00000000	0.00000000	0.00000000	0.99785453	1.00037742	1.00051188	1.00055242
0.01228800	0.00000000	0.00000000	0.00000000	0.00000000	1.00366473	1.00037336	1.00051153	1.00054157
0.01310720	0.00000000	0.00000000	0.00000000	0.00000000	0.99744487	1.00035810	1.00051093	1.00054288
0.01474560	0.00000000	0.00000000	0.00000000	0.00000000	1.00202429	1.00037062	1.00054240	1.00054753
0.01638400	0.00000000	0.00000000	0.00000000	0.00000000	1.00266206	1.00039721	1.00053835	1.00058043
0.01802240	0.00000000	0.00000000	0.00000000	0.00000000	1.00121844	1.00038183	1.00052583	1.00055194
0.01966080	0.00000000	0.00000000	0.00000000	0.00000000	0.99163312	1.00036764	1.00052464	1.00055313
0.02129920	0.00000000	0.00000000	0.00000000	0.00000000	1.00017190	1.00037396	1.00052083	1.00054765
0.02293760	0.00000000	0.00000000	0.00000000	0.00000000	1.00128973	1.00038493	1.00051105	1.00055337
0.02457600	0.00000000	0.00000000	0.00000000	0.00000000	1.00035310	1.00040281	1.00054729	1.00056934
0.02621440	0.00000000	0.00000000	0.00000000	0.00000000	0.99386954	1.00037956	1.00053000	1.00055254
0.02949120	0.00000000	0.00000000	0.00000000	0.00000000	1.00190842	1.00036752	1.00052321	1.00054348
0.03276800	0.00000000	0.00000000	0.00000000	0.00000000	0.99414223	1.00040185	1.00053310	1.00056243
0.03604480	0.00000000	0.00000000	0.00000000	0.00000000	0.99789619	1.00038934	1.00053191	1.00055063
0.03932160	0.00000000	0.00000000	0.00000000	0.00000000	0.99814641	1.00037980	1.00052404	1.00053918
0.04259840	0.00000000	0.00000000	0.00000000	0.00000000	0.99735016	1.00039744	1.00051248	1.00056696
0.04587520	0.00000000	0.00000000	0.00000000	0.00000000	1.00255883	1.00037146	1.00051045	1.00053275
0.04915200	0.00000000	0.00000000	0.00000000	0.00000000	0.99862820	1.00038683	1.00052583	1.00055373
0.05242880	0.00000000	0.00000000	0.00000000	0.00000000	1.00203359	1.00037694	1.00050867	1.00055552
0.05898240	0.00000000	0.00000000	0.00000000	0.00000000	0.99994224	1.00037920	1.00052190	1.00053906
0.06553600	0.00000000	0.00000000	0.00000000	0.00000000	0.99911457	1.00037217	1.00051987	1.00054288
0.07208960	0.00000000	0.00000000	0.00000000	0.00000000	1.00108731	1.00037944	1.00051510	1.00053811
0.07864320	0.00000000	0.00000000	0.00000000	0.00000000	0.99983019	1.00036955	1.00051165	1.00053000
0.08519680	0.00000000	0.00000000	0.00000000	0.00000000	1.00112498	1.00037217	1.00050545	1.00053501
0.09175040	0.00000000	0.00000000	0.00000000	0.00000000	1.00034440	1.00036263	1.00050664	1.00053358
0.09830400	0.00000000	0.00000000	0.00000000	0.00000000	0.99891269	1.00036705	1.00050306	1.00052893
0.10485760	0.00000000	0.00000000	0.00000000	0.00000000	0.99829805	1.00036275	1.00049531	1.00052333
0.11796480	0.00000000	0.00000000	0.00000000	0.00000000	0.99891621	1.00035703	1.00049019	1.00050807
0.13107200	0.00000000	0.00000000	0.00000000	0.00000000	1.00134969	1.00034416	1.00048196	1.00049949
0.14417920	0.00000000	0.00000000	0.00000000	0.00000000	0.99866879	1.00033736	1.00046241	1.00048661
0.15728641	0.00000000	0.00000000	0.00000000	0.00000000	1.00303102	1.00032949	1.00044775	1.00046945
0.17039360	0.00000000	0.00000000	0.00000000	0.00000000	1.00038159	1.00031483	1.00043356	1.00045705
0.18350080	0.00000000	0.00000000	0.00000000	0.00000000	0.99787813	1.00030911	1.00041628	1.00044179
0.19660801	0.00000000	0.00000000	0.00000000	0.00000000	0.99871069	1.00029981	1.00040853	1.00041890
0.20971520	0.00000000	0.00000000	0.00000000	0.00000000	1.00089848	1.00029385	1.00039673	1.00040388
0.23592959	0.00000000	0.00000000	0.00000000	0.00000000	0.99957788	1.00025880	1.00034213	1.00036693
0.26214400	0.00000000	0.00000000	0.00000000	0.00000000	1.00022268	1.00024712	1.00031519	1.00032687
0.28835839	0.00000000	0.00000000	0.00000000	0.00000000	0.99923968	1.00021470	1.00027406	1.00028718
0.31457281	0.00000000	0.00000000	0.00000000	0.00000000	1.00214636	1.00019693	1.00023913	1.00024033
0.34078720	0.00000000	0.00000000	0.00000000	0.00000000	0.99935031	1.00016618	1.00020897	1.00020063
0.36700159	0.00000000	0.00000000	0.00000000	0.00000000	1.00055671	1.00014269	1.00016665	1.00016928
0.39321601	0.00000000	0.00000000	0.00000000	0.00000000	0.99999470	1.00011706	1.00013089	1.00012851
0.41943040	0.00000000	0.00000000	0.00000000	0.00000000	0.99912035	1.00010026	1.00009704	1.00008297
0.47185919	0.00000000	0.00000000	0.00000000	0.00000000	0.99969393	1.00003493	1.00000787	0.99998385
0.52428800	0.00000000	0.00000000	0.00000000	0.00000000	0.99993056	0.99999809	0.99995321	0.99990070
0.57671678	0.00000000	0.00000000	0.00000000	0.00000000	1.00014329	0.99995762	0.99989974	0.99984413
0.62914562	0.00000000	0.00000000	0.00000000	0.00000000	0.99998641	0.99991918	0.99985272	0.99980038
0.68157440	0.00000000	0.00000000	0.00000000	0.00000000	1.00067878	0.99990058	0.99983221	0.99976349
0.73400319	0.00000000	0.00000000	0.00000000	0.00000000	0.99954671	0.99988949	0.99983191	0.99976671
0.78643203	0.00000000	0.00000000	0.00000000	0.00000000	0.99940652	0.99989611	0.99984580	0.99977267
0.83886081	0.00000000	0.00000000	0.00000000	0.00000000	1.00147378	0.99990970	0.99987864	0.99981070
0.94371837	0.00000000	0.00000000	0.00000000	0.00000000	0.99993926	0.99995345	0.99998289	0.99991590
1.04857600	0.00000000	0.00000000	0.00000000	0.00000000	0.99957925	1.00000834	1.00006843	1.00002038
1.15343356	0.00000000	0.00000000	0.00000000	0.00000000	1.00111604	1.00004077	1.00010514	1.00008190
1.25829124	0.00000000	0.00000000	0.00000000	0.00000000	0.99974859	1.00003576	1.00009990	1.00007820
1.36314881	0.00000000	0.00000000	0.00000000	0.00000000	0.99892896	1.00004113	1.00008488	1.00004220
1.46800637	0.00000000	0.00000000	0.00000000	0.00000000	0.99996156	1.00002527	1.00004148	1.00003004
1.57286406	0.00000000	0.00000000	0.00000000	0.00000000	1.00071120	1.00000584	1.00001359	1.00001776
1.67772162	0.00000000	0.00000000	0.00000000	0.00000000	1.00206196	0.99999845	0.99999934	0.99999887
1.88743675	0.00000000	0.00000000	0.00000000	0.00000000	0.00000000	0.00000000	0.00000000	0.00000000
2.09715199	0.00000000	0.00000000	0.00000000	0.00000000	0.00000000	0.00000000	0.00000000	0.00000000
2.30686712	0.00000000	0.00000000	0.00000000	0.00000000	0.00000000	0.00000000	0.00000000	0.00000000
2.51658249	0.00000000	0.00000000	0.00000000	0.00000000	0.00000000	0.00000000	0.00000000	0.00000000
2.72629762	0.00000000	0.00000000	0.00000000	0.00000000	0.00000000	0.00000000	0.00000000	0.00000000
2.93601274	0.00000000	0.00000000	0.00000000	0.00000000	0.00000000	0.00000000	0.00000000	0.00000000
3.14572811	0.00000000	0.00000000	0.00000000	0.00000000	0.00000000	0.00000000	0.00000000	0.00000000
3.35544324	0.00000000	0.00000000	0.00000000	0.00000000	0.00000000	0.00000000	0.00000000	0.00000000
3.77487350	0.00000000	0.00000000	0.00000000	0.00000000	0.00000000	0.00000000	0.00000000	0.00000000
4.19430399	0.00000000	0.00000000	0.00000000	0.00000000	0.00000000	0.00000000	0.00000000	0.00000000
4.61373425	0.00000000	0.00000000	0.00000000	0.00000000	0.00000000	0.00000000	0.00000000	0.00000000
5.03316498	0.00000000	0.00000000	0.00000000	0.00000000	0.00000000	0.00000000	0.00000000	0.00000000
5.45259523	0.00000000	0.00000000	0.00000000	0.00000000	0.00000000	0.00000000	0.00000000	0.00000000
5.87202549	0.00000000	0.00000000	0.00000000	0.00000000	0.00000000	0.00000000	0.00000000	0.00000000
6.29145622	0.00000000	0.00000000	0.00000000	0.00000000	0.00000000	0.00000000	0.00000000	0.00000000
6.71088648	0.00000000	0.00000000	0.00000000	0.00000000	0.00000000	0.00000000	0.00000000	0.00000000
7.54974699	0.00000000	0.00000000	0.00000000	0.00000000	0.00000000	0.00000000	0.00000000	0.00000000
8.38860798	0.00000000	0.00000000	0.00000000	0.00000000	0.00000000	0.00000000	0.00000000	0.00000000
9.22746849	0.00000000	0.00000000	0.00000000	0.00000000	0.00000000	0.00000000	0.00000000	0.00000000
10.06632996	0.00000000	0.00000000	0.00000000	0.00000000	0.00000000	0.00000000	0.00000000	0.00000000
10.90519047	0.00000000	0.00000000	0.00000000	0.00000000	0.00000000	0.00000000	0.00000000	0.00000000
11.74405098	0.00000000	0.00000000	0.00000000	0.00000000	0.00000000	0.00000000	0.00000000	0.00000000
12.58291245	0.00000000	0.00000000	0.00000000	0.00000000	0.00000000	0.00000000	0.00000000	0.00000000
13.42177296	0.00000000	0.00000000	0.00000000	0.00000000	0.00000000	0.00000000	0.00000000	0.00000000
15.09949398	0.00000000	0.00000000	0.00000000	0.00000000	0.00000000	0.00000000	0.00000000	0.00000000
16.77721596	0.00000000	0.00000000	0.00000000	0.00000000	0.00000000	0.00000000	0.00000000	0.00000000
18.45493698	0.00000000	0.00000000	0.00000000	0.00000000	0.00000000	0.00000000	0.00000000	0.00000000
20.13265991	0.00000000	0.00000000	0.00000000	0.00000000	0.00000000	0.00000000	0.00000000	0.00000000
21.81038094	0.00000000	0.00000000	0.00000000	0.00000000	0.00000000	0.00000000	0.00000000	0.00000000
23.48810196	0.00000000	0.00000000	0.00000000	0.00000000	0.00000000	0.00000000	0.00000000	0.00000000
25.16582489	0.00000000	0.00000000	0.00000000	0.00000000	0.00000000	0.00000000	0.00000000	0.00000000
26.84354591	0.00000000	0.00000000	0.00000000	0.00000000	0.00000000	0.00000000	0.00000000	0.00000000
30.19898796	0.00000000	0.00000000	0.00000000	0.00000000	0.00000000	0.00000000	0.00000000	0.00000000
33.55443192	0.00000000	0.00000000	0.00000000	0.00000000	0.00000000	0.00000000	0.00000000	0.00000000
36.90987396	0.00000000	0.00000000	0.00000000	0.00000000	0.00000000	0.00000000	0.00000000	0.00000000
40.26531982	0.00000000	0.00000000	0.00000000	0.00000000	0.00000000	0.00000000	0.00000000	0.00000000
43.62076187	0.00000000	0.00000000	0.00000000	0.00000000	0.00000000	0.00000000	0.00000000	0.00000000
46.97620392	0.00000000	0.00000000	0.00000000	0.00000000	0.00000000	0.00000000	0.00000000	0.00000000
50.33164978	0.00000000	0.00000000	0.00000000	0.00000000	0.00000000	0.00000000	0.00000000	0.00000000
53.68709183	0.00000000	0.00000000	0.00000000	0.00000000	0.00000000	0.00000000	0.00000000	0.00000000
60.39797592	0.00000000	0.00000000	0.00000000	0.00000000	0.00000000	0.00000000	0.00000000	0.00000000
67.10886383	0.00000000	0.00000000	0.00000000	0.00000000	0.00000000	0.00000000	0.00000000	0.00000000
73.81974792	0.00000000	0.00000000	0.00000000	0.00000000	0.00000000	0.00000000	0.00000000	0.00000000
80.53063965	0.00000000	0.00000000	0.00000000	0.00000000	0.00000000	0.00000000	0.00000000	0.00000000
87.24152374	0.00000000	0.00000000	0.00000000	0.00000000	0.00000000	0.00000000	0.00000000	0.00000000
93.95240784	0.00000000	0.00000000	0.00000000	0.00000000	0.00000000	0.00000000	0.00000000	0.00000000
100.66329956	0.00000000	0.00000000	0.00000000	0.00000000	0.00000000	0.00000000	0.00000000	0.00000000
107.37418365	0.00000000	0.00000000	0.00000000	0.00000000	0.00000000	0.00000000	0.00000000	0.00000000
120.79595184	0.00000000	0.00000000	0.00000000	0.00000000	0.00000000	0.00000000	0.00000000	0.00000000
134.21772766	0.00000000	0.00000000	0.00000000	0.00000000	0.00000000	0.00000000	0.00000000	0.00000000
147.63949585	0.00000000	0.00000000	0.00000000	0.00000000	0.00000000	0.00000000	0.00000000	0.00000000
161.06127930	0.00000000	0.00000000	0.00000000	0.00000000	0.00000000	0.00000000	0.00000000	0.00000000
174.48304749	0.00000000	0.00000000	0.00000000	0.00000000	0.00000000	0.00000000	0.00000000	0.00000000
187.90481567	0.00000000	0.00000000	0.00000000	0.00000000	0.00000000	0.00000000	0.00000000	0.00000000
201.32659912	0.00000000	0.00000000	0.00000000	0.00000000	0.00000000	0.00000000	0.00000000	0.00000000
214.74836731	0.00000000	0.00000000	0.00000000	0.00000000	0.00000000	0.00000000	0.00000000	0.00000000
241.59190369	0.00000000	0.00000000	0.00000000	0.00000000	0.00000000	0.00000000	0.00000000	0.00000000
268.43545532	0.00000000	0.00000000	0.00000000	0.00000000	0.00000000	0.00000000	0.00000000	0.00000000
295.27899170	0.00000000	0.00000000	0.00000000	0.00000000	0.00000000	0.00000000	0.00000000	0.00000000
322.12255859	0.00000000	0.00000000	0.00000000	0.00000000	0.00000000	0.00000000	0.00000000	0.00000000
348.96609497	0.00000000	0.00000000	0.00000000	0.00000000	0.00000000	0.00000000	0.00000000	0.00000000
375.80963135	0.00000000	0.00000000	0.00000000	0.00000000	0.00000000	0.00000000	0.00000000	0.00000000
402.65319824	0.00000000	0.00000000	0.00000000	0.00000000	0.00000000	0.00000000	0.00000000	0.00000000
429.49673462	0.00000000	0.00000000	0.00000000	0.00000000	0.00000000	0.00000000	0.00000000	0.00000000
483.18380737	0.00000000	0.00000000	0.00000000	0.00000000	0.00000000	0.00000000	0.00000000	0.00000000
536.87091064	0.00000000	0.00000000	0.00000000	0.00000000	0.00000000	0.00000000	0.00000000	0.00000000
590.55798340	0.00000000	0.00000000	0.00000000	0.00000000	0.00000000	0.00000000	0.00000000	0.00000000
644.24511719	0.00000000	0.00000000	0.00000000	0.00000000	0.00000000	0.00000000	0.00000000	0.00000000
697.93218994	0.00000000	0.00000000	0.00000000	0.00000000	0.00000000	0.00000000	0.00000000	0.00000000
751.61926270	0.00000000	0.00000000	0.00000000	0.00000000	0.00000000	0.00000000	0.00000000	0.00000000
805.30639648	0.00000000	0.00000000	0.00000000	0.00000000	0.00000000	0.00000000	0.00000000	0.00000000
858.99346924	0.00000000	0.00000000	0.00000000	0.00000000	0.00000000	0.00000000	0.00000000	0.00000000
966.36761475	0.00000000	0.00000000	0.00000000	0.00000000	0.00000000	0.00000000	0.00000000	0.00000000
1073.74182129	0.00000000	0.00000000	0.00000000	0.00000000	0.00000000	0.00000000	0.00000000	0.00000000
1181.11596680	0.00000000	0.00000000	0.00000000	0.00000000	0.00000000	0.00000000	0.00000000	0.00000000
1288.49023437	0.00000000	0.00000000	0.00000000	0.00000000	0.00000000	0.00000000	0.00000000	0.00000000
1395.86437988	0.00000000	0.00000000	0.00000000	0.00000000	0.00000000	0.00000000	0.00000000	0.00000000
1503.23852539	0.00000000	0.00000000	0.00000000	0.00000000	0.00000000	0.00000000	0.00000000	0.00000000
1610.61279297	0.00000000	0.00000000	0.00000000	0.00000000	0.00000000	0.00000000	0.00000000	0.00000000
1717.98693848	0.00000000	0.00000000	0.00000000	0.00000000	0.00000000	0.00000000	0.00000000	0.00000000
1932.73522949	0.00000000	0.00000000	0.00000000	0.00000000	0.00000000	0.00000000	0.00000000	0.00000000
2147.48364258	0.00000000	0.00000000	0.00000000	0.00000000	0.00000000	0.00000000	0.00000000	0.00000000
2362.23193359	0.00000000	0.00000000	0.00000000	0.00000000	0.00000000	0.00000000	0.00000000	0.00000000
2576.98046875	0.00000000	0.00000000	0.00000000	0.00000000	0.00000000	0.00000000	0.00000000	0.00000000
2791.72875977	0.00000000	0.00000000	0.00000000	0.00000000	0.00000000	0.00000000	0.00000000	0.00000000
3006.47705078	0.00000000	0.00000000	0.00000000	0.00000000	0.00000000	0.00000000	0.00000000	0.00000000
3221.22558594	0.00000000	0.00000000	0.00000000	0.00000000	0.00000000	0.00000000	0.00000000	0.00000000
3435.97387695	0.00000000	0.00000000	0.00000000	0.00000000	0.00000000	0.00000000	0.00000000	0.00000000
0	0	0	0	0	0	0	0	0
