%2/12/2019 1:53:35 PM
%Duration	ID1		ID2		ID3		ID4		ID5		ID6		ID7		ID8
1000.000000	0.000000	0.000000	0.000000	0.000000	91.714859	2212.152588	2275.343018	2297.153564
%Tau		Tau1		Tau2		Tau3		Tau4		Tau5		Tau6		Tau7		Tau8
%		0.000000	0.000000	0.000000	0.000000	0.000563	0.000002	0.000002	0.000001
%Delaytime	D1		D2		D3		D4		D5		D6		D7		D8
0.00000020	0.00000000	0.00000000	0.00000000	0.00000000	1.82424545	0.93581396	0.96186960	0.93658656
0.00000040	0.00000000	0.00000000	0.00000000	0.00000000	1.72839272	1.00268698	1.00172722	1.00406778
0.00000060	0.00000000	0.00000000	0.00000000	0.00000000	1.65384054	1.00100827	0.99964434	1.00100601
0.00000080	0.00000000	0.00000000	0.00000000	0.00000000	1.64166880	1.00078142	1.00142467	1.00039279
0.00000100	0.00000000	0.00000000	0.00000000	0.00000000	1.61123931	1.00134313	0.99870813	1.00157905
0.00000120	0.00000000	0.00000000	0.00000000	0.00000000	1.60667491	1.00209498	1.00198483	0.99863142
0.00000140	0.00000000	0.00000000	0.00000000	0.00000000	1.57168102	0.99988270	0.99755937	0.99959326
0.00000160	0.00000000	0.00000000	0.00000000	0.00000000	1.60667491	1.00116599	1.00000000	1.00044286
0.00000180	0.00000000	0.00000000	0.00000000	0.00000000	1.68274856	0.99849999	0.99905151	0.99805832
0.00000200	0.00000000	0.00000000	0.00000000	0.00000000	1.67057681	1.00054383	1.00021875	1.00039482
0.00000220	0.00000000	0.00000000	0.00000000	0.00000000	1.63710439	1.00050485	0.99885327	0.99981368
0.00000240	0.00000000	0.00000000	0.00000000	0.00000000	1.59906757	0.99908549	0.99906582	0.99967140
0.00000260	0.00000000	0.00000000	0.00000000	0.00000000	1.64927614	0.99824286	1.00030863	1.00145686
0.00000280	0.00000000	0.00000000	0.00000000	0.00000000	1.57472396	0.99757099	1.00064802	0.99961126
0.00000300	0.00000000	0.00000000	0.00000000	0.00000000	1.73752153	0.99964935	1.00037205	0.99862337
0.00000320	0.00000000	0.00000000	0.00000000	0.00000000	1.65079761	1.00031042	1.00248361	0.99938685
0.00000360	0.00000000	0.00000000	0.00000000	0.00000000	1.55646634	1.00054049	1.00018299	1.00023949
0.00000400	0.00000000	0.00000000	0.00000000	0.00000000	1.64471173	0.99930149	1.00018799	0.99924457
0.00000440	0.00000000	0.00000000	0.00000000	0.00000000	1.65003693	1.00180328	0.99956053	0.99868649
0.00000480	0.00000000	0.00000000	0.00000000	0.00000000	1.58233130	0.99922484	1.00119174	0.99951011
0.00000520	0.00000000	0.00000000	0.00000000	0.00000000	1.53668714	1.00001013	0.99972606	0.99804431
0.00000560	0.00000000	0.00000000	0.00000000	0.00000000	1.64319026	0.99930584	1.00102508	0.99947000
0.00000600	0.00000000	0.00000000	0.00000000	0.00000000	1.63177919	1.00197721	1.00049973	0.99875665
0.00000640	0.00000000	0.00000000	0.00000000	0.00000000	1.53212273	1.00031149	0.99956971	1.00018144
0.00000720	0.00000000	0.00000000	0.00000000	0.00000000	1.63938653	1.00000858	1.00124943	0.99933428
0.00000800	0.00000000	0.00000000	0.00000000	0.00000000	1.66639268	0.99997991	0.99917364	0.99933273
0.00000880	0.00000000	0.00000000	0.00000000	0.00000000	1.61123931	1.00011873	0.99939650	0.99973702
0.00000960	0.00000000	0.00000000	0.00000000	0.00000000	1.58955836	0.99903309	0.99964535	1.00005960
0.00001040	0.00000000	0.00000000	0.00000000	0.00000000	1.61998785	1.00044549	0.99896669	1.00047851
0.00001120	0.00000000	0.00000000	0.00000000	0.00000000	1.60477304	0.99918431	0.99901932	0.99797815
0.00001200	0.00000000	0.00000000	0.00000000	0.00000000	1.62036812	0.99951160	1.00056565	1.00045443
0.00001280	0.00000000	0.00000000	0.00000000	0.00000000	1.58347249	0.99940413	0.99989372	0.99933273
0.00001440	0.00000000	0.00000000	0.00000000	0.00000000	1.59925771	0.99951082	1.00029433	0.99958771
0.00001600	0.00000000	0.00000000	0.00000000	0.00000000	1.60420251	0.99989051	1.00017905	1.00019169
0.00001760	0.00000000	0.00000000	0.00000000	0.00000000	1.59260130	1.00036228	1.00041187	1.00003982
0.00001920	0.00000000	0.00000000	0.00000000	0.00000000	1.56464422	1.00065529	1.00052023	1.00043893
0.00002080	0.00000000	0.00000000	0.00000000	0.00000000	1.58442342	1.00037313	1.00046599	1.00066459
0.00002240	0.00000000	0.00000000	0.00000000	0.00000000	1.58233130	0.99996454	0.99985898	1.00016606
0.00002400	0.00000000	0.00000000	0.00000000	0.00000000	1.58271170	0.99991620	1.00019753	0.99972403
0.00002560	0.00000000	0.00000000	0.00000000	0.00000000	1.59050930	0.99946707	1.00086236	0.99958700
0.00002880	0.00000000	0.00000000	0.00000000	0.00000000	1.70286632	0.99949235	0.99981856	0.99960458
0.00003200	0.00000000	0.00000000	0.00000000	0.00000000	1.70532501	0.99939758	0.99967611	0.99987370
0.00003520	0.00000000	0.00000000	0.00000000	0.00000000	1.69258451	0.99962264	1.00008416	1.00025928
0.00003840	0.00000000	0.00000000	0.00000000	0.00000000	1.69596064	0.99992400	1.00029171	1.00013292
0.00004160	0.00000000	0.00000000	0.00000000	0.00000000	1.69911337	0.99978900	1.00017881	0.99991566
0.00004480	0.00000000	0.00000000	0.00000000	0.00000000	1.66536129	0.99995399	1.00016081	0.99958909
0.00004800	0.00000000	0.00000000	0.00000000	0.00000000	1.66804361	0.99988067	0.99981755	0.99976289
0.00005120	0.00000000	0.00000000	0.00000000	0.00000000	1.64524412	0.99935335	1.00008130	1.00002789
0.00005760	0.00000000	0.00000000	0.00000000	0.00000000	1.63992703	1.00029504	1.00022495	1.00032616
0.00006400	0.00000000	0.00000000	0.00000000	0.00000000	1.62881029	0.99997777	0.99990034	1.00004017
0.00007040	0.00000000	0.00000000	0.00000000	0.00000000	1.62704921	0.99972302	1.00016689	1.00016558
0.00007680	0.00000000	0.00000000	0.00000000	0.00000000	1.61995006	1.00026739	1.00045025	1.00022912
0.00008320	0.00000000	0.00000000	0.00000000	0.00000000	1.62633383	0.99976391	1.00008225	1.00000513
0.00008960	0.00000000	0.00000000	0.00000000	0.00000000	1.61455679	0.99988902	1.00001609	0.99991429
0.00009600	0.00000000	0.00000000	0.00000000	0.00000000	1.59546030	1.00001156	0.99997944	1.00025177
0.00010240	0.00000000	0.00000000	0.00000000	0.00000000	1.59017718	1.00000703	0.99998069	1.00051200
0.00011520	0.00000000	0.00000000	0.00000000	0.00000000	1.56301177	1.00002921	1.00002897	1.00044072
0.00012800	0.00000000	0.00000000	0.00000000	0.00000000	1.54945195	1.00020432	1.00007200	1.00002027
0.00014080	0.00000000	0.00000000	0.00000000	0.00000000	1.53963184	1.00033915	1.00011492	1.00007367
0.00015360	0.00000000	0.00000000	0.00000000	0.00000000	1.52641547	0.99994230	1.00016272	1.00001764
0.00016640	0.00000000	0.00000000	0.00000000	0.00000000	1.51070309	0.99980557	1.00025868	1.00014973
0.00017920	0.00000000	0.00000000	0.00000000	0.00000000	1.51503479	1.00013995	1.00016987	1.00017798
0.00019200	0.00000000	0.00000000	0.00000000	0.00000000	1.48580933	1.00027239	0.99992579	0.99991941
0.00020480	0.00000000	0.00000000	0.00000000	0.00000000	1.48726225	0.99993777	1.00023901	1.00015044
0.00023040	0.00000000	0.00000000	0.00000000	0.00000000	1.45375741	1.00022101	0.99999851	0.99993455
0.00025600	0.00000000	0.00000000	0.00000000	0.00000000	1.42816091	1.00011051	1.00001359	1.00004160
0.00028160	0.00000000	0.00000000	0.00000000	0.00000000	1.40926552	1.00036883	1.00019300	1.00006318
0.00030720	0.00000000	0.00000000	0.00000000	0.00000000	1.39802635	0.99995297	1.00014675	1.00000966
0.00033280	0.00000000	0.00000000	0.00000000	0.00000000	1.38048959	1.00006378	1.00003493	1.00006604
0.00035840	0.00000000	0.00000000	0.00000000	0.00000000	1.36252272	1.00027990	0.99996829	0.99992168
0.00038400	0.00000000	0.00000000	0.00000000	0.00000000	1.34713018	0.99982733	1.00003517	1.00017476
0.00040960	0.00000000	0.00000000	0.00000000	0.00000000	1.33996463	0.99993652	1.00001061	0.99990427
0.00046080	0.00000000	0.00000000	0.00000000	0.00000000	1.30326962	0.99994165	1.00000131	0.99989384
0.00051200	0.00000000	0.00000000	0.00000000	0.00000000	1.29801118	1.00000727	1.00003314	1.00000167
0.00056320	0.00000000	0.00000000	0.00000000	0.00000000	1.26718009	1.00005007	1.00002408	1.00008106
0.00061440	0.00000000	0.00000000	0.00000000	0.00000000	1.25609612	1.00010359	1.00010478	0.99989653
0.00066560	0.00000000	0.00000000	0.00000000	0.00000000	1.24695349	1.00000131	0.99995208	1.00000679
0.00071680	0.00000000	0.00000000	0.00000000	0.00000000	1.23404825	0.99988478	1.00000906	0.99990439
0.00076800	0.00000000	0.00000000	0.00000000	0.00000000	1.22386217	1.00003779	0.99986643	1.00010169
0.00081920	0.00000000	0.00000000	0.00000000	0.00000000	1.21487844	0.99998724	1.00005496	1.00010037
0.00092160	0.00000000	0.00000000	0.00000000	0.00000000	1.19283295	1.00003862	1.00007892	1.00000322
0.00102400	0.00000000	0.00000000	0.00000000	0.00000000	1.17867076	1.00000179	0.99995834	0.99999577
0.00112640	0.00000000	0.00000000	0.00000000	0.00000000	1.16993821	0.99994308	0.99988544	0.99997389
0.00122880	0.00000000	0.00000000	0.00000000	0.00000000	1.15793645	0.99999577	0.99996579	0.99996614
0.00133120	0.00000000	0.00000000	0.00000000	0.00000000	1.15008497	1.00008118	0.99988443	0.99997437
0.00143360	0.00000000	0.00000000	0.00000000	0.00000000	1.13954782	0.99995852	0.99997056	1.00005722
0.00153600	0.00000000	0.00000000	0.00000000	0.00000000	1.13477659	0.99998587	0.99998939	1.00004995
0.00163840	0.00000000	0.00000000	0.00000000	0.00000000	1.12962997	0.99994510	0.99988401	0.99994481
0.00184320	0.00000000	0.00000000	0.00000000	0.00000000	1.12206268	0.99994969	1.00000620	0.99998486
0.00204800	0.00000000	0.00000000	0.00000000	0.00000000	1.10999846	0.99993867	1.00002205	0.99998754
0.00225280	0.00000000	0.00000000	0.00000000	0.00000000	1.11133599	0.99999398	0.99999762	0.99998420
0.00245760	0.00000000	0.00000000	0.00000000	0.00000000	1.11096656	0.99998397	0.99996144	0.99997580
0.00266240	0.00000000	0.00000000	0.00000000	0.00000000	1.11103439	0.99998158	1.00002992	0.99989915
0.00286720	0.00000000	0.00000000	0.00000000	0.00000000	1.10909569	1.00002718	0.99994433	1.00000060
0.00307200	0.00000000	0.00000000	0.00000000	0.00000000	1.10837114	0.99996871	1.00000525	0.99997151
0.00327680	0.00000000	0.00000000	0.00000000	0.00000000	1.11700463	0.99998754	0.99995881	1.00004685
0.00368640	0.00000000	0.00000000	0.00000000	0.00000000	1.11129475	0.99992931	1.00002050	0.99998498
0.00409600	0.00000000	0.00000000	0.00000000	0.00000000	1.11117160	0.99998635	0.99999934	0.99998754
0.00450560	0.00000000	0.00000000	0.00000000	0.00000000	1.10823739	0.99998289	0.99996769	1.00001025
0.00491520	0.00000000	0.00000000	0.00000000	0.00000000	1.10138583	0.99999142	1.00002289	1.00000596
0.00532480	0.00000000	0.00000000	0.00000000	0.00000000	1.08411050	0.99997365	1.00001502	0.99996597
0.00573440	0.00000000	0.00000000	0.00000000	0.00000000	1.08789849	0.99998480	0.99998248	0.99993628
0.00614400	0.00000000	0.00000000	0.00000000	0.00000000	1.09525847	0.99996608	1.00000894	1.00000000
0.00655360	0.00000000	0.00000000	0.00000000	0.00000000	1.09683108	0.99996555	1.00004542	0.99997586
0.00737280	0.00000000	0.00000000	0.00000000	0.00000000	1.10523069	0.99999821	0.99998802	0.99999702
0.00819200	0.00000000	0.00000000	0.00000000	0.00000000	1.10033774	1.00006104	1.00010610	1.00010693
0.00901120	0.00000000	0.00000000	0.00000000	0.00000000	1.09357882	1.00000560	1.00004292	1.00002086
0.00983040	0.00000000	0.00000000	0.00000000	0.00000000	1.09214902	0.99999338	0.99999291	0.99996603
0.01064960	0.00000000	0.00000000	0.00000000	0.00000000	1.09449840	0.99996221	0.99994856	0.99996412
0.01146880	0.00000000	0.00000000	0.00000000	0.00000000	1.09753847	0.99996531	1.00000167	1.00000048
0.01228800	0.00000000	0.00000000	0.00000000	0.00000000	1.09377778	1.00000775	0.99998391	0.99998343
0.01310720	0.00000000	0.00000000	0.00000000	0.00000000	1.10190773	0.99999988	0.99999255	0.99999958
0.01474560	0.00000000	0.00000000	0.00000000	0.00000000	1.09125745	0.99996680	0.99999529	0.99999064
0.01638400	0.00000000	0.00000000	0.00000000	0.00000000	1.08104324	1.00005352	1.00006354	1.00005567
0.01802240	0.00000000	0.00000000	0.00000000	0.00000000	1.08257115	0.99998683	1.00000322	0.99997777
0.01966080	0.00000000	0.00000000	0.00000000	0.00000000	1.09032798	0.99998385	0.99998790	0.99999267
0.02129920	0.00000000	0.00000000	0.00000000	0.00000000	1.08536339	1.00000191	0.99997985	0.99998856
0.02293760	0.00000000	0.00000000	0.00000000	0.00000000	1.08891380	0.99995941	0.99999475	0.99998283
0.02457600	0.00000000	0.00000000	0.00000000	0.00000000	1.08716679	1.00004005	1.00003493	1.00004542
0.02621440	0.00000000	0.00000000	0.00000000	0.00000000	1.09903049	1.00000215	1.00002384	1.00002193
0.02949120	0.00000000	0.00000000	0.00000000	0.00000000	1.07839072	0.99998790	0.99997592	0.99999082
0.03276800	0.00000000	0.00000000	0.00000000	0.00000000	1.08738887	1.00001860	1.00001037	1.00001490
0.03604480	0.00000000	0.00000000	0.00000000	0.00000000	1.08043706	0.99998903	0.99999619	1.00000477
0.03932160	0.00000000	0.00000000	0.00000000	0.00000000	1.07371449	0.99998653	1.00000203	0.99999636
0.04259840	0.00000000	0.00000000	0.00000000	0.00000000	1.07209814	1.00001323	1.00002038	1.00001240
0.04587520	0.00000000	0.00000000	0.00000000	0.00000000	1.07876170	0.99998105	0.99997002	0.99998456
0.04915200	0.00000000	0.00000000	0.00000000	0.00000000	1.07405496	1.00002038	1.00002563	1.00000322
0.05242880	0.00000000	0.00000000	0.00000000	0.00000000	1.08653915	1.00000620	1.00000536	0.99998409
0.05898240	0.00000000	0.00000000	0.00000000	0.00000000	1.08108091	0.99999768	1.00000572	0.99999988
0.06553600	0.00000000	0.00000000	0.00000000	0.00000000	1.07564211	0.99999201	1.00000381	1.00000119
0.07208960	0.00000000	0.00000000	0.00000000	0.00000000	1.07040739	1.00000191	0.99999970	0.99999690
0.07864320	0.00000000	0.00000000	0.00000000	0.00000000	1.06847548	1.00000453	1.00000560	1.00000584
0.08519680	0.00000000	0.00000000	0.00000000	0.00000000	1.08259118	1.00000072	1.00000072	0.99999702
0.09175040	0.00000000	0.00000000	0.00000000	0.00000000	1.08032024	0.99999827	1.00001168	1.00000799
0.09830400	0.00000000	0.00000000	0.00000000	0.00000000	1.07825661	1.00001073	1.00000191	0.99999708
0.10485760	0.00000000	0.00000000	0.00000000	0.00000000	1.07949162	0.99998933	0.99999815	0.99999928
0.11796480	0.00000000	0.00000000	0.00000000	0.00000000	1.08888769	0.99999821	1.00000083	0.99999738
0.13107200	0.00000000	0.00000000	0.00000000	0.00000000	1.08224130	1.00000334	1.00001216	0.99999923
0.14417920	0.00000000	0.00000000	0.00000000	0.00000000	1.07614005	1.00000548	1.00000799	1.00000226
0.15728641	0.00000000	0.00000000	0.00000000	0.00000000	1.06942999	0.99999982	0.99999815	0.99999964
0.17039360	0.00000000	0.00000000	0.00000000	0.00000000	1.06114364	1.00000131	1.00001180	1.00000238
0.18350080	0.00000000	0.00000000	0.00000000	0.00000000	1.05459046	1.00000560	1.00001013	0.99999887
0.19660801	0.00000000	0.00000000	0.00000000	0.00000000	1.05549443	0.99999821	0.99999529	0.99999869
0.20971520	0.00000000	0.00000000	0.00000000	0.00000000	1.03768635	1.00000083	1.00000393	1.00000048
0.23592959	0.00000000	0.00000000	0.00000000	0.00000000	1.03012443	0.99999750	1.00000596	1.00000143
0.26214400	0.00000000	0.00000000	0.00000000	0.00000000	1.02228177	0.99999988	1.00000477	1.00000095
0.28835839	0.00000000	0.00000000	0.00000000	0.00000000	1.02014434	1.00000238	1.00000453	1.00000179
0.31457281	0.00000000	0.00000000	0.00000000	0.00000000	1.01295877	1.00000560	1.00000000	1.00000429
0.34078720	0.00000000	0.00000000	0.00000000	0.00000000	1.01231897	1.00000286	0.99999905	1.00000477
0.36700159	0.00000000	0.00000000	0.00000000	0.00000000	1.01211178	0.99999785	0.99999410	1.00000393
0.39321601	0.00000000	0.00000000	0.00000000	0.00000000	1.01274979	1.00000167	1.00000346	0.99999827
0.41943040	0.00000000	0.00000000	0.00000000	0.00000000	1.00939310	0.99999738	1.00000501	0.99999577
0.47185919	0.00000000	0.00000000	0.00000000	0.00000000	1.00926673	1.00000107	0.99999928	0.99999964
0.52428800	0.00000000	0.00000000	0.00000000	0.00000000	1.00641787	0.99999970	0.99999988	1.00000143
0.57671678	0.00000000	0.00000000	0.00000000	0.00000000	1.01026618	1.00000072	1.00000525	0.99999994
0.62914562	0.00000000	0.00000000	0.00000000	0.00000000	1.00066519	0.99999958	0.99999958	1.00000060
0.68157440	0.00000000	0.00000000	0.00000000	0.00000000	1.00279832	0.99999803	1.00000346	1.00000024
0.73400319	0.00000000	0.00000000	0.00000000	0.00000000	1.00503850	0.99999958	1.00000238	0.99999982
0.78643203	0.00000000	0.00000000	0.00000000	0.00000000	0.99688393	1.00000000	0.99999738	1.00000036
0.83886081	0.00000000	0.00000000	0.00000000	0.00000000	1.00044990	0.99999940	1.00000370	1.00000358
0.94371837	0.00000000	0.00000000	0.00000000	0.00000000	0.98712969	1.00000060	0.99999738	1.00000072
1.04857600	0.00000000	0.00000000	0.00000000	0.00000000	0.99789351	0.99999744	0.99999696	1.00000131
1.15343356	0.00000000	0.00000000	0.00000000	0.00000000	0.99657148	0.99999821	0.99999952	1.00000048
1.25829124	0.00000000	0.00000000	0.00000000	0.00000000	0.98143977	1.00000119	0.99999553	0.99999505
1.36314881	0.00000000	0.00000000	0.00000000	0.00000000	1.00843608	0.99999756	0.99999982	0.99999839
1.46800637	0.00000000	0.00000000	0.00000000	0.00000000	1.02467918	0.99999887	1.00000167	0.99999952
1.57286406	0.00000000	0.00000000	0.00000000	0.00000000	1.02089202	0.99999756	0.99999738	0.99999624
1.67772162	0.00000000	0.00000000	0.00000000	0.00000000	1.00361812	1.00000250	1.00000179	0.99999768
1.88743675	0.00000000	0.00000000	0.00000000	0.00000000	0.00000000	0.00000000	0.00000000	0.00000000
2.09715199	0.00000000	0.00000000	0.00000000	0.00000000	0.00000000	0.00000000	0.00000000	0.00000000
2.30686712	0.00000000	0.00000000	0.00000000	0.00000000	0.00000000	0.00000000	0.00000000	0.00000000
2.51658249	0.00000000	0.00000000	0.00000000	0.00000000	0.00000000	0.00000000	0.00000000	0.00000000
2.72629762	0.00000000	0.00000000	0.00000000	0.00000000	0.00000000	0.00000000	0.00000000	0.00000000
2.93601274	0.00000000	0.00000000	0.00000000	0.00000000	0.00000000	0.00000000	0.00000000	0.00000000
3.14572811	0.00000000	0.00000000	0.00000000	0.00000000	0.00000000	0.00000000	0.00000000	0.00000000
3.35544324	0.00000000	0.00000000	0.00000000	0.00000000	0.00000000	0.00000000	0.00000000	0.00000000
3.77487350	0.00000000	0.00000000	0.00000000	0.00000000	0.00000000	0.00000000	0.00000000	0.00000000
4.19430399	0.00000000	0.00000000	0.00000000	0.00000000	0.00000000	0.00000000	0.00000000	0.00000000
4.61373425	0.00000000	0.00000000	0.00000000	0.00000000	0.00000000	0.00000000	0.00000000	0.00000000
5.03316498	0.00000000	0.00000000	0.00000000	0.00000000	0.00000000	0.00000000	0.00000000	0.00000000
5.45259523	0.00000000	0.00000000	0.00000000	0.00000000	0.00000000	0.00000000	0.00000000	0.00000000
5.87202549	0.00000000	0.00000000	0.00000000	0.00000000	0.00000000	0.00000000	0.00000000	0.00000000
6.29145622	0.00000000	0.00000000	0.00000000	0.00000000	0.00000000	0.00000000	0.00000000	0.00000000
6.71088648	0.00000000	0.00000000	0.00000000	0.00000000	0.00000000	0.00000000	0.00000000	0.00000000
7.54974699	0.00000000	0.00000000	0.00000000	0.00000000	0.00000000	0.00000000	0.00000000	0.00000000
8.38860798	0.00000000	0.00000000	0.00000000	0.00000000	0.00000000	0.00000000	0.00000000	0.00000000
9.22746849	0.00000000	0.00000000	0.00000000	0.00000000	0.00000000	0.00000000	0.00000000	0.00000000
10.06632996	0.00000000	0.00000000	0.00000000	0.00000000	0.00000000	0.00000000	0.00000000	0.00000000
10.90519047	0.00000000	0.00000000	0.00000000	0.00000000	0.00000000	0.00000000	0.00000000	0.00000000
11.74405098	0.00000000	0.00000000	0.00000000	0.00000000	0.00000000	0.00000000	0.00000000	0.00000000
12.58291245	0.00000000	0.00000000	0.00000000	0.00000000	0.00000000	0.00000000	0.00000000	0.00000000
13.42177296	0.00000000	0.00000000	0.00000000	0.00000000	0.00000000	0.00000000	0.00000000	0.00000000
15.09949398	0.00000000	0.00000000	0.00000000	0.00000000	0.00000000	0.00000000	0.00000000	0.00000000
16.77721596	0.00000000	0.00000000	0.00000000	0.00000000	0.00000000	0.00000000	0.00000000	0.00000000
18.45493698	0.00000000	0.00000000	0.00000000	0.00000000	0.00000000	0.00000000	0.00000000	0.00000000
20.13265991	0.00000000	0.00000000	0.00000000	0.00000000	0.00000000	0.00000000	0.00000000	0.00000000
21.81038094	0.00000000	0.00000000	0.00000000	0.00000000	0.00000000	0.00000000	0.00000000	0.00000000
23.48810196	0.00000000	0.00000000	0.00000000	0.00000000	0.00000000	0.00000000	0.00000000	0.00000000
25.16582489	0.00000000	0.00000000	0.00000000	0.00000000	0.00000000	0.00000000	0.00000000	0.00000000
26.84354591	0.00000000	0.00000000	0.00000000	0.00000000	0.00000000	0.00000000	0.00000000	0.00000000
30.19898796	0.00000000	0.00000000	0.00000000	0.00000000	0.00000000	0.00000000	0.00000000	0.00000000
33.55443192	0.00000000	0.00000000	0.00000000	0.00000000	0.00000000	0.00000000	0.00000000	0.00000000
36.90987396	0.00000000	0.00000000	0.00000000	0.00000000	0.00000000	0.00000000	0.00000000	0.00000000
40.26531982	0.00000000	0.00000000	0.00000000	0.00000000	0.00000000	0.00000000	0.00000000	0.00000000
43.62076187	0.00000000	0.00000000	0.00000000	0.00000000	0.00000000	0.00000000	0.00000000	0.00000000
46.97620392	0.00000000	0.00000000	0.00000000	0.00000000	0.00000000	0.00000000	0.00000000	0.00000000
50.33164978	0.00000000	0.00000000	0.00000000	0.00000000	0.00000000	0.00000000	0.00000000	0.00000000
53.68709183	0.00000000	0.00000000	0.00000000	0.00000000	0.00000000	0.00000000	0.00000000	0.00000000
60.39797592	0.00000000	0.00000000	0.00000000	0.00000000	0.00000000	0.00000000	0.00000000	0.00000000
67.10886383	0.00000000	0.00000000	0.00000000	0.00000000	0.00000000	0.00000000	0.00000000	0.00000000
73.81974792	0.00000000	0.00000000	0.00000000	0.00000000	0.00000000	0.00000000	0.00000000	0.00000000
80.53063965	0.00000000	0.00000000	0.00000000	0.00000000	0.00000000	0.00000000	0.00000000	0.00000000
87.24152374	0.00000000	0.00000000	0.00000000	0.00000000	0.00000000	0.00000000	0.00000000	0.00000000
93.95240784	0.00000000	0.00000000	0.00000000	0.00000000	0.00000000	0.00000000	0.00000000	0.00000000
100.66329956	0.00000000	0.00000000	0.00000000	0.00000000	0.00000000	0.00000000	0.00000000	0.00000000
107.37418365	0.00000000	0.00000000	0.00000000	0.00000000	0.00000000	0.00000000	0.00000000	0.00000000
120.79595184	0.00000000	0.00000000	0.00000000	0.00000000	0.00000000	0.00000000	0.00000000	0.00000000
134.21772766	0.00000000	0.00000000	0.00000000	0.00000000	0.00000000	0.00000000	0.00000000	0.00000000
147.63949585	0.00000000	0.00000000	0.00000000	0.00000000	0.00000000	0.00000000	0.00000000	0.00000000
161.06127930	0.00000000	0.00000000	0.00000000	0.00000000	0.00000000	0.00000000	0.00000000	0.00000000
174.48304749	0.00000000	0.00000000	0.00000000	0.00000000	0.00000000	0.00000000	0.00000000	0.00000000
187.90481567	0.00000000	0.00000000	0.00000000	0.00000000	0.00000000	0.00000000	0.00000000	0.00000000
201.32659912	0.00000000	0.00000000	0.00000000	0.00000000	0.00000000	0.00000000	0.00000000	0.00000000
214.74836731	0.00000000	0.00000000	0.00000000	0.00000000	0.00000000	0.00000000	0.00000000	0.00000000
241.59190369	0.00000000	0.00000000	0.00000000	0.00000000	0.00000000	0.00000000	0.00000000	0.00000000
268.43545532	0.00000000	0.00000000	0.00000000	0.00000000	0.00000000	0.00000000	0.00000000	0.00000000
295.27899170	0.00000000	0.00000000	0.00000000	0.00000000	0.00000000	0.00000000	0.00000000	0.00000000
322.12255859	0.00000000	0.00000000	0.00000000	0.00000000	0.00000000	0.00000000	0.00000000	0.00000000
348.96609497	0.00000000	0.00000000	0.00000000	0.00000000	0.00000000	0.00000000	0.00000000	0.00000000
375.80963135	0.00000000	0.00000000	0.00000000	0.00000000	0.00000000	0.00000000	0.00000000	0.00000000
402.65319824	0.00000000	0.00000000	0.00000000	0.00000000	0.00000000	0.00000000	0.00000000	0.00000000
429.49673462	0.00000000	0.00000000	0.00000000	0.00000000	0.00000000	0.00000000	0.00000000	0.00000000
483.18380737	0.00000000	0.00000000	0.00000000	0.00000000	0.00000000	0.00000000	0.00000000	0.00000000
536.87091064	0.00000000	0.00000000	0.00000000	0.00000000	0.00000000	0.00000000	0.00000000	0.00000000
590.55798340	0.00000000	0.00000000	0.00000000	0.00000000	0.00000000	0.00000000	0.00000000	0.00000000
644.24511719	0.00000000	0.00000000	0.00000000	0.00000000	0.00000000	0.00000000	0.00000000	0.00000000
697.93218994	0.00000000	0.00000000	0.00000000	0.00000000	0.00000000	0.00000000	0.00000000	0.00000000
751.61926270	0.00000000	0.00000000	0.00000000	0.00000000	0.00000000	0.00000000	0.00000000	0.00000000
805.30639648	0.00000000	0.00000000	0.00000000	0.00000000	0.00000000	0.00000000	0.00000000	0.00000000
858.99346924	0.00000000	0.00000000	0.00000000	0.00000000	0.00000000	0.00000000	0.00000000	0.00000000
966.36761475	0.00000000	0.00000000	0.00000000	0.00000000	0.00000000	0.00000000	0.00000000	0.00000000
1073.74182129	0.00000000	0.00000000	0.00000000	0.00000000	0.00000000	0.00000000	0.00000000	0.00000000
1181.11596680	0.00000000	0.00000000	0.00000000	0.00000000	0.00000000	0.00000000	0.00000000	0.00000000
1288.49023437	0.00000000	0.00000000	0.00000000	0.00000000	0.00000000	0.00000000	0.00000000	0.00000000
1395.86437988	0.00000000	0.00000000	0.00000000	0.00000000	0.00000000	0.00000000	0.00000000	0.00000000
1503.23852539	0.00000000	0.00000000	0.00000000	0.00000000	0.00000000	0.00000000	0.00000000	0.00000000
1610.61279297	0.00000000	0.00000000	0.00000000	0.00000000	0.00000000	0.00000000	0.00000000	0.00000000
1717.98693848	0.00000000	0.00000000	0.00000000	0.00000000	0.00000000	0.00000000	0.00000000	0.00000000
1932.73522949	0.00000000	0.00000000	0.00000000	0.00000000	0.00000000	0.00000000	0.00000000	0.00000000
2147.48364258	0.00000000	0.00000000	0.00000000	0.00000000	0.00000000	0.00000000	0.00000000	0.00000000
2362.23193359	0.00000000	0.00000000	0.00000000	0.00000000	0.00000000	0.00000000	0.00000000	0.00000000
2576.98046875	0.00000000	0.00000000	0.00000000	0.00000000	0.00000000	0.00000000	0.00000000	0.00000000
2791.72875977	0.00000000	0.00000000	0.00000000	0.00000000	0.00000000	0.00000000	0.00000000	0.00000000
3006.47705078	0.00000000	0.00000000	0.00000000	0.00000000	0.00000000	0.00000000	0.00000000	0.00000000
3221.22558594	0.00000000	0.00000000	0.00000000	0.00000000	0.00000000	0.00000000	0.00000000	0.00000000
3435.97387695	0.00000000	0.00000000	0.00000000	0.00000000	0.00000000	0.00000000	0.00000000	0.00000000
0	0	0	0	0	0	0	0	0
