%2/12/2019 2:02:25 PM
%Duration	ID1		ID2		ID3		ID4		ID5		ID6		ID7		ID8
3000.000000	0.000000	0.000000	0.000000	0.000000	83.856583	2282.133057	2379.035889	2178.735840
%Tau		Tau1		Tau2		Tau3		Tau4		Tau5		Tau6		Tau7		Tau8
%		0.000000	0.000000	0.000000	0.000000	0.000205	0.943718	0.943718	0.943718
%Delaytime	D1		D2		D3		D4		D5		D6		D7		D8
0.00000020	0.00000000	0.00000000	0.00000000	0.00000000	1.75842845	0.98919916	1.02343953	1.00866997
0.00000040	0.00000000	0.00000000	0.00000000	0.00000000	1.56562710	1.06523824	1.07055473	1.08088589
0.00000060	0.00000000	0.00000000	0.00000000	0.00000000	1.51061320	1.06259274	1.07038271	1.07923770
0.00000080	0.00000000	0.00000000	0.00000000	0.00000000	1.53736305	1.06255424	1.06763029	1.07936668
0.00000100	0.00000000	0.00000000	0.00000000	0.00000000	1.54190552	1.06168127	1.06804168	1.07800698
0.00000120	0.00000000	0.00000000	0.00000000	0.00000000	1.51263201	1.06110251	1.06667709	1.07857609
0.00000140	0.00000000	0.00000000	0.00000000	0.00000000	1.52323103	1.06138122	1.06698096	1.07811928
0.00000160	0.00000000	0.00000000	0.00000000	0.00000000	1.50051892	1.06102622	1.06771803	1.07925224
0.00000180	0.00000000	0.00000000	0.00000000	0.00000000	1.50909901	1.06054902	1.06947637	1.07885802
0.00000200	0.00000000	0.00000000	0.00000000	0.00000000	1.50758493	1.06272388	1.06782341	1.07842016
0.00000220	0.00000000	0.00000000	0.00000000	0.00000000	1.52121222	1.06181765	1.06630921	1.07931781
0.00000240	0.00000000	0.00000000	0.00000000	0.00000000	1.48689151	1.06074762	1.06684709	1.07712317
0.00000260	0.00000000	0.00000000	0.00000000	0.00000000	1.51969802	1.06121516	1.06689870	1.07770610
0.00000280	0.00000000	0.00000000	0.00000000	0.00000000	1.53433478	1.06114328	1.06825387	1.07735193
0.00000300	0.00000000	0.00000000	0.00000000	0.00000000	1.52928770	1.06176794	1.06783772	1.07892871
0.00000320	0.00000000	0.00000000	0.00000000	0.00000000	1.47629249	1.06033707	1.06727612	1.07838881
0.00000360	0.00000000	0.00000000	0.00000000	0.00000000	1.51414621	1.06195843	1.06704700	1.07938159
0.00000400	0.00000000	0.00000000	0.00000000	0.00000000	1.53029704	1.06122851	1.06704664	1.07854509
0.00000440	0.00000000	0.00000000	0.00000000	0.00000000	1.52979231	1.06101358	1.06673074	1.07829881
0.00000480	0.00000000	0.00000000	0.00000000	0.00000000	1.51465094	1.06180584	1.06598794	1.07772470
0.00000520	0.00000000	0.00000000	0.00000000	0.00000000	1.50077128	1.06075573	1.06742501	1.07787955
0.00000560	0.00000000	0.00000000	0.00000000	0.00000000	1.51616502	1.06075692	1.06717610	1.07837641
0.00000600	0.00000000	0.00000000	0.00000000	0.00000000	1.49849999	1.06123519	1.06703365	1.07823765
0.00000640	0.00000000	0.00000000	0.00000000	0.00000000	1.51717448	1.06055713	1.06713533	1.07749045
0.00000720	0.00000000	0.00000000	0.00000000	0.00000000	1.50354719	1.06042087	1.06787002	1.07739913
0.00000800	0.00000000	0.00000000	0.00000000	0.00000000	1.49156022	1.06057811	1.06617153	1.07791340
0.00000880	0.00000000	0.00000000	0.00000000	0.00000000	1.51389384	1.06136584	1.06672871	1.07786548
0.00000960	0.00000000	0.00000000	0.00000000	0.00000000	1.48840570	1.06171191	1.06692111	1.07841980
0.00001040	0.00000000	0.00000000	0.00000000	0.00000000	1.49597645	1.06132174	1.06717730	1.07767546
0.00001120	0.00000000	0.00000000	0.00000000	0.00000000	1.49168634	1.06168687	1.06658185	1.07779348
0.00001200	0.00000000	0.00000000	0.00000000	0.00000000	1.50051892	1.06108510	1.06726408	1.07801354
0.00001280	0.00000000	0.00000000	0.00000000	0.00000000	1.48487270	1.06119442	1.06770051	1.07835543
0.00001440	0.00000000	0.00000000	0.00000000	0.00000000	1.49332666	1.06183958	1.06733036	1.07860100
0.00001600	0.00000000	0.00000000	0.00000000	0.00000000	1.48127663	1.06151891	1.06726110	1.07883143
0.00001760	0.00000000	0.00000000	0.00000000	0.00000000	1.47137153	1.06158996	1.06714535	1.07811594
0.00001920	0.00000000	0.00000000	0.00000000	0.00000000	1.47370589	1.06187928	1.06706572	1.07898152
0.00002080	0.00000000	0.00000000	0.00000000	0.00000000	1.46973121	1.06205571	1.06728077	1.07866693
0.00002240	0.00000000	0.00000000	0.00000000	0.00000000	1.46342230	1.06143153	1.06721282	1.07858706
0.00002400	0.00000000	0.00000000	0.00000000	0.00000000	1.46777546	1.06127489	1.06715035	1.07830358
0.00002560	0.00000000	0.00000000	0.00000000	0.00000000	1.45938456	1.06136513	1.06678188	1.07830441
0.00002880	0.00000000	0.00000000	0.00000000	0.00000000	1.47450340	1.06120539	1.06693971	1.07809258
0.00003200	0.00000000	0.00000000	0.00000000	0.00000000	1.46580422	1.06151485	1.06682658	1.07820392
0.00003520	0.00000000	0.00000000	0.00000000	0.00000000	1.46272802	1.06164742	1.06733346	1.07863438
0.00003840	0.00000000	0.00000000	0.00000000	0.00000000	1.44906735	1.06166852	1.06681943	1.07842767
0.00004160	0.00000000	0.00000000	0.00000000	0.00000000	1.43613422	1.06164598	1.06709445	1.07862020
0.00004480	0.00000000	0.00000000	0.00000000	0.00000000	1.43997109	1.06149793	1.06710470	1.07843661
0.00004800	0.00000000	0.00000000	0.00000000	0.00000000	1.42816269	1.06132984	1.06712210	1.07802200
0.00005120	0.00000000	0.00000000	0.00000000	0.00000000	1.42855954	1.06132019	1.06702900	1.07840991
0.00005760	0.00000000	0.00000000	0.00000000	0.00000000	1.40869927	1.06184173	1.06691206	1.07859302
0.00006400	0.00000000	0.00000000	0.00000000	0.00000000	1.39817524	1.06148648	1.06701553	1.07849503
0.00007040	0.00000000	0.00000000	0.00000000	0.00000000	1.37987745	1.06159461	1.06710100	1.07855105
0.00007680	0.00000000	0.00000000	0.00000000	0.00000000	1.37869155	1.06154525	1.06726086	1.07870674
0.00008320	0.00000000	0.00000000	0.00000000	0.00000000	1.35635877	1.06162548	1.06715763	1.07857835
0.00008960	0.00000000	0.00000000	0.00000000	0.00000000	1.34389114	1.06161749	1.06715429	1.07843101
0.00009600	0.00000000	0.00000000	0.00000000	0.00000000	1.33285129	1.06147254	1.06738389	1.07847404
0.00010240	0.00000000	0.00000000	0.00000000	0.00000000	1.32860219	1.06172299	1.06704974	1.07842672
0.00011520	0.00000000	0.00000000	0.00000000	0.00000000	1.30611646	1.06180310	1.06718171	1.07881522
0.00012800	0.00000000	0.00000000	0.00000000	0.00000000	1.28946781	1.06167245	1.06707859	1.07868767
0.00014080	0.00000000	0.00000000	0.00000000	0.00000000	1.27552044	1.06160450	1.06712687	1.07845855
0.00015360	0.00000000	0.00000000	0.00000000	0.00000000	1.25271249	1.06184995	1.06713879	1.07866979
0.00016640	0.00000000	0.00000000	0.00000000	0.00000000	1.24599433	1.06166518	1.06722486	1.07843494
0.00017920	0.00000000	0.00000000	0.00000000	0.00000000	1.22392893	1.06183565	1.06703198	1.07864404
0.00019200	0.00000000	0.00000000	0.00000000	0.00000000	1.21345067	1.06168425	1.06715333	1.07847869
0.00020480	0.00000000	0.00000000	0.00000000	0.00000000	1.20197213	1.06175148	1.06719172	1.07843590
0.00023040	0.00000000	0.00000000	0.00000000	0.00000000	1.17844582	1.06181538	1.06722462	1.07847059
0.00025600	0.00000000	0.00000000	0.00000000	0.00000000	1.16089785	1.06175303	1.06710374	1.07860255
0.00028160	0.00000000	0.00000000	0.00000000	0.00000000	1.14339542	1.06177914	1.06712484	1.07856488
0.00030720	0.00000000	0.00000000	0.00000000	0.00000000	1.13504231	1.06170416	1.06715715	1.07846773
0.00033280	0.00000000	0.00000000	0.00000000	0.00000000	1.11941063	1.06161165	1.06722426	1.07855248
0.00035840	0.00000000	0.00000000	0.00000000	0.00000000	1.11575508	1.06166029	1.06717801	1.07856488
0.00038400	0.00000000	0.00000000	0.00000000	0.00000000	1.10273695	1.06162941	1.06711912	1.07853758
0.00040960	0.00000000	0.00000000	0.00000000	0.00000000	1.09826374	1.06186450	1.06715417	1.07863557
0.00046080	0.00000000	0.00000000	0.00000000	0.00000000	1.07802844	1.06165874	1.06708825	1.07852495
0.00051200	0.00000000	0.00000000	0.00000000	0.00000000	1.07115209	1.06165648	1.06704092	1.07852161
0.00056320	0.00000000	0.00000000	0.00000000	0.00000000	1.06325758	1.06165004	1.06699932	1.07847631
0.00061440	0.00000000	0.00000000	0.00000000	0.00000000	1.05513871	1.06166780	1.06700742	1.07847905
0.00066560	0.00000000	0.00000000	0.00000000	0.00000000	1.04869843	1.06160355	1.06700325	1.07845461
0.00071680	0.00000000	0.00000000	0.00000000	0.00000000	1.05112004	1.06163669	1.06706285	1.07846379
0.00076800	0.00000000	0.00000000	0.00000000	0.00000000	1.04616046	1.06160283	1.06705213	1.07842445
0.00081920	0.00000000	0.00000000	0.00000000	0.00000000	1.04640543	1.06156313	1.06701100	1.07846594
0.00092160	0.00000000	0.00000000	0.00000000	0.00000000	1.04281044	1.06161284	1.06704009	1.07847977
0.00102400	0.00000000	0.00000000	0.00000000	0.00000000	1.03751576	1.06165171	1.06703031	1.07847106
0.00112640	0.00000000	0.00000000	0.00000000	0.00000000	1.03635395	1.06161737	1.06700337	1.07849395
0.00122880	0.00000000	0.00000000	0.00000000	0.00000000	1.03565049	1.06157577	1.06705117	1.07845783
0.00133120	0.00000000	0.00000000	0.00000000	0.00000000	1.03550160	1.06160700	1.06709814	1.07843339
0.00143360	0.00000000	0.00000000	0.00000000	0.00000000	1.03710353	1.06158161	1.06701386	1.07852578
0.00153600	0.00000000	0.00000000	0.00000000	0.00000000	1.03755033	1.06160104	1.06708908	1.07848406
0.00163840	0.00000000	0.00000000	0.00000000	0.00000000	1.03760707	1.06159008	1.06698191	1.07850885
0.00184320	0.00000000	0.00000000	0.00000000	0.00000000	1.03901935	1.06162095	1.06709445	1.07849872
0.00204800	0.00000000	0.00000000	0.00000000	0.00000000	1.03498220	1.06164098	1.06706250	1.07848775
0.00225280	0.00000000	0.00000000	0.00000000	0.00000000	1.03513861	1.06158769	1.06703866	1.07849252
0.00245760	0.00000000	0.00000000	0.00000000	0.00000000	1.03340423	1.06159616	1.06698060	1.07848716
0.00266240	0.00000000	0.00000000	0.00000000	0.00000000	1.03538692	1.06160128	1.06702709	1.07850301
0.00286720	0.00000000	0.00000000	0.00000000	0.00000000	1.03525674	1.06163049	1.06702554	1.07847440
0.00307200	0.00000000	0.00000000	0.00000000	0.00000000	1.03309202	1.06166172	1.06704223	1.07847679
0.00327680	0.00000000	0.00000000	0.00000000	0.00000000	1.02826095	1.06162190	1.06702781	1.07845485
0.00368640	0.00000000	0.00000000	0.00000000	0.00000000	1.02919781	1.06161010	1.06705284	1.07851493
0.00409600	0.00000000	0.00000000	0.00000000	0.00000000	1.03276908	1.06163406	1.06704223	1.07849026
0.00450560	0.00000000	0.00000000	0.00000000	0.00000000	1.02845168	1.06162190	1.06701720	1.07849097
0.00491520	0.00000000	0.00000000	0.00000000	0.00000000	1.02187192	1.06164539	1.06702662	1.07850182
0.00532480	0.00000000	0.00000000	0.00000000	0.00000000	1.02549088	1.06161284	1.06701136	1.07850850
0.00573440	0.00000000	0.00000000	0.00000000	0.00000000	1.02868974	1.06161165	1.06703818	1.07849169
0.00614400	0.00000000	0.00000000	0.00000000	0.00000000	1.02912271	1.06161094	1.06700754	1.07850301
0.00655360	0.00000000	0.00000000	0.00000000	0.00000000	1.02814710	1.06161380	1.06703842	1.07848465
0.00737280	0.00000000	0.00000000	0.00000000	0.00000000	1.02633119	1.06163394	1.06702900	1.07849574
0.00819200	0.00000000	0.00000000	0.00000000	0.00000000	1.02712512	1.06172204	1.06714272	1.07857907
0.00901120	0.00000000	0.00000000	0.00000000	0.00000000	1.03129601	1.06167006	1.06706965	1.07853627
0.00983040	0.00000000	0.00000000	0.00000000	0.00000000	1.03233480	1.06161642	1.06704974	1.07848275
0.01064960	0.00000000	0.00000000	0.00000000	0.00000000	1.02990353	1.06160104	1.06702757	1.07848132
0.01146880	0.00000000	0.00000000	0.00000000	0.00000000	1.02668595	1.06161821	1.06704199	1.07849669
0.01228800	0.00000000	0.00000000	0.00000000	0.00000000	1.02841198	1.06161284	1.06703150	1.07847929
0.01310720	0.00000000	0.00000000	0.00000000	0.00000000	1.02693021	1.06160569	1.06703603	1.07849252
0.01474560	0.00000000	0.00000000	0.00000000	0.00000000	1.02562904	1.06160235	1.06702399	1.07846987
0.01638400	0.00000000	0.00000000	0.00000000	0.00000000	1.02529061	1.06167638	1.06709719	1.07852423
0.01802240	0.00000000	0.00000000	0.00000000	0.00000000	1.02212095	1.06160474	1.06703842	1.07848632
0.01966080	0.00000000	0.00000000	0.00000000	0.00000000	1.02540433	1.06158674	1.06700742	1.07847130
0.02129920	0.00000000	0.00000000	0.00000000	0.00000000	1.02641129	1.06159222	1.06700695	1.07846689
0.02293760	0.00000000	0.00000000	0.00000000	0.00000000	1.02551103	1.06158721	1.06699574	1.07844210
0.02457600	0.00000000	0.00000000	0.00000000	0.00000000	1.02458060	1.06163156	1.06704950	1.07849932
0.02621440	0.00000000	0.00000000	0.00000000	0.00000000	1.02430594	1.06159163	1.06701100	1.07845092
0.02949120	0.00000000	0.00000000	0.00000000	0.00000000	1.02312052	1.06155252	1.06698036	1.07841337
0.03276800	0.00000000	0.00000000	0.00000000	0.00000000	1.02257383	1.06157315	1.06698632	1.07841837
0.03604480	0.00000000	0.00000000	0.00000000	0.00000000	1.02113056	1.06152260	1.06694388	1.07837927
0.03932160	0.00000000	0.00000000	0.00000000	0.00000000	1.02338707	1.06151307	1.06692731	1.07837319
0.04259840	0.00000000	0.00000000	0.00000000	0.00000000	1.02275527	1.06150281	1.06692994	1.07835817
0.04587520	0.00000000	0.00000000	0.00000000	0.00000000	1.02247441	1.06145787	1.06686115	1.07830799
0.04915200	0.00000000	0.00000000	0.00000000	0.00000000	1.02587509	1.06145465	1.06686831	1.07829940
0.05242880	0.00000000	0.00000000	0.00000000	0.00000000	1.02531826	1.06142056	1.06681979	1.07826388
0.05898240	0.00000000	0.00000000	0.00000000	0.00000000	1.02286208	1.06136298	1.06676102	1.07819319
0.06553600	0.00000000	0.00000000	0.00000000	0.00000000	1.02047229	1.06130278	1.06670487	1.07812202
0.07208960	0.00000000	0.00000000	0.00000000	0.00000000	1.02101922	1.06122935	1.06661630	1.07804525
0.07864320	0.00000000	0.00000000	0.00000000	0.00000000	1.02120852	1.06115699	1.06654048	1.07795632
0.08519680	0.00000000	0.00000000	0.00000000	0.00000000	1.01889372	1.06107938	1.06646073	1.07786763
0.09175040	0.00000000	0.00000000	0.00000000	0.00000000	1.02203834	1.06100202	1.06636441	1.07776773
0.09830400	0.00000000	0.00000000	0.00000000	0.00000000	1.02128041	1.06090581	1.06626129	1.07766020
0.10485760	0.00000000	0.00000000	0.00000000	0.00000000	1.02427912	1.06082046	1.06615949	1.07755053
0.11796480	0.00000000	0.00000000	0.00000000	0.00000000	1.02334881	1.06060266	1.06592870	1.07731092
0.13107200	0.00000000	0.00000000	0.00000000	0.00000000	1.02157569	1.06050479	1.06583297	1.07721996
0.14417920	0.00000000	0.00000000	0.00000000	0.00000000	1.01865256	1.06038713	1.06570697	1.07711148
0.15728641	0.00000000	0.00000000	0.00000000	0.00000000	1.01640224	1.06024313	1.06555557	1.07697773
0.17039360	0.00000000	0.00000000	0.00000000	0.00000000	1.01324451	1.06007719	1.06538737	1.07681644
0.18350080	0.00000000	0.00000000	0.00000000	0.00000000	1.01169181	1.05988574	1.06518829	1.07663393
0.19660801	0.00000000	0.00000000	0.00000000	0.00000000	1.00879633	1.05967224	1.06496584	1.07642245
0.20971520	0.00000000	0.00000000	0.00000000	0.00000000	1.00770259	1.05943763	1.06471503	1.07619619
0.23592959	0.00000000	0.00000000	0.00000000	0.00000000	1.00238883	1.05904019	1.06430745	1.07584310
0.26214400	0.00000000	0.00000000	0.00000000	0.00000000	1.00122750	1.05841172	1.06364191	1.07522058
0.28835839	0.00000000	0.00000000	0.00000000	0.00000000	1.00086224	1.05770600	1.06288886	1.07450438
0.31457281	0.00000000	0.00000000	0.00000000	0.00000000	1.00152946	1.05691910	1.06206119	1.07370424
0.34078720	0.00000000	0.00000000	0.00000000	0.00000000	1.00152349	1.05605781	1.06113875	1.07281125
0.36700159	0.00000000	0.00000000	0.00000000	0.00000000	1.00095534	1.05513334	1.06014705	1.07183158
0.39321601	0.00000000	0.00000000	0.00000000	0.00000000	1.00064504	1.05413461	1.05908155	1.07077110
0.41943040	0.00000000	0.00000000	0.00000000	0.00000000	1.00015283	1.05308199	1.05796468	1.06963134
0.47185919	0.00000000	0.00000000	0.00000000	0.00000000	1.00177276	1.05138469	1.05616236	1.06780267
0.52428800	0.00000000	0.00000000	0.00000000	0.00000000	1.00180185	1.04895115	1.05352139	1.06500125
0.57671678	0.00000000	0.00000000	0.00000000	0.00000000	1.00188303	1.04637802	1.05071509	1.06195891
0.62914562	0.00000000	0.00000000	0.00000000	0.00000000	1.00073123	1.04371035	1.04781091	1.05873263
0.68157440	0.00000000	0.00000000	0.00000000	0.00000000	0.99944490	1.04096234	1.04482579	1.05536246
0.73400319	0.00000000	0.00000000	0.00000000	0.00000000	1.00062370	1.03818214	1.04179037	1.05190361
0.78643203	0.00000000	0.00000000	0.00000000	0.00000000	1.00103033	1.03538120	1.03875005	1.04838538
0.83886081	0.00000000	0.00000000	0.00000000	0.00000000	1.00229144	1.03259945	1.03572154	1.04482889
0.94371837	0.00000000	0.00000000	0.00000000	0.00000000	1.00145602	1.02787709	1.03056812	1.03822863
1.04857600	0.00000000	0.00000000	0.00000000	0.00000000	1.00067174	1.02263248	1.02476192	1.03119230
1.15343356	0.00000000	0.00000000	0.00000000	0.00000000	1.00052547	1.01766038	1.01916587	1.02443480
1.25829124	0.00000000	0.00000000	0.00000000	0.00000000	0.99783975	1.01300776	1.01384187	1.01807225
1.36314881	0.00000000	0.00000000	0.00000000	0.00000000	0.99835336	1.00869381	1.00879943	1.01215470
1.46800637	0.00000000	0.00000000	0.00000000	0.00000000	1.00037110	1.00480771	1.00407171	1.00672305
1.57286406	0.00000000	0.00000000	0.00000000	0.00000000	0.99826801	1.00135648	0.99973226	1.00181139
1.67772162	0.00000000	0.00000000	0.00000000	0.00000000	0.99820095	0.99833608	0.99582744	0.99741745
1.88743675	0.00000000	0.00000000	0.00000000	0.00000000	1.00041270	0.99424410	0.99027550	0.99072754
2.09715199	0.00000000	0.00000000	0.00000000	0.00000000	0.99951816	0.99051714	0.98578668	0.98542619
2.30686712	0.00000000	0.00000000	0.00000000	0.00000000	0.99982375	0.98849124	0.98373342	0.98253417
2.51658249	0.00000000	0.00000000	0.00000000	0.00000000	1.00145900	0.98772794	0.98346442	0.98157191
2.72629762	0.00000000	0.00000000	0.00000000	0.00000000	1.00169456	0.98788863	0.98442912	0.98206222
2.93601274	0.00000000	0.00000000	0.00000000	0.00000000	1.00044787	0.98909694	0.98659778	0.98391336
3.14572811	0.00000000	0.00000000	0.00000000	0.00000000	0.99865997	0.99135435	0.98986804	0.98704249
3.35544324	0.00000000	0.00000000	0.00000000	0.00000000	1.00241685	0.99424255	0.99386024	0.99089372
3.77487350	0.00000000	0.00000000	0.00000000	0.00000000	0.99983788	0.99791104	0.99903244	0.99674726
4.19430399	0.00000000	0.00000000	0.00000000	0.00000000	1.00268924	1.00085819	1.00189936	1.00126719
4.61373425	0.00000000	0.00000000	0.00000000	0.00000000	0.99875379	1.00024056	1.00042486	1.00036657
5.03316498	0.00000000	0.00000000	0.00000000	0.00000000	1.00000000	1.00000000	1.00000000	1.00000000
5.45259523	0.00000000	0.00000000	0.00000000	0.00000000	0.00000000	0.00000000	0.00000000	0.00000000
5.87202549	0.00000000	0.00000000	0.00000000	0.00000000	0.00000000	0.00000000	0.00000000	0.00000000
6.29145622	0.00000000	0.00000000	0.00000000	0.00000000	0.00000000	0.00000000	0.00000000	0.00000000
6.71088648	0.00000000	0.00000000	0.00000000	0.00000000	0.00000000	0.00000000	0.00000000	0.00000000
7.54974699	0.00000000	0.00000000	0.00000000	0.00000000	0.00000000	0.00000000	0.00000000	0.00000000
8.38860798	0.00000000	0.00000000	0.00000000	0.00000000	0.00000000	0.00000000	0.00000000	0.00000000
9.22746849	0.00000000	0.00000000	0.00000000	0.00000000	0.00000000	0.00000000	0.00000000	0.00000000
10.06632996	0.00000000	0.00000000	0.00000000	0.00000000	0.00000000	0.00000000	0.00000000	0.00000000
10.90519047	0.00000000	0.00000000	0.00000000	0.00000000	0.00000000	0.00000000	0.00000000	0.00000000
11.74405098	0.00000000	0.00000000	0.00000000	0.00000000	0.00000000	0.00000000	0.00000000	0.00000000
12.58291245	0.00000000	0.00000000	0.00000000	0.00000000	0.00000000	0.00000000	0.00000000	0.00000000
13.42177296	0.00000000	0.00000000	0.00000000	0.00000000	0.00000000	0.00000000	0.00000000	0.00000000
15.09949398	0.00000000	0.00000000	0.00000000	0.00000000	0.00000000	0.00000000	0.00000000	0.00000000
16.77721596	0.00000000	0.00000000	0.00000000	0.00000000	0.00000000	0.00000000	0.00000000	0.00000000
18.45493698	0.00000000	0.00000000	0.00000000	0.00000000	0.00000000	0.00000000	0.00000000	0.00000000
20.13265991	0.00000000	0.00000000	0.00000000	0.00000000	0.00000000	0.00000000	0.00000000	0.00000000
21.81038094	0.00000000	0.00000000	0.00000000	0.00000000	0.00000000	0.00000000	0.00000000	0.00000000
23.48810196	0.00000000	0.00000000	0.00000000	0.00000000	0.00000000	0.00000000	0.00000000	0.00000000
25.16582489	0.00000000	0.00000000	0.00000000	0.00000000	0.00000000	0.00000000	0.00000000	0.00000000
26.84354591	0.00000000	0.00000000	0.00000000	0.00000000	0.00000000	0.00000000	0.00000000	0.00000000
30.19898796	0.00000000	0.00000000	0.00000000	0.00000000	0.00000000	0.00000000	0.00000000	0.00000000
33.55443192	0.00000000	0.00000000	0.00000000	0.00000000	0.00000000	0.00000000	0.00000000	0.00000000
36.90987396	0.00000000	0.00000000	0.00000000	0.00000000	0.00000000	0.00000000	0.00000000	0.00000000
40.26531982	0.00000000	0.00000000	0.00000000	0.00000000	0.00000000	0.00000000	0.00000000	0.00000000
43.62076187	0.00000000	0.00000000	0.00000000	0.00000000	0.00000000	0.00000000	0.00000000	0.00000000
46.97620392	0.00000000	0.00000000	0.00000000	0.00000000	0.00000000	0.00000000	0.00000000	0.00000000
50.33164978	0.00000000	0.00000000	0.00000000	0.00000000	0.00000000	0.00000000	0.00000000	0.00000000
53.68709183	0.00000000	0.00000000	0.00000000	0.00000000	0.00000000	0.00000000	0.00000000	0.00000000
60.39797592	0.00000000	0.00000000	0.00000000	0.00000000	0.00000000	0.00000000	0.00000000	0.00000000
67.10886383	0.00000000	0.00000000	0.00000000	0.00000000	0.00000000	0.00000000	0.00000000	0.00000000
73.81974792	0.00000000	0.00000000	0.00000000	0.00000000	0.00000000	0.00000000	0.00000000	0.00000000
80.53063965	0.00000000	0.00000000	0.00000000	0.00000000	0.00000000	0.00000000	0.00000000	0.00000000
87.24152374	0.00000000	0.00000000	0.00000000	0.00000000	0.00000000	0.00000000	0.00000000	0.00000000
93.95240784	0.00000000	0.00000000	0.00000000	0.00000000	0.00000000	0.00000000	0.00000000	0.00000000
100.66329956	0.00000000	0.00000000	0.00000000	0.00000000	0.00000000	0.00000000	0.00000000	0.00000000
107.37418365	0.00000000	0.00000000	0.00000000	0.00000000	0.00000000	0.00000000	0.00000000	0.00000000
120.79595184	0.00000000	0.00000000	0.00000000	0.00000000	0.00000000	0.00000000	0.00000000	0.00000000
134.21772766	0.00000000	0.00000000	0.00000000	0.00000000	0.00000000	0.00000000	0.00000000	0.00000000
147.63949585	0.00000000	0.00000000	0.00000000	0.00000000	0.00000000	0.00000000	0.00000000	0.00000000
161.06127930	0.00000000	0.00000000	0.00000000	0.00000000	0.00000000	0.00000000	0.00000000	0.00000000
174.48304749	0.00000000	0.00000000	0.00000000	0.00000000	0.00000000	0.00000000	0.00000000	0.00000000
187.90481567	0.00000000	0.00000000	0.00000000	0.00000000	0.00000000	0.00000000	0.00000000	0.00000000
201.32659912	0.00000000	0.00000000	0.00000000	0.00000000	0.00000000	0.00000000	0.00000000	0.00000000
214.74836731	0.00000000	0.00000000	0.00000000	0.00000000	0.00000000	0.00000000	0.00000000	0.00000000
241.59190369	0.00000000	0.00000000	0.00000000	0.00000000	0.00000000	0.00000000	0.00000000	0.00000000
268.43545532	0.00000000	0.00000000	0.00000000	0.00000000	0.00000000	0.00000000	0.00000000	0.00000000
295.27899170	0.00000000	0.00000000	0.00000000	0.00000000	0.00000000	0.00000000	0.00000000	0.00000000
322.12255859	0.00000000	0.00000000	0.00000000	0.00000000	0.00000000	0.00000000	0.00000000	0.00000000
348.96609497	0.00000000	0.00000000	0.00000000	0.00000000	0.00000000	0.00000000	0.00000000	0.00000000
375.80963135	0.00000000	0.00000000	0.00000000	0.00000000	0.00000000	0.00000000	0.00000000	0.00000000
402.65319824	0.00000000	0.00000000	0.00000000	0.00000000	0.00000000	0.00000000	0.00000000	0.00000000
429.49673462	0.00000000	0.00000000	0.00000000	0.00000000	0.00000000	0.00000000	0.00000000	0.00000000
483.18380737	0.00000000	0.00000000	0.00000000	0.00000000	0.00000000	0.00000000	0.00000000	0.00000000
536.87091064	0.00000000	0.00000000	0.00000000	0.00000000	0.00000000	0.00000000	0.00000000	0.00000000
590.55798340	0.00000000	0.00000000	0.00000000	0.00000000	0.00000000	0.00000000	0.00000000	0.00000000
644.24511719	0.00000000	0.00000000	0.00000000	0.00000000	0.00000000	0.00000000	0.00000000	0.00000000
697.93218994	0.00000000	0.00000000	0.00000000	0.00000000	0.00000000	0.00000000	0.00000000	0.00000000
751.61926270	0.00000000	0.00000000	0.00000000	0.00000000	0.00000000	0.00000000	0.00000000	0.00000000
805.30639648	0.00000000	0.00000000	0.00000000	0.00000000	0.00000000	0.00000000	0.00000000	0.00000000
858.99346924	0.00000000	0.00000000	0.00000000	0.00000000	0.00000000	0.00000000	0.00000000	0.00000000
966.36761475	0.00000000	0.00000000	0.00000000	0.00000000	0.00000000	0.00000000	0.00000000	0.00000000
1073.74182129	0.00000000	0.00000000	0.00000000	0.00000000	0.00000000	0.00000000	0.00000000	0.00000000
1181.11596680	0.00000000	0.00000000	0.00000000	0.00000000	0.00000000	0.00000000	0.00000000	0.00000000
1288.49023437	0.00000000	0.00000000	0.00000000	0.00000000	0.00000000	0.00000000	0.00000000	0.00000000
1395.86437988	0.00000000	0.00000000	0.00000000	0.00000000	0.00000000	0.00000000	0.00000000	0.00000000
1503.23852539	0.00000000	0.00000000	0.00000000	0.00000000	0.00000000	0.00000000	0.00000000	0.00000000
1610.61279297	0.00000000	0.00000000	0.00000000	0.00000000	0.00000000	0.00000000	0.00000000	0.00000000
1717.98693848	0.00000000	0.00000000	0.00000000	0.00000000	0.00000000	0.00000000	0.00000000	0.00000000
1932.73522949	0.00000000	0.00000000	0.00000000	0.00000000	0.00000000	0.00000000	0.00000000	0.00000000
2147.48364258	0.00000000	0.00000000	0.00000000	0.00000000	0.00000000	0.00000000	0.00000000	0.00000000
2362.23193359	0.00000000	0.00000000	0.00000000	0.00000000	0.00000000	0.00000000	0.00000000	0.00000000
2576.98046875	0.00000000	0.00000000	0.00000000	0.00000000	0.00000000	0.00000000	0.00000000	0.00000000
2791.72875977	0.00000000	0.00000000	0.00000000	0.00000000	0.00000000	0.00000000	0.00000000	0.00000000
3006.47705078	0.00000000	0.00000000	0.00000000	0.00000000	0.00000000	0.00000000	0.00000000	0.00000000
3221.22558594	0.00000000	0.00000000	0.00000000	0.00000000	0.00000000	0.00000000	0.00000000	0.00000000
3435.97387695	0.00000000	0.00000000	0.00000000	0.00000000	0.00000000	0.00000000	0.00000000	0.00000000
0	0	0	0	0	0	0	0	0
