%2/12/2019 1:57:58 PM
%Duration	ID1		ID2		ID3		ID4		ID5		ID6		ID7		ID8
1000.000000	0.000000	0.000000	0.000000	0.000000	110.692978	2402.973145	2500.724854	2451.925293
%Tau		Tau1		Tau2		Tau3		Tau4		Tau5		Tau6		Tau7		Tau8
%		0.000000	0.000000	0.000000	0.000000	0.000205	0.000001	0.000001	0.000001
%Delaytime	D1		D2		D3		D4		D5		D6		D7		D8
0.00000020	0.00000000	0.00000000	0.00000000	0.00000000	1.55995417	0.92859644	0.95813179	0.93534726
0.00000040	0.00000000	0.00000000	0.00000000	0.00000000	1.50803816	1.00333142	1.00131333	1.00327873
0.00000060	0.00000000	0.00000000	0.00000000	0.00000000	1.51051033	1.00133133	1.00157940	0.99844748
0.00000080	0.00000000	0.00000000	0.00000000	0.00000000	1.44870543	0.99912828	0.99981260	0.99934006
0.00000100	0.00000000	0.00000000	0.00000000	0.00000000	1.47837174	1.00042117	0.99859619	0.99943435
0.00000120	0.00000000	0.00000000	0.00000000	0.00000000	1.49238086	1.00062966	1.00032628	1.00067794
0.00000140	0.00000000	0.00000000	0.00000000	0.00000000	1.50803816	0.99726063	1.00150740	1.00181508
0.00000160	0.00000000	0.00000000	0.00000000	0.00000000	1.46271455	0.99826515	0.99904293	0.99896622
0.00000180	0.00000000	0.00000000	0.00000000	0.00000000	1.44705737	1.00102305	0.99826998	1.00076187
0.00000200	0.00000000	0.00000000	0.00000000	0.00000000	1.43881667	0.99969220	0.99973392	0.99780643
0.00000220	0.00000000	0.00000000	0.00000000	0.00000000	1.43964076	0.99987715	0.99852425	1.00210679
0.00000240	0.00000000	0.00000000	0.00000000	0.00000000	1.53276002	0.99926609	0.99807590	0.99980116
0.00000260	0.00000000	0.00000000	0.00000000	0.00000000	1.41739106	0.99927330	1.00160789	1.00098884
0.00000280	0.00000000	0.00000000	0.00000000	0.00000000	1.47095525	0.99944198	1.00048184	0.99846667
0.00000300	0.00000000	0.00000000	0.00000000	0.00000000	1.41986322	0.99887079	1.00103390	0.99812782
0.00000320	0.00000000	0.00000000	0.00000000	0.00000000	1.47919583	0.99800587	0.99792862	0.99883348
0.00000360	0.00000000	0.00000000	0.00000000	0.00000000	1.47548759	0.99876469	0.99999410	0.99998891
0.00000400	0.00000000	0.00000000	0.00000000	0.00000000	1.47095525	0.99967676	1.00032794	0.99812520
0.00000440	0.00000000	0.00000000	0.00000000	0.00000000	1.41903913	0.99806839	0.99909735	0.99919593
0.00000480	0.00000000	0.00000000	0.00000000	0.00000000	1.47548759	1.00025249	0.99882126	0.99964571
0.00000520	0.00000000	0.00000000	0.00000000	0.00000000	1.42109931	0.99906027	0.99982846	0.99892867
0.00000560	0.00000000	0.00000000	0.00000000	0.00000000	1.47219133	0.99938482	1.00056970	0.99834877
0.00000600	0.00000000	0.00000000	0.00000000	0.00000000	1.50062156	0.99879462	0.99956077	0.99975049
0.00000640	0.00000000	0.00000000	0.00000000	0.00000000	1.46189046	0.99841654	0.99991632	0.99859858
0.00000720	0.00000000	0.00000000	0.00000000	0.00000000	1.46827698	0.99969357	0.99937338	0.99969941
0.00000800	0.00000000	0.00000000	0.00000000	0.00000000	1.45426786	0.99924976	0.99849248	0.99906188
0.00000880	0.00000000	0.00000000	0.00000000	0.00000000	1.45838821	0.99947143	0.99856901	1.00040376
0.00000960	0.00000000	0.00000000	0.00000000	0.00000000	1.45241380	0.99910289	1.00025642	0.99932516
0.00001040	0.00000000	0.00000000	0.00000000	0.00000000	1.43304825	0.99940979	0.99910152	0.99924397
0.00001120	0.00000000	0.00000000	0.00000000	0.00000000	1.44252503	1.00007200	0.99961764	0.99983609
0.00001200	0.00000000	0.00000000	0.00000000	0.00000000	1.43119407	0.99879873	0.99950135	0.99896711
0.00001280	0.00000000	0.00000000	0.00000000	0.00000000	1.42851591	0.99967498	0.99938846	0.99893391
0.00001440	0.00000000	0.00000000	0.00000000	0.00000000	1.45066261	0.99972665	0.99957895	0.99973279
0.00001600	0.00000000	0.00000000	0.00000000	0.00000000	1.42089331	1.00012732	1.00037909	0.99950552
0.00001760	0.00000000	0.00000000	0.00000000	0.00000000	1.42233539	0.99976289	0.99934703	1.00028896
0.00001920	0.00000000	0.00000000	0.00000000	0.00000000	1.44211292	1.00034201	1.00049210	1.00068319
0.00002080	0.00000000	0.00000000	0.00000000	0.00000000	1.42212939	0.99944174	0.99976009	1.00000679
0.00002240	0.00000000	0.00000000	0.00000000	0.00000000	1.43243015	0.99961650	0.99982828	0.99945182
0.00002400	0.00000000	0.00000000	0.00000000	0.00000000	1.39163899	0.99970305	0.99973124	0.99963695
0.00002560	0.00000000	0.00000000	0.00000000	0.00000000	1.41296172	0.99965364	0.99974918	0.99951339
0.00002880	0.00000000	0.00000000	0.00000000	0.00000000	1.41272271	0.99980503	0.99969721	0.99955642
0.00003200	0.00000000	0.00000000	0.00000000	0.00000000	1.40669799	1.00004053	0.99987549	0.99957830
0.00003520	0.00000000	0.00000000	0.00000000	0.00000000	1.41390705	0.99961388	0.99971169	0.99994934
0.00003840	0.00000000	0.00000000	0.00000000	0.00000000	1.41231072	1.00000811	0.99966407	1.00023401
0.00004160	0.00000000	0.00000000	0.00000000	0.00000000	1.38996267	1.00020671	1.00004816	0.99980521
0.00004480	0.00000000	0.00000000	0.00000000	0.00000000	1.39253724	0.99998057	1.00024521	0.99991155
0.00004800	0.00000000	0.00000000	0.00000000	0.00000000	1.39058053	0.99985749	1.00040841	1.00008476
0.00005120	0.00000000	0.00000000	0.00000000	0.00000000	1.39140439	1.00003862	1.00026345	0.99964148
0.00005760	0.00000000	0.00000000	0.00000000	0.00000000	1.36671436	0.99994922	1.00039220	1.00033963
0.00006400	0.00000000	0.00000000	0.00000000	0.00000000	1.35933995	0.99986213	1.00022829	0.99996215
0.00007040	0.00000000	0.00000000	0.00000000	0.00000000	1.35991025	1.00032473	0.99978036	1.00007021
0.00007680	0.00000000	0.00000000	0.00000000	0.00000000	1.33826721	0.99992687	1.00048232	0.99980772
0.00008320	0.00000000	0.00000000	0.00000000	0.00000000	1.33511746	1.00004077	0.99990523	1.00030196
0.00008960	0.00000000	0.00000000	0.00000000	0.00000000	1.31036377	1.00024700	1.00006044	0.99983954
0.00009600	0.00000000	0.00000000	0.00000000	0.00000000	1.31893098	0.99963367	0.99997652	1.00021994
0.00010240	0.00000000	0.00000000	0.00000000	0.00000000	1.32074535	1.00038230	1.00046635	1.00009429
0.00011520	0.00000000	0.00000000	0.00000000	0.00000000	1.28941560	1.00014925	1.00025380	1.00013506
0.00012800	0.00000000	0.00000000	0.00000000	0.00000000	1.27155840	1.00010002	1.00026250	1.00012624
0.00014080	0.00000000	0.00000000	0.00000000	0.00000000	1.26262248	1.00024438	1.00023830	1.00008225
0.00015360	0.00000000	0.00000000	0.00000000	0.00000000	1.24933803	1.00003791	1.00015342	1.00001454
0.00016640	0.00000000	0.00000000	0.00000000	0.00000000	1.23749769	1.00007880	1.00041890	0.99984628
0.00017920	0.00000000	0.00000000	0.00000000	0.00000000	1.21946073	1.00016725	1.00014365	1.00012279
0.00019200	0.00000000	0.00000000	0.00000000	0.00000000	1.22103369	1.00007093	1.00017929	1.00011921
0.00020480	0.00000000	0.00000000	0.00000000	0.00000000	1.20536900	1.00010216	1.00026906	1.00003648
0.00023040	0.00000000	0.00000000	0.00000000	0.00000000	1.17551899	1.00007248	1.00036263	1.00008464
0.00025600	0.00000000	0.00000000	0.00000000	0.00000000	1.15989590	1.00019062	0.99997610	1.00003004
0.00028160	0.00000000	0.00000000	0.00000000	0.00000000	1.14422166	1.00028360	1.00025237	1.00010276
0.00030720	0.00000000	0.00000000	0.00000000	0.00000000	1.12924898	1.00031281	1.00012863	1.00010896
0.00033280	0.00000000	0.00000000	0.00000000	0.00000000	1.12075293	1.00023341	1.00017142	1.00013125
0.00035840	0.00000000	0.00000000	0.00000000	0.00000000	1.11099362	1.00034225	1.00006437	1.00011492
0.00038400	0.00000000	0.00000000	0.00000000	0.00000000	1.09663832	1.00008810	1.00018287	0.99999684
0.00040960	0.00000000	0.00000000	0.00000000	0.00000000	1.08383822	1.00031173	1.00010920	1.00010967
0.00046080	0.00000000	0.00000000	0.00000000	0.00000000	1.07235670	1.00009644	1.00006127	1.00006342
0.00051200	0.00000000	0.00000000	0.00000000	0.00000000	1.05780113	1.00007701	1.00012529	1.00003505
0.00056320	0.00000000	0.00000000	0.00000000	0.00000000	1.04684758	1.00010693	1.00001991	1.00004232
0.00061440	0.00000000	0.00000000	0.00000000	0.00000000	1.04039204	1.00005913	0.99997568	1.00021410
0.00066560	0.00000000	0.00000000	0.00000000	0.00000000	1.02909946	1.00006878	1.00009036	1.00009894
0.00071680	0.00000000	0.00000000	0.00000000	0.00000000	1.02707398	1.00008380	1.00016153	0.99998242
0.00076800	0.00000000	0.00000000	0.00000000	0.00000000	1.02329624	1.00003350	1.00006700	1.00013232
0.00081920	0.00000000	0.00000000	0.00000000	0.00000000	1.02665722	1.00004709	1.00008500	1.00011086
0.00092160	0.00000000	0.00000000	0.00000000	0.00000000	1.02458966	1.00011158	1.00012612	1.00002718
0.00102400	0.00000000	0.00000000	0.00000000	0.00000000	1.02475059	1.00009906	1.00019705	1.00010705
0.00112640	0.00000000	0.00000000	0.00000000	0.00000000	1.01658893	1.00010765	1.00007737	1.00004125
0.00122880	0.00000000	0.00000000	0.00000000	0.00000000	1.00677419	1.00002706	1.00004578	1.00010359
0.00133120	0.00000000	0.00000000	0.00000000	0.00000000	1.00034738	1.00000715	1.00011444	1.00006664
0.00143360	0.00000000	0.00000000	0.00000000	0.00000000	0.99600476	1.00004900	1.00006795	1.00013494
0.00153600	0.00000000	0.00000000	0.00000000	0.00000000	0.99919492	1.00000620	1.00012147	0.99999309
0.00163840	0.00000000	0.00000000	0.00000000	0.00000000	0.99858063	1.00008273	1.00008202	1.00014353
0.00184320	0.00000000	0.00000000	0.00000000	0.00000000	0.99477881	1.00005102	1.00010312	1.00007427
0.00204800	0.00000000	0.00000000	0.00000000	0.00000000	0.99236596	1.00005937	1.00010562	1.00008535
0.00225280	0.00000000	0.00000000	0.00000000	0.00000000	0.98829496	1.00011122	1.00008619	1.00016916
0.00245760	0.00000000	0.00000000	0.00000000	0.00000000	0.98633522	1.00007701	1.00009215	1.00007236
0.00266240	0.00000000	0.00000000	0.00000000	0.00000000	0.98837709	1.00009310	1.00006485	1.00008249
0.00286720	0.00000000	0.00000000	0.00000000	0.00000000	0.98977870	1.00003695	1.00004137	1.00012434
0.00307200	0.00000000	0.00000000	0.00000000	0.00000000	0.99153930	1.00010502	1.00010121	1.00009799
0.00327680	0.00000000	0.00000000	0.00000000	0.00000000	0.98998523	1.00012887	1.00011468	1.00010490
0.00368640	0.00000000	0.00000000	0.00000000	0.00000000	1.00089335	1.00008643	1.00010049	1.00008678
0.00409600	0.00000000	0.00000000	0.00000000	0.00000000	0.99279243	1.00007033	1.00010788	1.00005388
0.00450560	0.00000000	0.00000000	0.00000000	0.00000000	0.99320322	1.00009227	1.00009787	1.00008786
0.00491520	0.00000000	0.00000000	0.00000000	0.00000000	0.99727648	1.00009203	1.00009632	1.00008988
0.00532480	0.00000000	0.00000000	0.00000000	0.00000000	0.99807572	1.00005758	1.00010467	1.00008881
0.00573440	0.00000000	0.00000000	0.00000000	0.00000000	1.00168920	1.00004506	1.00007403	1.00007939
0.00614400	0.00000000	0.00000000	0.00000000	0.00000000	0.99709213	1.00005877	1.00008237	1.00007558
0.00655360	0.00000000	0.00000000	0.00000000	0.00000000	1.00171828	1.00008404	1.00006688	1.00006270
0.00737280	0.00000000	0.00000000	0.00000000	0.00000000	1.00103235	1.00011158	1.00011611	1.00006771
0.00819200	0.00000000	0.00000000	0.00000000	0.00000000	1.00640237	1.00013816	1.00017202	1.00011885
0.00901120	0.00000000	0.00000000	0.00000000	0.00000000	1.00112116	1.00012720	1.00015247	1.00008678
0.00983040	0.00000000	0.00000000	0.00000000	0.00000000	0.99411285	1.00006056	1.00011170	1.00005269
0.01064960	0.00000000	0.00000000	0.00000000	0.00000000	0.99451619	1.00009930	1.00007987	1.00006807
0.01146880	0.00000000	0.00000000	0.00000000	0.00000000	0.99737400	1.00005507	1.00011718	1.00010288
0.01228800	0.00000000	0.00000000	0.00000000	0.00000000	1.00255954	1.00008357	1.00007367	1.00006092
0.01310720	0.00000000	0.00000000	0.00000000	0.00000000	1.00548077	1.00006521	1.00009084	1.00006270
0.01474560	0.00000000	0.00000000	0.00000000	0.00000000	1.00064003	1.00009859	1.00011802	1.00007153
0.01638400	0.00000000	0.00000000	0.00000000	0.00000000	0.99683493	1.00011528	1.00014615	1.00009775
0.01802240	0.00000000	0.00000000	0.00000000	0.00000000	1.00381696	1.00008905	1.00010073	1.00007319
0.01966080	0.00000000	0.00000000	0.00000000	0.00000000	1.00621855	1.00008798	1.00010383	1.00007212
0.02129920	0.00000000	0.00000000	0.00000000	0.00000000	1.00050068	1.00009036	1.00009847	1.00006759
0.02293760	0.00000000	0.00000000	0.00000000	0.00000000	1.00264728	1.00007629	1.00010359	1.00006926
0.02457600	0.00000000	0.00000000	0.00000000	0.00000000	1.00445962	1.00012028	1.00015616	1.00009763
0.02621440	0.00000000	0.00000000	0.00000000	0.00000000	1.00024927	1.00009632	1.00011277	1.00006926
0.02949120	0.00000000	0.00000000	0.00000000	0.00000000	1.00325620	1.00007033	1.00007892	1.00007463
0.03276800	0.00000000	0.00000000	0.00000000	0.00000000	1.00159693	1.00008881	1.00012589	1.00009668
0.03604480	0.00000000	0.00000000	0.00000000	0.00000000	0.99534339	1.00008690	1.00009334	1.00007939
0.03932160	0.00000000	0.00000000	0.00000000	0.00000000	0.99623561	1.00008130	1.00010931	1.00007296
0.04259840	0.00000000	0.00000000	0.00000000	0.00000000	1.00143528	1.00009453	1.00012219	1.00008154
0.04587520	0.00000000	0.00000000	0.00000000	0.00000000	0.99896455	1.00007617	1.00008929	1.00006819
0.04915200	0.00000000	0.00000000	0.00000000	0.00000000	1.00148344	1.00009394	1.00012207	1.00008452
0.05242880	0.00000000	0.00000000	0.00000000	0.00000000	0.99615341	1.00007963	1.00011718	1.00006807
0.05898240	0.00000000	0.00000000	0.00000000	0.00000000	0.99907696	1.00008869	1.00010300	1.00007343
0.06553600	0.00000000	0.00000000	0.00000000	0.00000000	0.99784613	1.00008655	1.00010228	1.00008106
0.07208960	0.00000000	0.00000000	0.00000000	0.00000000	0.99876219	1.00007975	1.00009859	1.00007606
0.07864320	0.00000000	0.00000000	0.00000000	0.00000000	0.99913853	1.00008190	1.00009024	1.00006652
0.08519680	0.00000000	0.00000000	0.00000000	0.00000000	1.00071418	1.00008225	1.00009882	1.00007534
0.09175040	0.00000000	0.00000000	0.00000000	0.00000000	1.00086677	1.00007689	1.00009751	1.00006759
0.09830400	0.00000000	0.00000000	0.00000000	0.00000000	1.00318372	1.00008106	1.00009322	1.00007069
0.10485760	0.00000000	0.00000000	0.00000000	0.00000000	1.00067341	1.00008368	1.00009215	1.00007761
0.11796480	0.00000000	0.00000000	0.00000000	0.00000000	1.00179005	1.00008595	1.00009573	1.00006211
0.13107200	0.00000000	0.00000000	0.00000000	0.00000000	1.00128388	1.00007749	1.00008488	1.00005972
0.14417920	0.00000000	0.00000000	0.00000000	0.00000000	0.99745208	1.00007010	1.00009131	1.00005865
0.15728641	0.00000000	0.00000000	0.00000000	0.00000000	0.99618703	1.00006974	1.00008929	1.00006235
0.17039360	0.00000000	0.00000000	0.00000000	0.00000000	0.99859339	1.00006807	1.00008237	1.00005817
0.18350080	0.00000000	0.00000000	0.00000000	0.00000000	0.99964660	1.00006711	1.00007868	1.00006199
0.19660801	0.00000000	0.00000000	0.00000000	0.00000000	1.00137126	1.00006783	1.00007617	1.00005221
0.20971520	0.00000000	0.00000000	0.00000000	0.00000000	1.00132513	1.00006592	1.00007486	1.00005186
0.23592959	0.00000000	0.00000000	0.00000000	0.00000000	0.99962711	1.00006163	1.00006509	1.00005317
0.26214400	0.00000000	0.00000000	0.00000000	0.00000000	1.00010550	1.00005364	1.00006545	1.00005054
0.28835839	0.00000000	0.00000000	0.00000000	0.00000000	0.99961549	1.00005078	1.00006044	1.00004661
0.31457281	0.00000000	0.00000000	0.00000000	0.00000000	1.00061667	1.00005138	1.00005853	1.00004709
0.34078720	0.00000000	0.00000000	0.00000000	0.00000000	1.00093699	1.00004172	1.00005245	1.00004506
0.36700159	0.00000000	0.00000000	0.00000000	0.00000000	0.99935514	1.00003529	1.00004578	1.00003958
0.39321601	0.00000000	0.00000000	0.00000000	0.00000000	1.00083685	1.00003242	1.00004208	1.00003576
0.41943040	0.00000000	0.00000000	0.00000000	0.00000000	0.99835974	1.00004005	1.00003862	1.00003266
0.47185919	0.00000000	0.00000000	0.00000000	0.00000000	1.00008571	1.00002933	1.00002778	1.00002897
0.52428800	0.00000000	0.00000000	0.00000000	0.00000000	0.99973214	1.00002384	1.00002217	1.00001895
0.57671678	0.00000000	0.00000000	0.00000000	0.00000000	0.99985075	1.00001264	1.00001943	1.00001025
0.62914562	0.00000000	0.00000000	0.00000000	0.00000000	0.99845088	1.00000322	1.00000727	1.00000262
0.68157440	0.00000000	0.00000000	0.00000000	0.00000000	1.00046396	1.00000131	0.99999994	1.00000000
0.73400319	0.00000000	0.00000000	0.00000000	0.00000000	0.99918550	1.00000119	0.99999994	1.00000167
0.78643203	0.00000000	0.00000000	0.00000000	0.00000000	1.00073421	1.00000000	0.99999362	0.99999684
0.83886081	0.00000000	0.00000000	0.00000000	0.00000000	0.99795747	0.99999768	0.99999082	0.99999672
0.94371837	0.00000000	0.00000000	0.00000000	0.00000000	0.99982947	1.00000501	0.99999368	0.99999863
1.04857600	0.00000000	0.00000000	0.00000000	0.00000000	1.00069642	0.99999899	1.00000131	0.99999946
1.15343356	0.00000000	0.00000000	0.00000000	0.00000000	0.99939179	1.00000012	1.00000072	1.00000095
1.25829124	0.00000000	0.00000000	0.00000000	0.00000000	1.00079191	0.99999964	1.00000179	1.00000131
1.36314881	0.00000000	0.00000000	0.00000000	0.00000000	0.99977309	1.00000072	1.00000262	0.99999702
1.46800637	0.00000000	0.00000000	0.00000000	0.00000000	1.00005257	0.99999934	0.99999923	1.00000238
1.57286406	0.00000000	0.00000000	0.00000000	0.00000000	1.00020468	0.99999791	0.99999887	0.99999863
1.67772162	0.00000000	0.00000000	0.00000000	0.00000000	0.99992454	1.00000060	1.00000036	1.00000072
1.88743675	0.00000000	0.00000000	0.00000000	0.00000000	0.00000000	0.00000000	0.00000000	0.00000000
2.09715199	0.00000000	0.00000000	0.00000000	0.00000000	0.00000000	0.00000000	0.00000000	0.00000000
2.30686712	0.00000000	0.00000000	0.00000000	0.00000000	0.00000000	0.00000000	0.00000000	0.00000000
2.51658249	0.00000000	0.00000000	0.00000000	0.00000000	0.00000000	0.00000000	0.00000000	0.00000000
2.72629762	0.00000000	0.00000000	0.00000000	0.00000000	0.00000000	0.00000000	0.00000000	0.00000000
2.93601274	0.00000000	0.00000000	0.00000000	0.00000000	0.00000000	0.00000000	0.00000000	0.00000000
3.14572811	0.00000000	0.00000000	0.00000000	0.00000000	0.00000000	0.00000000	0.00000000	0.00000000
3.35544324	0.00000000	0.00000000	0.00000000	0.00000000	0.00000000	0.00000000	0.00000000	0.00000000
3.77487350	0.00000000	0.00000000	0.00000000	0.00000000	0.00000000	0.00000000	0.00000000	0.00000000
4.19430399	0.00000000	0.00000000	0.00000000	0.00000000	0.00000000	0.00000000	0.00000000	0.00000000
4.61373425	0.00000000	0.00000000	0.00000000	0.00000000	0.00000000	0.00000000	0.00000000	0.00000000
5.03316498	0.00000000	0.00000000	0.00000000	0.00000000	0.00000000	0.00000000	0.00000000	0.00000000
5.45259523	0.00000000	0.00000000	0.00000000	0.00000000	0.00000000	0.00000000	0.00000000	0.00000000
5.87202549	0.00000000	0.00000000	0.00000000	0.00000000	0.00000000	0.00000000	0.00000000	0.00000000
6.29145622	0.00000000	0.00000000	0.00000000	0.00000000	0.00000000	0.00000000	0.00000000	0.00000000
6.71088648	0.00000000	0.00000000	0.00000000	0.00000000	0.00000000	0.00000000	0.00000000	0.00000000
7.54974699	0.00000000	0.00000000	0.00000000	0.00000000	0.00000000	0.00000000	0.00000000	0.00000000
8.38860798	0.00000000	0.00000000	0.00000000	0.00000000	0.00000000	0.00000000	0.00000000	0.00000000
9.22746849	0.00000000	0.00000000	0.00000000	0.00000000	0.00000000	0.00000000	0.00000000	0.00000000
10.06632996	0.00000000	0.00000000	0.00000000	0.00000000	0.00000000	0.00000000	0.00000000	0.00000000
10.90519047	0.00000000	0.00000000	0.00000000	0.00000000	0.00000000	0.00000000	0.00000000	0.00000000
11.74405098	0.00000000	0.00000000	0.00000000	0.00000000	0.00000000	0.00000000	0.00000000	0.00000000
12.58291245	0.00000000	0.00000000	0.00000000	0.00000000	0.00000000	0.00000000	0.00000000	0.00000000
13.42177296	0.00000000	0.00000000	0.00000000	0.00000000	0.00000000	0.00000000	0.00000000	0.00000000
15.09949398	0.00000000	0.00000000	0.00000000	0.00000000	0.00000000	0.00000000	0.00000000	0.00000000
16.77721596	0.00000000	0.00000000	0.00000000	0.00000000	0.00000000	0.00000000	0.00000000	0.00000000
18.45493698	0.00000000	0.00000000	0.00000000	0.00000000	0.00000000	0.00000000	0.00000000	0.00000000
20.13265991	0.00000000	0.00000000	0.00000000	0.00000000	0.00000000	0.00000000	0.00000000	0.00000000
21.81038094	0.00000000	0.00000000	0.00000000	0.00000000	0.00000000	0.00000000	0.00000000	0.00000000
23.48810196	0.00000000	0.00000000	0.00000000	0.00000000	0.00000000	0.00000000	0.00000000	0.00000000
25.16582489	0.00000000	0.00000000	0.00000000	0.00000000	0.00000000	0.00000000	0.00000000	0.00000000
26.84354591	0.00000000	0.00000000	0.00000000	0.00000000	0.00000000	0.00000000	0.00000000	0.00000000
30.19898796	0.00000000	0.00000000	0.00000000	0.00000000	0.00000000	0.00000000	0.00000000	0.00000000
33.55443192	0.00000000	0.00000000	0.00000000	0.00000000	0.00000000	0.00000000	0.00000000	0.00000000
36.90987396	0.00000000	0.00000000	0.00000000	0.00000000	0.00000000	0.00000000	0.00000000	0.00000000
40.26531982	0.00000000	0.00000000	0.00000000	0.00000000	0.00000000	0.00000000	0.00000000	0.00000000
43.62076187	0.00000000	0.00000000	0.00000000	0.00000000	0.00000000	0.00000000	0.00000000	0.00000000
46.97620392	0.00000000	0.00000000	0.00000000	0.00000000	0.00000000	0.00000000	0.00000000	0.00000000
50.33164978	0.00000000	0.00000000	0.00000000	0.00000000	0.00000000	0.00000000	0.00000000	0.00000000
53.68709183	0.00000000	0.00000000	0.00000000	0.00000000	0.00000000	0.00000000	0.00000000	0.00000000
60.39797592	0.00000000	0.00000000	0.00000000	0.00000000	0.00000000	0.00000000	0.00000000	0.00000000
67.10886383	0.00000000	0.00000000	0.00000000	0.00000000	0.00000000	0.00000000	0.00000000	0.00000000
73.81974792	0.00000000	0.00000000	0.00000000	0.00000000	0.00000000	0.00000000	0.00000000	0.00000000
80.53063965	0.00000000	0.00000000	0.00000000	0.00000000	0.00000000	0.00000000	0.00000000	0.00000000
87.24152374	0.00000000	0.00000000	0.00000000	0.00000000	0.00000000	0.00000000	0.00000000	0.00000000
93.95240784	0.00000000	0.00000000	0.00000000	0.00000000	0.00000000	0.00000000	0.00000000	0.00000000
100.66329956	0.00000000	0.00000000	0.00000000	0.00000000	0.00000000	0.00000000	0.00000000	0.00000000
107.37418365	0.00000000	0.00000000	0.00000000	0.00000000	0.00000000	0.00000000	0.00000000	0.00000000
120.79595184	0.00000000	0.00000000	0.00000000	0.00000000	0.00000000	0.00000000	0.00000000	0.00000000
134.21772766	0.00000000	0.00000000	0.00000000	0.00000000	0.00000000	0.00000000	0.00000000	0.00000000
147.63949585	0.00000000	0.00000000	0.00000000	0.00000000	0.00000000	0.00000000	0.00000000	0.00000000
161.06127930	0.00000000	0.00000000	0.00000000	0.00000000	0.00000000	0.00000000	0.00000000	0.00000000
174.48304749	0.00000000	0.00000000	0.00000000	0.00000000	0.00000000	0.00000000	0.00000000	0.00000000
187.90481567	0.00000000	0.00000000	0.00000000	0.00000000	0.00000000	0.00000000	0.00000000	0.00000000
201.32659912	0.00000000	0.00000000	0.00000000	0.00000000	0.00000000	0.00000000	0.00000000	0.00000000
214.74836731	0.00000000	0.00000000	0.00000000	0.00000000	0.00000000	0.00000000	0.00000000	0.00000000
241.59190369	0.00000000	0.00000000	0.00000000	0.00000000	0.00000000	0.00000000	0.00000000	0.00000000
268.43545532	0.00000000	0.00000000	0.00000000	0.00000000	0.00000000	0.00000000	0.00000000	0.00000000
295.27899170	0.00000000	0.00000000	0.00000000	0.00000000	0.00000000	0.00000000	0.00000000	0.00000000
322.12255859	0.00000000	0.00000000	0.00000000	0.00000000	0.00000000	0.00000000	0.00000000	0.00000000
348.96609497	0.00000000	0.00000000	0.00000000	0.00000000	0.00000000	0.00000000	0.00000000	0.00000000
375.80963135	0.00000000	0.00000000	0.00000000	0.00000000	0.00000000	0.00000000	0.00000000	0.00000000
402.65319824	0.00000000	0.00000000	0.00000000	0.00000000	0.00000000	0.00000000	0.00000000	0.00000000
429.49673462	0.00000000	0.00000000	0.00000000	0.00000000	0.00000000	0.00000000	0.00000000	0.00000000
483.18380737	0.00000000	0.00000000	0.00000000	0.00000000	0.00000000	0.00000000	0.00000000	0.00000000
536.87091064	0.00000000	0.00000000	0.00000000	0.00000000	0.00000000	0.00000000	0.00000000	0.00000000
590.55798340	0.00000000	0.00000000	0.00000000	0.00000000	0.00000000	0.00000000	0.00000000	0.00000000
644.24511719	0.00000000	0.00000000	0.00000000	0.00000000	0.00000000	0.00000000	0.00000000	0.00000000
697.93218994	0.00000000	0.00000000	0.00000000	0.00000000	0.00000000	0.00000000	0.00000000	0.00000000
751.61926270	0.00000000	0.00000000	0.00000000	0.00000000	0.00000000	0.00000000	0.00000000	0.00000000
805.30639648	0.00000000	0.00000000	0.00000000	0.00000000	0.00000000	0.00000000	0.00000000	0.00000000
858.99346924	0.00000000	0.00000000	0.00000000	0.00000000	0.00000000	0.00000000	0.00000000	0.00000000
966.36761475	0.00000000	0.00000000	0.00000000	0.00000000	0.00000000	0.00000000	0.00000000	0.00000000
1073.74182129	0.00000000	0.00000000	0.00000000	0.00000000	0.00000000	0.00000000	0.00000000	0.00000000
1181.11596680	0.00000000	0.00000000	0.00000000	0.00000000	0.00000000	0.00000000	0.00000000	0.00000000
1288.49023437	0.00000000	0.00000000	0.00000000	0.00000000	0.00000000	0.00000000	0.00000000	0.00000000
1395.86437988	0.00000000	0.00000000	0.00000000	0.00000000	0.00000000	0.00000000	0.00000000	0.00000000
1503.23852539	0.00000000	0.00000000	0.00000000	0.00000000	0.00000000	0.00000000	0.00000000	0.00000000
1610.61279297	0.00000000	0.00000000	0.00000000	0.00000000	0.00000000	0.00000000	0.00000000	0.00000000
1717.98693848	0.00000000	0.00000000	0.00000000	0.00000000	0.00000000	0.00000000	0.00000000	0.00000000
1932.73522949	0.00000000	0.00000000	0.00000000	0.00000000	0.00000000	0.00000000	0.00000000	0.00000000
2147.48364258	0.00000000	0.00000000	0.00000000	0.00000000	0.00000000	0.00000000	0.00000000	0.00000000
2362.23193359	0.00000000	0.00000000	0.00000000	0.00000000	0.00000000	0.00000000	0.00000000	0.00000000
2576.98046875	0.00000000	0.00000000	0.00000000	0.00000000	0.00000000	0.00000000	0.00000000	0.00000000
2791.72875977	0.00000000	0.00000000	0.00000000	0.00000000	0.00000000	0.00000000	0.00000000	0.00000000
3006.47705078	0.00000000	0.00000000	0.00000000	0.00000000	0.00000000	0.00000000	0.00000000	0.00000000
3221.22558594	0.00000000	0.00000000	0.00000000	0.00000000	0.00000000	0.00000000	0.00000000	0.00000000
3435.97387695	0.00000000	0.00000000	0.00000000	0.00000000	0.00000000	0.00000000	0.00000000	0.00000000
0	0	0	0	0	0	0	0	0
