%4/4/2019 12:40:53 PM
%Duration	ID1		ID2		ID3		ID4		ID5		ID6		ID7		ID8
1000.000000	0.000000	0.505447	394.363403	245.666504	99.620819	31.814575	0.495911	0.219345
%Tau		Tau1		Tau2		Tau3		Tau4		Tau5		Tau6		Tau7		Tau8
%		0.000000	0.000001	0.000128	0.000090	0.000058	0.000026	0.000001	0.000001
%Delaytime	D1		D2		D3		D4		D5		D6		D7		D8
0.00000020	0.00000000	186.49897766	1.54023409	1.49025476	1.71575367	4.33266783	199.49127197	719.18792725
0.00000040	0.00000000	0.00000000	1.47149873	1.47687995	1.53029752	1.74953341	0.00000000	0.00000000
0.00000060	0.00000000	37.29979706	1.48165131	1.50607836	1.51323104	1.36875260	0.00000000	0.00000000
0.00000080	0.00000000	0.00000000	1.47369397	1.46388185	1.47227144	1.43050086	0.00000000	0.00000000
0.00000100	0.00000000	0.00000000	1.47582042	1.47782183	1.54508853	1.69807649	0.00000000	0.00000000
0.00000120	0.00000000	0.00000000	1.47760403	1.45521653	1.53712416	1.44079220	0.00000000	0.00000000
0.00000140	0.00000000	0.00000000	1.45887673	1.47612643	1.39490318	1.34816980	0.00000000	0.00000000
0.00000160	0.00000000	0.00000000	1.48425806	1.50325274	1.47454691	1.55399728	0.00000000	0.00000000
0.00000180	0.00000000	0.00000000	1.46628535	1.47669148	1.45975602	1.49224901	0.00000000	0.00000000
0.00000200	0.00000000	0.00000000	1.46079743	1.48968959	1.49275124	1.63632834	0.00000000	0.00000000
0.00000220	0.00000000	74.59959412	1.46491337	1.47066343	1.55532849	1.27613020	49.87281799	0.00000000
0.00000240	0.00000000	37.29979706	1.44165862	1.44881165	1.49275124	1.64661968	0.00000000	0.00000000
0.00000260	0.00000000	37.29979706	1.47369397	1.45766544	1.40400529	1.42020941	0.00000000	0.00000000
0.00000280	0.00000000	37.29979706	1.47952473	1.45653510	1.42676067	1.37904394	0.00000000	0.00000000
0.00000300	0.00000000	0.00000000	1.45812213	1.46915638	1.50071561	1.47166634	0.00000000	0.00000000
0.00000320	0.00000000	0.00000000	1.46155202	1.49176168	1.43813837	1.38933527	0.00000000	0.00000000
0.00000360	0.00000000	0.00000000	1.45428061	1.45973754	1.42505407	1.40477240	0.00000000	0.00000000
0.00000400	0.00000000	0.00000000	1.45702457	1.45719445	1.48763132	1.60545421	0.00000000	0.00000000
0.00000440	0.00000000	0.00000000	1.46343851	1.47056925	1.55134630	1.51283181	0.00000000	0.00000000
0.00000480	0.00000000	0.00000000	1.44158995	1.47725666	1.41765857	1.40991807	0.00000000	0.00000000
0.00000520	0.00000000	0.00000000	1.44910145	1.46708429	1.44951606	1.51283181	0.00000000	0.00000000
0.00000560	0.00000000	0.00000000	1.45572126	1.43251693	1.44439614	1.31729567	0.00000000	0.00000000
0.00000600	0.00000000	0.00000000	1.44134986	1.46567142	1.39774764	1.40477240	0.00000000	0.00000000
0.00000640	0.00000000	0.00000000	1.44114411	1.44608021	1.46430707	1.50768614	0.00000000	0.00000000
0.00000720	0.00000000	0.00000000	1.44417953	1.44721043	1.48364913	1.38418961	0.00000000	89.89849091
0.00000800	0.00000000	0.00000000	1.44776380	1.45107222	1.43188059	1.39705384	0.00000000	0.00000000
0.00000880	0.00000000	0.00000000	1.44560301	1.44768143	1.40372086	1.49224901	0.00000000	0.00000000
0.00000960	0.00000000	0.00000000	1.43327248	1.43195188	1.41566741	1.34045136	0.00000000	0.00000000
0.00001040	0.00000000	0.00000000	1.42910516	1.42959714	1.43045843	1.32244146	24.93640900	0.00000000
0.00001120	0.00000000	9.32494926	1.43685675	1.43209314	1.42021859	1.42020941	12.46820450	0.00000000
0.00001200	0.00000000	0.00000000	1.43277514	1.42663014	1.41282308	1.33787847	0.00000000	0.00000000
0.00001280	0.00000000	0.00000000	1.42793894	1.42177951	1.41851187	1.31472290	0.00000000	0.00000000
0.00001440	0.00000000	0.00000000	1.42362583	1.41888320	1.41324973	1.31343651	0.00000000	0.00000000
0.00001600	0.00000000	0.00000000	1.42323995	1.40647376	1.39106321	1.26069319	0.00000000	0.00000000
0.00001760	0.00000000	0.00000000	1.40781403	1.39220417	1.37570333	1.30571795	0.00000000	0.00000000
0.00001920	0.00000000	0.00000000	1.40656209	1.39269865	1.36446786	1.25554752	0.00000000	0.00000000
0.00002080	0.00000000	0.00000000	1.40741098	1.38040709	1.34157038	1.27355742	0.00000000	0.00000000
0.00002240	0.00000000	0.00000000	1.40031958	1.37444961	1.33332157	1.35717475	0.00000000	0.00000000
0.00002400	0.00000000	0.00000000	1.39066446	1.37183583	1.34114373	1.23496473	0.00000000	0.00000000
0.00002560	0.00000000	0.00000000	1.38974690	1.36771512	1.33844149	1.28642166	0.00000000	0.00000000
0.00002880	0.00000000	4.75656843	1.38707674	1.34444165	1.30832291	1.29073703	0.00000000	23.33072281
0.00003200	0.00000000	2.37828422	1.37586164	1.33260250	1.30285656	1.24369574	0.00000000	0.00000000
0.00003520	0.00000000	0.00000000	1.36559808	1.32055056	1.27066147	1.27398264	0.00000000	0.00000000
0.00003840	0.00000000	7.13485289	1.36404479	1.31436491	1.26363134	1.21920848	0.00000000	0.00000000
0.00004160	0.00000000	0.00000000	1.34590745	1.30201745	1.25525200	1.22887444	0.00000000	0.00000000
0.00004480	0.00000000	0.00000000	1.34109294	1.28847051	1.23602653	1.16378987	3.17517662	0.00000000
0.00004800	0.00000000	0.00000000	1.33205521	1.27569151	1.24456322	1.17667794	3.17517662	0.00000000
0.00005120	0.00000000	0.00000000	1.32669473	1.27010250	1.21012950	1.19149923	0.00000000	0.00000000
0.00005760	0.00000000	0.00000000	1.31026709	1.25305760	1.19648075	1.15981638	0.00000000	0.00000000
0.00006400	0.00000000	0.00000000	1.29565442	1.23485100	1.17967463	1.13889277	0.00000000	11.66536140
0.00007040	0.00000000	0.00000000	1.28359318	1.21675599	1.15741110	1.12472904	0.00000000	0.00000000
0.00007680	0.00000000	0.00000000	1.26963460	1.20164490	1.14837539	1.08610070	1.58024693	11.66536140
0.00008320	0.00000000	1.17964804	1.25551116	1.19073057	1.12131155	1.11181617	0.00000000	0.00000000
0.00008960	0.00000000	1.17964804	1.24188185	1.17531335	1.11296654	1.07157958	1.58024693	11.66536140
0.00009600	0.00000000	2.35929608	1.23246729	1.16537356	1.09994185	1.05999148	6.32098770	0.00000000
0.00010240	0.00000000	0.00000000	1.22040212	1.14830256	1.08106685	1.05384076	0.00000000	0.00000000
0.00011520	0.00000000	0.59219038	1.20012522	1.13540864	1.07341111	1.03383923	0.80496114	0.00000000
0.00012800	0.00000000	1.18438077	1.18062949	1.11658812	1.05620253	1.00061643	0.80496114	0.00000000
0.00014080	0.00000000	0.59219038	1.16487503	1.09986997	1.04961038	1.03432357	1.60992229	0.00000000
0.00015360	0.00000000	1.77657115	1.15106535	1.08537579	1.03001988	1.05079007	0.00000000	0.00000000
0.00016640	0.00000000	1.77657115	1.13781917	1.07189476	1.02799571	1.00671792	0.00000000	5.68866920
0.00017920	0.00000000	1.77657115	1.12528324	1.05875754	1.01977360	1.01446688	0.00000000	0.00000000
0.00019200	0.00000000	0.59219038	1.11576200	1.05277622	1.01667464	1.00723553	1.60992229	0.00000000
0.00020480	0.00000000	0.59219038	1.10648882	1.04818940	1.01920033	1.01450038	1.60992229	5.68866920
0.00023040	0.00000000	1.79089832	1.08665705	1.03628719	1.01236546	0.99245036	1.20181918	2.84433460
0.00025600	0.00000000	0.89544916	1.07122874	1.02824366	1.01077819	1.01831722	0.40060639	0.00000000
0.00028160	0.00000000	1.49241531	1.05910134	1.02216744	1.01132298	0.99884939	1.20181918	2.84433460
0.00030720	0.00000000	1.49241531	1.04953611	1.01472104	1.00901008	1.00397360	1.60242558	0.00000000
0.00033280	0.00000000	1.79089832	1.03942978	1.01264238	0.99931163	0.99048364	0.80121279	0.00000000
0.00035840	0.00000000	0.59696609	1.03276861	1.00711489	1.00817263	1.00031435	0.80121279	0.00000000
0.00038400	0.00000000	0.29848304	1.02393913	1.00428772	1.00346887	1.01127315	1.60242558	0.00000000
0.00040960	0.00000000	1.19393218	1.01896715	1.00119853	1.00100267	1.00376034	1.20181918	5.68866920
0.00046080	0.00000000	0.59937567	1.01161015	1.00460196	0.99435550	1.01194572	1.20181918	4.26650190
0.00051200	0.00000000	1.79812694	1.00570631	0.99875236	0.99555486	1.00072920	0.80121279	0.00000000
0.00056320	0.00000000	1.34859526	1.00168824	0.99684757	0.99592263	1.00848281	0.80121279	2.84433460
0.00061440	0.00000000	0.89906347	0.99850601	0.99621212	0.99264330	1.00086474	1.40212238	2.84433460
0.00066560	0.00000000	0.59937567	0.99752665	0.99627572	0.99833381	0.98752606	0.80308479	1.42216730
0.00071680	0.00000000	1.79812694	0.99718690	0.99853450	1.00080907	0.99402857	1.80694067	0.00000000
0.00076800	0.00000000	1.49843907	0.99661213	1.00347960	1.00592709	0.99753082	0.80308479	0.00000000
0.00081920	0.00000000	1.04890740	0.99638593	1.00263798	1.00618541	0.99330246	0.60231358	0.00000000
0.00092160	0.00000000	1.18438077	0.99656427	1.00254154	1.00318515	1.00685620	0.99686319	0.00000000
0.00102400	0.00000000	1.55449975	0.99354291	0.99736804	1.00092673	1.00177670	0.59811789	0.72000003
0.00112640	0.00000000	1.03633320	0.99188989	0.99916071	1.00981259	0.99526596	1.39560843	1.44000006
0.00122880	0.00000000	0.88828558	0.98976970	1.00037551	1.00323784	0.99977386	0.89717686	0.00000000
0.00133120	0.00000000	1.11035693	0.99206692	1.00192451	1.00409079	1.00310576	1.09654951	0.00000000
0.00143360	0.00000000	1.18438077	0.99403912	1.00433373	0.99770296	1.00562561	0.89717686	0.72000003
0.00153600	0.00000000	1.11035693	0.99593556	1.00022924	0.99535471	0.99251485	0.89717686	1.44000006
0.00163840	0.00000000	1.55449975	0.99755526	1.00008678	0.99811596	0.99854982	1.39560843	2.16000009
0.00184320	0.00000000	1.06267142	0.99862140	0.99714947	1.00402939	0.99785239	1.19346035	0.35554183
0.00204800	0.00000000	1.31917834	1.00007927	0.99948215	1.00142479	0.99774331	1.54155290	1.77770925
0.00225280	0.00000000	0.73287690	0.99626470	1.00133991	0.99785292	0.99813980	1.04185486	1.06662548
0.00245760	0.00000000	1.13369632	0.99464142	0.99604970	0.99743736	0.99412781	0.84340632	1.06662548
0.00266240	0.00000000	0.76798779	0.99828440	0.99395657	0.99951959	0.98887956	1.24318779	1.77770925
0.00286720	0.00000000	1.09712541	0.99914771	0.99998522	0.99984354	1.00262427	0.74591267	1.06662548
0.00307200	0.00000000	1.20683801	1.00153792	1.00214231	0.99574816	1.00045967	0.99455029	1.42216730
0.00327680	0.00000000	1.06055462	1.00147343	0.99855918	1.00118685	1.00151312	0.89509523	1.06662548
0.00368640	0.00000000	0.98153931	1.00312698	1.00158548	0.99760890	1.00057089	0.89302325	1.58024693
0.00409600	0.00000000	0.79977280	0.99477816	1.00439835	1.00025535	0.99936450	0.96744186	1.05349791
0.00450560	0.00000000	0.83612609	0.99902290	1.00079811	0.99965221	1.00391269	1.16589153	0.70233196
0.00491520	0.00000000	1.05424595	0.99356484	1.00383735	0.99837130	0.99918032	1.06420326	0.87791497
0.00532480	0.00000000	0.94706887	1.00015593	1.00285411	1.00275290	1.00135183	0.96520758	0.69802320
0.00573440	0.00000000	0.85600454	1.00623894	1.00030661	1.00261474	0.99569935	1.06420326	1.39604640
0.00614400	0.00000000	1.05634606	1.00753403	1.00216258	1.00041676	0.99678415	1.01470542	1.05349791
0.00655360	0.00000000	0.74672735	1.00389659	1.00016975	1.00294137	0.99872321	1.13845003	0.70233196
0.00737280	0.00000000	1.00880432	1.00213718	1.00186622	1.00012743	0.99674869	0.97194159	1.91956377
0.00819200	0.00000000	0.86339110	0.99814868	0.99523890	1.00034642	1.00046062	1.07162786	1.30879343
0.00901120	0.00000000	1.03812909	1.00051391	0.99974185	1.00100636	1.00547481	1.01941407	1.13428771
0.00983040	0.00000000	1.16561866	1.00184989	1.00000751	0.99675626	0.99704719	0.88471603	1.13428771
0.01064960	0.00000000	1.13604093	0.99776363	1.00274014	0.99876213	1.00187862	0.88266337	0.69802320
0.01146880	0.00000000	1.10877597	1.00367093	0.99891359	1.00174189	0.99751604	0.83293587	1.13428771
0.01228800	0.00000000	1.21783578	1.00093865	1.00388658	0.99836171	1.00251579	1.12147105	1.22154057
0.01310720	0.00000000	0.89065605	0.99913019	1.00081527	0.99798304	1.00146925	1.24607897	1.57055211
0.01474560	0.00000000	0.98282743	1.00237262	0.99762768	1.00296450	0.99710053	1.06292558	0.91615540
0.01638400	0.00000000	1.07086611	0.99701995	1.00048959	1.00260532	1.00023234	1.02945185	0.61077029
0.01802240	0.00000000	0.99887514	1.00440085	1.00166869	0.99870914	1.00115240	1.00698209	1.22154057
0.01966080	0.00000000	0.95838022	0.99972755	1.00019479	1.00138927	0.99967283	0.87644744	1.09066117
0.02129920	0.00000000	0.91069335	1.00160956	0.99956387	0.99638158	1.00185776	0.88681692	1.39604640
0.02293760	0.00000000	1.11136103	1.00058866	1.00228262	0.99946392	1.00186491	1.02325034	0.91615540
0.02457600	0.00000000	0.97637796	0.99904823	1.00135779	0.99984521	1.00095582	1.11265314	1.04703474
0.02621440	0.00000000	1.17885268	0.99979514	1.00234270	1.00089645	1.00072992	0.87644744	1.22154057
0.02949120	0.00000000	0.92970520	1.00059044	0.99850017	0.99895090	0.99925321	0.95681065	0.83401918
0.03276800	0.00000000	1.07015049	1.00011146	0.99864411	0.99970090	1.00019348	1.02541506	1.09739363
0.03604480	0.00000000	0.90929705	0.99795020	0.99964529	1.00038922	1.00005865	0.96915656	0.87791497
0.03932160	0.00000000	0.90428853	1.00179374	1.00042140	0.99871910	0.99911159	1.01382494	0.74622768
0.04259840	0.00000000	1.00853729	1.00074613	0.99937212	0.99985933	1.00111341	0.98389757	1.00960219
0.04587520	0.00000000	1.05651808	0.99891466	0.99970073	1.00082159	0.99885160	0.99002779	1.22908092
0.04915200	0.00000000	1.00398409	0.99965179	1.00088489	0.99987108	1.00248504	1.04697037	0.97170460
0.05242880	0.00000000	0.96983492	0.99979866	1.00099027	1.00147772	1.00022650	1.02779984	1.03795719
0.05898240	0.00000000	0.98577118	0.99920982	0.99965531	0.99967128	0.99961621	1.06760538	0.95551866
0.06553600	0.00000000	0.96150553	1.00169158	0.99966431	1.00053322	0.99953645	0.97770649	1.21106434
0.07208960	0.00000000	0.96535927	0.99979514	0.99871677	1.00037539	0.99951088	0.98694468	1.00621116
0.07864320	0.00000000	0.91980451	0.99985731	1.00150859	0.99990475	1.00026906	1.00850046	1.02691507
0.08519680	0.00000000	0.97811061	0.99903977	0.99841303	0.99790817	0.99851990	0.94603330	0.87774390
0.09175040	0.00000000	0.97844207	1.00024390	0.99975097	1.00044060	0.99989796	1.00393164	0.90545201
0.09830400	0.00000000	0.97039378	1.00076127	0.99998522	1.00062418	1.00036764	0.95683628	1.13328958
0.10485760	0.00000000	1.00230420	1.00048459	1.00042248	0.99996126	1.00111675	1.03195727	0.91087145
0.11796480	0.00000000	1.02603579	1.00047934	0.99918145	0.99991149	0.99912220	1.01839077	1.09014678
0.13107200	0.00000000	1.00416493	1.00006211	1.00065339	0.99972886	0.99948478	1.01236880	1.07933009
0.14417920	0.00000000	1.01392066	1.00065720	1.00000358	0.99950027	0.99965698	1.01165497	0.92181927
0.15728641	0.00000000	1.01533103	0.99963564	1.00022995	1.00090873	0.99992573	0.92548507	1.03676474
0.17039360	0.00000000	0.96438491	0.99995768	0.99996060	1.00128639	0.99946958	1.00394380	0.76633990
0.18350080	0.00000000	0.97536254	0.99884760	0.99964947	1.00008917	0.99955171	1.03243887	0.95524639
0.19660801	0.00000000	1.01237059	1.00144672	0.99981236	1.00041461	1.00065958	1.03116310	0.91972834
0.20971520	0.00000000	1.03319621	1.00049448	1.00100780	1.00021470	1.00008774	0.94857216	0.99559695
0.23592959	0.00000000	1.01228738	0.99978185	1.00003934	1.00025201	0.99971944	0.98932481	0.97584164
0.26214400	0.00000000	1.02341568	0.99952513	1.00000989	0.99906665	0.99942309	0.95975941	1.08434057
0.28835839	0.00000000	0.97318566	1.00105226	0.99974310	0.99980277	0.99986547	1.01034141	0.98434681
0.31457281	0.00000000	0.97819453	1.00009906	0.99961251	1.00060582	1.00026286	0.97792172	0.94153261
0.34078720	0.00000000	1.00881660	1.00020957	1.00000703	1.00036383	0.99942642	1.03156149	0.93971223
0.36700159	0.00000000	0.96784884	0.99984127	1.00023508	1.00023055	0.99983382	1.01450276	0.94317675
0.39321601	0.00000000	0.99901450	0.99995303	0.99981540	1.00068676	1.00040841	1.00687635	1.00488102
0.41943040	0.00000000	0.98022878	1.00082123	0.99949354	0.99896747	1.00070441	1.01154876	1.03948808
0.47185919	0.00000000	0.99184895	0.99927831	1.00003672	0.99991500	1.00071144	0.98718560	1.00495863
0.52428800	0.00000000	0.97396094	0.99972713	0.99986631	1.00049412	0.99970430	0.99501574	0.99829060
0.57671678	0.00000000	0.98201609	1.00014126	0.99944347	0.99962032	0.99971402	0.98823041	0.99204797
0.62914562	0.00000000	1.00861979	0.99909151	0.99978143	0.99972540	1.00009286	0.98164845	1.11359501
0.68157440	0.00000000	1.02443612	0.99933714	1.00006807	1.00051260	0.99966103	0.99516588	0.97849464
0.73400319	0.00000000	0.99094671	1.00071394	1.00018561	0.99978822	0.99973637	1.02807868	1.09772193
0.78643203	0.00000000	0.97979695	0.99912906	0.99940109	0.99961996	1.00000727	1.01976883	1.01130188
0.83886081	0.00000000	1.01722670	0.99974507	0.99964815	1.00027537	1.00008988	0.98224002	1.01207781
0.94371837	0.00000000	1.00627005	1.00017834	1.00016463	0.99963552	0.99994600	0.98061103	0.95368916
1.04857600	0.00000000	0.99140859	0.99987853	0.99967068	1.00000882	0.99964559	0.99130434	0.96375948
1.15343356	0.00000000	1.00690520	1.00070333	1.00047505	1.00009239	0.99945027	1.00113308	1.00701749
1.25829124	0.00000000	0.98546445	0.99971157	1.00042629	0.99981040	1.00026560	1.00665998	1.03275406
1.36314881	0.00000000	0.99559063	1.00037646	0.99959910	1.00013757	1.00081038	0.98318291	1.07965767
1.46800637	0.00000000	1.01884115	1.00099945	0.99970180	1.00006902	0.99973917	1.02640522	0.92380953
1.57286406	0.00000000	1.00279653	0.99855912	0.99971908	0.99959171	0.99984854	0.99205941	1.01515150
1.67772162	0.00000000	0.97838765	1.00079644	1.00092721	1.00044763	1.00002742	0.98539752	0.95454544
1.88743675	0.00000000	0.00000000	0.00000000	0.00000000	0.00000000	0.00000000	0.00000000	0.00000000
2.09715199	0.00000000	0.00000000	0.00000000	0.00000000	0.00000000	0.00000000	0.00000000	0.00000000
2.30686712	0.00000000	0.00000000	0.00000000	0.00000000	0.00000000	0.00000000	0.00000000	0.00000000
2.51658249	0.00000000	0.00000000	0.00000000	0.00000000	0.00000000	0.00000000	0.00000000	0.00000000
2.72629762	0.00000000	0.00000000	0.00000000	0.00000000	0.00000000	0.00000000	0.00000000	0.00000000
2.93601274	0.00000000	0.00000000	0.00000000	0.00000000	0.00000000	0.00000000	0.00000000	0.00000000
3.14572811	0.00000000	0.00000000	0.00000000	0.00000000	0.00000000	0.00000000	0.00000000	0.00000000
3.35544324	0.00000000	0.00000000	0.00000000	0.00000000	0.00000000	0.00000000	0.00000000	0.00000000
3.77487350	0.00000000	0.00000000	0.00000000	0.00000000	0.00000000	0.00000000	0.00000000	0.00000000
4.19430399	0.00000000	0.00000000	0.00000000	0.00000000	0.00000000	0.00000000	0.00000000	0.00000000
4.61373425	0.00000000	0.00000000	0.00000000	0.00000000	0.00000000	0.00000000	0.00000000	0.00000000
5.03316498	0.00000000	0.00000000	0.00000000	0.00000000	0.00000000	0.00000000	0.00000000	0.00000000
5.45259523	0.00000000	0.00000000	0.00000000	0.00000000	0.00000000	0.00000000	0.00000000	0.00000000
5.87202549	0.00000000	0.00000000	0.00000000	0.00000000	0.00000000	0.00000000	0.00000000	0.00000000
6.29145622	0.00000000	0.00000000	0.00000000	0.00000000	0.00000000	0.00000000	0.00000000	0.00000000
6.71088648	0.00000000	0.00000000	0.00000000	0.00000000	0.00000000	0.00000000	0.00000000	0.00000000
7.54974699	0.00000000	0.00000000	0.00000000	0.00000000	0.00000000	0.00000000	0.00000000	0.00000000
8.38860798	0.00000000	0.00000000	0.00000000	0.00000000	0.00000000	0.00000000	0.00000000	0.00000000
9.22746849	0.00000000	0.00000000	0.00000000	0.00000000	0.00000000	0.00000000	0.00000000	0.00000000
10.06632996	0.00000000	0.00000000	0.00000000	0.00000000	0.00000000	0.00000000	0.00000000	0.00000000
10.90519047	0.00000000	0.00000000	0.00000000	0.00000000	0.00000000	0.00000000	0.00000000	0.00000000
11.74405098	0.00000000	0.00000000	0.00000000	0.00000000	0.00000000	0.00000000	0.00000000	0.00000000
12.58291245	0.00000000	0.00000000	0.00000000	0.00000000	0.00000000	0.00000000	0.00000000	0.00000000
13.42177296	0.00000000	0.00000000	0.00000000	0.00000000	0.00000000	0.00000000	0.00000000	0.00000000
15.09949398	0.00000000	0.00000000	0.00000000	0.00000000	0.00000000	0.00000000	0.00000000	0.00000000
16.77721596	0.00000000	0.00000000	0.00000000	0.00000000	0.00000000	0.00000000	0.00000000	0.00000000
18.45493698	0.00000000	0.00000000	0.00000000	0.00000000	0.00000000	0.00000000	0.00000000	0.00000000
20.13265991	0.00000000	0.00000000	0.00000000	0.00000000	0.00000000	0.00000000	0.00000000	0.00000000
21.81038094	0.00000000	0.00000000	0.00000000	0.00000000	0.00000000	0.00000000	0.00000000	0.00000000
23.48810196	0.00000000	0.00000000	0.00000000	0.00000000	0.00000000	0.00000000	0.00000000	0.00000000
25.16582489	0.00000000	0.00000000	0.00000000	0.00000000	0.00000000	0.00000000	0.00000000	0.00000000
26.84354591	0.00000000	0.00000000	0.00000000	0.00000000	0.00000000	0.00000000	0.00000000	0.00000000
30.19898796	0.00000000	0.00000000	0.00000000	0.00000000	0.00000000	0.00000000	0.00000000	0.00000000
33.55443192	0.00000000	0.00000000	0.00000000	0.00000000	0.00000000	0.00000000	0.00000000	0.00000000
36.90987396	0.00000000	0.00000000	0.00000000	0.00000000	0.00000000	0.00000000	0.00000000	0.00000000
40.26531982	0.00000000	0.00000000	0.00000000	0.00000000	0.00000000	0.00000000	0.00000000	0.00000000
43.62076187	0.00000000	0.00000000	0.00000000	0.00000000	0.00000000	0.00000000	0.00000000	0.00000000
46.97620392	0.00000000	0.00000000	0.00000000	0.00000000	0.00000000	0.00000000	0.00000000	0.00000000
50.33164978	0.00000000	0.00000000	0.00000000	0.00000000	0.00000000	0.00000000	0.00000000	0.00000000
53.68709183	0.00000000	0.00000000	0.00000000	0.00000000	0.00000000	0.00000000	0.00000000	0.00000000
60.39797592	0.00000000	0.00000000	0.00000000	0.00000000	0.00000000	0.00000000	0.00000000	0.00000000
67.10886383	0.00000000	0.00000000	0.00000000	0.00000000	0.00000000	0.00000000	0.00000000	0.00000000
73.81974792	0.00000000	0.00000000	0.00000000	0.00000000	0.00000000	0.00000000	0.00000000	0.00000000
80.53063965	0.00000000	0.00000000	0.00000000	0.00000000	0.00000000	0.00000000	0.00000000	0.00000000
87.24152374	0.00000000	0.00000000	0.00000000	0.00000000	0.00000000	0.00000000	0.00000000	0.00000000
93.95240784	0.00000000	0.00000000	0.00000000	0.00000000	0.00000000	0.00000000	0.00000000	0.00000000
100.66329956	0.00000000	0.00000000	0.00000000	0.00000000	0.00000000	0.00000000	0.00000000	0.00000000
107.37418365	0.00000000	0.00000000	0.00000000	0.00000000	0.00000000	0.00000000	0.00000000	0.00000000
120.79595184	0.00000000	0.00000000	0.00000000	0.00000000	0.00000000	0.00000000	0.00000000	0.00000000
134.21772766	0.00000000	0.00000000	0.00000000	0.00000000	0.00000000	0.00000000	0.00000000	0.00000000
147.63949585	0.00000000	0.00000000	0.00000000	0.00000000	0.00000000	0.00000000	0.00000000	0.00000000
161.06127930	0.00000000	0.00000000	0.00000000	0.00000000	0.00000000	0.00000000	0.00000000	0.00000000
174.48304749	0.00000000	0.00000000	0.00000000	0.00000000	0.00000000	0.00000000	0.00000000	0.00000000
187.90481567	0.00000000	0.00000000	0.00000000	0.00000000	0.00000000	0.00000000	0.00000000	0.00000000
201.32659912	0.00000000	0.00000000	0.00000000	0.00000000	0.00000000	0.00000000	0.00000000	0.00000000
214.74836731	0.00000000	0.00000000	0.00000000	0.00000000	0.00000000	0.00000000	0.00000000	0.00000000
241.59190369	0.00000000	0.00000000	0.00000000	0.00000000	0.00000000	0.00000000	0.00000000	0.00000000
268.43545532	0.00000000	0.00000000	0.00000000	0.00000000	0.00000000	0.00000000	0.00000000	0.00000000
295.27899170	0.00000000	0.00000000	0.00000000	0.00000000	0.00000000	0.00000000	0.00000000	0.00000000
322.12255859	0.00000000	0.00000000	0.00000000	0.00000000	0.00000000	0.00000000	0.00000000	0.00000000
348.96609497	0.00000000	0.00000000	0.00000000	0.00000000	0.00000000	0.00000000	0.00000000	0.00000000
375.80963135	0.00000000	0.00000000	0.00000000	0.00000000	0.00000000	0.00000000	0.00000000	0.00000000
402.65319824	0.00000000	0.00000000	0.00000000	0.00000000	0.00000000	0.00000000	0.00000000	0.00000000
429.49673462	0.00000000	0.00000000	0.00000000	0.00000000	0.00000000	0.00000000	0.00000000	0.00000000
483.18380737	0.00000000	0.00000000	0.00000000	0.00000000	0.00000000	0.00000000	0.00000000	0.00000000
536.87091064	0.00000000	0.00000000	0.00000000	0.00000000	0.00000000	0.00000000	0.00000000	0.00000000
590.55798340	0.00000000	0.00000000	0.00000000	0.00000000	0.00000000	0.00000000	0.00000000	0.00000000
644.24511719	0.00000000	0.00000000	0.00000000	0.00000000	0.00000000	0.00000000	0.00000000	0.00000000
697.93218994	0.00000000	0.00000000	0.00000000	0.00000000	0.00000000	0.00000000	0.00000000	0.00000000
751.61926270	0.00000000	0.00000000	0.00000000	0.00000000	0.00000000	0.00000000	0.00000000	0.00000000
805.30639648	0.00000000	0.00000000	0.00000000	0.00000000	0.00000000	0.00000000	0.00000000	0.00000000
858.99346924	0.00000000	0.00000000	0.00000000	0.00000000	0.00000000	0.00000000	0.00000000	0.00000000
966.36761475	0.00000000	0.00000000	0.00000000	0.00000000	0.00000000	0.00000000	0.00000000	0.00000000
1073.74182129	0.00000000	0.00000000	0.00000000	0.00000000	0.00000000	0.00000000	0.00000000	0.00000000
1181.11596680	0.00000000	0.00000000	0.00000000	0.00000000	0.00000000	0.00000000	0.00000000	0.00000000
1288.49023437	0.00000000	0.00000000	0.00000000	0.00000000	0.00000000	0.00000000	0.00000000	0.00000000
1395.86437988	0.00000000	0.00000000	0.00000000	0.00000000	0.00000000	0.00000000	0.00000000	0.00000000
1503.23852539	0.00000000	0.00000000	0.00000000	0.00000000	0.00000000	0.00000000	0.00000000	0.00000000
1610.61279297	0.00000000	0.00000000	0.00000000	0.00000000	0.00000000	0.00000000	0.00000000	0.00000000
1717.98693848	0.00000000	0.00000000	0.00000000	0.00000000	0.00000000	0.00000000	0.00000000	0.00000000
1932.73522949	0.00000000	0.00000000	0.00000000	0.00000000	0.00000000	0.00000000	0.00000000	0.00000000
2147.48364258	0.00000000	0.00000000	0.00000000	0.00000000	0.00000000	0.00000000	0.00000000	0.00000000
2362.23193359	0.00000000	0.00000000	0.00000000	0.00000000	0.00000000	0.00000000	0.00000000	0.00000000
2576.98046875	0.00000000	0.00000000	0.00000000	0.00000000	0.00000000	0.00000000	0.00000000	0.00000000
2791.72875977	0.00000000	0.00000000	0.00000000	0.00000000	0.00000000	0.00000000	0.00000000	0.00000000
3006.47705078	0.00000000	0.00000000	0.00000000	0.00000000	0.00000000	0.00000000	0.00000000	0.00000000
3221.22558594	0.00000000	0.00000000	0.00000000	0.00000000	0.00000000	0.00000000	0.00000000	0.00000000
3435.97387695	0.00000000	0.00000000	0.00000000	0.00000000	0.00000000	0.00000000	0.00000000	0.00000000
0	0	0	0	0	0	0	0	0
