%4/4/2019 12:40:09 PM
%Duration	ID1		ID2		ID3		ID4		ID5		ID6		ID7		ID8
1000.000000	0.000000	0.476837	379.800812	234.050751	93.936920	33.025742	0.362396	0.200272
%Tau		Tau1		Tau2		Tau3		Tau4		Tau5		Tau6		Tau7		Tau8
%		0.000000	0.000001	0.000141	0.000090	0.000064	0.000018	0.000001	0.000001
%Delaytime	D1		D2		D3		D4		D5		D6		D7		D8
0.00000020	0.00000000	100.78871918	1.56315851	1.47179961	1.62396753	4.24906635	186.41351318	0.00000000
0.00000040	0.00000000	100.78871918	1.50402296	1.49925995	1.52568066	1.62730193	0.00000000	0.00000000
0.00000060	0.00000000	0.00000000	1.48347521	1.49244094	1.51786244	1.67752731	0.00000000	256.00000000
0.00000080	0.00000000	0.00000000	1.49176395	1.48893929	1.44303036	1.34603989	0.00000000	0.00000000
0.00000100	0.00000000	0.00000000	1.46341503	1.48470044	1.47653723	1.81815839	0.00000000	0.00000000
0.00000120	0.00000000	0.00000000	1.48472893	1.50534177	1.52456379	1.61725688	0.00000000	0.00000000
0.00000140	0.00000000	0.00000000	1.47448993	1.48396325	1.43967962	1.51680613	0.00000000	0.00000000
0.00000160	0.00000000	0.00000000	1.47832084	1.46295333	1.48658931	1.44649065	0.00000000	0.00000000
0.00000180	0.00000000	0.00000000	1.48124623	1.46829796	1.46090066	1.40631032	0.00000000	0.00000000
0.00000200	0.00000000	0.00000000	1.47859943	1.48801780	1.44414723	1.32594967	0.00000000	0.00000000
0.00000220	0.00000000	0.00000000	1.48075867	1.46958804	1.45643306	1.68757236	0.00000000	0.00000000
0.00000240	0.00000000	0.00000000	1.46571362	1.47769713	1.49775827	1.25563419	0.00000000	0.00000000
0.00000260	0.00000000	0.00000000	1.46425092	1.45963597	1.56923962	1.55698645	0.00000000	0.00000000
0.00000280	0.00000000	0.00000000	1.47302723	1.47806573	1.47765410	1.29581451	0.00000000	0.00000000
0.00000300	0.00000000	0.00000000	1.46898735	1.51732111	1.52568066	1.37617505	0.00000000	0.00000000
0.00000320	0.00000000	0.00000000	1.46926594	1.46369052	1.43632889	1.47662580	0.00000000	0.00000000
0.00000360	0.00000000	0.00000000	1.47372377	1.47806573	1.48993993	1.50676107	0.00000000	0.00000000
0.00000400	0.00000000	0.00000000	1.47062421	1.48184383	1.50501812	1.35106242	0.00000000	0.00000000
0.00000440	0.00000000	0.00000000	1.46613157	1.45687151	1.48770618	1.25563419	0.00000000	0.00000000
0.00000480	0.00000000	0.00000000	1.47469890	1.46341407	1.45252395	1.53689623	46.60337830	0.00000000
0.00000520	0.00000000	0.00000000	1.46261406	1.48092234	1.43632889	1.39124274	0.00000000	0.00000000
0.00000560	0.00000000	0.00000000	1.45986271	1.44747233	1.46090066	1.36110747	0.00000000	0.00000000
0.00000600	0.00000000	0.00000000	1.46059406	1.45161903	1.49887514	1.31088209	0.00000000	0.00000000
0.00000640	0.00000000	0.00000000	1.46195233	1.47797358	1.44526410	1.39124274	0.00000000	0.00000000
0.00000720	0.00000000	0.00000000	1.46813405	1.44304919	1.40896499	1.37115252	0.00000000	0.00000000
0.00000800	0.00000000	0.00000000	1.45994985	1.43650663	1.43604970	1.33850610	0.00000000	0.00000000
0.00000880	0.00000000	0.00000000	1.45073819	1.44152880	1.42097163	1.36864126	0.00000000	0.00000000
0.00000960	0.00000000	0.00000000	1.45167851	1.44977605	1.40002978	1.35106242	0.00000000	0.00000000
0.00001040	0.00000000	0.00000000	1.45601439	1.42858183	1.44973171	1.31590462	0.00000000	0.00000000
0.00001120	0.00000000	0.00000000	1.46050704	1.43383431	1.41315329	1.32343841	0.00000000	0.00000000
0.00001200	0.00000000	0.00000000	1.44255388	1.43701351	1.41678321	1.31590462	0.00000000	0.00000000
0.00001280	0.00000000	0.00000000	1.44366837	1.43240607	1.40058827	1.33599484	0.00000000	0.00000000
0.00001440	0.00000000	0.00000000	1.43353379	1.42676187	1.37336385	1.40756595	0.00000000	0.00000000
0.00001600	0.00000000	0.00000000	1.43167055	1.41109657	1.36177611	1.37868631	0.00000000	0.00000000
0.00001760	0.00000000	0.00000000	1.42522764	1.39628375	1.36875665	1.25563419	0.00000000	0.00000000
0.00001920	0.00000000	0.00000000	1.42248499	1.38511074	1.37852955	1.26944613	0.00000000	0.00000000
0.00002080	0.00000000	0.00000000	1.42125738	1.39045525	1.36959434	1.33473921	0.00000000	0.00000000
0.00002240	0.00000000	0.00000000	1.41894150	1.37564242	1.37350357	1.26944613	0.00000000	0.00000000
0.00002400	0.00000000	4.19953012	1.41392636	1.36810923	1.36191571	1.29330325	5.82542229	0.00000000
0.00002560	0.00000000	0.00000000	1.40543747	1.36437726	1.32296395	1.24558914	0.00000000	0.00000000
0.00002880	0.00000000	0.00000000	1.39548707	1.35766625	1.30874121	1.24924827	2.84904718	0.00000000
0.00003200	0.00000000	0.00000000	1.38211381	1.34033048	1.29852104	1.22282910	0.00000000	0.00000000
0.00003520	0.00000000	0.00000000	1.37140095	1.32918084	1.27759397	1.20899057	0.00000000	0.00000000
0.00003840	0.00000000	0.00000000	1.36586607	1.31502676	1.25972605	1.23037744	0.00000000	15.83462620
0.00004160	0.00000000	2.07619452	1.35694647	1.30366004	1.24888015	1.17942619	0.00000000	0.00000000
0.00004480	0.00000000	0.00000000	1.35108006	1.28938043	1.26528800	1.14734590	0.00000000	0.00000000
0.00004800	0.00000000	0.00000000	1.34307647	1.28537071	1.24430501	1.16181350	0.00000000	0.00000000
0.00005120	0.00000000	2.07619452	1.33205020	1.27402139	1.21718991	1.17565215	0.00000000	0.00000000
0.00005760	0.00000000	3.12601042	1.31830597	1.25663853	1.21369207	1.17444682	1.43712997	0.00000000
0.00006400	0.00000000	0.00000000	1.30463505	1.23628414	1.19373775	1.12453055	0.00000000	0.00000000
0.00007040	0.00000000	0.00000000	1.28975129	1.22840822	1.16696739	1.09564805	1.43712997	0.00000000
0.00007680	0.00000000	0.00000000	1.27527571	1.20881402	1.14777970	1.12233293	1.43712997	0.00000000
0.00008320	0.00000000	4.16801405	1.26599050	1.19446278	1.13606894	1.08026505	2.87425995	0.00000000
0.00008960	0.00000000	1.04200351	1.25441349	1.18250000	1.11722910	1.05546391	0.00000000	0.00000000
0.00009600	0.00000000	0.00000000	1.24413037	1.16858256	1.11663711	1.04911661	0.00000000	0.00000000
0.00010240	0.00000000	0.00000000	1.23390186	1.15450013	1.09751856	1.03404856	1.43712997	0.00000000
0.00011520	0.00000000	0.00000000	1.21180630	1.13966405	1.07996070	1.04515207	0.00000000	3.87786984
0.00012800	0.00000000	2.61482978	1.19404733	1.12053561	1.05700505	1.03888607	0.72495216	0.00000000
0.00014080	0.00000000	1.04593194	1.17893291	1.10518730	1.05556202	1.03496993	1.44990432	0.00000000
0.00015360	0.00000000	0.00000000	1.16473806	1.09277940	1.04963923	1.04139245	0.72495216	0.00000000
0.00016640	0.00000000	1.56889784	1.15263867	1.08072925	1.04607511	1.04750168	2.17485666	0.00000000
0.00017920	0.00000000	2.61482978	1.14089346	1.06860936	1.03171408	1.02757406	0.00000000	0.00000000
0.00019200	0.00000000	1.04593194	1.12898612	1.05791378	1.03111672	1.01974189	0.72495216	0.00000000
0.00020480	0.00000000	1.04593194	1.11890268	1.05245602	1.02740097	1.02816713	1.44990432	3.87786984
0.00023040	0.00000000	1.31235313	1.10121584	1.03774846	1.02029562	1.01038074	0.72495216	0.00000000
0.00025600	0.00000000	1.04988253	1.08477306	1.02569842	1.00913405	1.00239348	0.36247608	1.94892943
0.00028160	0.00000000	0.52494127	1.07240558	1.01957583	1.00595248	1.01014578	1.81238043	0.00000000
0.00030720	0.00000000	0.78741187	1.06071270	1.02125216	1.00342464	1.01105249	1.08742833	0.00000000
0.00033280	0.00000000	1.31235313	1.04828262	1.01534402	0.99776745	1.00581896	0.72495216	0.00000000
0.00035840	0.00000000	1.83729446	1.03974032	1.01300442	1.00528359	1.01204979	0.36247608	0.00000000
0.00038400	0.00000000	0.52494127	1.03533053	1.01022935	1.00534213	1.00091875	1.44990432	0.00000000
0.00040960	0.00000000	0.26247063	1.02923417	1.01157987	1.00505126	1.01164603	0.36247608	1.94892943
0.00046080	0.00000000	1.96852970	1.01841831	1.00642025	0.99958265	1.00824678	1.27999365	1.91920030
0.00051200	0.00000000	1.70605910	1.01199353	1.00485706	1.00128138	0.99658960	0.91428119	1.91920030
0.00056320	0.00000000	1.70605910	1.00460780	1.00117779	0.99994981	0.99845093	0.91428119	0.00000000
0.00061440	0.00000000	1.44358850	1.00033355	0.99889344	1.00188518	1.00200462	0.54856873	0.95960015
0.00066560	0.00000000	1.57482374	0.99664330	1.00031328	1.00281286	1.00512886	0.73142493	0.00000000
0.00071680	0.00000000	1.18111789	0.99631459	1.00595844	1.00232196	1.00087214	1.46284986	0.00000000
0.00076800	0.00000000	0.91864723	0.99698484	1.00631726	0.99832261	0.99657637	1.27999365	1.91920030
0.00081920	0.00000000	1.18111789	0.99920356	1.00291359	1.00032127	1.01044822	1.27999365	0.95960015
0.00092160	0.00000000	1.03809726	1.00071657	1.00073075	0.99989235	1.00780630	1.19387758	1.43940020
0.00102400	0.00000000	1.10297835	1.00154388	0.99453431	0.99763703	0.99326724	1.19387758	0.47980008
0.00112640	0.00000000	1.36250257	1.00422835	0.99163067	1.00349569	0.99692678	0.91836733	1.43940020
0.00122880	0.00000000	0.90833509	1.00357163	0.99115604	0.99969256	0.99928385	0.73469388	1.43940020
0.00133120	0.00000000	0.77857292	1.00023293	0.99164593	1.00713420	1.00955796	0.73469388	0.47980008
0.00143360	0.00000000	0.90833509	0.99928296	0.99574488	1.00072110	1.00575542	0.45918366	0.95960015
0.00153600	0.00000000	0.90833509	1.00135303	0.99745852	0.99844271	1.00419927	1.19387758	0.00000000
0.00163840	0.00000000	1.23274040	0.99887800	0.99399877	0.99344075	1.00013030	0.64285713	0.00000000
0.00184320	0.00000000	1.07862103	0.99892318	0.99705303	0.99664587	0.99533594	1.04675555	0.96946746
0.00204800	0.00000000	1.11130655	0.99825370	1.00013471	1.00409448	0.99440545	1.27431107	1.45420122
0.00225280	0.00000000	1.24204850	1.00170743	1.00019670	1.00065303	1.00466716	0.86471111	0.96946746
0.00245760	0.00000000	1.11130655	0.99808329	0.99763125	1.00141299	0.99552172	0.77368891	0.24236687
0.00266240	0.00000000	0.94787914	0.99952453	0.99704993	0.99994785	0.99670249	1.45635557	0.96946746
0.00286720	0.00000000	1.20936298	1.00138664	0.99412507	0.99399489	1.00208759	1.22607541	0.96946746
0.00307200	0.00000000	0.88250816	1.00012100	0.99931437	0.99767798	1.00258183	1.31982219	1.21183431
0.00327680	0.00000000	1.34010494	1.00058389	1.00218880	1.00128317	1.00846720	1.22880006	0.96946746
0.00368640	0.00000000	1.28553498	1.00205445	1.00181079	1.00070095	1.00206542	0.97849375	1.34679568
0.00409600	0.00000000	0.93375820	0.99934196	1.00169814	0.99911022	0.99765891	1.11502779	1.34679568
0.00450560	0.00000000	0.88546032	0.99901307	1.00061965	1.00147939	1.00155568	0.99902439	0.85705173
0.00491520	0.00000000	0.91765893	1.00210810	0.99822927	1.00296009	1.00061238	0.93090910	0.85705173
0.00532480	0.00000000	1.06255245	1.00114930	0.99727893	1.00570512	0.99861908	1.08984482	0.85705173
0.00573440	0.00000000	0.91594362	1.00754929	1.00211406	0.99934816	1.00349510	1.06713974	0.97948772
0.00614400	0.00000000	1.12484312	1.00112772	0.99842215	1.00109267	1.00609827	0.97415453	0.85705173
0.00655360	0.00000000	0.78739017	1.00177109	0.99521029	1.00115716	1.00034368	1.08742833	1.10192370
0.00737280	0.00000000	0.78739017	1.00226212	0.99594730	0.99716145	0.99861711	1.12640560	0.72710061
0.00819200	0.00000000	1.02650928	1.00331044	1.00111187	0.99791729	1.00358140	1.00124943	0.72710061
0.00901120	0.00000000	1.17086208	1.00070012	1.00232446	0.99689901	1.00295460	1.01262724	1.27242601
0.00983040	0.00000000	1.00245047	1.00235522	0.99977887	0.99765629	0.99935681	1.05813861	0.72710061
0.01064960	0.00000000	0.99443084	1.00054586	1.00000000	0.99961275	1.00074327	1.02400506	0.97446471
0.01146880	0.00000000	0.87413681	1.00035477	0.99891990	1.00379527	0.99963039	0.96711588	0.79175258
0.01228800	0.00000000	0.95433283	0.99856925	0.99827707	1.00159168	1.00302815	1.08089423	0.60904044
0.01310720	0.00000000	1.13076413	1.00049150	0.99697512	1.00074291	0.99837852	1.01487756	0.79175258
0.01474560	0.00000000	1.08270681	0.99817944	1.00088406	1.00141573	0.99913657	1.02628064	0.83072484
0.01638400	0.00000000	1.07663548	1.00215304	0.99720782	0.99938691	1.00057411	1.06382227	0.92302763
0.01802240	0.00000000	0.92687792	1.00045216	0.99982554	0.99976587	1.00428653	1.02400005	0.89226002
0.01966080	0.00000000	0.93497294	0.99659985	1.00108337	1.00030077	1.00181222	1.07281601	1.04073334
0.02129920	0.00000000	1.07058692	0.99739152	1.00049102	0.99965513	0.99848562	0.97064304	0.82646471
0.02293760	0.00000000	0.98978788	1.00055182	1.00518155	1.00159538	1.00128067	1.06713974	0.86149246
0.02457600	0.00000000	1.02210748	0.99910527	0.99910700	1.00100636	0.99715787	1.02172947	0.83072484
0.02621440	0.00000000	1.06654692	1.00240970	0.99985790	1.00059855	0.99810141	0.83057779	1.10763311
0.02949120	0.00000000	1.06038439	0.99785888	1.00197971	0.99867320	1.00361490	1.01546669	0.95379519
0.03276800	0.00000000	0.87592226	1.00072622	1.00066173	0.99877185	1.00014269	0.96496671	0.97951376
0.03604480	0.00000000	1.06651652	1.00066400	0.99941874	1.00195611	1.00160062	1.01321507	0.78457350
0.03932160	0.00000000	1.01379895	1.00255203	1.00093710	1.00029111	1.00057673	1.00124443	0.98456281
0.04259840	0.00000000	0.94256395	1.00001740	0.99930423	1.00035381	0.99971831	1.00186253	1.01533043
0.04587520	0.00000000	0.94432902	1.00016356	1.00083852	1.00058174	1.00005245	0.95645231	1.02542841
0.04915200	0.00000000	0.95555717	0.99797285	0.99962008	1.00131536	0.99746507	0.97564447	0.94890392
0.05242880	0.00000000	0.96013618	0.99795842	0.99956191	1.00018859	1.00037968	1.02400005	1.13256276
0.05898240	0.00000000	0.92540789	1.00115526	1.00020230	1.00082254	1.00014019	0.96707964	0.92594659
0.06553600	0.00000000	0.96161455	1.00118768	1.00002182	0.99970806	0.99754423	1.02709806	0.98974305
0.07208960	0.00000000	0.98317087	1.00023174	0.99966794	1.00059235	1.00029314	1.02970922	1.05826378
0.07864320	0.00000000	1.00333536	0.99804413	0.99958837	1.00123739	0.99892586	1.00126421	0.96420884
0.08519680	0.00000000	0.98465031	0.99934769	0.99866742	0.99955773	0.99818993	0.99193883	1.00496984
0.09175040	0.00000000	1.05805314	0.99785060	0.99958271	0.99916142	1.00004256	0.98135275	1.02542841
0.09830400	0.00000000	0.97545749	1.00000954	1.00022852	1.00027645	0.99892837	0.97199929	0.89226002
0.10485760	0.00000000	1.07353127	1.00169313	0.99924427	0.99889725	0.99918193	0.98676485	1.19993591
0.11796480	0.00000000	1.00303590	0.99816269	0.99908096	0.99960554	1.00035894	0.93880796	0.91321242
0.13107200	0.00000000	0.97286254	1.00013661	0.99972260	0.99891633	1.00030839	0.98448390	0.99566889
0.14417920	0.00000000	0.99265480	0.99879020	0.99965084	0.99971706	1.00058889	0.98807442	0.99778843
0.15728641	0.00000000	0.99643135	0.99894714	1.00074732	0.99979794	1.00017822	1.03099740	0.99470901
0.17039360	0.00000000	0.97359997	0.99863887	0.99957645	0.99960858	1.00089538	0.99826390	0.91776884
0.18350080	0.00000000	0.95741254	1.00015485	1.00007224	0.99923468	1.00013411	0.97334141	1.04629743
0.19660801	0.00000000	1.00543249	1.00087821	0.99954081	0.99988651	0.99949199	1.01199019	1.05006170
0.20971520	0.00000000	1.01183343	0.99923462	1.00005043	0.99989241	0.99987245	1.05035102	0.96020430
0.23592959	0.00000000	0.98166728	1.00060821	0.99961358	0.99980319	0.99917984	1.02508485	1.07454026
0.26214400	0.00000000	1.00198019	0.99998450	1.00031829	1.00032115	0.99980026	1.00130796	1.01541698
0.28835839	0.00000000	0.99859416	1.00083685	0.99969065	1.00045693	0.99949396	1.03316140	0.97684634
0.31457281	0.00000000	0.99049920	0.99932539	1.00006878	0.99989909	0.99929613	0.97759271	0.95743233
0.34078720	0.00000000	1.00587523	0.99886745	1.00021851	1.00018060	1.00050092	0.96556866	0.98076922
0.36700159	0.00000000	1.00543332	1.00041080	1.00072956	0.99927872	0.99915636	0.98437208	0.99498731
0.39321601	0.00000000	0.99265403	0.99972814	0.99997538	1.00040054	1.00035131	0.98283505	1.02798605
0.41943040	0.00000000	1.01089180	1.00047934	0.99993569	0.99916941	1.00033939	0.98788685	0.95625001
0.47185919	0.00000000	0.98744917	1.00048304	1.00001585	0.99987227	1.00084901	1.00769091	1.03346574
0.52428800	0.00000000	0.99837792	1.00009179	1.00018108	0.99988544	0.99919176	0.98004854	0.99568963
0.57671678	0.00000000	0.99784476	0.99975228	0.99913847	1.00064373	1.00063050	0.97414792	0.98513192
0.62914562	0.00000000	0.99458647	0.99970901	1.00059867	1.00012016	0.99881351	1.00880039	0.98529828
0.68157440	0.00000000	1.00144398	0.99999434	0.99981153	0.99995530	0.99993211	0.99768347	1.01870084
0.73400319	0.00000000	1.02415144	1.00012910	0.99953318	0.99974293	1.00006974	0.99634838	1.01489067
0.78643203	0.00000000	1.02327013	0.99942386	1.00076020	1.00006819	0.99969620	0.97033924	0.99690539
0.83886081	0.00000000	0.98626292	0.99920094	1.00010073	1.00031054	1.00080848	0.98968703	0.97436112
0.94371837	0.00000000	1.00510228	1.00102818	0.99953979	0.99975675	1.00036252	1.01726925	1.00244451
1.04857600	0.00000000	1.00203180	0.99964154	1.00001431	0.99938422	0.99951923	0.98703444	0.99392998
1.15343356	0.00000000	1.00289047	0.99927402	1.00036716	1.00068998	0.99984837	1.03375900	1.00098622
1.25829124	0.00000000	0.97388631	1.00059462	1.00003290	1.00017238	0.99993080	0.98325795	0.99609643
1.36314881	0.00000000	0.98931020	0.99987066	0.99956584	0.99990475	0.99902290	1.04010022	1.00616336
1.46800637	0.00000000	1.03976607	0.99871308	1.00008941	0.99973655	0.99958217	0.95257872	1.00000000
1.57286406	0.00000000	1.02807021	1.00032902	1.00042462	0.99998379	0.99972004	1.02555561	0.99732620
1.67772162	0.00000000	1.00000000	1.00076842	0.99984264	0.99998939	1.00009799	0.93714285	0.99209487
1.88743675	0.00000000	0.00000000	0.00000000	0.00000000	0.00000000	0.00000000	0.00000000	0.00000000
2.09715199	0.00000000	0.00000000	0.00000000	0.00000000	0.00000000	0.00000000	0.00000000	0.00000000
2.30686712	0.00000000	0.00000000	0.00000000	0.00000000	0.00000000	0.00000000	0.00000000	0.00000000
2.51658249	0.00000000	0.00000000	0.00000000	0.00000000	0.00000000	0.00000000	0.00000000	0.00000000
2.72629762	0.00000000	0.00000000	0.00000000	0.00000000	0.00000000	0.00000000	0.00000000	0.00000000
2.93601274	0.00000000	0.00000000	0.00000000	0.00000000	0.00000000	0.00000000	0.00000000	0.00000000
3.14572811	0.00000000	0.00000000	0.00000000	0.00000000	0.00000000	0.00000000	0.00000000	0.00000000
3.35544324	0.00000000	0.00000000	0.00000000	0.00000000	0.00000000	0.00000000	0.00000000	0.00000000
3.77487350	0.00000000	0.00000000	0.00000000	0.00000000	0.00000000	0.00000000	0.00000000	0.00000000
4.19430399	0.00000000	0.00000000	0.00000000	0.00000000	0.00000000	0.00000000	0.00000000	0.00000000
4.61373425	0.00000000	0.00000000	0.00000000	0.00000000	0.00000000	0.00000000	0.00000000	0.00000000
5.03316498	0.00000000	0.00000000	0.00000000	0.00000000	0.00000000	0.00000000	0.00000000	0.00000000
5.45259523	0.00000000	0.00000000	0.00000000	0.00000000	0.00000000	0.00000000	0.00000000	0.00000000
5.87202549	0.00000000	0.00000000	0.00000000	0.00000000	0.00000000	0.00000000	0.00000000	0.00000000
6.29145622	0.00000000	0.00000000	0.00000000	0.00000000	0.00000000	0.00000000	0.00000000	0.00000000
6.71088648	0.00000000	0.00000000	0.00000000	0.00000000	0.00000000	0.00000000	0.00000000	0.00000000
7.54974699	0.00000000	0.00000000	0.00000000	0.00000000	0.00000000	0.00000000	0.00000000	0.00000000
8.38860798	0.00000000	0.00000000	0.00000000	0.00000000	0.00000000	0.00000000	0.00000000	0.00000000
9.22746849	0.00000000	0.00000000	0.00000000	0.00000000	0.00000000	0.00000000	0.00000000	0.00000000
10.06632996	0.00000000	0.00000000	0.00000000	0.00000000	0.00000000	0.00000000	0.00000000	0.00000000
10.90519047	0.00000000	0.00000000	0.00000000	0.00000000	0.00000000	0.00000000	0.00000000	0.00000000
11.74405098	0.00000000	0.00000000	0.00000000	0.00000000	0.00000000	0.00000000	0.00000000	0.00000000
12.58291245	0.00000000	0.00000000	0.00000000	0.00000000	0.00000000	0.00000000	0.00000000	0.00000000
13.42177296	0.00000000	0.00000000	0.00000000	0.00000000	0.00000000	0.00000000	0.00000000	0.00000000
15.09949398	0.00000000	0.00000000	0.00000000	0.00000000	0.00000000	0.00000000	0.00000000	0.00000000
16.77721596	0.00000000	0.00000000	0.00000000	0.00000000	0.00000000	0.00000000	0.00000000	0.00000000
18.45493698	0.00000000	0.00000000	0.00000000	0.00000000	0.00000000	0.00000000	0.00000000	0.00000000
20.13265991	0.00000000	0.00000000	0.00000000	0.00000000	0.00000000	0.00000000	0.00000000	0.00000000
21.81038094	0.00000000	0.00000000	0.00000000	0.00000000	0.00000000	0.00000000	0.00000000	0.00000000
23.48810196	0.00000000	0.00000000	0.00000000	0.00000000	0.00000000	0.00000000	0.00000000	0.00000000
25.16582489	0.00000000	0.00000000	0.00000000	0.00000000	0.00000000	0.00000000	0.00000000	0.00000000
26.84354591	0.00000000	0.00000000	0.00000000	0.00000000	0.00000000	0.00000000	0.00000000	0.00000000
30.19898796	0.00000000	0.00000000	0.00000000	0.00000000	0.00000000	0.00000000	0.00000000	0.00000000
33.55443192	0.00000000	0.00000000	0.00000000	0.00000000	0.00000000	0.00000000	0.00000000	0.00000000
36.90987396	0.00000000	0.00000000	0.00000000	0.00000000	0.00000000	0.00000000	0.00000000	0.00000000
40.26531982	0.00000000	0.00000000	0.00000000	0.00000000	0.00000000	0.00000000	0.00000000	0.00000000
43.62076187	0.00000000	0.00000000	0.00000000	0.00000000	0.00000000	0.00000000	0.00000000	0.00000000
46.97620392	0.00000000	0.00000000	0.00000000	0.00000000	0.00000000	0.00000000	0.00000000	0.00000000
50.33164978	0.00000000	0.00000000	0.00000000	0.00000000	0.00000000	0.00000000	0.00000000	0.00000000
53.68709183	0.00000000	0.00000000	0.00000000	0.00000000	0.00000000	0.00000000	0.00000000	0.00000000
60.39797592	0.00000000	0.00000000	0.00000000	0.00000000	0.00000000	0.00000000	0.00000000	0.00000000
67.10886383	0.00000000	0.00000000	0.00000000	0.00000000	0.00000000	0.00000000	0.00000000	0.00000000
73.81974792	0.00000000	0.00000000	0.00000000	0.00000000	0.00000000	0.00000000	0.00000000	0.00000000
80.53063965	0.00000000	0.00000000	0.00000000	0.00000000	0.00000000	0.00000000	0.00000000	0.00000000
87.24152374	0.00000000	0.00000000	0.00000000	0.00000000	0.00000000	0.00000000	0.00000000	0.00000000
93.95240784	0.00000000	0.00000000	0.00000000	0.00000000	0.00000000	0.00000000	0.00000000	0.00000000
100.66329956	0.00000000	0.00000000	0.00000000	0.00000000	0.00000000	0.00000000	0.00000000	0.00000000
107.37418365	0.00000000	0.00000000	0.00000000	0.00000000	0.00000000	0.00000000	0.00000000	0.00000000
120.79595184	0.00000000	0.00000000	0.00000000	0.00000000	0.00000000	0.00000000	0.00000000	0.00000000
134.21772766	0.00000000	0.00000000	0.00000000	0.00000000	0.00000000	0.00000000	0.00000000	0.00000000
147.63949585	0.00000000	0.00000000	0.00000000	0.00000000	0.00000000	0.00000000	0.00000000	0.00000000
161.06127930	0.00000000	0.00000000	0.00000000	0.00000000	0.00000000	0.00000000	0.00000000	0.00000000
174.48304749	0.00000000	0.00000000	0.00000000	0.00000000	0.00000000	0.00000000	0.00000000	0.00000000
187.90481567	0.00000000	0.00000000	0.00000000	0.00000000	0.00000000	0.00000000	0.00000000	0.00000000
201.32659912	0.00000000	0.00000000	0.00000000	0.00000000	0.00000000	0.00000000	0.00000000	0.00000000
214.74836731	0.00000000	0.00000000	0.00000000	0.00000000	0.00000000	0.00000000	0.00000000	0.00000000
241.59190369	0.00000000	0.00000000	0.00000000	0.00000000	0.00000000	0.00000000	0.00000000	0.00000000
268.43545532	0.00000000	0.00000000	0.00000000	0.00000000	0.00000000	0.00000000	0.00000000	0.00000000
295.27899170	0.00000000	0.00000000	0.00000000	0.00000000	0.00000000	0.00000000	0.00000000	0.00000000
322.12255859	0.00000000	0.00000000	0.00000000	0.00000000	0.00000000	0.00000000	0.00000000	0.00000000
348.96609497	0.00000000	0.00000000	0.00000000	0.00000000	0.00000000	0.00000000	0.00000000	0.00000000
375.80963135	0.00000000	0.00000000	0.00000000	0.00000000	0.00000000	0.00000000	0.00000000	0.00000000
402.65319824	0.00000000	0.00000000	0.00000000	0.00000000	0.00000000	0.00000000	0.00000000	0.00000000
429.49673462	0.00000000	0.00000000	0.00000000	0.00000000	0.00000000	0.00000000	0.00000000	0.00000000
483.18380737	0.00000000	0.00000000	0.00000000	0.00000000	0.00000000	0.00000000	0.00000000	0.00000000
536.87091064	0.00000000	0.00000000	0.00000000	0.00000000	0.00000000	0.00000000	0.00000000	0.00000000
590.55798340	0.00000000	0.00000000	0.00000000	0.00000000	0.00000000	0.00000000	0.00000000	0.00000000
644.24511719	0.00000000	0.00000000	0.00000000	0.00000000	0.00000000	0.00000000	0.00000000	0.00000000
697.93218994	0.00000000	0.00000000	0.00000000	0.00000000	0.00000000	0.00000000	0.00000000	0.00000000
751.61926270	0.00000000	0.00000000	0.00000000	0.00000000	0.00000000	0.00000000	0.00000000	0.00000000
805.30639648	0.00000000	0.00000000	0.00000000	0.00000000	0.00000000	0.00000000	0.00000000	0.00000000
858.99346924	0.00000000	0.00000000	0.00000000	0.00000000	0.00000000	0.00000000	0.00000000	0.00000000
966.36761475	0.00000000	0.00000000	0.00000000	0.00000000	0.00000000	0.00000000	0.00000000	0.00000000
1073.74182129	0.00000000	0.00000000	0.00000000	0.00000000	0.00000000	0.00000000	0.00000000	0.00000000
1181.11596680	0.00000000	0.00000000	0.00000000	0.00000000	0.00000000	0.00000000	0.00000000	0.00000000
1288.49023437	0.00000000	0.00000000	0.00000000	0.00000000	0.00000000	0.00000000	0.00000000	0.00000000
1395.86437988	0.00000000	0.00000000	0.00000000	0.00000000	0.00000000	0.00000000	0.00000000	0.00000000
1503.23852539	0.00000000	0.00000000	0.00000000	0.00000000	0.00000000	0.00000000	0.00000000	0.00000000
1610.61279297	0.00000000	0.00000000	0.00000000	0.00000000	0.00000000	0.00000000	0.00000000	0.00000000
1717.98693848	0.00000000	0.00000000	0.00000000	0.00000000	0.00000000	0.00000000	0.00000000	0.00000000
1932.73522949	0.00000000	0.00000000	0.00000000	0.00000000	0.00000000	0.00000000	0.00000000	0.00000000
2147.48364258	0.00000000	0.00000000	0.00000000	0.00000000	0.00000000	0.00000000	0.00000000	0.00000000
2362.23193359	0.00000000	0.00000000	0.00000000	0.00000000	0.00000000	0.00000000	0.00000000	0.00000000
2576.98046875	0.00000000	0.00000000	0.00000000	0.00000000	0.00000000	0.00000000	0.00000000	0.00000000
2791.72875977	0.00000000	0.00000000	0.00000000	0.00000000	0.00000000	0.00000000	0.00000000	0.00000000
3006.47705078	0.00000000	0.00000000	0.00000000	0.00000000	0.00000000	0.00000000	0.00000000	0.00000000
3221.22558594	0.00000000	0.00000000	0.00000000	0.00000000	0.00000000	0.00000000	0.00000000	0.00000000
3435.97387695	0.00000000	0.00000000	0.00000000	0.00000000	0.00000000	0.00000000	0.00000000	0.00000000
0	0	0	0	0	0	0	0	0
