%4/4/2019 12:45:04 PM
%Duration	ID1		ID2		ID3		ID4		ID5		ID6		ID7		ID8
1000.000000	0.000000	0.524521	369.730011	220.899582	95.586777	32.243729	0.514984	0.143051
%Tau		Tau1		Tau2		Tau3		Tau4		Tau5		Tau6		Tau7		Tau8
%		0.000000	0.000001	0.000128	0.000083	0.000058	0.000032	0.000001	0.000001
%Delaytime	D1		D2		D3		D4		D5		D6		D7		D8
0.00000020	0.00000000	139.06791687	1.55242550	1.47833002	1.66323900	4.26520109	101.60565186	623.41021729
0.00000040	0.00000000	0.00000000	1.49369252	1.50147343	1.56283045	1.74197567	0.00000000	311.70510864
0.00000060	0.00000000	34.76697922	1.47253990	1.49213481	1.50376654	1.35135090	50.80282593	0.00000000
0.00000080	0.00000000	0.00000000	1.47261262	1.49375892	1.50849164	1.52026975	0.00000000	0.00000000
0.00000100	0.00000000	0.00000000	1.48380673	1.49660110	1.47659707	1.56249940	0.00000000	0.00000000
0.00000120	0.00000000	0.00000000	1.46207261	1.46696138	1.45415282	1.40413797	0.00000000	0.00000000
0.00000140	0.00000000	0.00000000	1.48337066	1.48604453	1.47777843	1.46748257	0.00000000	0.00000000
0.00000160	0.00000000	0.00000000	1.47595632	1.47345781	1.54274869	1.49915481	0.00000000	0.00000000
0.00000180	0.00000000	0.00000000	1.47006845	1.45681083	1.58173084	1.34079337	0.00000000	0.00000000
0.00000200	0.00000000	0.00000000	1.47232187	1.46452534	1.57464314	1.47803998	0.00000000	0.00000000
0.00000220	0.00000000	0.00000000	1.46476209	1.48117220	1.41989577	1.40413797	0.00000000	0.00000000
0.00000240	0.00000000	34.76697922	1.46825123	1.46797645	1.52266693	1.48859739	0.00000000	0.00000000
0.00000260	0.00000000	34.76697922	1.45189619	1.49599206	1.46124053	1.45692515	0.00000000	0.00000000
0.00000280	0.00000000	0.00000000	1.45952857	1.45884097	1.55810523	1.45692515	50.80282593	0.00000000
0.00000300	0.00000000	0.00000000	1.44869781	1.47244275	1.45415282	1.57305682	0.00000000	0.00000000
0.00000320	0.00000000	0.00000000	1.45334995	1.44544220	1.44824648	1.31967854	0.00000000	0.00000000
0.00000360	0.00000000	0.00000000	1.45582139	1.47751808	1.45001841	1.50443351	0.00000000	0.00000000
0.00000400	0.00000000	0.00000000	1.45251405	1.47904062	1.46773756	1.48859739	0.00000000	0.00000000
0.00000440	0.00000000	0.00000000	1.45523989	1.46310425	1.43643367	1.44108903	0.00000000	0.00000000
0.00000480	0.00000000	0.00000000	1.45629382	1.45183706	1.44765580	1.30912113	0.00000000	0.00000000
0.00000520	0.00000000	17.38348961	1.44811630	1.45366418	1.50140393	1.57305682	0.00000000	0.00000000
0.00000560	0.00000000	0.00000000	1.44226480	1.45386720	1.46124053	1.29856372	0.00000000	0.00000000
0.00000600	0.00000000	0.00000000	1.44840705	1.44676173	1.45060897	1.45164645	0.00000000	0.00000000
0.00000640	0.00000000	0.00000000	1.43990242	1.46107411	1.41339874	1.25633395	0.00000000	0.00000000
0.00000720	0.00000000	0.00000000	1.44304621	1.45082200	1.46685159	1.49387610	0.00000000	0.00000000
0.00000800	0.00000000	0.00000000	1.43321502	1.45198929	1.47039545	1.29856372	0.00000000	0.00000000
0.00000880	0.00000000	8.69174480	1.43176126	1.43838751	1.42403030	1.39621997	0.00000000	0.00000000
0.00000960	0.00000000	0.00000000	1.43550467	1.43128216	1.43613839	1.49387610	0.00000000	0.00000000
0.00001040	0.00000000	0.00000000	1.42819941	1.43194199	1.41457999	1.42789221	0.00000000	0.00000000
0.00001120	0.00000000	0.00000000	1.41954935	1.44356430	1.41280818	1.38302314	0.00000000	0.00000000
0.00001200	0.00000000	0.00000000	1.43181574	1.43133295	1.42225838	1.30648172	0.00000000	0.00000000
0.00001280	0.00000000	0.00000000	1.41482460	1.42656219	1.44411194	1.40149868	0.00000000	0.00000000
0.00001440	0.00000000	0.00000000	1.42681837	1.41255438	1.40069997	1.35399020	6.35035324	0.00000000
0.00001600	0.00000000	0.00000000	1.41448843	1.40829110	1.38549113	1.39621997	6.35035324	0.00000000
0.00001760	0.00000000	4.34587240	1.41536975	1.39265919	1.36629534	1.31571949	0.00000000	0.00000000
0.00001920	0.00000000	0.00000000	1.40857327	1.38903034	1.36053658	1.29724407	0.00000000	0.00000000
0.00002080	0.00000000	0.00000000	1.40439367	1.38324451	1.35403955	1.24973559	0.00000000	0.00000000
0.00002240	0.00000000	0.00000000	1.39715207	1.36560786	1.34473705	1.30648172	6.35035324	0.00000000
0.00002400	0.00000000	0.00000000	1.39228177	1.36733353	1.33425319	1.29724407	0.00000000	0.00000000
0.00002560	0.00000000	0.00000000	1.39035559	1.35708141	1.34975743	1.32363760	0.00000000	0.00000000
0.00002880	0.00000000	2.18971562	1.37976241	1.34203112	1.32293105	1.27346694	0.00000000	0.00000000
0.00003200	0.00000000	0.00000000	1.36876941	1.33161783	1.29458618	1.24631548	3.25014877	0.00000000
0.00003520	0.00000000	2.18971562	1.35676515	1.32438874	1.30119765	1.21651518	0.00000000	0.00000000
0.00003840	0.00000000	2.18971562	1.35339665	1.30761957	1.29267204	1.20327055	0.00000000	0.00000000
0.00004160	0.00000000	4.37943125	1.34282327	1.29759514	1.28994799	1.16676974	0.00000000	0.00000000
0.00004480	0.00000000	0.00000000	1.33484328	1.29441774	1.24165130	1.20981181	0.00000000	0.00000000
0.00004800	0.00000000	0.00000000	1.33043051	1.27857804	1.22501242	1.20451438	3.25014877	0.00000000
0.00005120	0.00000000	0.00000000	1.32217145	1.27002394	1.22376084	1.16676974	0.00000000	0.00000000
0.00005760	0.00000000	0.00000000	1.30423415	1.24903369	1.21122706	1.11615944	0.00000000	0.00000000
0.00006400	0.00000000	0.00000000	1.29034138	1.23233140	1.18755329	1.12442482	1.61747169	0.00000000
0.00007040	0.00000000	0.00000000	1.27642405	1.22051489	1.18039751	1.09698367	0.00000000	0.00000000
0.00007680	0.00000000	0.00000000	1.26515937	1.20175314	1.14825606	1.09103262	0.00000000	0.00000000
0.00008320	0.00000000	0.00000000	1.25549459	1.18920743	1.13341868	1.04144025	0.00000000	0.00000000
0.00008960	0.00000000	2.21525145	1.23918033	1.17477608	1.12612891	1.07185686	0.00000000	10.32568932
0.00009600	0.00000000	2.21525145	1.22841334	1.16591311	1.10414898	1.05003619	0.00000000	0.00000000
0.00010240	0.00000000	2.21525145	1.22265792	1.15338099	1.10922980	1.03780341	3.23494339	0.00000000
0.00011520	0.00000000	0.56360078	1.20392931	1.13495016	1.08430707	1.05212271	0.80873585	5.10228395
0.00012800	0.00000000	1.12720156	1.18606472	1.11799788	1.07437658	1.03968275	0.80873585	5.10228395
0.00014080	0.00000000	2.25440311	1.17055869	1.10365200	1.06167829	1.03260529	3.23494339	0.00000000
0.00015360	0.00000000	0.56360078	1.15448987	1.09242237	1.05184591	1.04339135	0.00000000	0.00000000
0.00016640	0.00000000	2.25440311	1.14081669	1.08454251	1.04193687	1.04206812	1.61747169	5.10228395
0.00017920	0.00000000	1.69080234	1.12723482	1.07119119	1.04034853	1.02665079	1.61747169	0.00000000
0.00019200	0.00000000	2.25440311	1.11761808	1.06343007	1.02422726	0.98960078	0.00000000	0.00000000
0.00020480	0.00000000	1.12720156	1.10769379	1.05783427	1.02760339	1.01976693	0.80873585	5.10228395
0.00023040	0.00000000	0.00000000	1.08896780	1.04390466	1.01637101	1.02094674	0.41205171	2.46343017
0.00025600	0.00000000	0.28569657	1.07508862	1.03381729	1.00956988	1.00697756	0.00000000	0.00000000
0.00028160	0.00000000	1.42848289	1.06146991	1.02809882	1.00627375	1.01220536	0.41205171	4.92686033
0.00030720	0.00000000	1.71417940	1.05402839	1.01694953	1.00286496	1.00715840	0.41205171	0.00000000
0.00033280	0.00000000	0.85708970	1.04288435	1.00985646	1.00149429	1.00411260	0.41205171	7.39029026
0.00035840	0.00000000	1.14278626	1.03320968	1.01011419	1.00177789	0.99530965	1.23615515	0.00000000
0.00038400	0.00000000	1.14278626	1.02908289	1.00696337	0.99802679	0.99439967	0.82410342	4.92686033
0.00040960	0.00000000	1.42848289	1.02499783	1.00223732	0.99809515	0.99994248	0.41205171	0.00000000
0.00046080	0.00000000	1.43412340	1.01728237	1.00208330	0.98635048	0.99653023	0.61227405	2.43519616
0.00051200	0.00000000	1.43412340	1.01053226	1.00244880	0.99493450	1.00007820	0.40818271	0.00000000
0.00056320	0.00000000	1.14729881	1.00608122	0.99925029	1.00144434	1.00903547	1.22454810	1.21759808
0.00061440	0.00000000	0.86047405	1.00535560	1.00171638	1.00765157	1.00138569	1.02045679	0.00000000
0.00066560	0.00000000	1.43412340	1.00208557	1.00240493	1.00942338	1.01304650	0.40818271	0.00000000
0.00071680	0.00000000	0.57364941	0.99937367	1.00178874	1.00527084	1.00941527	0.40818271	0.00000000
0.00076800	0.00000000	0.86047405	1.00018871	1.00436723	1.00494576	0.98805422	1.02045679	0.00000000
0.00081920	0.00000000	0.86047405	1.00154603	0.99764591	1.00141144	0.99541390	1.22454810	1.21759808
0.00092160	0.00000000	0.71424145	1.00166380	0.99724388	1.00019336	1.00374210	1.34234142	0.63036937
0.00102400	0.00000000	1.49990702	0.99753392	0.99603921	0.99797934	1.00488412	1.34234142	1.89110804
0.00112640	0.00000000	0.99993801	0.99994290	1.00261486	1.00373757	0.99453145	1.75536954	0.00000000
0.00122880	0.00000000	0.42854485	1.00475347	1.00508618	0.99438280	1.00229335	1.44559848	0.63036937
0.00133120	0.00000000	1.28563452	1.00840700	1.00438094	0.99325418	0.99965370	1.34234142	0.00000000
0.00143360	0.00000000	0.92851388	1.00696218	1.00473475	0.99725658	1.00533783	0.61954218	1.26073873
0.00153600	0.00000000	0.93034524	1.00544786	1.00022006	1.00554097	0.99921781	1.13582742	1.26073873
0.00163840	0.00000000	1.21660531	1.00369775	1.00011921	0.99854225	0.99837518	0.82605624	2.52147746
0.00184320	0.00000000	0.81494808	1.00106001	0.99936157	0.99668884	0.99839818	1.23033106	0.95667821
0.00204800	0.00000000	0.95667821	0.99626261	0.99558175	1.00154412	1.00044930	0.87148452	1.59446371
0.00225280	0.00000000	1.02754331	0.99684542	0.99766868	1.00412381	0.99716341	0.97401208	1.27557099
0.00245760	0.00000000	0.77951556	0.99752986	1.00205851	0.99984157	0.99527192	0.87148452	0.95667821
0.00266240	0.00000000	0.95667821	1.00235939	0.99935907	1.00460076	1.00124967	0.82022071	1.27557099
0.00286720	0.00000000	0.81494808	1.00634360	1.00251508	1.00680089	1.00437737	1.23033106	1.59446371
0.00307200	0.00000000	1.41730106	1.00555086	1.00482273	1.00382400	1.00152516	1.38412249	0.00000000
0.00327680	0.00000000	1.27557099	0.99960023	1.00610018	1.00212932	0.99620974	0.92274833	1.27557099
0.00368640	0.00000000	1.03307390	1.00210214	0.99861914	1.00148034	0.99851388	1.00620139	0.63034779
0.00409600	0.00000000	1.20817125	1.00475085	1.00137329	0.99683130	0.99936348	0.93073630	1.41828251
0.00450560	0.00000000	0.92801559	0.99823236	1.00166917	1.00023544	0.99777848	1.03135645	0.94552171
0.00491520	0.00000000	1.13813233	0.99439144	0.99820054	0.99875730	0.99535960	0.98104638	0.31517389
0.00532480	0.00000000	1.19066143	1.00734448	1.00084734	0.99686086	0.99652225	0.60372084	0.63034779
0.00573440	0.00000000	0.94552529	1.00617492	1.00250340	0.99779785	0.99962306	0.98104638	0.63034779
0.00614400	0.00000000	1.06809342	0.99927032	1.00142181	0.99901134	1.00102258	1.10682154	0.63034779
0.00655360	0.00000000	0.99610895	1.00031555	0.99993700	0.99992543	1.00173652	1.10682154	0.94552171
0.00737280	0.00000000	1.01245439	1.00145638	0.99893075	1.00424123	1.00018024	0.96621138	0.85670823
0.00819200	0.00000000	1.10764241	1.00193810	0.99490297	1.00153506	1.00255644	1.00385594	1.01247334
0.00901120	0.00000000	1.07302856	0.99696058	0.99909723	0.99950790	1.00168550	1.02895236	0.77882570
0.00983040	0.00000000	1.13360274	1.00849795	0.99688315	0.99915010	1.00029349	0.89092219	0.85670823
0.01064960	0.00000000	0.96053362	1.00403810	1.00098813	0.99630415	1.00071645	1.05404878	0.62306052
0.01146880	0.00000000	1.06230831	1.00103271	1.00024164	1.00154555	0.99929172	0.87837398	0.70094311
0.01228800	0.00000000	1.11629581	0.99544257	0.99880159	0.99874604	0.99634808	1.12933791	1.63553393
0.01310720	0.00000000	0.96053362	1.00187492	1.00317216	1.00110579	0.99742734	1.11940515	0.70094311
0.01474560	0.00000000	1.09283388	1.00025654	0.99964035	0.99906933	0.99962038	1.08289504	1.20717978
0.01638400	0.00000000	0.94583029	0.99880415	0.99978888	1.00016117	1.00244820	0.98900241	0.93459082
0.01802240	0.00000000	0.92563850	1.00018907	0.99929142	0.99954689	1.00177383	0.90975440	1.32400370
0.01966080	0.00000000	0.97277755	0.99923778	1.00059617	0.99823362	0.99657983	1.03281891	1.09035599
0.02129920	0.00000000	0.92135316	0.99730933	0.99776816	1.00197804	0.99889868	0.89510977	1.44082749
0.02293760	0.00000000	0.91278243	0.99845916	1.00055242	1.00056899	0.99950308	0.99526191	1.24612105
0.02457600	0.00000000	0.97706288	1.00114143	0.99662328	0.99971819	0.99967539	0.98274291	0.89564955
0.02621440	0.00000000	0.91278243	0.99996316	1.00276017	1.00049818	0.99879813	1.04533792	1.40188622
0.02949120	0.00000000	0.97220999	1.00125694	0.99799079	1.00042784	0.99937481	0.96710986	1.12280703
0.03276800	0.00000000	1.03458631	0.99926496	0.99981111	1.00000286	1.00100601	0.90864539	0.96793711
0.03604480	0.00000000	0.88617373	0.99853665	0.99858582	1.00002646	1.00117803	1.04291260	1.04537201
0.03932160	0.00000000	1.04942417	0.99891037	1.00272906	0.99868083	1.00106406	1.04291260	1.23895943
0.04259840	0.00000000	1.01919389	0.99818861	0.99860317	0.99867505	0.99874043	1.10223997	1.02601326
0.04587520	0.00000000	1.08393085	1.00203764	1.00048470	0.99826193	1.00129604	0.91703302	0.98729581
0.04915200	0.00000000	1.04053295	1.00150430	1.00040495	1.00117779	0.99970096	1.04644752	1.01257610
0.05242880	0.00000000	0.99500960	0.99892974	1.00009465	1.00071239	0.99921656	0.89830583	1.20730221
0.05898240	0.00000000	1.00824881	1.00034976	1.00026572	0.99991101	0.99932456	0.95410269	1.03204870
0.06553600	0.00000000	0.93825495	0.99837011	0.99909168	0.99914855	0.99887335	1.04572177	0.94442189
0.07208960	0.00000000	0.95465654	1.00072110	1.00093257	0.99902934	0.99841690	0.98253620	0.97363085
0.07864320	0.00000000	1.05339050	1.00038898	0.99891639	0.99924272	0.99968815	1.01099968	1.15766394
0.08519680	0.00000000	0.95436305	1.00077057	0.99864298	0.99970031	1.00020158	0.97707248	0.88466114
0.09175040	0.00000000	1.00768554	1.00202453	0.99895769	1.00058591	0.99956375	1.01652646	0.88977474
0.09830400	0.00000000	0.93293512	0.99864697	0.99995708	1.00083053	0.99971867	1.00860965	1.01415193
0.10485760	0.00000000	1.00678790	1.00027120	1.00031185	1.00049889	1.00130129	0.93641961	1.15477145
0.11796480	0.00000000	0.97111994	0.99885505	1.00038958	0.99949670	0.99960512	0.98119402	1.11160982
0.13107200	0.00000000	1.01437902	0.99944621	0.99999040	1.00037944	1.00025630	0.99839646	0.90484661
0.14417920	0.00000000	0.99100995	1.00018656	0.99971366	1.00046360	0.99981600	0.99453527	0.99450225
0.15728641	0.00000000	0.95407474	1.00097919	0.99936998	1.00069427	0.99934226	1.00822222	0.94799876
0.17039360	0.00000000	0.93698204	0.99858350	1.00107324	1.00099564	1.00024414	1.00019073	0.89749914
0.18350080	0.00000000	0.99154395	0.99898857	0.99964148	1.00027382	1.00000608	1.01098025	0.82741028
0.19660801	0.00000000	1.03111768	1.00008583	0.99873841	1.00077021	0.99874097	1.00586224	0.93455946
0.20971520	0.00000000	1.03460300	1.00049376	1.00108123	0.99906313	1.00008512	1.02671719	0.90484834
0.23592959	0.00000000	0.99149030	1.00051129	0.99942082	0.99943054	1.00076544	0.99864787	1.09358263
0.26214400	0.00000000	1.00820506	0.99984944	0.99977249	1.00075126	1.00048900	0.99056113	0.99855185
0.28835839	0.00000000	1.00167572	1.00096071	1.00007665	0.99979532	1.00015402	0.99881095	0.93845183
0.31457281	0.00000000	1.01799178	1.00058603	1.00030220	0.99969560	0.99977571	1.02530575	1.04142010
0.34078720	0.00000000	1.00407541	1.00068307	1.00010550	0.99994683	0.99969643	0.99133128	1.15206158
0.36700159	0.00000000	0.95518422	0.99921483	0.99981064	1.00007558	1.00046730	1.03047097	1.03605485
0.39321601	0.00000000	0.97557062	0.99974579	1.00011003	0.99973285	1.00013626	1.00976431	0.98107851
0.41943040	0.00000000	1.02218449	0.99953038	0.99994069	0.99965167	0.99983084	1.00548482	0.98966616
0.47185919	0.00000000	1.00340772	0.99961847	0.99993968	0.99976307	0.99963689	0.97497010	1.01348925
0.52428800	0.00000000	1.02569628	1.00011516	1.00020647	0.99983096	0.99958640	1.00242865	0.90880001
0.57671678	0.00000000	0.99974817	0.99966007	0.99990439	0.99964470	1.00000215	0.98809081	1.04443598
0.62914562	0.00000000	0.98208356	0.99986476	1.00027776	0.99991792	1.00028217	0.98744756	0.92706621
0.68157440	0.00000000	0.99447858	0.99946016	0.99992448	0.99981546	0.99998939	0.99996001	1.16421890
0.73400319	0.00000000	1.02906382	0.99927646	0.99985003	1.00015306	0.99950993	0.99480629	1.01120842
0.78643203	0.00000000	1.00802147	1.00081670	0.99981540	1.00011766	0.99972630	0.96799999	1.03094780
0.83886081	0.00000000	0.97077084	1.00068688	0.99992126	1.00002098	0.99995726	0.98361576	0.86214691
0.94371837	0.00000000	1.01046312	1.00003123	0.99997538	1.00008798	0.99983615	1.01911473	0.93918365
1.04857600	0.00000000	1.00687730	1.00008261	0.99973607	1.00025761	1.00006795	0.98091698	1.05485892
1.15343356	0.00000000	1.01751792	0.99986702	1.00017059	1.00022769	0.99997777	0.99758279	0.98137093
1.25829124	0.00000000	0.97452295	0.99977070	1.00008237	0.99999422	1.00018430	1.03406870	1.03999996
1.36314881	0.00000000	1.00650656	1.00101638	1.00025129	1.00002992	0.99985635	0.99581337	1.01851857
1.46800637	0.00000000	0.95684987	0.99905169	0.99953938	0.99991077	1.00013053	0.97575760	0.99301589
1.57286406	0.00000000	1.01757061	0.99973565	1.00032544	0.99996912	0.99985456	1.02562308	0.92142856
1.67772162	0.00000000	1.00606060	1.00146270	0.99967468	1.00001585	1.00005412	1.01264679	1.00000000
1.88743675	0.00000000	0.00000000	0.00000000	0.00000000	0.00000000	0.00000000	0.00000000	0.00000000
2.09715199	0.00000000	0.00000000	0.00000000	0.00000000	0.00000000	0.00000000	0.00000000	0.00000000
2.30686712	0.00000000	0.00000000	0.00000000	0.00000000	0.00000000	0.00000000	0.00000000	0.00000000
2.51658249	0.00000000	0.00000000	0.00000000	0.00000000	0.00000000	0.00000000	0.00000000	0.00000000
2.72629762	0.00000000	0.00000000	0.00000000	0.00000000	0.00000000	0.00000000	0.00000000	0.00000000
2.93601274	0.00000000	0.00000000	0.00000000	0.00000000	0.00000000	0.00000000	0.00000000	0.00000000
3.14572811	0.00000000	0.00000000	0.00000000	0.00000000	0.00000000	0.00000000	0.00000000	0.00000000
3.35544324	0.00000000	0.00000000	0.00000000	0.00000000	0.00000000	0.00000000	0.00000000	0.00000000
3.77487350	0.00000000	0.00000000	0.00000000	0.00000000	0.00000000	0.00000000	0.00000000	0.00000000
4.19430399	0.00000000	0.00000000	0.00000000	0.00000000	0.00000000	0.00000000	0.00000000	0.00000000
4.61373425	0.00000000	0.00000000	0.00000000	0.00000000	0.00000000	0.00000000	0.00000000	0.00000000
5.03316498	0.00000000	0.00000000	0.00000000	0.00000000	0.00000000	0.00000000	0.00000000	0.00000000
5.45259523	0.00000000	0.00000000	0.00000000	0.00000000	0.00000000	0.00000000	0.00000000	0.00000000
5.87202549	0.00000000	0.00000000	0.00000000	0.00000000	0.00000000	0.00000000	0.00000000	0.00000000
6.29145622	0.00000000	0.00000000	0.00000000	0.00000000	0.00000000	0.00000000	0.00000000	0.00000000
6.71088648	0.00000000	0.00000000	0.00000000	0.00000000	0.00000000	0.00000000	0.00000000	0.00000000
7.54974699	0.00000000	0.00000000	0.00000000	0.00000000	0.00000000	0.00000000	0.00000000	0.00000000
8.38860798	0.00000000	0.00000000	0.00000000	0.00000000	0.00000000	0.00000000	0.00000000	0.00000000
9.22746849	0.00000000	0.00000000	0.00000000	0.00000000	0.00000000	0.00000000	0.00000000	0.00000000
10.06632996	0.00000000	0.00000000	0.00000000	0.00000000	0.00000000	0.00000000	0.00000000	0.00000000
10.90519047	0.00000000	0.00000000	0.00000000	0.00000000	0.00000000	0.00000000	0.00000000	0.00000000
11.74405098	0.00000000	0.00000000	0.00000000	0.00000000	0.00000000	0.00000000	0.00000000	0.00000000
12.58291245	0.00000000	0.00000000	0.00000000	0.00000000	0.00000000	0.00000000	0.00000000	0.00000000
13.42177296	0.00000000	0.00000000	0.00000000	0.00000000	0.00000000	0.00000000	0.00000000	0.00000000
15.09949398	0.00000000	0.00000000	0.00000000	0.00000000	0.00000000	0.00000000	0.00000000	0.00000000
16.77721596	0.00000000	0.00000000	0.00000000	0.00000000	0.00000000	0.00000000	0.00000000	0.00000000
18.45493698	0.00000000	0.00000000	0.00000000	0.00000000	0.00000000	0.00000000	0.00000000	0.00000000
20.13265991	0.00000000	0.00000000	0.00000000	0.00000000	0.00000000	0.00000000	0.00000000	0.00000000
21.81038094	0.00000000	0.00000000	0.00000000	0.00000000	0.00000000	0.00000000	0.00000000	0.00000000
23.48810196	0.00000000	0.00000000	0.00000000	0.00000000	0.00000000	0.00000000	0.00000000	0.00000000
25.16582489	0.00000000	0.00000000	0.00000000	0.00000000	0.00000000	0.00000000	0.00000000	0.00000000
26.84354591	0.00000000	0.00000000	0.00000000	0.00000000	0.00000000	0.00000000	0.00000000	0.00000000
30.19898796	0.00000000	0.00000000	0.00000000	0.00000000	0.00000000	0.00000000	0.00000000	0.00000000
33.55443192	0.00000000	0.00000000	0.00000000	0.00000000	0.00000000	0.00000000	0.00000000	0.00000000
36.90987396	0.00000000	0.00000000	0.00000000	0.00000000	0.00000000	0.00000000	0.00000000	0.00000000
40.26531982	0.00000000	0.00000000	0.00000000	0.00000000	0.00000000	0.00000000	0.00000000	0.00000000
43.62076187	0.00000000	0.00000000	0.00000000	0.00000000	0.00000000	0.00000000	0.00000000	0.00000000
46.97620392	0.00000000	0.00000000	0.00000000	0.00000000	0.00000000	0.00000000	0.00000000	0.00000000
50.33164978	0.00000000	0.00000000	0.00000000	0.00000000	0.00000000	0.00000000	0.00000000	0.00000000
53.68709183	0.00000000	0.00000000	0.00000000	0.00000000	0.00000000	0.00000000	0.00000000	0.00000000
60.39797592	0.00000000	0.00000000	0.00000000	0.00000000	0.00000000	0.00000000	0.00000000	0.00000000
67.10886383	0.00000000	0.00000000	0.00000000	0.00000000	0.00000000	0.00000000	0.00000000	0.00000000
73.81974792	0.00000000	0.00000000	0.00000000	0.00000000	0.00000000	0.00000000	0.00000000	0.00000000
80.53063965	0.00000000	0.00000000	0.00000000	0.00000000	0.00000000	0.00000000	0.00000000	0.00000000
87.24152374	0.00000000	0.00000000	0.00000000	0.00000000	0.00000000	0.00000000	0.00000000	0.00000000
93.95240784	0.00000000	0.00000000	0.00000000	0.00000000	0.00000000	0.00000000	0.00000000	0.00000000
100.66329956	0.00000000	0.00000000	0.00000000	0.00000000	0.00000000	0.00000000	0.00000000	0.00000000
107.37418365	0.00000000	0.00000000	0.00000000	0.00000000	0.00000000	0.00000000	0.00000000	0.00000000
120.79595184	0.00000000	0.00000000	0.00000000	0.00000000	0.00000000	0.00000000	0.00000000	0.00000000
134.21772766	0.00000000	0.00000000	0.00000000	0.00000000	0.00000000	0.00000000	0.00000000	0.00000000
147.63949585	0.00000000	0.00000000	0.00000000	0.00000000	0.00000000	0.00000000	0.00000000	0.00000000
161.06127930	0.00000000	0.00000000	0.00000000	0.00000000	0.00000000	0.00000000	0.00000000	0.00000000
174.48304749	0.00000000	0.00000000	0.00000000	0.00000000	0.00000000	0.00000000	0.00000000	0.00000000
187.90481567	0.00000000	0.00000000	0.00000000	0.00000000	0.00000000	0.00000000	0.00000000	0.00000000
201.32659912	0.00000000	0.00000000	0.00000000	0.00000000	0.00000000	0.00000000	0.00000000	0.00000000
214.74836731	0.00000000	0.00000000	0.00000000	0.00000000	0.00000000	0.00000000	0.00000000	0.00000000
241.59190369	0.00000000	0.00000000	0.00000000	0.00000000	0.00000000	0.00000000	0.00000000	0.00000000
268.43545532	0.00000000	0.00000000	0.00000000	0.00000000	0.00000000	0.00000000	0.00000000	0.00000000
295.27899170	0.00000000	0.00000000	0.00000000	0.00000000	0.00000000	0.00000000	0.00000000	0.00000000
322.12255859	0.00000000	0.00000000	0.00000000	0.00000000	0.00000000	0.00000000	0.00000000	0.00000000
348.96609497	0.00000000	0.00000000	0.00000000	0.00000000	0.00000000	0.00000000	0.00000000	0.00000000
375.80963135	0.00000000	0.00000000	0.00000000	0.00000000	0.00000000	0.00000000	0.00000000	0.00000000
402.65319824	0.00000000	0.00000000	0.00000000	0.00000000	0.00000000	0.00000000	0.00000000	0.00000000
429.49673462	0.00000000	0.00000000	0.00000000	0.00000000	0.00000000	0.00000000	0.00000000	0.00000000
483.18380737	0.00000000	0.00000000	0.00000000	0.00000000	0.00000000	0.00000000	0.00000000	0.00000000
536.87091064	0.00000000	0.00000000	0.00000000	0.00000000	0.00000000	0.00000000	0.00000000	0.00000000
590.55798340	0.00000000	0.00000000	0.00000000	0.00000000	0.00000000	0.00000000	0.00000000	0.00000000
644.24511719	0.00000000	0.00000000	0.00000000	0.00000000	0.00000000	0.00000000	0.00000000	0.00000000
697.93218994	0.00000000	0.00000000	0.00000000	0.00000000	0.00000000	0.00000000	0.00000000	0.00000000
751.61926270	0.00000000	0.00000000	0.00000000	0.00000000	0.00000000	0.00000000	0.00000000	0.00000000
805.30639648	0.00000000	0.00000000	0.00000000	0.00000000	0.00000000	0.00000000	0.00000000	0.00000000
858.99346924	0.00000000	0.00000000	0.00000000	0.00000000	0.00000000	0.00000000	0.00000000	0.00000000
966.36761475	0.00000000	0.00000000	0.00000000	0.00000000	0.00000000	0.00000000	0.00000000	0.00000000
1073.74182129	0.00000000	0.00000000	0.00000000	0.00000000	0.00000000	0.00000000	0.00000000	0.00000000
1181.11596680	0.00000000	0.00000000	0.00000000	0.00000000	0.00000000	0.00000000	0.00000000	0.00000000
1288.49023437	0.00000000	0.00000000	0.00000000	0.00000000	0.00000000	0.00000000	0.00000000	0.00000000
1395.86437988	0.00000000	0.00000000	0.00000000	0.00000000	0.00000000	0.00000000	0.00000000	0.00000000
1503.23852539	0.00000000	0.00000000	0.00000000	0.00000000	0.00000000	0.00000000	0.00000000	0.00000000
1610.61279297	0.00000000	0.00000000	0.00000000	0.00000000	0.00000000	0.00000000	0.00000000	0.00000000
1717.98693848	0.00000000	0.00000000	0.00000000	0.00000000	0.00000000	0.00000000	0.00000000	0.00000000
1932.73522949	0.00000000	0.00000000	0.00000000	0.00000000	0.00000000	0.00000000	0.00000000	0.00000000
2147.48364258	0.00000000	0.00000000	0.00000000	0.00000000	0.00000000	0.00000000	0.00000000	0.00000000
2362.23193359	0.00000000	0.00000000	0.00000000	0.00000000	0.00000000	0.00000000	0.00000000	0.00000000
2576.98046875	0.00000000	0.00000000	0.00000000	0.00000000	0.00000000	0.00000000	0.00000000	0.00000000
2791.72875977	0.00000000	0.00000000	0.00000000	0.00000000	0.00000000	0.00000000	0.00000000	0.00000000
3006.47705078	0.00000000	0.00000000	0.00000000	0.00000000	0.00000000	0.00000000	0.00000000	0.00000000
3221.22558594	0.00000000	0.00000000	0.00000000	0.00000000	0.00000000	0.00000000	0.00000000	0.00000000
3435.97387695	0.00000000	0.00000000	0.00000000	0.00000000	0.00000000	0.00000000	0.00000000	0.00000000
0	0	0	0	0	0	0	0	0
