%4/4/2019 12:44:42 PM
%Duration	ID1		ID2		ID3		ID4		ID5		ID6		ID7		ID8
1000.000000	0.000000	0.419617	366.859436	234.298706	96.206665	32.224655	0.543594	0.209808
%Tau		Tau1		Tau2		Tau3		Tau4		Tau5		Tau6		Tau7		Tau8
%		0.000000	0.000001	0.000141	0.000090	0.000058	0.000021	0.000001	0.000001
%Delaytime	D1		D2		D3		D4		D5		D6		D7		D8
0.00000020	0.00000000	44.79371262	1.56331778	1.45477748	1.56709647	3.88565302	230.95935059	0.00000000
0.00000040	0.00000000	0.00000000	1.49401796	1.49283326	1.58609152	1.74044883	46.19187164	0.00000000
0.00000060	0.00000000	0.00000000	1.49687564	1.49706161	1.52198303	1.86187541	0.00000000	0.00000000
0.00000080	0.00000000	0.00000000	1.48165834	1.47430873	1.47212088	1.39640653	0.00000000	0.00000000
0.00000100	0.00000000	0.00000000	1.48415875	1.47169113	1.50773668	1.48747659	0.00000000	0.00000000
0.00000120	0.00000000	0.00000000	1.47437108	1.49504817	1.52554464	1.54818988	0.00000000	0.00000000
0.00000140	0.00000000	0.00000000	1.47479975	1.47471142	1.47449529	1.55830884	0.00000000	0.00000000
0.00000160	0.00000000	0.00000000	1.46622658	1.46323431	1.47568250	1.33569324	0.00000000	0.00000000
0.00000180	0.00000000	0.00000000	1.48587346	1.50410903	1.51723421	1.45711994	0.00000000	0.00000000
0.00000200	0.00000000	0.00000000	1.47922921	1.48941028	1.46143615	1.53807104	0.00000000	0.00000000
0.00000220	0.00000000	44.79371262	1.47501409	1.45195854	1.49349034	1.53807104	0.00000000	0.00000000
0.00000240	0.00000000	0.00000000	1.47344232	1.48638999	1.46024895	1.48747659	0.00000000	0.00000000
0.00000260	0.00000000	0.00000000	1.48944557	1.49766576	1.46737206	1.39640653	0.00000000	0.00000000
0.00000280	0.00000000	0.00000000	1.44958031	1.46665728	1.43175626	1.39640653	0.00000000	0.00000000
0.00000300	0.00000000	0.00000000	1.47122765	1.46565056	1.45906174	1.45711994	0.00000000	0.00000000
0.00000320	0.00000000	0.00000000	1.47680020	1.46101940	1.47093368	1.27497995	0.00000000	0.00000000
0.00000360	0.00000000	0.00000000	1.48283708	1.48206079	1.49289680	1.38122821	0.00000000	0.00000000
0.00000400	0.00000000	0.00000000	1.45911801	1.49001431	1.51960862	1.24968266	0.00000000	0.00000000
0.00000440	0.00000000	0.00000000	1.46876287	1.48890686	1.42582035	1.53807104	0.00000000	0.00000000
0.00000480	0.00000000	0.00000000	1.46554792	1.47410738	1.48399282	1.34075272	0.00000000	0.00000000
0.00000520	0.00000000	0.00000000	1.45611739	1.46273088	1.44066024	1.41158485	0.00000000	0.00000000
0.00000560	0.00000000	0.00000000	1.46140420	1.46051610	1.45193863	1.46723878	0.00000000	0.00000000
0.00000600	0.00000000	0.00000000	1.45576012	1.44058204	1.43294346	1.45206046	0.00000000	0.00000000
0.00000640	0.00000000	0.00000000	1.46904862	1.44813287	1.48280561	1.32557440	0.00000000	0.00000000
0.00000720	0.00000000	0.00000000	1.46485126	1.45875418	1.40652835	1.50518465	0.00000000	0.00000000
0.00000800	0.00000000	0.00000000	1.45665324	1.43907189	1.44540906	1.42423356	0.00000000	0.00000000
0.00000880	0.00000000	0.00000000	1.44938385	1.45190823	1.42938185	1.42423356	0.00000000	0.00000000
0.00000960	0.00000000	0.00000000	1.44695485	1.42623568	1.42671072	1.40905523	0.00000000	0.00000000
0.00001040	0.00000000	0.00000000	1.44668686	1.43363535	1.41483879	1.29015827	0.00000000	0.00000000
0.00001120	0.00000000	0.00000000	1.44288254	1.42180586	1.40118599	1.29268801	0.00000000	0.00000000
0.00001200	0.00000000	11.19842815	1.43931043	1.44314933	1.41661954	1.33063376	0.00000000	0.00000000
0.00001280	0.00000000	0.00000000	1.44484723	1.42160451	1.38693964	1.53048182	11.54796791	0.00000000
0.00001440	0.00000000	0.00000000	1.43551505	1.42198205	1.35369825	1.29774737	0.00000000	0.00000000
0.00001600	0.00000000	5.59921408	1.43280017	1.39756799	1.39332092	1.26486099	0.00000000	0.00000000
0.00001760	0.00000000	0.00000000	1.41458213	1.40937233	1.35889220	1.34707701	0.00000000	0.00000000
0.00001920	0.00000000	0.00000000	1.41713631	1.38372493	1.35533059	1.28003931	0.00000000	0.00000000
0.00002080	0.00000000	0.00000000	1.41145658	1.39092326	1.34568465	1.29395282	0.00000000	0.00000000
0.00002240	0.00000000	0.00000000	1.40767002	1.38241613	1.31986320	1.30154204	0.00000000	0.00000000
0.00002400	0.00000000	0.00000000	1.40657163	1.36895061	1.34405231	1.31419063	0.00000000	0.00000000
0.00002560	0.00000000	0.00000000	1.40018642	1.36429429	1.33232880	1.31419063	0.00000000	0.00000000
0.00002880	0.00000000	0.00000000	1.40063536	1.35313869	1.30160224	1.25598550	0.00000000	0.00000000
0.00003200	0.00000000	8.54714203	1.38845921	1.34739506	1.26861751	1.25977242	0.00000000	0.00000000
0.00003520	0.00000000	0.00000000	1.37882841	1.32948840	1.26594901	1.26292813	0.00000000	0.00000000
0.00003840	0.00000000	0.00000000	1.37068594	1.31667447	1.22384703	1.20991170	0.00000000	0.00000000
0.00004160	0.00000000	0.00000000	1.36166275	1.30812526	1.23216271	1.23133051	2.91271114	0.00000000
0.00004480	0.00000000	2.84904718	1.35797763	1.29642344	1.23156965	1.19346285	0.00000000	0.00000000
0.00004800	0.00000000	0.00000000	1.34373975	1.28224456	1.23557234	1.17074215	2.91271114	17.04890823
0.00005120	0.00000000	0.00000000	1.33456695	1.27095973	1.20822060	1.17579126	0.00000000	17.04890823
0.00005760	0.00000000	1.42452359	1.32024515	1.25589514	1.19391572	1.15087283	1.45635557	0.00000000
0.00006400	0.00000000	1.42452359	1.30768645	1.23203623	1.17383063	1.13158619	7.28177786	0.00000000
0.00007040	0.00000000	1.42452359	1.29518092	1.21718729	1.15424025	1.16162264	1.45635557	0.00000000
0.00007680	0.00000000	1.42452359	1.28324604	1.20604718	1.13241315	1.11004996	0.00000000	0.00000000
0.00008320	0.00000000	0.00000000	1.27342153	1.19228113	1.12094975	1.08728623	0.00000000	0.00000000
0.00008960	0.00000000	2.84904718	1.25769484	1.17938292	1.11514378	1.09266102	2.91271114	0.00000000
0.00009600	0.00000000	1.42452359	1.24824584	1.16506958	1.10643542	1.07748520	0.00000000	0.00000000
0.00010240	0.00000000	1.42452359	1.23420382	1.16030025	1.10046935	1.04903042	1.45635557	0.00000000
0.00011520	0.00000000	1.43080592	1.21783113	1.13688648	1.07899201	1.05701602	0.72817779	0.00000000
0.00012800	0.00000000	0.71540296	1.19633591	1.12218142	1.05846453	1.03220963	2.18453336	0.00000000
0.00014080	0.00000000	0.71540296	1.18144751	1.10364199	1.04834056	1.02987659	1.45635557	8.52445412
0.00015360	0.00000000	0.00000000	1.16660035	1.09280324	1.04390252	1.01309276	0.72817779	0.00000000
0.00016640	0.00000000	1.43396449	1.15174162	1.07773995	1.03583515	1.03313375	0.00000000	0.00000000
0.00017920	0.00000000	0.00000000	1.13905621	1.06926000	1.03725743	1.01454616	2.91271114	4.26222706
0.00019200	0.00000000	1.43396449	1.12792718	1.06537390	1.03043842	1.02641535	0.72817779	0.00000000
0.00020480	0.00000000	0.00000000	1.11958051	1.05266225	1.02717149	1.00100744	1.45635557	0.00000000
0.00023040	0.00000000	1.75740361	1.09917080	1.03594327	1.01882482	1.00770962	0.36734694	0.00000000
0.00025600	0.00000000	2.10888433	1.08442986	1.02530909	1.01485503	1.00849748	0.73469388	0.00000000
0.00028160	0.00000000	0.00000000	1.07210636	1.02023971	1.01047742	0.99250460	0.73469388	0.00000000
0.00030720	0.00000000	0.35148072	1.05981779	1.01652646	1.00507665	1.00581884	0.73469388	2.17769384
0.00033280	0.00000000	1.40592289	1.05149531	1.01296449	1.00564253	0.99803293	1.83673465	0.00000000
0.00035840	0.00000000	2.46036506	1.04121721	1.00840783	0.99963152	0.99180949	0.36734694	0.00000000
0.00038400	0.00000000	2.10888433	1.03587854	1.00737834	0.99914914	0.99266213	0.73469388	0.00000000
0.00040960	0.00000000	0.70296144	1.03124928	1.00639904	1.00466847	0.99059975	0.36734694	2.17769384
0.00046080	0.00000000	1.56793952	1.02234471	1.00664866	0.99407822	0.99401802	1.30310822	2.11971712
0.00051200	0.00000000	0.69686198	1.01610017	1.01081431	0.99510759	0.99394596	1.11694992	0.00000000
0.00056320	0.00000000	0.87107748	1.01172996	1.00942516	1.00456166	0.99548030	1.86158311	0.00000000
0.00061440	0.00000000	0.87107748	1.00718820	1.00252569	1.00696552	0.99077320	1.86158311	0.00000000
0.00066560	0.00000000	0.52264649	1.00402904	1.00099158	0.99839926	1.00079048	1.11694992	1.05985856
0.00071680	0.00000000	1.21950853	1.00183642	0.99929577	1.00237024	0.99257243	1.67542481	1.05985856
0.00076800	0.00000000	1.39372396	0.99670333	0.99850607	1.00130343	0.99367869	0.74463326	0.00000000
0.00081920	0.00000000	0.87107748	0.99681753	0.99792355	1.00429404	0.99288851	0.93079156	1.05985856
0.00092160	0.00000000	0.78738946	0.99915260	0.99621290	1.00456440	0.99796951	1.48926651	0.53277838
0.00102400	0.00000000	1.31231582	0.99650246	1.00000441	1.00283122	1.01514232	0.74463326	1.59833503
0.00112640	0.00000000	1.83724213	0.99815905	0.99908412	0.99554890	0.99969399	1.02387071	0.53277838
0.00122880	0.00000000	0.78738946	0.99900603	0.99368232	0.99783611	0.99643624	0.83771241	1.06555676
0.00133120	0.00000000	1.39980352	1.00444043	0.99600780	0.99733031	1.00226402	0.74463326	1.06555676
0.00143360	0.00000000	0.69990176	1.00423133	0.99560082	0.99155915	1.01543331	0.55847496	0.53277838
0.00153600	0.00000000	0.96236491	1.00282049	0.99487692	0.99687576	0.99779516	0.55847496	1.06555676
0.00163840	0.00000000	0.61241400	1.00209165	0.99977952	0.99865568	0.99644697	0.93079156	1.06555676
0.00184320	0.00000000	0.79603821	1.00145864	1.00332057	1.00450099	1.00310946	0.50511211	1.07710743
0.00204800	0.00000000	1.06138432	0.99950939	1.00319779	1.00033796	0.99956626	1.28573990	1.62444186
0.00225280	0.00000000	0.97293562	0.99888909	1.00030851	1.00901186	0.99933630	1.14798212	0.81222093
0.00245760	0.00000000	1.23828173	0.99828339	1.00498617	1.00628901	0.99755520	0.96430492	1.62444186
0.00266240	0.00000000	1.14983296	0.99827254	1.00336432	1.00669742	1.00217938	0.78238201	1.62444186
0.00286720	0.00000000	1.19405735	1.00191677	1.00599217	0.99641925	1.00017059	1.01249433	0.81222093
0.00307200	0.00000000	1.06138432	1.00170040	1.00361574	0.99913591	0.99514961	1.10453928	1.89518213
0.00327680	0.00000000	1.14983296	1.00071442	1.00169265	1.00083399	1.00396693	1.51874161	1.08296120
0.00368640	0.00000000	1.11536038	0.99906480	0.99904883	1.00099754	0.99661613	1.07667828	0.67685074
0.00409600	0.00000000	0.95920998	1.00409400	1.00020707	0.99807870	0.99343103	0.66433346	0.53855371
0.00450560	0.00000000	1.38000727	1.00123405	1.00222850	0.99830669	1.00027752	0.87050587	1.75029945
0.00491520	0.00000000	0.97935998	0.99741971	1.00219202	1.00032938	1.00297546	1.07667828	0.94246894
0.00532480	0.00000000	0.84581089	1.00067520	0.99886996	1.00363934	1.00142658	1.07667828	0.94246894
0.00573440	0.00000000	1.51355636	0.99984556	1.00102079	0.99922061	0.99527347	0.87245333	0.26927686
0.00614400	0.00000000	0.93484360	0.99967599	0.99799711	0.99737102	0.99785674	0.82653475	1.07710743
0.00655360	0.00000000	1.33256221	1.00231791	1.00108302	1.00068617	0.99654388	0.96429050	0.94246894
0.00737280	0.00000000	0.87727010	1.00021994	1.00187123	0.99893457	1.00235844	1.14660752	1.68298030
0.00819200	0.00000000	0.99942166	1.00088108	1.00242889	0.99816322	1.00300491	1.03308201	1.14442658
0.00901120	0.00000000	1.16599190	0.99681270	1.00098526	1.00556290	0.99625587	0.88549888	1.07710743
0.00983040	0.00000000	1.07952702	1.00092006	0.99808890	1.00179231	1.00060177	0.79467851	1.21174586
0.01064960	0.00000000	1.14630187	0.99789226	1.00387323	0.99775672	0.99885714	0.86471540	0.67319208
0.01146880	0.00000000	1.06604970	0.99889249	1.00047123	0.99742508	0.99941355	1.14916122	0.87514973
0.01228800	0.00000000	1.07715440	0.99965984	1.00069129	0.99772364	1.00619328	1.03308201	0.53855371
0.01310720	0.00000000	0.99942166	0.99906611	0.99920088	1.00236702	1.00090003	0.96711588	1.48102260
0.01474560	0.00000000	1.06459820	0.99744725	1.00007606	0.99977684	1.00086725	0.80931526	0.88471425
0.01638400	0.00000000	1.10321057	0.99817139	1.00010097	1.00043559	1.00065923	0.96787471	1.25901639
0.01802240	0.00000000	1.10872662	0.99912202	0.99766725	1.00154650	0.99939495	1.13968682	0.74860436
0.01966080	0.00000000	0.98737341	1.00185740	1.00063682	1.00088084	1.00052476	1.00796425	1.05485153
0.02129920	0.00000000	0.94324499	0.99870276	0.99679834	0.99886388	1.00431156	1.11105144	0.81665927
0.02293760	0.00000000	1.05588663	1.00139487	1.00035954	1.00251615	1.00010252	0.82079488	0.64652193
0.02457600	0.00000000	0.94876105	1.00164759	0.99952286	0.99927610	0.99888241	1.01369131	1.05485153
0.02621440	0.00000000	0.93426621	1.00080276	1.00071108	0.99821138	1.00213027	1.02514541	0.88952243
0.02949120	0.00000000	0.98737341	1.00023592	0.99918431	0.99879324	0.99924207	1.06666672	0.98594594
0.03276800	0.00000000	0.88532645	0.99969232	0.99828261	1.00163126	0.99914539	0.91591114	0.77837837
0.03604480	0.00000000	1.07011425	0.99634445	0.99839878	0.99996871	1.00082338	0.94435555	0.95135134
0.03932160	0.00000000	1.02824569	1.00071013	1.00053811	1.00102854	1.00201595	0.98571426	0.99130434
0.04259840	0.00000000	1.05356610	1.00034034	1.00120842	1.00020838	0.99827117	0.98505592	0.81297296
0.04587520	0.00000000	1.02923977	1.00091541	0.99999422	1.00084972	1.00002110	1.01714289	0.80860215
0.04915200	0.00000000	1.01547992	1.00061893	1.00016999	0.99941874	0.99962789	1.02115560	1.10702705
0.05242880	0.00000000	1.05170119	0.99969780	1.00065815	1.00088501	0.99973667	1.05276406	1.06086957
0.05898240	0.00000000	0.97708166	1.00139487	1.00032508	0.99896985	1.00003445	0.97706670	0.98909962
0.06553600	0.00000000	0.94116747	0.99924344	1.00059545	1.00140560	0.99972218	0.93195504	0.94609529
0.07208960	0.00000000	1.02424169	0.99917722	1.00069225	1.00047541	1.00062335	0.98085392	0.94956338
0.07864320	0.00000000	0.94049001	1.00019217	0.99847370	0.99857783	0.99812245	1.03262925	1.18053818
0.08519680	0.00000000	0.98639518	0.99953783	0.99962258	1.00079882	0.99950516	0.98229212	1.00944579
0.09175040	0.00000000	1.04161370	0.99919504	0.99898845	1.00045717	1.00004339	0.92476404	1.00089109
0.09830400	0.00000000	0.99345458	0.99879628	0.99966675	1.00119102	0.99837029	1.01714289	0.90799904
0.10485760	0.00000000	0.99976540	1.00280821	0.99790889	1.00003994	1.00023186	1.00632513	0.94609529
0.11796480	0.00000000	0.96393019	0.99949670	0.99907178	1.00014997	0.99926388	1.01805305	0.99006873
0.13107200	0.00000000	1.03482807	1.00035620	0.99978185	1.00060952	0.99954051	0.98602551	1.06927931
0.14417920	0.00000000	0.96141160	1.00014377	1.00019050	1.00058556	1.00045109	0.96945381	0.95945948
0.15728641	0.00000000	1.02170849	1.00058460	1.00019085	1.00003636	0.99931103	0.97218978	0.95246869
0.17039360	0.00000000	0.92698413	1.00084853	1.00089502	0.99993706	1.00130582	0.96760696	1.12945759
0.18350080	0.00000000	0.98942447	0.99865323	1.00036728	0.99968386	0.99942374	1.01293790	0.97827280
0.19660801	0.00000000	1.00276673	0.99979985	1.00078821	0.99982160	1.00064218	0.99954665	0.93200856
0.20971520	0.00000000	1.00722659	1.00081754	1.00021863	1.00025606	1.00020051	1.06054163	0.92689174
0.23592959	0.00000000	1.05916822	0.99977517	1.00064933	1.00021923	0.99975872	1.00767267	1.02423394
0.26214400	0.00000000	0.91511965	1.00041401	0.99947041	1.00020015	1.00023067	0.97527665	0.97871268
0.28835839	0.00000000	0.98760092	1.00070322	0.99964845	0.99955088	0.99990261	0.97898817	0.89553922
0.31457281	0.00000000	0.98741990	1.00035512	1.00025582	0.99929899	0.99895746	1.00949800	0.90974057
0.34078720	0.00000000	0.99750626	0.99957585	1.00000000	1.00019991	0.99952585	1.01093113	1.06947577
0.36700159	0.00000000	0.98037630	1.00061500	0.99993515	0.99959588	1.00030470	0.99148339	0.99642855
0.39321601	0.00000000	0.97924656	1.00047159	1.00129533	0.99995083	1.00013793	0.97877336	0.96056879
0.41943040	0.00000000	1.03470445	0.99988544	0.99995559	0.99883395	1.00037122	1.02152789	0.97627300
0.47185919	0.00000000	1.02045381	1.00000250	0.99963802	0.99911857	0.99979270	0.98801869	0.96565694
0.52428800	0.00000000	1.01277208	0.99971205	1.00035512	0.99936837	1.00056958	1.00968301	1.02298141
0.57671678	0.00000000	0.99078041	0.99965918	1.00021696	0.99974966	0.99952817	1.00428152	1.05147064
0.62914562	0.00000000	1.00717437	0.99977261	0.99947441	0.99967819	1.00004315	1.00520754	0.97383720
0.68157440	0.00000000	0.98292291	1.00024056	0.99985343	0.99973816	0.99995404	0.98684561	0.99364626
0.73400319	0.00000000	0.98576164	1.00032115	1.00033820	1.00063956	0.99968165	1.00641584	1.03886557
0.78643203	0.00000000	0.99998695	0.99972999	0.99970043	1.00010324	0.99998724	1.00261271	1.02446163
0.83886081	0.00000000	1.04323804	0.99999964	0.99946231	1.00055635	0.99987209	0.99179506	0.95582080
0.94371837	0.00000000	1.00920391	0.99993688	0.99991608	1.00066400	1.00013316	0.99790722	0.99740076
1.04857600	0.00000000	0.99526513	1.00049198	1.00011790	1.00038695	1.00073266	1.00999999	0.95776325
1.15343356	0.00000000	0.96066856	1.00049102	1.00003505	1.00013316	0.99985641	0.98959428	1.01767671
1.25829124	0.00000000	1.00378656	1.00024700	1.00029838	0.99958402	1.00015771	1.01596224	1.00496280
1.36314881	0.00000000	1.03390419	0.99990904	1.00006914	0.99969476	0.99961358	0.98162347	0.99491650
1.46800637	0.00000000	1.03094137	0.99988544	0.99976927	1.00005782	1.00072229	1.02545452	1.00813007
1.57286406	0.00000000	0.93859649	1.00080037	1.00005054	0.99991351	1.00003469	0.99489796	0.98817569
1.67772162	0.00000000	1.00900161	1.00013149	0.99995440	1.00001585	1.00019717	1.00842106	1.01818180
1.88743675	0.00000000	0.00000000	0.00000000	0.00000000	0.00000000	0.00000000	0.00000000	0.00000000
2.09715199	0.00000000	0.00000000	0.00000000	0.00000000	0.00000000	0.00000000	0.00000000	0.00000000
2.30686712	0.00000000	0.00000000	0.00000000	0.00000000	0.00000000	0.00000000	0.00000000	0.00000000
2.51658249	0.00000000	0.00000000	0.00000000	0.00000000	0.00000000	0.00000000	0.00000000	0.00000000
2.72629762	0.00000000	0.00000000	0.00000000	0.00000000	0.00000000	0.00000000	0.00000000	0.00000000
2.93601274	0.00000000	0.00000000	0.00000000	0.00000000	0.00000000	0.00000000	0.00000000	0.00000000
3.14572811	0.00000000	0.00000000	0.00000000	0.00000000	0.00000000	0.00000000	0.00000000	0.00000000
3.35544324	0.00000000	0.00000000	0.00000000	0.00000000	0.00000000	0.00000000	0.00000000	0.00000000
3.77487350	0.00000000	0.00000000	0.00000000	0.00000000	0.00000000	0.00000000	0.00000000	0.00000000
4.19430399	0.00000000	0.00000000	0.00000000	0.00000000	0.00000000	0.00000000	0.00000000	0.00000000
4.61373425	0.00000000	0.00000000	0.00000000	0.00000000	0.00000000	0.00000000	0.00000000	0.00000000
5.03316498	0.00000000	0.00000000	0.00000000	0.00000000	0.00000000	0.00000000	0.00000000	0.00000000
5.45259523	0.00000000	0.00000000	0.00000000	0.00000000	0.00000000	0.00000000	0.00000000	0.00000000
5.87202549	0.00000000	0.00000000	0.00000000	0.00000000	0.00000000	0.00000000	0.00000000	0.00000000
6.29145622	0.00000000	0.00000000	0.00000000	0.00000000	0.00000000	0.00000000	0.00000000	0.00000000
6.71088648	0.00000000	0.00000000	0.00000000	0.00000000	0.00000000	0.00000000	0.00000000	0.00000000
7.54974699	0.00000000	0.00000000	0.00000000	0.00000000	0.00000000	0.00000000	0.00000000	0.00000000
8.38860798	0.00000000	0.00000000	0.00000000	0.00000000	0.00000000	0.00000000	0.00000000	0.00000000
9.22746849	0.00000000	0.00000000	0.00000000	0.00000000	0.00000000	0.00000000	0.00000000	0.00000000
10.06632996	0.00000000	0.00000000	0.00000000	0.00000000	0.00000000	0.00000000	0.00000000	0.00000000
10.90519047	0.00000000	0.00000000	0.00000000	0.00000000	0.00000000	0.00000000	0.00000000	0.00000000
11.74405098	0.00000000	0.00000000	0.00000000	0.00000000	0.00000000	0.00000000	0.00000000	0.00000000
12.58291245	0.00000000	0.00000000	0.00000000	0.00000000	0.00000000	0.00000000	0.00000000	0.00000000
13.42177296	0.00000000	0.00000000	0.00000000	0.00000000	0.00000000	0.00000000	0.00000000	0.00000000
15.09949398	0.00000000	0.00000000	0.00000000	0.00000000	0.00000000	0.00000000	0.00000000	0.00000000
16.77721596	0.00000000	0.00000000	0.00000000	0.00000000	0.00000000	0.00000000	0.00000000	0.00000000
18.45493698	0.00000000	0.00000000	0.00000000	0.00000000	0.00000000	0.00000000	0.00000000	0.00000000
20.13265991	0.00000000	0.00000000	0.00000000	0.00000000	0.00000000	0.00000000	0.00000000	0.00000000
21.81038094	0.00000000	0.00000000	0.00000000	0.00000000	0.00000000	0.00000000	0.00000000	0.00000000
23.48810196	0.00000000	0.00000000	0.00000000	0.00000000	0.00000000	0.00000000	0.00000000	0.00000000
25.16582489	0.00000000	0.00000000	0.00000000	0.00000000	0.00000000	0.00000000	0.00000000	0.00000000
26.84354591	0.00000000	0.00000000	0.00000000	0.00000000	0.00000000	0.00000000	0.00000000	0.00000000
30.19898796	0.00000000	0.00000000	0.00000000	0.00000000	0.00000000	0.00000000	0.00000000	0.00000000
33.55443192	0.00000000	0.00000000	0.00000000	0.00000000	0.00000000	0.00000000	0.00000000	0.00000000
36.90987396	0.00000000	0.00000000	0.00000000	0.00000000	0.00000000	0.00000000	0.00000000	0.00000000
40.26531982	0.00000000	0.00000000	0.00000000	0.00000000	0.00000000	0.00000000	0.00000000	0.00000000
43.62076187	0.00000000	0.00000000	0.00000000	0.00000000	0.00000000	0.00000000	0.00000000	0.00000000
46.97620392	0.00000000	0.00000000	0.00000000	0.00000000	0.00000000	0.00000000	0.00000000	0.00000000
50.33164978	0.00000000	0.00000000	0.00000000	0.00000000	0.00000000	0.00000000	0.00000000	0.00000000
53.68709183	0.00000000	0.00000000	0.00000000	0.00000000	0.00000000	0.00000000	0.00000000	0.00000000
60.39797592	0.00000000	0.00000000	0.00000000	0.00000000	0.00000000	0.00000000	0.00000000	0.00000000
67.10886383	0.00000000	0.00000000	0.00000000	0.00000000	0.00000000	0.00000000	0.00000000	0.00000000
73.81974792	0.00000000	0.00000000	0.00000000	0.00000000	0.00000000	0.00000000	0.00000000	0.00000000
80.53063965	0.00000000	0.00000000	0.00000000	0.00000000	0.00000000	0.00000000	0.00000000	0.00000000
87.24152374	0.00000000	0.00000000	0.00000000	0.00000000	0.00000000	0.00000000	0.00000000	0.00000000
93.95240784	0.00000000	0.00000000	0.00000000	0.00000000	0.00000000	0.00000000	0.00000000	0.00000000
100.66329956	0.00000000	0.00000000	0.00000000	0.00000000	0.00000000	0.00000000	0.00000000	0.00000000
107.37418365	0.00000000	0.00000000	0.00000000	0.00000000	0.00000000	0.00000000	0.00000000	0.00000000
120.79595184	0.00000000	0.00000000	0.00000000	0.00000000	0.00000000	0.00000000	0.00000000	0.00000000
134.21772766	0.00000000	0.00000000	0.00000000	0.00000000	0.00000000	0.00000000	0.00000000	0.00000000
147.63949585	0.00000000	0.00000000	0.00000000	0.00000000	0.00000000	0.00000000	0.00000000	0.00000000
161.06127930	0.00000000	0.00000000	0.00000000	0.00000000	0.00000000	0.00000000	0.00000000	0.00000000
174.48304749	0.00000000	0.00000000	0.00000000	0.00000000	0.00000000	0.00000000	0.00000000	0.00000000
187.90481567	0.00000000	0.00000000	0.00000000	0.00000000	0.00000000	0.00000000	0.00000000	0.00000000
201.32659912	0.00000000	0.00000000	0.00000000	0.00000000	0.00000000	0.00000000	0.00000000	0.00000000
214.74836731	0.00000000	0.00000000	0.00000000	0.00000000	0.00000000	0.00000000	0.00000000	0.00000000
241.59190369	0.00000000	0.00000000	0.00000000	0.00000000	0.00000000	0.00000000	0.00000000	0.00000000
268.43545532	0.00000000	0.00000000	0.00000000	0.00000000	0.00000000	0.00000000	0.00000000	0.00000000
295.27899170	0.00000000	0.00000000	0.00000000	0.00000000	0.00000000	0.00000000	0.00000000	0.00000000
322.12255859	0.00000000	0.00000000	0.00000000	0.00000000	0.00000000	0.00000000	0.00000000	0.00000000
348.96609497	0.00000000	0.00000000	0.00000000	0.00000000	0.00000000	0.00000000	0.00000000	0.00000000
375.80963135	0.00000000	0.00000000	0.00000000	0.00000000	0.00000000	0.00000000	0.00000000	0.00000000
402.65319824	0.00000000	0.00000000	0.00000000	0.00000000	0.00000000	0.00000000	0.00000000	0.00000000
429.49673462	0.00000000	0.00000000	0.00000000	0.00000000	0.00000000	0.00000000	0.00000000	0.00000000
483.18380737	0.00000000	0.00000000	0.00000000	0.00000000	0.00000000	0.00000000	0.00000000	0.00000000
536.87091064	0.00000000	0.00000000	0.00000000	0.00000000	0.00000000	0.00000000	0.00000000	0.00000000
590.55798340	0.00000000	0.00000000	0.00000000	0.00000000	0.00000000	0.00000000	0.00000000	0.00000000
644.24511719	0.00000000	0.00000000	0.00000000	0.00000000	0.00000000	0.00000000	0.00000000	0.00000000
697.93218994	0.00000000	0.00000000	0.00000000	0.00000000	0.00000000	0.00000000	0.00000000	0.00000000
751.61926270	0.00000000	0.00000000	0.00000000	0.00000000	0.00000000	0.00000000	0.00000000	0.00000000
805.30639648	0.00000000	0.00000000	0.00000000	0.00000000	0.00000000	0.00000000	0.00000000	0.00000000
858.99346924	0.00000000	0.00000000	0.00000000	0.00000000	0.00000000	0.00000000	0.00000000	0.00000000
966.36761475	0.00000000	0.00000000	0.00000000	0.00000000	0.00000000	0.00000000	0.00000000	0.00000000
1073.74182129	0.00000000	0.00000000	0.00000000	0.00000000	0.00000000	0.00000000	0.00000000	0.00000000
1181.11596680	0.00000000	0.00000000	0.00000000	0.00000000	0.00000000	0.00000000	0.00000000	0.00000000
1288.49023437	0.00000000	0.00000000	0.00000000	0.00000000	0.00000000	0.00000000	0.00000000	0.00000000
1395.86437988	0.00000000	0.00000000	0.00000000	0.00000000	0.00000000	0.00000000	0.00000000	0.00000000
1503.23852539	0.00000000	0.00000000	0.00000000	0.00000000	0.00000000	0.00000000	0.00000000	0.00000000
1610.61279297	0.00000000	0.00000000	0.00000000	0.00000000	0.00000000	0.00000000	0.00000000	0.00000000
1717.98693848	0.00000000	0.00000000	0.00000000	0.00000000	0.00000000	0.00000000	0.00000000	0.00000000
1932.73522949	0.00000000	0.00000000	0.00000000	0.00000000	0.00000000	0.00000000	0.00000000	0.00000000
2147.48364258	0.00000000	0.00000000	0.00000000	0.00000000	0.00000000	0.00000000	0.00000000	0.00000000
2362.23193359	0.00000000	0.00000000	0.00000000	0.00000000	0.00000000	0.00000000	0.00000000	0.00000000
2576.98046875	0.00000000	0.00000000	0.00000000	0.00000000	0.00000000	0.00000000	0.00000000	0.00000000
2791.72875977	0.00000000	0.00000000	0.00000000	0.00000000	0.00000000	0.00000000	0.00000000	0.00000000
3006.47705078	0.00000000	0.00000000	0.00000000	0.00000000	0.00000000	0.00000000	0.00000000	0.00000000
3221.22558594	0.00000000	0.00000000	0.00000000	0.00000000	0.00000000	0.00000000	0.00000000	0.00000000
3435.97387695	0.00000000	0.00000000	0.00000000	0.00000000	0.00000000	0.00000000	0.00000000	0.00000000
0	0	0	0	0	0	0	0	0
