%4/4/2019 12:43:48 PM
%Duration	ID1		ID2		ID3		ID4		ID5		ID6		ID7		ID8
1000.000000	0.000000	0.534058	370.397583	244.817734	94.490051	31.147003	0.514984	0.162125
%Tau		Tau1		Tau2		Tau3		Tau4		Tau5		Tau6		Tau7		Tau8
%		0.000000	0.000001	0.000141	0.000083	0.000058	0.000029	0.000001	0.000002
%Delaytime	D1		D2		D3		D4		D5		D6		D7		D8
0.00000020	0.00000000	314.44177246	1.56823397	1.48768115	1.71624792	4.50648069	204.15757751	0.00000000
0.00000040	0.00000000	39.30522156	1.49862587	1.49720860	1.46732640	1.84500611	0.00000000	0.00000000
0.00000060	0.00000000	39.30522156	1.49581850	1.46783209	1.54474223	1.71776438	0.00000000	0.00000000
0.00000080	0.00000000	0.00000000	1.51028717	1.48430681	1.41611290	1.55871212	0.00000000	0.00000000
0.00000100	0.00000000	0.00000000	1.49416280	1.51070595	1.57570851	1.68595386	0.00000000	0.00000000
0.00000120	0.00000000	0.00000000	1.49034774	1.49284184	1.48757362	1.34664237	0.00000000	0.00000000
0.00000140	0.00000000	0.00000000	1.49164343	1.49542224	1.54831517	1.30422843	0.00000000	0.00000000
0.00000160	0.00000000	0.00000000	1.48271751	1.47755814	1.53640509	1.27241802	0.00000000	0.00000000
0.00000180	0.00000000	0.00000000	1.48084593	1.47716117	1.49948370	1.48448765	0.00000000	0.00000000
0.00000200	0.00000000	0.00000000	1.49250722	1.50078142	1.43993318	1.49509120	0.00000000	0.00000000
0.00000220	0.00000000	0.00000000	1.48682058	1.45096052	1.42802298	1.54810858	0.00000000	0.00000000
0.00000240	0.00000000	0.00000000	1.47033632	1.46961856	1.48280954	1.39965987	0.00000000	0.00000000
0.00000260	0.00000000	0.00000000	1.48725247	1.46584725	1.51139390	1.54810858	0.00000000	0.00000000
0.00000280	0.00000000	0.00000000	1.48070192	1.45969403	1.57809055	1.45267725	0.00000000	0.00000000
0.00000300	0.00000000	0.00000000	1.45759523	1.45096052	1.47209048	1.42086685	0.00000000	0.00000000
0.00000320	0.00000000	0.00000000	1.48293340	1.45493031	1.46970844	1.59052253	0.00000000	0.00000000
0.00000360	0.00000000	0.00000000	1.46792483	1.47031319	1.49888825	1.57991910	0.00000000	0.00000000
0.00000400	0.00000000	0.00000000	1.47195590	1.47190118	1.47447252	1.56931555	0.00000000	0.00000000
0.00000440	0.00000000	0.00000000	1.47134411	1.47388601	1.49591064	1.42086685	0.00000000	0.00000000
0.00000480	0.00000000	0.00000000	1.46817684	1.46515250	1.46315789	1.53750515	0.00000000	0.00000000
0.00000520	0.00000000	0.00000000	1.47418737	1.46961856	1.46673095	1.53750515	0.00000000	0.00000000
0.00000560	0.00000000	0.00000000	1.46547735	1.45661747	1.46315789	1.55341029	0.00000000	0.00000000
0.00000600	0.00000000	0.00000000	1.46691704	1.44490659	1.47864103	1.41026330	0.00000000	0.00000000
0.00000640	0.00000000	0.00000000	1.46144629	1.45373929	1.48638260	1.44737554	0.00000000	0.00000000
0.00000720	0.00000000	0.00000000	1.45959270	1.44753659	1.42177022	1.44737554	0.00000000	0.00000000
0.00000800	0.00000000	0.00000000	1.46661115	1.44510508	1.44588816	1.45002639	0.00000000	0.00000000
0.00000880	0.00000000	9.82630539	1.46632326	1.42729056	1.46077585	1.44207370	0.00000000	0.00000000
0.00000960	0.00000000	0.00000000	1.46698904	1.45582354	1.44201744	1.45002639	0.00000000	0.00000000
0.00001040	0.00000000	0.00000000	1.45736122	1.42088926	1.46137142	1.43677199	0.00000000	0.00000000
0.00001120	0.00000000	0.00000000	1.44408023	1.43384075	1.41670847	1.27241802	12.75984859	0.00000000
0.00001200	0.00000000	0.00000000	1.44168687	1.41964877	1.38901746	1.41291416	0.00000000	0.00000000
0.00001280	0.00000000	0.00000000	1.45329416	1.40208232	1.43159604	1.35459507	0.00000000	0.00000000
0.00001440	0.00000000	0.00000000	1.44061613	1.41798639	1.41521966	1.40098524	0.00000000	0.00000000
0.00001600	0.00000000	0.00000000	1.43833065	1.40156138	1.40450060	1.33868980	0.00000000	0.00000000
0.00001760	0.00000000	0.00000000	1.43429053	1.39984941	1.37859607	1.31748283	0.00000000	0.00000000
0.00001920	0.00000000	0.00000000	1.42712820	1.39888167	1.36326182	1.32676089	0.00000000	0.00000000
0.00002080	0.00000000	4.91315269	1.42172039	1.38982558	1.36713254	1.33603895	0.00000000	0.00000000
0.00002240	0.00000000	0.00000000	1.41946197	1.37469077	1.34241903	1.35326958	0.00000000	0.00000000
0.00002400	0.00000000	0.00000000	1.41632164	1.36374903	1.30624211	1.29362500	0.00000000	0.00000000
0.00002560	0.00000000	0.00000000	1.40147507	1.35838985	1.34227014	1.28037059	0.00000000	0.00000000
0.00002880	0.00000000	4.83390999	1.39236069	1.34373915	1.33740306	1.30452240	0.00000000	0.00000000
0.00003200	0.00000000	0.00000000	1.38428402	1.32984197	1.31259048	1.32098532	3.20485115	0.00000000
0.00003520	0.00000000	0.00000000	1.37555492	1.32004261	1.29594541	1.29398608	0.00000000	0.00000000
0.00003840	0.00000000	0.00000000	1.37035584	1.31185961	1.26561451	1.22023213	6.40970230	0.00000000
0.00004160	0.00000000	0.00000000	1.36057198	1.30286849	1.28159380	1.21167147	6.40970230	0.00000000
0.00004480	0.00000000	2.41695499	1.35110712	1.28481042	1.26354313	1.18533075	3.20485115	0.00000000
0.00004800	0.00000000	0.00000000	1.34763312	1.27783394	1.23802078	1.18598926	3.20485115	0.00000000
0.00005120	0.00000000	0.00000000	1.34133232	1.27032030	1.23121476	1.14384413	3.20485115	0.00000000
0.00005760	0.00000000	0.00000000	1.32052088	1.25134730	1.20916522	1.13031745	3.23494339	0.00000000
0.00006400	0.00000000	0.00000000	1.30591941	1.22711742	1.20312309	1.12636530	0.00000000	0.00000000
0.00007040	0.00000000	0.00000000	1.29715765	1.21445417	1.18062270	1.15205431	0.00000000	0.00000000
0.00007680	0.00000000	0.00000000	1.27997410	1.19679761	1.16894615	1.08453822	0.00000000	0.00000000
0.00008320	0.00000000	2.44658017	1.26884174	1.18647110	1.14586556	1.09013712	0.00000000	0.00000000
0.00008960	0.00000000	0.00000000	1.25908053	1.17661762	1.13437426	1.06049597	0.00000000	0.00000000
0.00009600	0.00000000	2.44658017	1.24615526	1.16303575	1.11832356	1.08318472	0.00000000	0.00000000
0.00010240	0.00000000	0.00000000	1.23429155	1.15170169	1.10518885	1.04135907	0.00000000	0.00000000
0.00011520	0.00000000	0.60423875	1.21780825	1.13505328	1.08971167	1.05854595	0.00000000	0.00000000
0.00012800	0.00000000	0.00000000	1.19972026	1.11737156	1.07264555	1.02143276	0.80684626	0.00000000
0.00014080	0.00000000	0.00000000	1.18180847	1.10251212	1.06522441	1.04179573	0.00000000	0.00000000
0.00015360	0.00000000	0.00000000	1.16741812	1.09601033	1.05525172	1.02373183	1.61369252	4.60210371
0.00016640	0.00000000	1.81271613	1.15497518	1.07934451	1.04426634	1.03670502	0.80684626	0.00000000
0.00017920	0.00000000	1.81271613	1.14329922	1.07437015	1.03588784	1.00041294	0.80684626	0.00000000
0.00019200	0.00000000	0.60423875	1.13147533	1.06629813	1.02133679	1.00448477	0.00000000	0.00000000
0.00020480	0.00000000	0.00000000	1.12052107	1.06041574	1.02632308	0.99344945	0.80684626	4.60210371
0.00023040	0.00000000	0.60669249	1.10265529	1.04602551	1.01170743	0.98494405	0.80873585	0.00000000
0.00025600	0.00000000	1.82007742	1.08719265	1.03948450	1.01132560	0.99967784	2.83057547	2.30105186
0.00028160	0.00000000	0.00000000	1.07354951	1.03162849	1.01209354	1.01095462	2.02183962	0.00000000
0.00030720	0.00000000	0.00000000	1.06249022	1.02313459	1.01125979	0.99770236	1.61747169	0.00000000
0.00033280	0.00000000	1.51673114	1.05103219	1.02139652	1.00566089	0.98598111	0.00000000	0.00000000
0.00035840	0.00000000	0.60669249	1.04306901	1.01756477	1.00323355	1.01660013	0.80873585	2.30105186
0.00038400	0.00000000	1.51673114	1.03379154	1.01354349	1.00421226	0.99335575	1.21310377	0.00000000
0.00040960	0.00000000	0.91003871	1.02565241	1.01102352	1.00431085	0.99376732	2.42620754	4.60210371
0.00046080	0.00000000	1.21092868	1.01744795	1.00966990	1.00547731	0.98626977	1.40868199	2.23811555
0.00051200	0.00000000	0.75683045	1.00946522	1.00645673	1.00142217	0.99234974	0.60372084	2.23811555
0.00056320	0.00000000	0.30273217	1.00410557	1.00272834	1.00126910	0.99716127	1.20744169	0.00000000
0.00061440	0.00000000	0.75683045	1.00086176	0.99918908	0.99816304	0.99036443	0.80496114	1.11905777
0.00066560	0.00000000	0.75683045	0.99902260	1.00019860	0.99598837	1.00383461	0.80496114	1.11905777
0.00071680	0.00000000	1.51366091	0.99918455	1.00044155	0.99616009	0.99220902	1.60992229	0.00000000
0.00076800	0.00000000	0.90819651	1.00177491	1.00043225	0.99938297	1.00253940	0.00000000	1.11905777
0.00081920	0.00000000	0.45409825	1.00460064	1.00131118	1.00175905	0.99882466	0.80496114	0.00000000
0.00092160	0.00000000	1.07256329	1.00220680	1.00342405	1.00291800	0.99919361	1.28992248	2.23811555
0.00102400	0.00000000	0.45966998	1.00110233	0.99842584	0.99883425	1.01446974	0.99224806	0.55952889
0.00112640	0.00000000	1.07256329	1.00377643	1.00049925	1.00028539	1.00642133	0.39689922	0.55952889
0.00122880	0.00000000	0.53518939	1.00461590	1.00478601	1.00029767	1.00847411	0.99224806	1.11905777
0.00133120	0.00000000	1.14683449	1.00166631	0.99930894	0.99955529	0.99669778	0.79379845	1.11905777
0.00143360	0.00000000	1.29974568	1.00293803	0.99841207	0.99804020	1.00189805	0.59396750	1.68786061
0.00153600	0.00000000	0.45873380	1.00139499	0.99885595	0.99863511	0.98648769	0.89302325	0.00000000
0.00163840	0.00000000	1.07037878	1.00123215	0.99831390	0.99870878	1.00162280	0.79379845	2.25048065
0.00184320	0.00000000	1.34070408	1.00245798	1.00034606	0.99746734	0.99478507	1.04185486	1.15052593
0.00204800	0.00000000	1.26409245	1.00519109	0.99912506	0.99783212	1.00378585	0.89095128	1.72578883
0.00225280	0.00000000	1.49392748	1.00577509	1.00283921	0.99443656	1.00977600	1.03944314	0.28763148
0.00245760	0.00000000	0.80442244	1.00474954	1.00808287	0.99714595	1.00001991	1.33952773	0.57526296
0.00266240	0.00000000	1.11086917	1.00821447	1.00879252	0.99885374	0.99780530	1.09146702	0.86289442
0.00286720	0.00000000	0.99595159	1.00750458	1.00425446	1.00236201	1.00277746	0.89301842	0.28763148
0.00307200	0.00000000	0.88103414	1.00856340	0.99865407	1.00390136	0.99653918	0.94263059	0.86289442
0.00327680	0.00000000	0.95764577	1.00233901	1.00103343	0.99864715	0.99230981	1.19069123	1.15052593
0.00368640	0.00000000	1.15341735	1.00032234	0.99980330	0.99917716	1.00333405	0.82241654	0.86289442
0.00409600	0.00000000	0.76242840	1.00416219	1.00162542	0.99876380	0.99932069	1.07163370	0.86289442
0.00450560	0.00000000	0.93644661	0.99996799	1.00007343	0.99841404	1.00004983	0.69780797	0.86289442
0.00491520	0.00000000	1.15104890	0.99700141	1.00203598	1.00074196	0.99894482	0.84733826	0.86289442
0.00532480	0.00000000	1.01448381	1.00073636	1.00272596	1.00103605	0.99612206	0.69780797	1.58197308
0.00573440	0.00000000	1.05350244	1.00452006	1.00494301	0.99788767	0.99259752	0.84733826	0.57526296
0.00614400	0.00000000	0.95399696	1.00533938	1.00345099	1.00459969	0.99338001	1.14639890	1.43815732
0.00655360	0.00000000	1.09028220	1.00254202	1.00125206	1.00128472	0.99610543	0.99686855	1.29434168
0.00737280	0.00000000	1.02213097	0.99969709	1.00134003	1.00050449	1.00256455	0.93073630	0.94005400
0.00819200	0.00000000	0.99497449	1.00015032	1.00424814	0.99619150	1.00068259	1.01877892	0.86774212
0.00901120	0.00000000	1.17055821	1.00107932	1.00180233	1.00033689	1.00210786	1.14455414	0.72311842
0.00983040	0.00000000	1.19982219	0.99860209	0.99914896	1.00157297	0.99892855	1.02655947	1.59086061
0.01064960	0.00000000	1.06325710	1.00110471	1.00321114	1.00071287	1.00076365	0.81184810	0.72311842
0.01146880	0.00000000	1.17055821	1.00071645	1.00209665	0.99890530	0.99984014	1.06164753	0.94005400
0.01228800	0.00000000	0.92669195	1.00191057	0.99970740	0.99673575	1.00095189	1.16698253	1.37392509
0.01310720	0.00000000	1.31687796	1.00622463	1.00187969	1.00149453	0.99811429	0.92856675	1.30161321
0.01474560	0.00000000	0.99447680	0.99713898	1.00022781	0.99915200	0.99920732	0.94518584	0.98724055
0.01638400	0.00000000	0.98684806	0.99560434	1.00088644	0.99923742	0.99983186	0.96622187	0.65816033
0.01802240	0.00000000	1.05674732	1.00021386	1.00246036	0.99913985	1.00177097	0.95367354	1.06036949
0.01966080	0.00000000	1.19002271	0.99933225	0.99870139	1.00187385	0.99586624	1.07037604	0.90900481
0.02129920	0.00000000	0.93556070	1.00435364	1.00306225	0.99792784	1.00073659	0.97648335	0.98172522
0.02293760	0.00000000	1.04220498	0.99970621	0.99915862	0.99871117	0.99794102	0.85158366	1.01808536
0.02457600	0.00000000	1.06644225	1.00018775	0.99992383	0.99709207	0.99915695	0.98669702	0.87264466
0.02621440	0.00000000	1.04220498	1.00164509	1.00037217	0.99940836	1.00049675	1.00932395	0.72720385
0.02949120	0.00000000	0.99373025	1.00088894	0.99923855	0.99918264	0.99921757	1.02896357	1.03623283
0.03276800	0.00000000	0.97918791	0.99978453	1.00008607	1.00054133	1.00181150	0.96396434	0.90389806
0.03604480	0.00000000	1.02281511	1.00079274	1.00084352	0.99979299	1.00017762	1.00543177	0.84966415
0.03932160	0.00000000	1.02796674	1.00252306	0.99885488	0.99989331	1.00065708	0.98833430	0.86774212
0.04259840	0.00000000	1.00448310	0.99999988	0.99818927	0.99890679	0.99835032	0.97901040	0.83158624
0.04587520	0.00000000	1.03157020	1.00188816	1.00078809	1.00019658	1.00012791	1.03495383	0.88582009
0.04915200	0.00000000	1.01477718	1.00028861	1.00042880	1.00092149	1.00045741	0.96968651	1.08467770
0.05242880	0.00000000	0.95046347	0.99929923	0.99808037	0.99881518	0.99855214	1.04427779	0.92197603
0.05898240	0.00000000	0.98920745	1.00065982	1.00143898	1.00047803	0.99967062	1.04359674	1.03044379
0.06553600	0.00000000	1.02977157	1.00020981	1.00000691	0.99970508	0.99905092	0.92424786	0.94005400
0.07208960	0.00000000	0.97399825	1.00030518	1.00032461	1.00053859	1.00134170	1.00388503	1.03693593
0.07864320	0.00000000	1.01696432	1.00010741	1.00075436	1.00023150	1.00100505	1.01716471	0.89788860
0.08519680	0.00000000	1.03933597	1.00071990	1.00008929	0.99983716	0.99883115	0.98817068	0.91566861
0.09175040	0.00000000	0.95157450	0.99852896	1.00024307	1.00038218	1.00276947	1.02357876	1.07563865
0.09830400	0.00000000	1.00946999	0.99607903	0.99961817	1.00033641	1.00087881	0.97790736	1.00332689
0.10485760	0.00000000	1.02561820	0.99984121	0.99971658	1.00029588	0.99960297	0.93135035	0.92715567
0.11796480	0.00000000	1.02827215	0.99879038	0.99928391	0.99984199	1.00070810	0.98504436	0.94754487
0.13107200	0.00000000	1.03944314	0.99939805	0.99985731	1.00064743	0.99984413	1.02512348	1.01886380
0.14417920	0.00000000	1.03974140	1.00119281	0.99940354	1.00000679	0.99929053	0.98879588	1.09806526
0.15728641	0.00000000	1.02830195	1.00062025	1.00025487	0.99982446	0.99927944	0.95078295	0.98218411
0.17039360	0.00000000	1.01629305	0.99783850	0.99937588	0.99992180	1.00103736	1.04602587	1.04827583
0.18350080	0.00000000	0.99103910	0.99946982	1.00053239	0.99968159	1.00050676	0.99180031	1.01834929
0.19660801	0.00000000	0.97748452	0.99946415	1.00012279	1.00006962	1.00125432	0.97484660	0.88678092
0.20971520	0.00000000	0.99304938	0.99978387	1.00020516	0.99993730	1.00050616	0.97022688	0.92376494
0.23592959	0.00000000	1.00788713	0.99974900	1.00011563	0.99951202	0.99982619	0.99248123	1.10765648
0.26214400	0.00000000	0.98683310	0.99918705	0.99920452	1.00017142	1.00015104	1.00607693	1.03637159
0.28835839	0.00000000	1.00510013	1.00105548	0.99984306	0.99970037	0.99981457	1.01889205	0.94549853
0.31457281	0.00000000	1.02077460	1.00084662	0.99959022	1.00045443	1.00007868	0.98114872	0.97398865
0.34078720	0.00000000	1.00753725	1.00069821	0.99959850	0.99994290	1.00011313	1.02529120	0.96923077
0.36700159	0.00000000	1.02110052	0.99926054	0.99825650	0.99940795	1.00015461	1.01331496	1.00000000
0.39321601	0.00000000	0.99478668	0.99858242	1.00120020	1.00089788	1.00008941	1.00094700	1.02740073
0.41943040	0.00000000	0.95558786	0.99845183	1.00012422	0.99934542	1.00014567	0.99715102	1.05604696
0.47185919	0.00000000	0.97062570	0.99986446	1.00056052	0.99999046	0.99992931	0.99656010	0.98714286
0.52428800	0.00000000	0.97262245	0.99918473	0.99973154	0.99998629	0.99974793	0.99806994	1.02627742
0.57671678	0.00000000	0.94674319	0.99996746	1.00013959	0.99986851	1.00033796	0.98040837	0.99388146
0.62914562	0.00000000	0.95622206	1.00015199	0.99976116	0.99954104	0.99986237	1.00733960	1.01207387
0.68157440	0.00000000	0.97378182	0.99899042	0.99978232	0.99978399	0.99993396	1.00198030	0.97969228
0.73400319	0.00000000	0.97264445	0.99967140	1.00055897	0.99990153	1.00003219	0.98214287	0.97886902
0.78643203	0.00000000	0.95530045	1.00064147	0.99978584	0.99966395	1.00012958	1.01227975	1.00910866
0.83886081	0.00000000	0.98163080	1.00085294	0.99977601	1.00033736	1.00039649	0.99912685	0.96195942
0.94371837	0.00000000	1.01807940	0.99947524	1.00023842	1.00004160	1.00006139	1.00524354	1.01725435
1.04857600	0.00000000	1.00498950	1.00055277	0.99927342	1.00003695	0.99976319	1.00347376	1.02418399
1.15343356	0.00000000	1.00028276	1.00071156	1.00028658	1.00017655	1.00012207	0.99804592	0.96296299
1.25829124	0.00000000	1.03085375	0.99922663	0.99968410	1.00016534	0.99968702	0.99990541	1.00529099
1.36314881	0.00000000	0.99799091	1.00026917	0.99997371	1.00026536	1.00005543	1.00679350	1.00340140
1.46800637	0.00000000	1.00180292	0.99965191	1.00133038	0.99977881	1.00007784	0.99718136	1.01249182
1.57286406	0.00000000	1.01654851	0.99925172	0.99945825	0.99993175	1.00005317	0.99892646	0.96286470
1.67772162	0.00000000	1.00060391	0.99978930	1.00038552	0.99989390	1.00022459	0.99954402	1.04285717
1.88743675	0.00000000	0.00000000	0.00000000	0.00000000	0.00000000	0.00000000	0.00000000	0.00000000
2.09715199	0.00000000	0.00000000	0.00000000	0.00000000	0.00000000	0.00000000	0.00000000	0.00000000
2.30686712	0.00000000	0.00000000	0.00000000	0.00000000	0.00000000	0.00000000	0.00000000	0.00000000
2.51658249	0.00000000	0.00000000	0.00000000	0.00000000	0.00000000	0.00000000	0.00000000	0.00000000
2.72629762	0.00000000	0.00000000	0.00000000	0.00000000	0.00000000	0.00000000	0.00000000	0.00000000
2.93601274	0.00000000	0.00000000	0.00000000	0.00000000	0.00000000	0.00000000	0.00000000	0.00000000
3.14572811	0.00000000	0.00000000	0.00000000	0.00000000	0.00000000	0.00000000	0.00000000	0.00000000
3.35544324	0.00000000	0.00000000	0.00000000	0.00000000	0.00000000	0.00000000	0.00000000	0.00000000
3.77487350	0.00000000	0.00000000	0.00000000	0.00000000	0.00000000	0.00000000	0.00000000	0.00000000
4.19430399	0.00000000	0.00000000	0.00000000	0.00000000	0.00000000	0.00000000	0.00000000	0.00000000
4.61373425	0.00000000	0.00000000	0.00000000	0.00000000	0.00000000	0.00000000	0.00000000	0.00000000
5.03316498	0.00000000	0.00000000	0.00000000	0.00000000	0.00000000	0.00000000	0.00000000	0.00000000
5.45259523	0.00000000	0.00000000	0.00000000	0.00000000	0.00000000	0.00000000	0.00000000	0.00000000
5.87202549	0.00000000	0.00000000	0.00000000	0.00000000	0.00000000	0.00000000	0.00000000	0.00000000
6.29145622	0.00000000	0.00000000	0.00000000	0.00000000	0.00000000	0.00000000	0.00000000	0.00000000
6.71088648	0.00000000	0.00000000	0.00000000	0.00000000	0.00000000	0.00000000	0.00000000	0.00000000
7.54974699	0.00000000	0.00000000	0.00000000	0.00000000	0.00000000	0.00000000	0.00000000	0.00000000
8.38860798	0.00000000	0.00000000	0.00000000	0.00000000	0.00000000	0.00000000	0.00000000	0.00000000
9.22746849	0.00000000	0.00000000	0.00000000	0.00000000	0.00000000	0.00000000	0.00000000	0.00000000
10.06632996	0.00000000	0.00000000	0.00000000	0.00000000	0.00000000	0.00000000	0.00000000	0.00000000
10.90519047	0.00000000	0.00000000	0.00000000	0.00000000	0.00000000	0.00000000	0.00000000	0.00000000
11.74405098	0.00000000	0.00000000	0.00000000	0.00000000	0.00000000	0.00000000	0.00000000	0.00000000
12.58291245	0.00000000	0.00000000	0.00000000	0.00000000	0.00000000	0.00000000	0.00000000	0.00000000
13.42177296	0.00000000	0.00000000	0.00000000	0.00000000	0.00000000	0.00000000	0.00000000	0.00000000
15.09949398	0.00000000	0.00000000	0.00000000	0.00000000	0.00000000	0.00000000	0.00000000	0.00000000
16.77721596	0.00000000	0.00000000	0.00000000	0.00000000	0.00000000	0.00000000	0.00000000	0.00000000
18.45493698	0.00000000	0.00000000	0.00000000	0.00000000	0.00000000	0.00000000	0.00000000	0.00000000
20.13265991	0.00000000	0.00000000	0.00000000	0.00000000	0.00000000	0.00000000	0.00000000	0.00000000
21.81038094	0.00000000	0.00000000	0.00000000	0.00000000	0.00000000	0.00000000	0.00000000	0.00000000
23.48810196	0.00000000	0.00000000	0.00000000	0.00000000	0.00000000	0.00000000	0.00000000	0.00000000
25.16582489	0.00000000	0.00000000	0.00000000	0.00000000	0.00000000	0.00000000	0.00000000	0.00000000
26.84354591	0.00000000	0.00000000	0.00000000	0.00000000	0.00000000	0.00000000	0.00000000	0.00000000
30.19898796	0.00000000	0.00000000	0.00000000	0.00000000	0.00000000	0.00000000	0.00000000	0.00000000
33.55443192	0.00000000	0.00000000	0.00000000	0.00000000	0.00000000	0.00000000	0.00000000	0.00000000
36.90987396	0.00000000	0.00000000	0.00000000	0.00000000	0.00000000	0.00000000	0.00000000	0.00000000
40.26531982	0.00000000	0.00000000	0.00000000	0.00000000	0.00000000	0.00000000	0.00000000	0.00000000
43.62076187	0.00000000	0.00000000	0.00000000	0.00000000	0.00000000	0.00000000	0.00000000	0.00000000
46.97620392	0.00000000	0.00000000	0.00000000	0.00000000	0.00000000	0.00000000	0.00000000	0.00000000
50.33164978	0.00000000	0.00000000	0.00000000	0.00000000	0.00000000	0.00000000	0.00000000	0.00000000
53.68709183	0.00000000	0.00000000	0.00000000	0.00000000	0.00000000	0.00000000	0.00000000	0.00000000
60.39797592	0.00000000	0.00000000	0.00000000	0.00000000	0.00000000	0.00000000	0.00000000	0.00000000
67.10886383	0.00000000	0.00000000	0.00000000	0.00000000	0.00000000	0.00000000	0.00000000	0.00000000
73.81974792	0.00000000	0.00000000	0.00000000	0.00000000	0.00000000	0.00000000	0.00000000	0.00000000
80.53063965	0.00000000	0.00000000	0.00000000	0.00000000	0.00000000	0.00000000	0.00000000	0.00000000
87.24152374	0.00000000	0.00000000	0.00000000	0.00000000	0.00000000	0.00000000	0.00000000	0.00000000
93.95240784	0.00000000	0.00000000	0.00000000	0.00000000	0.00000000	0.00000000	0.00000000	0.00000000
100.66329956	0.00000000	0.00000000	0.00000000	0.00000000	0.00000000	0.00000000	0.00000000	0.00000000
107.37418365	0.00000000	0.00000000	0.00000000	0.00000000	0.00000000	0.00000000	0.00000000	0.00000000
120.79595184	0.00000000	0.00000000	0.00000000	0.00000000	0.00000000	0.00000000	0.00000000	0.00000000
134.21772766	0.00000000	0.00000000	0.00000000	0.00000000	0.00000000	0.00000000	0.00000000	0.00000000
147.63949585	0.00000000	0.00000000	0.00000000	0.00000000	0.00000000	0.00000000	0.00000000	0.00000000
161.06127930	0.00000000	0.00000000	0.00000000	0.00000000	0.00000000	0.00000000	0.00000000	0.00000000
174.48304749	0.00000000	0.00000000	0.00000000	0.00000000	0.00000000	0.00000000	0.00000000	0.00000000
187.90481567	0.00000000	0.00000000	0.00000000	0.00000000	0.00000000	0.00000000	0.00000000	0.00000000
201.32659912	0.00000000	0.00000000	0.00000000	0.00000000	0.00000000	0.00000000	0.00000000	0.00000000
214.74836731	0.00000000	0.00000000	0.00000000	0.00000000	0.00000000	0.00000000	0.00000000	0.00000000
241.59190369	0.00000000	0.00000000	0.00000000	0.00000000	0.00000000	0.00000000	0.00000000	0.00000000
268.43545532	0.00000000	0.00000000	0.00000000	0.00000000	0.00000000	0.00000000	0.00000000	0.00000000
295.27899170	0.00000000	0.00000000	0.00000000	0.00000000	0.00000000	0.00000000	0.00000000	0.00000000
322.12255859	0.00000000	0.00000000	0.00000000	0.00000000	0.00000000	0.00000000	0.00000000	0.00000000
348.96609497	0.00000000	0.00000000	0.00000000	0.00000000	0.00000000	0.00000000	0.00000000	0.00000000
375.80963135	0.00000000	0.00000000	0.00000000	0.00000000	0.00000000	0.00000000	0.00000000	0.00000000
402.65319824	0.00000000	0.00000000	0.00000000	0.00000000	0.00000000	0.00000000	0.00000000	0.00000000
429.49673462	0.00000000	0.00000000	0.00000000	0.00000000	0.00000000	0.00000000	0.00000000	0.00000000
483.18380737	0.00000000	0.00000000	0.00000000	0.00000000	0.00000000	0.00000000	0.00000000	0.00000000
536.87091064	0.00000000	0.00000000	0.00000000	0.00000000	0.00000000	0.00000000	0.00000000	0.00000000
590.55798340	0.00000000	0.00000000	0.00000000	0.00000000	0.00000000	0.00000000	0.00000000	0.00000000
644.24511719	0.00000000	0.00000000	0.00000000	0.00000000	0.00000000	0.00000000	0.00000000	0.00000000
697.93218994	0.00000000	0.00000000	0.00000000	0.00000000	0.00000000	0.00000000	0.00000000	0.00000000
751.61926270	0.00000000	0.00000000	0.00000000	0.00000000	0.00000000	0.00000000	0.00000000	0.00000000
805.30639648	0.00000000	0.00000000	0.00000000	0.00000000	0.00000000	0.00000000	0.00000000	0.00000000
858.99346924	0.00000000	0.00000000	0.00000000	0.00000000	0.00000000	0.00000000	0.00000000	0.00000000
966.36761475	0.00000000	0.00000000	0.00000000	0.00000000	0.00000000	0.00000000	0.00000000	0.00000000
1073.74182129	0.00000000	0.00000000	0.00000000	0.00000000	0.00000000	0.00000000	0.00000000	0.00000000
1181.11596680	0.00000000	0.00000000	0.00000000	0.00000000	0.00000000	0.00000000	0.00000000	0.00000000
1288.49023437	0.00000000	0.00000000	0.00000000	0.00000000	0.00000000	0.00000000	0.00000000	0.00000000
1395.86437988	0.00000000	0.00000000	0.00000000	0.00000000	0.00000000	0.00000000	0.00000000	0.00000000
1503.23852539	0.00000000	0.00000000	0.00000000	0.00000000	0.00000000	0.00000000	0.00000000	0.00000000
1610.61279297	0.00000000	0.00000000	0.00000000	0.00000000	0.00000000	0.00000000	0.00000000	0.00000000
1717.98693848	0.00000000	0.00000000	0.00000000	0.00000000	0.00000000	0.00000000	0.00000000	0.00000000
1932.73522949	0.00000000	0.00000000	0.00000000	0.00000000	0.00000000	0.00000000	0.00000000	0.00000000
2147.48364258	0.00000000	0.00000000	0.00000000	0.00000000	0.00000000	0.00000000	0.00000000	0.00000000
2362.23193359	0.00000000	0.00000000	0.00000000	0.00000000	0.00000000	0.00000000	0.00000000	0.00000000
2576.98046875	0.00000000	0.00000000	0.00000000	0.00000000	0.00000000	0.00000000	0.00000000	0.00000000
2791.72875977	0.00000000	0.00000000	0.00000000	0.00000000	0.00000000	0.00000000	0.00000000	0.00000000
3006.47705078	0.00000000	0.00000000	0.00000000	0.00000000	0.00000000	0.00000000	0.00000000	0.00000000
3221.22558594	0.00000000	0.00000000	0.00000000	0.00000000	0.00000000	0.00000000	0.00000000	0.00000000
3435.97387695	0.00000000	0.00000000	0.00000000	0.00000000	0.00000000	0.00000000	0.00000000	0.00000000
0	0	0	0	0	0	0	0	0
