%4/4/2019 12:45:46 PM
%Duration	ID1		ID2		ID3		ID4		ID5		ID6		ID7		ID8
1000.000000	0.000000	0.333786	388.593689	225.639343	95.720291	32.014847	0.514984	0.200272
%Tau		Tau1		Tau2		Tau3		Tau4		Tau5		Tau6		Tau7		Tau8
%		0.000000	0.000001	0.000128	0.000083	0.000051	0.000019	0.000001	0.000002
%Delaytime	D1		D2		D3		D4		D5		D6		D7		D8
0.00000020	0.00000000	165.18209839	1.53586888	1.47022176	1.64877820	3.92188239	436.72470093	0.00000000
0.00000040	0.00000000	0.00000000	1.51329839	1.48186100	1.48699343	1.70054519	0.00000000	0.00000000
0.00000060	0.00000000	0.00000000	1.47215712	1.49860525	1.47271824	1.82808602	0.00000000	0.00000000
0.00000080	0.00000000	0.00000000	1.46587169	1.51228642	1.43465126	1.20100999	0.00000000	0.00000000
0.00000100	0.00000000	0.00000000	1.47637129	1.46184969	1.52862918	1.72180200	48.52496719	0.00000000
0.00000120	0.00000000	0.00000000	1.48344243	1.49738002	1.38825703	1.47734857	0.00000000	0.00000000
0.00000140	0.00000000	0.00000000	1.46622872	1.46307480	1.53576672	1.15849638	0.00000000	0.00000000
0.00000160	0.00000000	0.00000000	1.46415746	1.47716451	1.56431699	1.42420661	0.00000000	0.00000000
0.00000180	0.00000000	0.00000000	1.47487128	1.48778272	1.44416797	1.50923383	0.00000000	0.00000000
0.00000200	0.00000000	0.00000000	1.47137141	1.48594499	1.45130551	1.42420661	0.00000000	0.00000000
0.00000220	0.00000000	0.00000000	1.48222816	1.48451555	1.46320152	1.54111910	0.00000000	0.00000000
0.00000240	0.00000000	0.00000000	1.47001433	1.46552515	1.47033906	1.41357815	0.00000000	0.00000000
0.00000260	0.00000000	0.00000000	1.48187101	1.49962616	1.41799688	1.32855093	0.00000000	0.00000000
0.00000280	0.00000000	0.00000000	1.47080004	1.50473106	1.41680729	1.48797703	0.00000000	0.00000000
0.00000300	0.00000000	0.00000000	1.45065796	1.49880934	1.42632401	1.50923383	0.00000000	0.00000000
0.00000320	0.00000000	0.00000000	1.45994329	1.47410154	1.44654715	1.29666567	0.00000000	0.00000000
0.00000360	0.00000000	0.00000000	1.46051466	1.46348321	1.49829447	1.51454806	0.00000000	0.00000000
0.00000400	0.00000000	0.00000000	1.45951474	1.48451555	1.47271824	1.34980774	0.00000000	0.00000000
0.00000440	0.00000000	0.00000000	1.46572876	1.46430004	1.44357312	1.43483496	0.00000000	0.00000000
0.00000480	0.00000000	0.00000000	1.45226502	1.44939363	1.43108249	1.53580487	0.00000000	0.00000000
0.00000520	0.00000000	0.00000000	1.44351542	1.45715308	1.46617544	1.29135144	0.00000000	0.00000000
0.00000560	0.00000000	0.00000000	1.45790768	1.47512245	1.43703043	1.44546342	0.00000000	0.00000000
0.00000600	0.00000000	0.00000000	1.45572913	1.46715879	1.40193737	1.51454806	0.00000000	0.00000000
0.00000640	0.00000000	0.00000000	1.45158648	1.46501470	1.40669572	1.48797703	0.00000000	0.00000000
0.00000720	0.00000000	0.00000000	1.44331896	1.45919514	1.39658415	1.52783358	0.00000000	0.00000000
0.00000800	0.00000000	0.00000000	1.44744384	1.45567262	1.43375897	1.45077765	0.00000000	0.00000000
0.00000880	0.00000000	0.00000000	1.44946158	1.44148099	1.39926076	1.39497852	0.00000000	0.00000000
0.00000960	0.00000000	0.00000000	1.43955123	1.44924045	1.41145408	1.47203445	0.00000000	0.00000000
0.00001040	0.00000000	0.00000000	1.44274759	1.44045997	1.39331281	1.42154944	0.00000000	0.00000000
0.00001120	0.00000000	0.00000000	1.44040835	1.42468572	1.43137980	1.35246480	0.00000000	0.00000000
0.00001200	0.00000000	0.00000000	1.43612278	1.42305219	1.39926076	1.38435006	0.00000000	0.00000000
0.00001280	0.00000000	0.00000000	1.42505181	1.42871857	1.41532028	1.41092110	0.00000000	0.00000000
0.00001440	0.00000000	0.00000000	1.42850697	1.41342938	1.39331281	1.34449351	0.00000000	0.00000000
0.00001600	0.00000000	0.00000000	1.42296255	1.40071809	1.38037598	1.31260836	0.00000000	0.00000000
0.00001760	0.00000000	0.00000000	1.41877520	1.39760399	1.35851717	1.36176467	0.00000000	0.00000000
0.00001920	0.00000000	0.00000000	1.40858817	1.38685811	1.33264351	1.30197990	6.06562090	0.00000000
0.00002080	0.00000000	0.00000000	1.40171337	1.38652635	1.36030149	1.29932284	0.00000000	0.00000000
0.00002240	0.00000000	0.00000000	1.40877569	1.37621439	1.32297802	1.26345193	0.00000000	0.00000000
0.00002400	0.00000000	0.00000000	1.39994562	1.38126826	1.33740187	1.28470874	0.00000000	0.00000000
0.00002560	0.00000000	0.00000000	1.39549935	1.37430000	1.31524563	1.25680912	0.00000000	0.00000000
0.00002880	0.00000000	3.25014877	1.38847589	1.34943700	1.28765666	1.26352251	0.00000000	0.00000000
0.00003200	0.00000000	3.25014877	1.38103116	1.34285295	1.26696408	1.21177399	2.96519136	0.00000000
0.00003520	0.00000000	3.25014877	1.36938477	1.33243346	1.25958788	1.27352464	0.00000000	0.00000000
0.00003840	0.00000000	0.00000000	1.36081028	1.30777180	1.27384627	1.23102963	0.00000000	0.00000000
0.00004160	0.00000000	0.00000000	1.35682094	1.30537498	1.25152552	1.22571766	2.96519136	0.00000000
0.00004480	0.00000000	0.00000000	1.35064006	1.29267979	1.23250341	1.16396701	0.00000000	0.00000000
0.00004800	0.00000000	3.25014877	1.34073615	1.28214526	1.22548616	1.21509397	0.00000000	0.00000000
0.00005120	0.00000000	0.00000000	1.33267748	1.27301800	1.19935799	1.18193424	2.96519136	0.00000000
0.00005760	0.00000000	1.64044142	1.31846786	1.25641143	1.18352211	1.11036718	2.99196506	0.00000000
0.00006400	0.00000000	1.64044142	1.30195034	1.23433745	1.16774786	1.08547103	0.00000000	0.00000000
0.00007040	0.00000000	0.00000000	1.28685832	1.22529662	1.15212262	1.09941280	0.00000000	0.00000000
0.00007680	0.00000000	0.00000000	1.27531195	1.20447004	1.12739837	1.14555371	0.00000000	0.00000000
0.00008320	0.00000000	4.92132425	1.26298153	1.19147110	1.12374377	1.09941280	0.00000000	0.00000000
0.00008960	0.00000000	0.00000000	1.25124896	1.17664278	1.11706853	1.10144150	0.00000000	0.00000000
0.00009600	0.00000000	0.00000000	1.23968554	1.16630507	1.08798110	1.07820427	2.99196506	0.00000000
0.00010240	0.00000000	0.00000000	1.22779346	1.15618718	1.08355641	1.04733205	0.00000000	0.00000000
0.00011520	0.00000000	1.65602744	1.20867109	1.13444209	1.07130992	1.03516924	2.26432705	3.87786984
0.00012800	0.00000000	0.82801372	1.19105518	1.11684954	1.05798030	1.09453022	0.00000000	3.87786984
0.00014080	0.00000000	0.82801372	1.17428386	1.10233581	1.05457842	1.03848553	2.26432705	3.87786984
0.00015360	0.00000000	0.00000000	1.16228104	1.08930647	1.04558706	1.01809061	0.00000000	3.85808468
0.00016640	0.00000000	0.00000000	1.14952755	1.07602620	1.03722847	1.00781024	0.75477570	3.85808468
0.00017920	0.00000000	0.00000000	1.13489497	1.06503284	1.03061604	1.01593494	3.01910281	0.00000000
0.00019200	0.00000000	0.82801372	1.12508941	1.05741715	1.01626623	1.01623714	0.75477570	0.00000000
0.00020480	0.00000000	0.82801372	1.11312854	1.05006015	1.00741446	1.00313616	0.00000000	0.00000000
0.00023040	0.00000000	1.65996110	1.09551418	1.03713727	1.00847340	1.01105416	0.37568599	0.00000000
0.00025600	0.00000000	0.41499028	1.07806277	1.03062081	1.00672793	0.99456280	1.50274396	1.95897543
0.00028160	0.00000000	0.82998055	1.06324184	1.02356040	1.00741136	1.00167513	3.00548792	0.00000000
0.00030720	0.00000000	1.65996110	1.05096281	1.01846004	1.00363851	1.00106263	1.12705803	0.00000000
0.00033280	0.00000000	0.41499028	1.04291344	1.01360857	1.01123917	1.00081456	0.75137198	0.00000000
0.00035840	0.00000000	0.82998055	1.03508413	1.01190364	0.99906373	0.99423200	1.12705803	0.00000000
0.00038400	0.00000000	0.00000000	1.02907586	1.00986850	1.00659430	0.98604465	1.50274396	0.00000000
0.00040960	0.00000000	0.41499028	1.02044415	1.00573123	1.00065422	0.97545886	0.75137198	3.91795087
0.00046080	0.00000000	0.20602585	1.01177061	1.00509441	1.00111461	0.98389363	1.28571427	0.00000000
0.00051200	0.00000000	0.61807758	1.00404525	1.00644612	0.99864227	1.00599885	1.10204077	1.01049864
0.00056320	0.00000000	2.06025863	0.99913162	1.00057507	1.00560141	1.00885296	0.91836733	0.00000000
0.00061440	0.00000000	0.82215977	0.99332541	0.99666005	1.00388086	1.00542116	1.10204077	2.02099729
0.00066560	0.00000000	0.82215977	0.98995459	0.99582517	1.01328778	1.00685763	0.91836733	0.00000000
0.00071680	0.00000000	0.82215977	0.99033040	0.99320000	1.00376666	0.98307693	0.91836733	0.00000000
0.00076800	0.00000000	2.05539942	0.98978531	0.99295717	1.00277412	0.99749023	1.28571427	0.00000000
0.00081920	0.00000000	1.23323965	0.99124271	0.99461061	1.00452125	0.98918247	0.55102038	1.01049864
0.00092160	0.00000000	0.95628113	0.99499869	0.99797368	1.00043643	0.99949437	0.91836733	1.01049864
0.00102400	0.00000000	0.74377424	0.99324262	1.00003195	0.99860716	0.99164253	0.73469388	0.50524932
0.00112640	0.00000000	0.63752073	0.99342054	1.00453544	0.99916571	1.01447010	1.65675938	2.52624655
0.00122880	0.00000000	1.48754847	0.99443179	1.00437021	1.00703728	1.00936854	1.28859055	0.00000000
0.00133120	0.00000000	0.85002768	0.99559093	1.00025141	1.00578713	0.99929458	1.01246405	0.00000000
0.00143360	0.00000000	1.16878808	0.99640775	0.99886876	1.00983846	0.99706298	1.47267497	2.02099729
0.00153600	0.00000000	1.06253457	1.00121415	0.99831140	0.99939853	1.00020373	0.46021092	0.50524932
0.00163840	0.00000000	1.27504146	0.99781233	0.99739319	1.00400007	1.00658858	0.82837969	1.01049864
0.00184320	0.00000000	1.11834323	1.00053370	0.99740976	0.99748361	1.00887561	1.57173383	1.26312327
0.00204800	0.00000000	0.42603549	1.00096297	0.99550146	1.00079083	1.00572777	0.60230750	1.26312327
0.00225280	0.00000000	0.85207099	0.99895382	0.99496937	1.00462317	1.00396264	1.06562102	0.50524932
0.00245760	0.00000000	1.01183426	0.99791861	1.00185478	0.99967641	0.99964654	0.92454934	1.01049864
0.00266240	0.00000000	0.95857990	0.99884182	0.99872690	1.00122917	1.00623333	1.20461500	0.75787395
0.00286720	0.00000000	1.17159760	0.99830383	0.99857628	0.99676698	0.99409962	0.92662698	1.51574790
0.00307200	0.00000000	0.95857990	0.99950624	1.00014639	1.00010169	0.99612939	1.15828371	0.75787395
0.00327680	0.00000000	0.74556214	1.00214124	1.00213444	0.99901664	0.99714792	0.78586692	0.75787395
0.00368640	0.00000000	0.90533066	0.99940020	0.99926043	1.00188339	1.00314307	0.97953236	1.02656639
0.00409600	0.00000000	0.93195802	0.99321145	0.99509275	0.99696988	1.00368595	0.93288797	0.64160401
0.00450560	0.00000000	0.98521280	0.99738377	0.99707478	1.00152290	0.99925017	0.81627697	1.15488720
0.00491520	0.00000000	1.12105095	0.99932587	1.00046313	1.00214386	1.00545990	1.14278769	1.15488720
0.00532480	0.00000000	0.82744241	1.00020242	0.99919945	1.00042605	0.99300379	1.25939870	1.02656639
0.00573440	0.00000000	0.63905692	0.99498320	0.99928612	0.99964869	0.99660867	1.00285459	0.51059586
0.00614400	0.00000000	0.98521280	0.99658656	0.99855030	1.00287223	1.00659740	0.97953236	0.76589382
0.00655360	0.00000000	0.74556643	1.00074887	0.99844629	0.99923056	1.00363934	1.04949892	1.78708553
0.00737280	0.00000000	1.05999267	0.99443525	1.00182581	1.00129795	1.00066566	1.06622791	1.14884067
0.00819200	0.00000000	1.19535136	0.99676770	0.99836993	0.99513346	0.99812323	1.15838289	0.95736724
0.00901120	0.00000000	1.12894297	0.99685085	0.99859369	0.99963289	1.00004029	1.13474250	1.08501625
0.00983040	0.00000000	1.12894297	1.00181055	0.99912119	0.99830180	1.00226998	0.94348896	0.76589382
0.01064960	0.00000000	0.95628113	0.99952030	0.99735105	0.99969858	1.00002265	1.07321870	1.35449731
0.01146880	0.00000000	1.03597116	0.99785769	0.99616337	0.99968261	1.00693548	1.29729724	1.16099775
0.01228800	0.00000000	1.00940788	1.00106430	0.99782860	1.00125337	1.00171185	0.89631450	0.64499873
0.01310720	0.00000000	0.98284447	1.00163138	1.00354218	0.99992418	0.99781156	0.74299753	1.22549760
0.01474560	0.00000000	0.94100076	0.99823546	0.99932128	1.00207090	0.99791062	1.00927639	1.37944865
0.01638400	0.00000000	1.03932393	1.00104022	1.00039053	0.99934906	0.99834293	1.05677176	0.83408523
0.01802240	0.00000000	0.94987690	0.99880433	1.00157487	1.00141811	1.00045335	1.01291132	1.02119172
0.01966080	0.00000000	1.09035170	0.99711877	0.99645633	1.00007725	1.00045443	1.09336042	0.63824481
0.02129920	0.00000000	0.96556538	1.00171947	1.00194287	0.99853951	0.99884063	1.03782189	1.11692846
0.02293760	0.00000000	0.97227073	1.00251865	0.99785429	0.99839991	0.99993312	0.94134951	1.03199804
0.02457600	0.00000000	0.98568135	0.99702245	1.00186086	1.00154221	0.99864817	1.10020220	0.74174857
0.02621440	0.00000000	1.01250267	1.00385904	1.00147986	0.99819911	0.99955499	1.01783419	1.09649789
0.02949120	0.00000000	0.98522985	1.00035691	1.00005639	1.00073814	0.99998212	0.91813594	1.19996715
0.03276800	0.00000000	1.09769571	0.99839699	0.99896187	0.99909008	0.99720412	0.99654490	1.02628767
0.03604480	0.00000000	0.99760193	1.00050068	1.00006044	0.99824440	0.99925661	1.03254271	1.03714788
0.03932160	0.00000000	1.08101344	0.99790865	0.99893481	0.99976540	1.00133300	0.91781580	1.07930565
0.04259840	0.00000000	1.09628081	1.00073421	1.00108802	1.00146055	1.00030625	0.89814264	1.08944380
0.04587520	0.00000000	1.01003349	1.00016832	1.00105810	1.00049460	0.99813640	1.08697438	1.16838908
0.04915200	0.00000000	1.01337790	1.00196648	0.99971902	0.99707586	0.99879652	1.02269101	1.05786574
0.05242880	0.00000000	1.15384614	1.00325549	1.00164378	0.99939746	1.00168121	0.95097452	0.89997530
0.05898240	0.00000000	0.95213264	0.99793023	1.00025237	0.99964482	1.00075448	0.98919141	1.01049864
0.06553600	0.00000000	1.00745022	0.99933445	0.99949539	0.99920797	0.99975491	0.97964185	0.77366298
0.07208960	0.00000000	0.97560066	0.99989331	1.00055623	0.99967188	0.99890494	1.02945006	1.11312735
0.07864320	0.00000000	1.08511555	0.99971181	1.00046492	0.99925780	1.00057971	1.02588248	0.88883990
0.08519680	0.00000000	1.00726390	1.00117910	1.00050867	1.00026619	0.99955416	0.98698342	0.93155342
0.09175040	0.00000000	1.00542355	1.00019443	0.99929374	0.99906576	0.99866807	0.97522908	1.02346528
0.09830400	0.00000000	1.06670964	0.99907380	0.99977452	1.00171220	0.99745226	1.00108492	1.03373456
0.10485760	0.00000000	0.96898311	0.99982113	0.99965948	1.00007498	0.99743801	1.05503809	0.96378261
0.11796480	0.00000000	0.97867101	0.99932075	0.99980414	1.00035572	0.99985909	1.02371764	0.91848940
0.13107200	0.00000000	1.07182801	0.99929434	1.00054646	0.99958581	0.99998832	0.99059325	1.07641959
0.14417920	0.00000000	0.97839385	1.00091255	1.00010157	1.00062108	0.99983811	1.00980151	0.95233345
0.15728641	0.00000000	1.02846658	0.99912345	1.00084686	1.00032723	1.00127685	1.01223457	0.96125704
0.17039360	0.00000000	0.99496496	0.99984878	0.99984342	1.00019479	1.00166261	0.97766209	0.99612933
0.18350080	0.00000000	1.00772667	1.00028121	1.00001502	1.00021291	0.99979919	1.04253817	1.03332269
0.19660801	0.00000000	0.99681437	1.00155604	1.00046158	0.99908906	0.99956435	0.95886368	1.03128815
0.20971520	0.00000000	1.03813958	0.99814659	1.00028563	0.99966997	1.00051880	1.04999769	0.93595910
0.23592959	0.00000000	1.01294851	1.00010920	1.00042939	0.99917018	0.99968821	1.00034666	0.98977274
0.26214400	0.00000000	0.96664864	0.99944085	0.99949276	1.00000882	0.99822164	1.00847018	0.96633422
0.28835839	0.00000000	1.00072026	1.00045395	0.99987864	0.99993575	1.00007474	0.98236775	1.01434529
0.31457281	0.00000000	1.00156772	0.99980199	0.99973619	1.00009978	0.99975598	1.02904499	1.05176318
0.34078720	0.00000000	0.98148239	1.00027776	0.99969518	1.00090456	1.00149584	1.00987697	1.03264284
0.36700159	0.00000000	1.04196310	0.99984580	0.99967152	0.99930024	1.00098073	0.97387564	0.99524647
0.39321601	0.00000000	1.02074468	0.99961019	0.99958318	0.99879903	1.00007498	0.96599030	0.99215198
0.41943040	0.00000000	0.98157626	1.00018597	0.99944299	1.00015676	1.00005853	1.03837883	1.02040815
0.47185919	0.00000000	0.99366683	0.99969471	1.00027835	1.00017250	0.99931371	0.99213374	1.00874996
0.52428800	0.00000000	1.00780451	1.00009048	1.00011659	0.99960756	1.00045288	0.99510008	0.99570757
0.57671678	0.00000000	1.00393295	0.99913424	0.99995136	1.00019443	1.00048387	0.97322834	0.97847378
0.62914562	0.00000000	0.97472268	1.00067759	1.00042939	1.00020444	0.99842876	0.95770949	1.07056940
0.68157440	0.00000000	0.95932639	1.00041389	1.00034857	1.00017869	1.00017750	0.99653977	1.04250872
0.73400319	0.00000000	0.96886778	0.99986172	0.99962574	0.99965441	1.00110936	0.98954487	0.96260566
0.78643203	0.00000000	0.95797485	1.00006068	0.99989283	1.00077200	0.99871045	0.97480148	0.97401184
0.83886081	0.00000000	0.98096997	0.99959296	0.99978608	0.99961972	1.00004053	0.99843258	1.01657140
0.94371837	0.00000000	0.98304933	1.00000417	0.99975401	1.00016713	0.99974257	1.00503874	1.04220784
1.04857600	0.00000000	1.02476013	0.99972355	0.99939311	0.99998647	1.00027001	0.99449539	0.97297299
1.15343356	0.00000000	0.98458076	1.00005341	1.00038350	0.99950641	0.99919862	0.99117142	0.98897058
1.25829124	0.00000000	0.99964160	0.99988192	0.99961871	1.00011897	1.00040889	1.00139141	0.99346405
1.36314881	0.00000000	1.01726103	1.00031090	1.00049317	1.00023365	0.99976289	0.98881614	1.06403017
1.46800637	0.00000000	0.99911582	1.00025177	1.00056601	0.99955225	1.00051630	1.00969195	0.94348329
1.57286406	0.00000000	1.01850867	0.99951202	0.99993008	0.99993533	0.99922979	0.99274886	1.01814878
1.67772162	0.00000000	1.00332224	1.00017035	1.00057828	1.00061750	0.99968672	1.02462423	1.03125000
1.88743675	0.00000000	0.00000000	0.00000000	0.00000000	0.00000000	0.00000000	0.00000000	0.00000000
2.09715199	0.00000000	0.00000000	0.00000000	0.00000000	0.00000000	0.00000000	0.00000000	0.00000000
2.30686712	0.00000000	0.00000000	0.00000000	0.00000000	0.00000000	0.00000000	0.00000000	0.00000000
2.51658249	0.00000000	0.00000000	0.00000000	0.00000000	0.00000000	0.00000000	0.00000000	0.00000000
2.72629762	0.00000000	0.00000000	0.00000000	0.00000000	0.00000000	0.00000000	0.00000000	0.00000000
2.93601274	0.00000000	0.00000000	0.00000000	0.00000000	0.00000000	0.00000000	0.00000000	0.00000000
3.14572811	0.00000000	0.00000000	0.00000000	0.00000000	0.00000000	0.00000000	0.00000000	0.00000000
3.35544324	0.00000000	0.00000000	0.00000000	0.00000000	0.00000000	0.00000000	0.00000000	0.00000000
3.77487350	0.00000000	0.00000000	0.00000000	0.00000000	0.00000000	0.00000000	0.00000000	0.00000000
4.19430399	0.00000000	0.00000000	0.00000000	0.00000000	0.00000000	0.00000000	0.00000000	0.00000000
4.61373425	0.00000000	0.00000000	0.00000000	0.00000000	0.00000000	0.00000000	0.00000000	0.00000000
5.03316498	0.00000000	0.00000000	0.00000000	0.00000000	0.00000000	0.00000000	0.00000000	0.00000000
5.45259523	0.00000000	0.00000000	0.00000000	0.00000000	0.00000000	0.00000000	0.00000000	0.00000000
5.87202549	0.00000000	0.00000000	0.00000000	0.00000000	0.00000000	0.00000000	0.00000000	0.00000000
6.29145622	0.00000000	0.00000000	0.00000000	0.00000000	0.00000000	0.00000000	0.00000000	0.00000000
6.71088648	0.00000000	0.00000000	0.00000000	0.00000000	0.00000000	0.00000000	0.00000000	0.00000000
7.54974699	0.00000000	0.00000000	0.00000000	0.00000000	0.00000000	0.00000000	0.00000000	0.00000000
8.38860798	0.00000000	0.00000000	0.00000000	0.00000000	0.00000000	0.00000000	0.00000000	0.00000000
9.22746849	0.00000000	0.00000000	0.00000000	0.00000000	0.00000000	0.00000000	0.00000000	0.00000000
10.06632996	0.00000000	0.00000000	0.00000000	0.00000000	0.00000000	0.00000000	0.00000000	0.00000000
10.90519047	0.00000000	0.00000000	0.00000000	0.00000000	0.00000000	0.00000000	0.00000000	0.00000000
11.74405098	0.00000000	0.00000000	0.00000000	0.00000000	0.00000000	0.00000000	0.00000000	0.00000000
12.58291245	0.00000000	0.00000000	0.00000000	0.00000000	0.00000000	0.00000000	0.00000000	0.00000000
13.42177296	0.00000000	0.00000000	0.00000000	0.00000000	0.00000000	0.00000000	0.00000000	0.00000000
15.09949398	0.00000000	0.00000000	0.00000000	0.00000000	0.00000000	0.00000000	0.00000000	0.00000000
16.77721596	0.00000000	0.00000000	0.00000000	0.00000000	0.00000000	0.00000000	0.00000000	0.00000000
18.45493698	0.00000000	0.00000000	0.00000000	0.00000000	0.00000000	0.00000000	0.00000000	0.00000000
20.13265991	0.00000000	0.00000000	0.00000000	0.00000000	0.00000000	0.00000000	0.00000000	0.00000000
21.81038094	0.00000000	0.00000000	0.00000000	0.00000000	0.00000000	0.00000000	0.00000000	0.00000000
23.48810196	0.00000000	0.00000000	0.00000000	0.00000000	0.00000000	0.00000000	0.00000000	0.00000000
25.16582489	0.00000000	0.00000000	0.00000000	0.00000000	0.00000000	0.00000000	0.00000000	0.00000000
26.84354591	0.00000000	0.00000000	0.00000000	0.00000000	0.00000000	0.00000000	0.00000000	0.00000000
30.19898796	0.00000000	0.00000000	0.00000000	0.00000000	0.00000000	0.00000000	0.00000000	0.00000000
33.55443192	0.00000000	0.00000000	0.00000000	0.00000000	0.00000000	0.00000000	0.00000000	0.00000000
36.90987396	0.00000000	0.00000000	0.00000000	0.00000000	0.00000000	0.00000000	0.00000000	0.00000000
40.26531982	0.00000000	0.00000000	0.00000000	0.00000000	0.00000000	0.00000000	0.00000000	0.00000000
43.62076187	0.00000000	0.00000000	0.00000000	0.00000000	0.00000000	0.00000000	0.00000000	0.00000000
46.97620392	0.00000000	0.00000000	0.00000000	0.00000000	0.00000000	0.00000000	0.00000000	0.00000000
50.33164978	0.00000000	0.00000000	0.00000000	0.00000000	0.00000000	0.00000000	0.00000000	0.00000000
53.68709183	0.00000000	0.00000000	0.00000000	0.00000000	0.00000000	0.00000000	0.00000000	0.00000000
60.39797592	0.00000000	0.00000000	0.00000000	0.00000000	0.00000000	0.00000000	0.00000000	0.00000000
67.10886383	0.00000000	0.00000000	0.00000000	0.00000000	0.00000000	0.00000000	0.00000000	0.00000000
73.81974792	0.00000000	0.00000000	0.00000000	0.00000000	0.00000000	0.00000000	0.00000000	0.00000000
80.53063965	0.00000000	0.00000000	0.00000000	0.00000000	0.00000000	0.00000000	0.00000000	0.00000000
87.24152374	0.00000000	0.00000000	0.00000000	0.00000000	0.00000000	0.00000000	0.00000000	0.00000000
93.95240784	0.00000000	0.00000000	0.00000000	0.00000000	0.00000000	0.00000000	0.00000000	0.00000000
100.66329956	0.00000000	0.00000000	0.00000000	0.00000000	0.00000000	0.00000000	0.00000000	0.00000000
107.37418365	0.00000000	0.00000000	0.00000000	0.00000000	0.00000000	0.00000000	0.00000000	0.00000000
120.79595184	0.00000000	0.00000000	0.00000000	0.00000000	0.00000000	0.00000000	0.00000000	0.00000000
134.21772766	0.00000000	0.00000000	0.00000000	0.00000000	0.00000000	0.00000000	0.00000000	0.00000000
147.63949585	0.00000000	0.00000000	0.00000000	0.00000000	0.00000000	0.00000000	0.00000000	0.00000000
161.06127930	0.00000000	0.00000000	0.00000000	0.00000000	0.00000000	0.00000000	0.00000000	0.00000000
174.48304749	0.00000000	0.00000000	0.00000000	0.00000000	0.00000000	0.00000000	0.00000000	0.00000000
187.90481567	0.00000000	0.00000000	0.00000000	0.00000000	0.00000000	0.00000000	0.00000000	0.00000000
201.32659912	0.00000000	0.00000000	0.00000000	0.00000000	0.00000000	0.00000000	0.00000000	0.00000000
214.74836731	0.00000000	0.00000000	0.00000000	0.00000000	0.00000000	0.00000000	0.00000000	0.00000000
241.59190369	0.00000000	0.00000000	0.00000000	0.00000000	0.00000000	0.00000000	0.00000000	0.00000000
268.43545532	0.00000000	0.00000000	0.00000000	0.00000000	0.00000000	0.00000000	0.00000000	0.00000000
295.27899170	0.00000000	0.00000000	0.00000000	0.00000000	0.00000000	0.00000000	0.00000000	0.00000000
322.12255859	0.00000000	0.00000000	0.00000000	0.00000000	0.00000000	0.00000000	0.00000000	0.00000000
348.96609497	0.00000000	0.00000000	0.00000000	0.00000000	0.00000000	0.00000000	0.00000000	0.00000000
375.80963135	0.00000000	0.00000000	0.00000000	0.00000000	0.00000000	0.00000000	0.00000000	0.00000000
402.65319824	0.00000000	0.00000000	0.00000000	0.00000000	0.00000000	0.00000000	0.00000000	0.00000000
429.49673462	0.00000000	0.00000000	0.00000000	0.00000000	0.00000000	0.00000000	0.00000000	0.00000000
483.18380737	0.00000000	0.00000000	0.00000000	0.00000000	0.00000000	0.00000000	0.00000000	0.00000000
536.87091064	0.00000000	0.00000000	0.00000000	0.00000000	0.00000000	0.00000000	0.00000000	0.00000000
590.55798340	0.00000000	0.00000000	0.00000000	0.00000000	0.00000000	0.00000000	0.00000000	0.00000000
644.24511719	0.00000000	0.00000000	0.00000000	0.00000000	0.00000000	0.00000000	0.00000000	0.00000000
697.93218994	0.00000000	0.00000000	0.00000000	0.00000000	0.00000000	0.00000000	0.00000000	0.00000000
751.61926270	0.00000000	0.00000000	0.00000000	0.00000000	0.00000000	0.00000000	0.00000000	0.00000000
805.30639648	0.00000000	0.00000000	0.00000000	0.00000000	0.00000000	0.00000000	0.00000000	0.00000000
858.99346924	0.00000000	0.00000000	0.00000000	0.00000000	0.00000000	0.00000000	0.00000000	0.00000000
966.36761475	0.00000000	0.00000000	0.00000000	0.00000000	0.00000000	0.00000000	0.00000000	0.00000000
1073.74182129	0.00000000	0.00000000	0.00000000	0.00000000	0.00000000	0.00000000	0.00000000	0.00000000
1181.11596680	0.00000000	0.00000000	0.00000000	0.00000000	0.00000000	0.00000000	0.00000000	0.00000000
1288.49023437	0.00000000	0.00000000	0.00000000	0.00000000	0.00000000	0.00000000	0.00000000	0.00000000
1395.86437988	0.00000000	0.00000000	0.00000000	0.00000000	0.00000000	0.00000000	0.00000000	0.00000000
1503.23852539	0.00000000	0.00000000	0.00000000	0.00000000	0.00000000	0.00000000	0.00000000	0.00000000
1610.61279297	0.00000000	0.00000000	0.00000000	0.00000000	0.00000000	0.00000000	0.00000000	0.00000000
1717.98693848	0.00000000	0.00000000	0.00000000	0.00000000	0.00000000	0.00000000	0.00000000	0.00000000
1932.73522949	0.00000000	0.00000000	0.00000000	0.00000000	0.00000000	0.00000000	0.00000000	0.00000000
2147.48364258	0.00000000	0.00000000	0.00000000	0.00000000	0.00000000	0.00000000	0.00000000	0.00000000
2362.23193359	0.00000000	0.00000000	0.00000000	0.00000000	0.00000000	0.00000000	0.00000000	0.00000000
2576.98046875	0.00000000	0.00000000	0.00000000	0.00000000	0.00000000	0.00000000	0.00000000	0.00000000
2791.72875977	0.00000000	0.00000000	0.00000000	0.00000000	0.00000000	0.00000000	0.00000000	0.00000000
3006.47705078	0.00000000	0.00000000	0.00000000	0.00000000	0.00000000	0.00000000	0.00000000	0.00000000
3221.22558594	0.00000000	0.00000000	0.00000000	0.00000000	0.00000000	0.00000000	0.00000000	0.00000000
3435.97387695	0.00000000	0.00000000	0.00000000	0.00000000	0.00000000	0.00000000	0.00000000	0.00000000
0	0	0	0	0	0	0	0	0
