%4/4/2019 12:40:04 PM
%Duration	ID1		ID2		ID3		ID4		ID5		ID6		ID7		ID8
1000.000000	0.000000	0.600815	389.280334	239.896774	96.673965	32.606125	0.505447	0.181198
%Tau		Tau1		Tau2		Tau3		Tau4		Tau5		Tau6		Tau7		Tau8
%		0.000000	0.000001	0.000141	0.000090	0.000058	0.000022	0.000001	0.000001
%Delaytime	D1		D2		D3		D4		D5		D6		D7		D8
0.00000020	0.00000000	199.11111450	1.54829729	1.48329520	1.62381995	4.42647314	135.55990601	264.19149780
0.00000040	0.00000000	0.00000000	1.50231695	1.47447073	1.52106082	1.87119091	90.37327576	0.00000000
0.00000060	0.00000000	0.00000000	1.47851062	1.49055088	1.53235304	1.39836311	0.00000000	0.00000000
0.00000080	0.00000000	0.00000000	1.47585797	1.50055194	1.52219009	1.59956634	0.00000000	0.00000000
0.00000100	0.00000000	0.00000000	1.48776114	1.48113811	1.51202703	1.53920543	0.00000000	0.00000000
0.00000120	0.00000000	0.00000000	1.47674215	1.45878279	1.50751019	1.54926550	0.00000000	0.00000000
0.00000140	0.00000000	0.00000000	1.48578858	1.44446754	1.47476280	1.58950627	0.00000000	0.00000000
0.00000160	0.00000000	0.00000000	1.49204624	1.47545123	1.49057186	1.68004775	0.00000000	0.00000000
0.00000180	0.00000000	0.00000000	1.47170877	1.49506116	1.38216662	1.48890460	0.00000000	0.00000000
0.00000200	0.00000000	0.00000000	1.46585929	1.51447499	1.50073481	1.66998756	0.00000000	0.00000000
0.00000220	0.00000000	0.00000000	1.47266102	1.49584556	1.42507708	1.73034859	0.00000000	0.00000000
0.00000240	0.00000000	0.00000000	1.47653806	1.47603953	1.49057186	1.39836311	0.00000000	0.00000000
0.00000260	0.00000000	0.00000000	1.44994295	1.46211648	1.48605502	1.51908505	0.00000000	0.00000000
0.00000280	0.00000000	0.00000000	1.46449888	1.48231471	1.46798742	1.54926550	0.00000000	0.00000000
0.00000300	0.00000000	0.00000000	1.45558846	1.46819556	1.43862772	1.50902486	0.00000000	0.00000000
0.00000320	0.00000000	0.00000000	1.47789848	1.48604059	1.46911669	1.44866395	0.00000000	0.00000000
0.00000360	0.00000000	0.00000000	1.47640204	1.45211542	1.51597941	1.56435585	0.00000000	0.00000000
0.00000400	0.00000000	0.00000000	1.46354663	1.45878279	1.47815049	1.65992737	0.00000000	0.00000000
0.00000440	0.00000000	0.00000000	1.46936214	1.45348811	1.43693388	1.50902486	0.00000000	0.00000000
0.00000480	0.00000000	0.00000000	1.46616530	1.45113492	1.43862772	1.33800209	0.00000000	0.00000000
0.00000520	0.00000000	0.00000000	1.46575725	1.43946695	1.45500135	1.35812235	0.00000000	0.00000000
0.00000560	0.00000000	14.22222233	1.45001101	1.45495892	1.44879067	1.40842319	0.00000000	0.00000000
0.00000600	0.00000000	14.22222233	1.46704960	1.46476388	1.46347058	1.42854357	0.00000000	0.00000000
0.00000640	0.00000000	14.22222233	1.45667684	1.46545017	1.37143910	1.49393463	0.00000000	0.00000000
0.00000720	0.00000000	0.00000000	1.45851326	1.44917393	1.46855211	1.49393463	0.00000000	0.00000000
0.00000800	0.00000000	0.00000000	1.45769703	1.44378126	1.44003928	1.28770125	0.00000000	0.00000000
0.00000880	0.00000000	0.00000000	1.45310581	1.44593835	1.44512069	1.42099845	0.00000000	0.00000000
0.00000960	0.00000000	0.00000000	1.45550346	1.44020236	1.40955031	1.41093826	0.00000000	0.00000000
0.00001040	0.00000000	0.00000000	1.44076061	1.42799520	1.38922429	1.37069762	0.00000000	0.00000000
0.00001120	0.00000000	0.00000000	1.44042051	1.42314172	1.41717255	1.43860376	0.00000000	0.00000000
0.00001200	0.00000000	0.00000000	1.44247806	1.41426826	1.37877893	1.42854357	0.00000000	0.00000000
0.00001280	0.00000000	7.11111116	1.44501173	1.42363203	1.40249264	1.39333296	0.00000000	0.00000000
0.00001440	0.00000000	3.55555558	1.43912816	1.41975904	1.40051651	1.36692500	0.00000000	0.00000000
0.00001600	0.00000000	0.00000000	1.43627989	1.41515064	1.39359999	1.33171451	0.00000000	0.00000000
0.00001760	0.00000000	0.00000000	1.42564356	1.39948726	1.36268759	1.41722584	0.00000000	0.00000000
0.00001920	0.00000000	0.00000000	1.41902030	1.39210904	1.39035344	1.32794189	0.00000000	0.00000000
0.00002080	0.00000000	0.00000000	1.42227662	1.37921548	1.34885466	1.26003575	0.00000000	0.00000000
0.00002240	0.00000000	0.00000000	1.41396987	1.38397086	1.33911514	1.31033659	0.00000000	33.02393723
0.00002400	0.00000000	0.00000000	1.40573967	1.36617494	1.33826816	1.36063743	0.00000000	0.00000000
0.00002560	0.00000000	0.00000000	1.40174365	1.36771917	1.34349084	1.24117303	0.00000000	0.00000000
0.00002880	0.00000000	0.00000000	1.38480198	1.34956753	1.32743537	1.22938395	0.00000000	0.00000000
0.00003200	0.00000000	1.84115171	1.37646472	1.33873105	1.29556489	1.26950657	0.00000000	0.00000000
0.00003520	0.00000000	1.84115171	1.37205565	1.32668686	1.28219759	1.17292321	0.00000000	16.51196861
0.00003840	0.00000000	0.00000000	1.36127460	1.31124222	1.28474379	1.18796861	0.00000000	16.51196861
0.00004160	0.00000000	0.00000000	1.35490930	1.30893815	1.24556136	1.15975833	0.00000000	0.00000000
0.00004480	0.00000000	1.84115171	1.34652174	1.29597616	1.22602749	1.21053696	0.00000000	0.00000000
0.00004800	0.00000000	3.68230343	1.33799207	1.28441238	1.22150111	1.17229629	0.00000000	0.00000000
0.00005120	0.00000000	0.00000000	1.33211195	1.27209103	1.22820652	1.15537000	0.00000000	0.00000000
0.00005760	0.00000000	0.92057586	1.31713831	1.25319231	1.19448388	1.14939725	1.48259568	0.00000000
0.00006400	0.00000000	0.92057586	1.30174255	1.24230456	1.18589079	1.15407670	0.00000000	0.00000000
0.00007040	0.00000000	0.00000000	1.28767467	1.22436130	1.15682256	1.12263048	0.00000000	0.00000000
0.00007680	0.00000000	0.00000000	1.27635419	1.20631957	1.14642584	1.06952131	1.48259568	0.00000000
0.00008320	0.00000000	2.76172757	1.26863062	1.19185722	1.12467778	1.07706857	0.00000000	0.00000000
0.00008960	0.00000000	0.00000000	1.25336862	1.17925942	1.13613534	1.08335805	0.00000000	0.00000000
0.00009600	0.00000000	0.00000000	1.24212003	1.16691995	1.11396289	1.07486725	0.00000000	8.71077538
0.00010240	0.00000000	0.92057586	1.23172212	1.15852332	1.10810483	1.04436350	0.00000000	0.00000000
0.00011520	0.00000000	0.45385042	1.21063864	1.13800240	1.08958757	1.04386318	0.00000000	4.40311766
0.00012800	0.00000000	1.36155128	1.19506848	1.12302363	1.06976366	1.04134631	0.00000000	0.00000000
0.00014080	0.00000000	0.90770084	1.17873371	1.10411167	1.06176150	1.03867209	0.74129784	0.00000000
0.00015360	0.00000000	1.81540167	1.16454136	1.09621668	1.05184102	1.01806545	1.48259568	4.40311766
0.00016640	0.00000000	0.45385042	1.15158105	1.08343160	1.04125082	0.99934638	0.00000000	0.00000000
0.00017920	0.00000000	1.36155128	1.14157271	1.07179320	1.04179180	1.01095378	0.74129784	0.00000000
0.00019200	0.00000000	2.26925206	1.12974405	1.06752086	1.02450252	1.01217914	0.74129784	0.00000000
0.00020480	0.00000000	0.00000000	1.12188780	1.05904698	1.01819408	1.00085402	1.48259568	0.00000000
0.00023040	0.00000000	1.57188678	1.10771334	1.04723704	1.02442372	0.98114181	0.37231663	0.00000000
0.00025600	0.00000000	0.67366576	1.09266031	1.03652787	1.01778042	1.02714145	1.48926651	0.00000000
0.00028160	0.00000000	1.57188678	1.07952428	1.03316903	1.01475763	1.01320195	1.11694992	2.20155883
0.00030720	0.00000000	0.89822102	1.07125437	1.02818656	1.00439692	0.99247783	0.74463326	0.00000000
0.00033280	0.00000000	0.22455525	1.06237638	1.02677608	1.00170326	1.01320195	0.74463326	0.00000000
0.00035840	0.00000000	1.79644203	1.05467021	1.02053332	0.99584734	1.00841343	0.37231663	0.00000000
0.00038400	0.00000000	0.67366576	1.04698884	1.01366103	1.00092721	0.98390704	0.74463326	0.00000000
0.00040960	0.00000000	1.12277627	1.04335535	1.01520622	0.99245930	0.99905860	1.11694992	2.20155883
0.00046080	0.00000000	0.67249209	1.03253365	1.01103091	0.99159825	0.99437582	1.65306127	1.08884692
0.00051200	0.00000000	0.67249209	1.02634871	1.01208270	0.99691969	1.01160502	1.10204077	1.08884692
0.00056320	0.00000000	1.23290217	1.02113962	1.01032388	1.00454950	1.01223445	0.55102038	2.17769384
0.00061440	0.00000000	1.12082016	1.01577902	1.00492918	1.00138175	0.99692589	0.73469388	0.00000000
0.00066560	0.00000000	0.78457415	1.01260841	1.00113750	0.99576861	0.99532676	0.91836733	1.08884692
0.00071680	0.00000000	1.68123031	1.00884950	0.99446881	0.99709648	1.00358701	1.65306127	1.08884692
0.00076800	0.00000000	0.89665616	1.00510693	0.99308938	0.99319065	0.99910957	0.73469388	0.00000000
0.00081920	0.00000000	0.89665616	1.00502574	0.99683619	0.99687350	1.00324619	1.46938777	1.08884692
0.00092160	0.00000000	0.82901055	1.00404787	0.99768794	1.00254381	0.99645281	1.39305687	1.59838128
0.00102400	0.00000000	1.05008006	0.99921995	0.99610651	1.00046039	0.99247557	1.20731592	1.06558752
0.00112640	0.00000000	1.49221897	0.99441433	0.99386466	1.00195837	1.00369835	0.46435231	0.53279376
0.00122880	0.00000000	0.93954533	0.99360842	0.99465317	1.00677264	0.99806553	1.11444557	1.06558752
0.00133120	0.00000000	1.21588218	0.99461961	1.00100291	1.00469840	1.00908196	0.92870462	1.06558752
0.00143360	0.00000000	0.60794109	0.99536955	1.00344419	1.01356602	0.99690276	1.11444557	1.06558752
0.00153600	0.00000000	1.32641697	0.99547952	1.00102067	1.00772929	1.00661337	0.65009320	1.59838128
0.00163840	0.00000000	0.99481267	0.99833590	1.00370550	1.00247419	1.00903022	1.39305687	1.59838128
0.00184320	0.00000000	1.19860268	0.99801904	1.00133049	0.99383116	1.00470626	1.36533332	1.59833503
0.00204800	0.00000000	0.86410886	0.99222440	0.99877346	0.99507368	1.00196362	1.18592429	0.53277838
0.00225280	0.00000000	1.25435162	0.99419963	0.99490452	1.00187564	0.99353176	0.63857460	0.53277838
0.00245760	0.00000000	1.03135574	0.99788278	0.99936223	0.99723446	0.99806005	0.95786190	0.53277838
0.00266240	0.00000000	1.08710468	1.00105786	0.99531168	0.99911636	0.99667889	1.00347435	1.59833503
0.00286720	0.00000000	1.05923021	0.99915791	0.99487489	1.00767624	1.00171030	1.18592429	0.79916751
0.00307200	0.00000000	1.00348127	0.99845034	0.99684215	1.00010717	0.99747115	0.91224945	0.79916751
0.00327680	0.00000000	0.97560680	1.00215864	1.00115407	0.99116385	0.99500078	0.82102448	0.79916751
0.00368640	0.00000000	1.09342229	1.00280511	1.00160456	1.00040197	0.99919534	1.25197947	0.67319208
0.00409600	0.00000000	1.09342229	1.00081539	0.99762726	1.00427151	0.98502421	1.12031746	1.61566103
0.00450560	0.00000000	1.05189991	1.00334692	0.99784052	1.00049043	1.00210345	1.12031746	0.94246894
0.00491520	0.00000000	0.98269600	1.00486684	0.99964458	0.99856645	0.99581319	0.67219043	1.21174586
0.00532480	0.00000000	0.88581049	1.00490344	0.99919862	0.99675035	0.99898851	0.73940951	0.67319208
0.00573440	0.00000000	1.09342229	0.99831146	1.00035942	1.00074720	0.99866158	0.60497141	0.80783051
0.00614400	0.00000000	0.92733288	1.00371742	1.00234699	1.00267959	0.99892694	0.98807019	0.80783051
0.00655360	0.00000000	0.96885520	1.00343812	0.99669099	1.00154746	0.99795109	0.94525850	1.61566103
0.00737280	0.00000000	0.96502322	1.00073767	0.99988812	0.99938554	1.00065482	1.05908215	0.92737621
0.00819200	0.00000000	0.94938344	0.99847496	0.99956042	1.00005710	0.99761617	0.88449544	1.12609971
0.00901120	0.00000000	1.05409479	0.99511814	1.00051057	0.99683774	0.99908149	0.78498966	1.25858200
0.00983040	0.00000000	0.94076657	1.00051534	0.99738592	0.99605036	0.99554455	0.97294497	0.59617043
0.01064960	0.00000000	0.98087549	1.00489950	1.00028884	0.99934149	0.99925452	0.88449544	0.66599220
0.01146880	0.00000000	1.06435430	1.00221348	1.00009704	0.99781102	0.99893892	1.08350694	0.66599220
0.01228800	0.00000000	0.86261392	1.00313973	1.00195134	1.00641584	0.99549830	1.05494511	0.79919064
0.01310720	0.00000000	1.00001204	0.99784791	0.99802250	1.00098360	1.00135362	1.01052630	1.26538515
0.01474560	0.00000000	0.95985454	0.99939358	1.00028872	0.99948907	1.00481570	0.98951977	0.91756272
0.01638400	0.00000000	0.88849908	1.00128698	1.00138223	0.99981648	0.99896866	1.03148210	0.68817204
0.01802240	0.00000000	0.85365593	1.00017881	0.99914926	0.99824089	1.00106668	0.97419089	0.98310292
0.01966080	0.00000000	0.99824876	1.00201595	0.99895018	0.99663085	1.00225008	0.96108466	0.85202253
0.02129920	0.00000000	0.98257542	1.00222242	0.99713010	1.00218177	1.00090241	1.00171041	1.04864311
0.02293760	0.00000000	0.97916961	0.99960476	1.00069106	1.00160193	0.99873281	1.02372599	1.02136421
0.02457600	0.00000000	1.02083635	1.00092292	0.99887323	1.00285888	0.99752140	1.03927219	0.82368082
0.02621440	0.00000000	1.00867152	0.99652475	1.00062478	0.99999595	0.99791926	0.88643086	1.05431151
0.02949120	0.00000000	1.01395547	1.00168073	1.00031257	1.00037360	0.99881911	0.97419089	0.85202253
0.03276800	0.00000000	0.98777759	0.99871659	1.00066972	0.99936992	1.00186348	1.01822209	1.03225803
0.03604480	0.00000000	1.01913655	1.00069225	1.00010467	1.00001502	1.00191891	0.98122770	0.92252254
0.03932160	0.00000000	0.98435378	0.99999189	0.99998248	0.99893868	0.99864852	0.98216122	0.97194338
0.04259840	0.00000000	0.93217957	0.99885237	0.99833864	0.99929494	0.99838930	0.98310721	0.90604889
0.04587520	0.00000000	1.04696286	1.00207019	1.00007403	1.00041044	0.99888080	0.94880432	0.82368082
0.04915200	0.00000000	0.97730649	1.00143337	1.00152671	1.00014043	1.00062513	1.02231944	0.96671790
0.05242880	0.00000000	1.03489769	1.00238109	0.99869573	0.99863666	1.00182009	1.02178919	1.14695346
0.05898240	0.00000000	0.99826688	0.99960279	1.00019860	0.99941194	0.99873739	0.94804394	0.90458405
0.06553600	0.00000000	1.00261474	0.99893230	0.99949902	0.99986124	0.99864805	1.00255179	1.10831916
0.07208960	0.00000000	0.95155424	1.00096643	0.99912810	0.99896687	0.99986243	1.00054204	0.96459329
0.07864320	0.00000000	1.03993368	0.99826539	1.00001240	0.99924093	0.99734181	1.00054204	1.06514931
0.08519680	0.00000000	0.99044079	0.99910933	0.99853837	0.99980980	1.00122309	0.99607533	0.99679631
0.09175040	0.00000000	1.01307535	0.99801403	1.00070477	0.99977744	1.00030422	0.92183787	0.87322652
0.09830400	0.00000000	0.98171622	1.00111842	0.99986047	0.99800378	0.99888635	0.96154094	0.92769629
0.10485760	0.00000000	0.94861490	0.99899697	1.00066864	0.99998385	0.99941164	1.01559210	0.97981972
0.11796480	0.00000000	1.01899290	0.99757403	1.00076878	0.99976516	1.00006258	1.01241279	1.07246375
0.13107200	0.00000000	0.99784082	1.00131190	1.00044858	1.00049543	1.00045776	0.96849424	0.91432226
0.14417920	0.00000000	0.95042551	1.00180340	0.99950439	1.00049996	1.00036418	1.02256596	1.00916719
0.15728641	0.00000000	0.96434981	1.00038886	1.00008953	1.00016367	1.00213933	1.00136280	1.12377727
0.17039360	0.00000000	1.02304816	0.99974656	0.99977261	1.00080204	0.99972427	0.99759704	0.79912090
0.18350080	0.00000000	0.99611771	1.00033200	1.00016510	1.00081789	0.99982327	1.03896868	1.04400992
0.19660801	0.00000000	1.00255930	0.99998903	1.00008202	1.00009370	0.99895084	0.96644592	1.06113863
0.20971520	0.00000000	0.99565178	1.00012374	0.99999660	0.99946535	0.99939519	0.96921438	1.01612806
0.23592959	0.00000000	0.98689967	0.99890262	1.00013661	0.99931103	0.99976742	0.99249625	0.96145314
0.26214400	0.00000000	0.98806196	0.99959934	1.00055695	0.99988639	0.99949050	0.98940164	1.05969059
0.28835839	0.00000000	1.00355792	0.99965751	0.99938601	1.00013471	1.00066674	1.01669800	0.93692851
0.31457281	0.00000000	0.97581637	0.99925870	1.00010133	1.00064647	1.00080311	0.99057144	0.95334065
0.34078720	0.00000000	1.00645959	0.99963593	0.99989152	1.00050342	0.99967873	0.99613750	1.00483096
0.36700159	0.00000000	1.02287555	0.99952215	0.99977273	0.99959648	0.99934292	0.98775572	1.01863348
0.39321601	0.00000000	0.98355430	0.99993467	0.99998122	0.99988008	1.00021458	0.98877382	0.98804963
0.41943040	0.00000000	1.01898587	1.00071228	0.99887413	0.99979734	1.00045574	1.00612390	1.00769234
0.47185919	0.00000000	1.00091302	0.99934626	1.00053966	1.00008619	0.99945539	1.01714170	0.95579028
0.52428800	0.00000000	1.01721978	0.99979347	0.99936181	1.00047326	0.99970555	0.97987592	1.01323533
0.57671678	0.00000000	1.01731193	1.00097954	1.00035584	0.99962658	1.00061715	1.00081778	1.00895524
0.62914562	0.00000000	0.98589623	0.99980843	0.99946630	0.99990243	0.99925780	1.01775241	0.96435547
0.68157440	0.00000000	0.97285134	1.00111687	0.99981970	1.00014091	1.00033748	0.99574441	1.04761910
0.73400319	0.00000000	0.99916017	1.00124931	1.00016665	1.00003743	1.00048757	1.00443876	0.98735762
0.78643203	0.00000000	0.99977058	0.99952298	0.99988043	0.99988776	0.99958050	0.99693483	1.02982461
0.83886081	0.00000000	0.99642557	1.00010800	1.00047576	1.00023103	0.99988270	1.00815916	1.03126597
0.94371837	0.00000000	1.00567722	0.99902809	1.00009406	0.99979556	0.99995005	0.99046195	0.97933590
1.04857600	0.00000000	0.99514258	0.99967617	1.00045884	0.99998534	1.00008345	1.00323236	1.01044631
1.15343356	0.00000000	1.00185370	1.00010979	1.00000000	1.00000799	1.00007677	1.00292397	0.97826087
1.25829124	0.00000000	0.99476093	0.99981135	1.00008082	0.99985814	1.00036156	1.01148915	1.00877190
1.36314881	0.00000000	1.00132835	1.00145519	0.99988860	1.00027144	0.99990904	1.00230420	1.00885642
1.46800637	0.00000000	1.01178050	1.00025761	0.99950951	0.99971920	0.99987298	0.98601401	0.99145299
1.57286406	0.00000000	0.98787880	1.00051665	0.99992555	1.00001609	0.99990118	0.98310810	1.01779759
1.67772162	0.00000000	1.00569260	0.99939585	0.99973470	1.00040603	0.99985129	0.99393326	0.96315789
1.88743675	0.00000000	0.00000000	0.00000000	0.00000000	0.00000000	0.00000000	0.00000000	0.00000000
2.09715199	0.00000000	0.00000000	0.00000000	0.00000000	0.00000000	0.00000000	0.00000000	0.00000000
2.30686712	0.00000000	0.00000000	0.00000000	0.00000000	0.00000000	0.00000000	0.00000000	0.00000000
2.51658249	0.00000000	0.00000000	0.00000000	0.00000000	0.00000000	0.00000000	0.00000000	0.00000000
2.72629762	0.00000000	0.00000000	0.00000000	0.00000000	0.00000000	0.00000000	0.00000000	0.00000000
2.93601274	0.00000000	0.00000000	0.00000000	0.00000000	0.00000000	0.00000000	0.00000000	0.00000000
3.14572811	0.00000000	0.00000000	0.00000000	0.00000000	0.00000000	0.00000000	0.00000000	0.00000000
3.35544324	0.00000000	0.00000000	0.00000000	0.00000000	0.00000000	0.00000000	0.00000000	0.00000000
3.77487350	0.00000000	0.00000000	0.00000000	0.00000000	0.00000000	0.00000000	0.00000000	0.00000000
4.19430399	0.00000000	0.00000000	0.00000000	0.00000000	0.00000000	0.00000000	0.00000000	0.00000000
4.61373425	0.00000000	0.00000000	0.00000000	0.00000000	0.00000000	0.00000000	0.00000000	0.00000000
5.03316498	0.00000000	0.00000000	0.00000000	0.00000000	0.00000000	0.00000000	0.00000000	0.00000000
5.45259523	0.00000000	0.00000000	0.00000000	0.00000000	0.00000000	0.00000000	0.00000000	0.00000000
5.87202549	0.00000000	0.00000000	0.00000000	0.00000000	0.00000000	0.00000000	0.00000000	0.00000000
6.29145622	0.00000000	0.00000000	0.00000000	0.00000000	0.00000000	0.00000000	0.00000000	0.00000000
6.71088648	0.00000000	0.00000000	0.00000000	0.00000000	0.00000000	0.00000000	0.00000000	0.00000000
7.54974699	0.00000000	0.00000000	0.00000000	0.00000000	0.00000000	0.00000000	0.00000000	0.00000000
8.38860798	0.00000000	0.00000000	0.00000000	0.00000000	0.00000000	0.00000000	0.00000000	0.00000000
9.22746849	0.00000000	0.00000000	0.00000000	0.00000000	0.00000000	0.00000000	0.00000000	0.00000000
10.06632996	0.00000000	0.00000000	0.00000000	0.00000000	0.00000000	0.00000000	0.00000000	0.00000000
10.90519047	0.00000000	0.00000000	0.00000000	0.00000000	0.00000000	0.00000000	0.00000000	0.00000000
11.74405098	0.00000000	0.00000000	0.00000000	0.00000000	0.00000000	0.00000000	0.00000000	0.00000000
12.58291245	0.00000000	0.00000000	0.00000000	0.00000000	0.00000000	0.00000000	0.00000000	0.00000000
13.42177296	0.00000000	0.00000000	0.00000000	0.00000000	0.00000000	0.00000000	0.00000000	0.00000000
15.09949398	0.00000000	0.00000000	0.00000000	0.00000000	0.00000000	0.00000000	0.00000000	0.00000000
16.77721596	0.00000000	0.00000000	0.00000000	0.00000000	0.00000000	0.00000000	0.00000000	0.00000000
18.45493698	0.00000000	0.00000000	0.00000000	0.00000000	0.00000000	0.00000000	0.00000000	0.00000000
20.13265991	0.00000000	0.00000000	0.00000000	0.00000000	0.00000000	0.00000000	0.00000000	0.00000000
21.81038094	0.00000000	0.00000000	0.00000000	0.00000000	0.00000000	0.00000000	0.00000000	0.00000000
23.48810196	0.00000000	0.00000000	0.00000000	0.00000000	0.00000000	0.00000000	0.00000000	0.00000000
25.16582489	0.00000000	0.00000000	0.00000000	0.00000000	0.00000000	0.00000000	0.00000000	0.00000000
26.84354591	0.00000000	0.00000000	0.00000000	0.00000000	0.00000000	0.00000000	0.00000000	0.00000000
30.19898796	0.00000000	0.00000000	0.00000000	0.00000000	0.00000000	0.00000000	0.00000000	0.00000000
33.55443192	0.00000000	0.00000000	0.00000000	0.00000000	0.00000000	0.00000000	0.00000000	0.00000000
36.90987396	0.00000000	0.00000000	0.00000000	0.00000000	0.00000000	0.00000000	0.00000000	0.00000000
40.26531982	0.00000000	0.00000000	0.00000000	0.00000000	0.00000000	0.00000000	0.00000000	0.00000000
43.62076187	0.00000000	0.00000000	0.00000000	0.00000000	0.00000000	0.00000000	0.00000000	0.00000000
46.97620392	0.00000000	0.00000000	0.00000000	0.00000000	0.00000000	0.00000000	0.00000000	0.00000000
50.33164978	0.00000000	0.00000000	0.00000000	0.00000000	0.00000000	0.00000000	0.00000000	0.00000000
53.68709183	0.00000000	0.00000000	0.00000000	0.00000000	0.00000000	0.00000000	0.00000000	0.00000000
60.39797592	0.00000000	0.00000000	0.00000000	0.00000000	0.00000000	0.00000000	0.00000000	0.00000000
67.10886383	0.00000000	0.00000000	0.00000000	0.00000000	0.00000000	0.00000000	0.00000000	0.00000000
73.81974792	0.00000000	0.00000000	0.00000000	0.00000000	0.00000000	0.00000000	0.00000000	0.00000000
80.53063965	0.00000000	0.00000000	0.00000000	0.00000000	0.00000000	0.00000000	0.00000000	0.00000000
87.24152374	0.00000000	0.00000000	0.00000000	0.00000000	0.00000000	0.00000000	0.00000000	0.00000000
93.95240784	0.00000000	0.00000000	0.00000000	0.00000000	0.00000000	0.00000000	0.00000000	0.00000000
100.66329956	0.00000000	0.00000000	0.00000000	0.00000000	0.00000000	0.00000000	0.00000000	0.00000000
107.37418365	0.00000000	0.00000000	0.00000000	0.00000000	0.00000000	0.00000000	0.00000000	0.00000000
120.79595184	0.00000000	0.00000000	0.00000000	0.00000000	0.00000000	0.00000000	0.00000000	0.00000000
134.21772766	0.00000000	0.00000000	0.00000000	0.00000000	0.00000000	0.00000000	0.00000000	0.00000000
147.63949585	0.00000000	0.00000000	0.00000000	0.00000000	0.00000000	0.00000000	0.00000000	0.00000000
161.06127930	0.00000000	0.00000000	0.00000000	0.00000000	0.00000000	0.00000000	0.00000000	0.00000000
174.48304749	0.00000000	0.00000000	0.00000000	0.00000000	0.00000000	0.00000000	0.00000000	0.00000000
187.90481567	0.00000000	0.00000000	0.00000000	0.00000000	0.00000000	0.00000000	0.00000000	0.00000000
201.32659912	0.00000000	0.00000000	0.00000000	0.00000000	0.00000000	0.00000000	0.00000000	0.00000000
214.74836731	0.00000000	0.00000000	0.00000000	0.00000000	0.00000000	0.00000000	0.00000000	0.00000000
241.59190369	0.00000000	0.00000000	0.00000000	0.00000000	0.00000000	0.00000000	0.00000000	0.00000000
268.43545532	0.00000000	0.00000000	0.00000000	0.00000000	0.00000000	0.00000000	0.00000000	0.00000000
295.27899170	0.00000000	0.00000000	0.00000000	0.00000000	0.00000000	0.00000000	0.00000000	0.00000000
322.12255859	0.00000000	0.00000000	0.00000000	0.00000000	0.00000000	0.00000000	0.00000000	0.00000000
348.96609497	0.00000000	0.00000000	0.00000000	0.00000000	0.00000000	0.00000000	0.00000000	0.00000000
375.80963135	0.00000000	0.00000000	0.00000000	0.00000000	0.00000000	0.00000000	0.00000000	0.00000000
402.65319824	0.00000000	0.00000000	0.00000000	0.00000000	0.00000000	0.00000000	0.00000000	0.00000000
429.49673462	0.00000000	0.00000000	0.00000000	0.00000000	0.00000000	0.00000000	0.00000000	0.00000000
483.18380737	0.00000000	0.00000000	0.00000000	0.00000000	0.00000000	0.00000000	0.00000000	0.00000000
536.87091064	0.00000000	0.00000000	0.00000000	0.00000000	0.00000000	0.00000000	0.00000000	0.00000000
590.55798340	0.00000000	0.00000000	0.00000000	0.00000000	0.00000000	0.00000000	0.00000000	0.00000000
644.24511719	0.00000000	0.00000000	0.00000000	0.00000000	0.00000000	0.00000000	0.00000000	0.00000000
697.93218994	0.00000000	0.00000000	0.00000000	0.00000000	0.00000000	0.00000000	0.00000000	0.00000000
751.61926270	0.00000000	0.00000000	0.00000000	0.00000000	0.00000000	0.00000000	0.00000000	0.00000000
805.30639648	0.00000000	0.00000000	0.00000000	0.00000000	0.00000000	0.00000000	0.00000000	0.00000000
858.99346924	0.00000000	0.00000000	0.00000000	0.00000000	0.00000000	0.00000000	0.00000000	0.00000000
966.36761475	0.00000000	0.00000000	0.00000000	0.00000000	0.00000000	0.00000000	0.00000000	0.00000000
1073.74182129	0.00000000	0.00000000	0.00000000	0.00000000	0.00000000	0.00000000	0.00000000	0.00000000
1181.11596680	0.00000000	0.00000000	0.00000000	0.00000000	0.00000000	0.00000000	0.00000000	0.00000000
1288.49023437	0.00000000	0.00000000	0.00000000	0.00000000	0.00000000	0.00000000	0.00000000	0.00000000
1395.86437988	0.00000000	0.00000000	0.00000000	0.00000000	0.00000000	0.00000000	0.00000000	0.00000000
1503.23852539	0.00000000	0.00000000	0.00000000	0.00000000	0.00000000	0.00000000	0.00000000	0.00000000
1610.61279297	0.00000000	0.00000000	0.00000000	0.00000000	0.00000000	0.00000000	0.00000000	0.00000000
1717.98693848	0.00000000	0.00000000	0.00000000	0.00000000	0.00000000	0.00000000	0.00000000	0.00000000
1932.73522949	0.00000000	0.00000000	0.00000000	0.00000000	0.00000000	0.00000000	0.00000000	0.00000000
2147.48364258	0.00000000	0.00000000	0.00000000	0.00000000	0.00000000	0.00000000	0.00000000	0.00000000
2362.23193359	0.00000000	0.00000000	0.00000000	0.00000000	0.00000000	0.00000000	0.00000000	0.00000000
2576.98046875	0.00000000	0.00000000	0.00000000	0.00000000	0.00000000	0.00000000	0.00000000	0.00000000
2791.72875977	0.00000000	0.00000000	0.00000000	0.00000000	0.00000000	0.00000000	0.00000000	0.00000000
3006.47705078	0.00000000	0.00000000	0.00000000	0.00000000	0.00000000	0.00000000	0.00000000	0.00000000
3221.22558594	0.00000000	0.00000000	0.00000000	0.00000000	0.00000000	0.00000000	0.00000000	0.00000000
3435.97387695	0.00000000	0.00000000	0.00000000	0.00000000	0.00000000	0.00000000	0.00000000	0.00000000
0	0	0	0	0	0	0	0	0
