%4/4/2019 12:40:32 PM
%Duration	ID1		ID2		ID3		ID4		ID5		ID6		ID7		ID8
1000.000000	0.000000	0.524521	396.795288	232.439041	101.509094	31.986237	0.352859	0.171661
%Tau		Tau1		Tau2		Tau3		Tau4		Tau5		Tau6		Tau7		Tau8
%		0.000000	0.000001	0.000128	0.000090	0.000058	0.000032	0.000001	0.000002
%Delaytime	D1		D2		D3		D4		D5		D6		D7		D8
0.00000020	0.00000000	131.39318848	1.54436255	1.49093032	1.58678389	3.61134434	218.13017273	0.00000000
0.00000040	0.00000000	32.84829712	1.49922526	1.51274145	1.54160452	1.73385572	0.00000000	0.00000000
0.00000060	0.00000000	0.00000000	1.49389899	1.50932753	1.46667314	1.40555167	0.00000000	0.00000000
0.00000080	0.00000000	0.00000000	1.50905848	1.46589506	1.46997893	1.46710861	54.53254318	0.00000000
0.00000100	0.00000000	0.00000000	1.47935402	1.49775815	1.41928995	1.48762763	0.00000000	0.00000000
0.00000120	0.00000000	0.00000000	1.48502171	1.46248114	1.43912482	1.43633020	0.00000000	0.00000000
0.00000140	0.00000000	0.00000000	1.46576500	1.48808539	1.47659051	1.44658971	0.00000000	0.00000000
0.00000160	0.00000000	0.00000000	1.48502171	1.47215378	1.42149389	1.70307720	0.00000000	0.00000000
0.00000180	0.00000000	0.00000000	1.46631134	1.48372316	1.50524080	1.68255818	0.00000000	0.00000000
0.00000200	0.00000000	0.00000000	1.48693371	1.47101581	1.50303686	1.49788713	0.00000000	0.00000000
0.00000220	0.00000000	0.00000000	1.47402763	1.45527399	1.51075041	1.51840615	0.00000000	0.00000000
0.00000240	0.00000000	0.00000000	1.46993053	1.46987796	1.42920732	1.45684910	0.00000000	0.00000000
0.00000260	0.00000000	0.00000000	1.48249519	1.47613668	1.44794023	1.55944419	0.00000000	0.00000000
0.00000280	0.00000000	0.00000000	1.45647812	1.47442973	1.51515818	1.49788713	0.00000000	0.00000000
0.00000300	0.00000000	0.00000000	1.47136450	1.46798134	1.39945519	1.50814664	0.00000000	0.00000000
0.00000320	0.00000000	0.00000000	1.47040844	1.46475708	1.39394557	1.49788713	0.00000000	0.00000000
0.00000360	0.00000000	0.00000000	1.46320426	1.46570539	1.46391833	1.50814664	0.00000000	0.00000000
0.00000400	0.00000000	0.00000000	1.46658444	1.46674848	1.47328472	1.64152014	0.00000000	0.00000000
0.00000440	0.00000000	0.00000000	1.47163761	1.47281766	1.43306410	1.48762763	0.00000000	0.00000000
0.00000480	0.00000000	0.00000000	1.47279847	1.46257591	1.43526804	1.67229867	0.00000000	0.00000000
0.00000520	0.00000000	0.00000000	1.46108735	1.46456742	1.45344996	1.43633020	0.00000000	0.00000000
0.00000560	0.00000000	0.00000000	1.47252536	1.45290315	1.46722412	1.42607069	0.00000000	0.00000000
0.00000600	0.00000000	0.00000000	1.45890224	1.43384218	1.44518542	1.34912443	27.26627159	0.00000000
0.00000640	0.00000000	0.00000000	1.46569669	1.46693814	1.39284360	1.44145989	0.00000000	0.00000000
0.00000720	0.00000000	0.00000000	1.46180439	1.46570539	1.44821572	1.32091081	0.00000000	0.00000000
0.00000800	0.00000000	0.00000000	1.45253456	1.45314026	1.41433132	1.51327646	0.00000000	0.00000000
0.00000880	0.00000000	0.00000000	1.45547080	1.43531203	1.41681063	1.42350578	13.63313580	0.00000000
0.00000960	0.00000000	0.00000000	1.44608152	1.43445861	1.42204487	1.44915450	0.00000000	0.00000000
0.00001040	0.00000000	0.00000000	1.44539869	1.42895842	1.40441394	1.38759756	0.00000000	0.00000000
0.00001120	0.00000000	0.00000000	1.44987142	1.42872131	1.41928995	1.50301695	0.00000000	0.00000000
0.00001200	0.00000000	0.00000000	1.44304276	1.42606604	1.40661776	1.39785707	0.00000000	0.00000000
0.00001280	0.00000000	0.00000000	1.43831396	1.43815696	1.36694813	1.34655952	0.00000000	0.00000000
0.00001440	0.00000000	0.00000000	1.43043542	1.41516054	1.39656258	1.32091081	0.00000000	0.00000000
0.00001600	0.00000000	4.10603714	1.42830145	1.40992105	1.35468912	1.34655952	0.00000000	0.00000000
0.00001760	0.00000000	4.10603714	1.42120826	1.40380454	1.37838066	1.28500247	0.00000000	0.00000000
0.00001920	0.00000000	0.00000000	1.42254829	1.39666855	1.35744393	1.37477314	6.81656790	0.00000000
0.00002080	0.00000000	0.00000000	1.41461003	1.38234901	1.37218237	1.40298676	0.00000000	0.00000000
0.00002240	0.00000000	4.10603714	1.41190422	1.38467240	1.33182406	1.31193376	0.00000000	0.00000000
0.00002400	0.00000000	0.00000000	1.40732908	1.36902535	1.32658982	1.25422406	0.00000000	0.00000000
0.00002560	0.00000000	0.00000000	1.40365863	1.36084616	1.33678269	1.37990284	0.00000000	0.00000000
0.00002880	0.00000000	2.00781584	1.38963521	1.35890889	1.30524480	1.31563151	3.20485115	0.00000000
0.00003200	0.00000000	0.00000000	1.37911475	1.34925878	1.28651500	1.27784073	3.20485115	0.00000000
0.00003520	0.00000000	2.00781584	1.36818993	1.33158791	1.26750648	1.23812842	0.00000000	0.00000000
0.00003840	0.00000000	2.00781584	1.36198008	1.32553518	1.25791156	1.22467744	3.20485115	0.00000000
0.00004160	0.00000000	0.00000000	1.35572278	1.31212747	1.26696324	1.19969714	0.00000000	0.00000000
0.00004480	0.00000000	2.00781584	1.34739482	1.29885650	1.23888946	1.20354033	6.40970230	0.00000000
0.00004800	0.00000000	0.00000000	1.34198332	1.28999758	1.22400236	1.22595847	0.00000000	0.00000000
0.00005120	0.00000000	0.00000000	1.33008790	1.27559745	1.22063363	1.22019386	0.00000000	0.00000000
0.00005760	0.00000000	3.01172376	1.31662965	1.25811720	1.19996238	1.15978432	1.61747169	0.00000000
0.00006400	0.00000000	0.00000000	1.30215371	1.24159598	1.18503022	1.15594399	1.61747169	0.00000000
0.00007040	0.00000000	2.00781584	1.29020107	1.22673833	1.18057239	1.12138093	0.00000000	0.00000000
0.00007680	0.00000000	0.00000000	1.27718282	1.21084344	1.15895438	1.15946436	0.00000000	0.00000000
0.00008320	0.00000000	0.00000000	1.26375389	1.20082164	1.14183211	1.06509089	0.00000000	0.00000000
0.00008960	0.00000000	1.00390792	1.25401890	1.18398952	1.12914288	1.08016837	3.23494339	0.00000000
0.00009600	0.00000000	0.00000000	1.24129891	1.17207718	1.10767901	1.07952821	0.00000000	0.00000000
0.00010240	0.00000000	2.00781584	1.22625732	1.15692139	1.10462630	1.08621347	1.61747169	0.00000000
0.00011520	0.00000000	1.51143396	1.21030474	1.13943374	1.08274555	1.07433808	0.81253719	3.91795087
0.00012800	0.00000000	1.00762260	1.18959928	1.12359023	1.07065976	1.04282463	0.81253719	0.00000000
0.00014080	0.00000000	2.01524520	1.17546058	1.10945606	1.06762242	1.03917968	0.81253719	0.00000000
0.00015360	0.00000000	1.51143396	1.15894949	1.09603405	1.04255295	1.04237902	0.81253719	0.00000000
0.00016640	0.00000000	1.00762260	1.14394450	1.08068776	1.04495263	1.03089499	0.00000000	0.00000000
0.00017920	0.00000000	0.50381130	1.13216484	1.07302189	1.03713977	1.01089787	0.81253719	0.00000000
0.00019200	0.00000000	0.50381130	1.11980700	1.06478465	1.02897322	1.02913523	1.62507439	3.91795087
0.00020480	0.00000000	0.00000000	1.10863185	1.05546522	1.02680588	1.00209904	0.00000000	0.00000000
0.00023040	0.00000000	0.75571698	1.09132564	1.04614627	1.02808404	1.02380395	0.41205171	0.00000000
0.00025600	0.00000000	1.76333964	1.07588422	1.03834701	1.01385868	1.01277637	0.82410342	0.00000000
0.00028160	0.00000000	0.50381130	1.06298482	1.03321755	1.00712860	1.00107670	0.82410342	1.97932827
0.00030720	0.00000000	0.50381130	1.05180156	1.02428722	1.00130808	0.99700135	0.82410342	0.00000000
0.00033280	0.00000000	2.26715088	1.04065096	1.01750565	1.00092745	0.99620229	0.82410342	0.00000000
0.00035840	0.00000000	0.50381130	1.03408861	1.01468050	0.99850875	1.00942016	1.64820683	1.97932827
0.00038400	0.00000000	0.50381130	1.02734292	1.01224005	1.00394869	1.00339389	1.64820683	1.97932827
0.00040960	0.00000000	0.25190565	1.02068317	1.01009476	0.99621820	0.99724108	2.06025863	0.00000000
0.00046080	0.00000000	1.14200354	1.01364589	1.00420070	0.99925703	0.99441975	1.23615515	1.97932827
0.00051200	0.00000000	0.38066784	1.01121068	1.00088167	0.99793863	0.99826497	0.41205171	0.00000000
0.00056320	0.00000000	0.88822496	1.00783229	0.99921906	1.00071001	1.00374198	1.03012931	0.00000000
0.00061440	0.00000000	1.39578211	1.00633371	0.99915361	0.99862504	0.99678576	0.82410342	1.97932827
0.00066560	0.00000000	1.39578211	1.00438952	0.99950725	0.99534976	0.99986410	1.03012931	0.98966414
0.00071680	0.00000000	0.88822496	1.00392830	0.99713439	0.99959368	1.00492072	1.03012931	0.00000000
0.00076800	0.00000000	0.50755709	1.00374413	0.99771512	0.99485892	1.01367688	1.64820683	0.00000000
0.00081920	0.00000000	0.88822496	1.00179482	0.99881262	0.99737394	0.99485236	0.61807758	0.98966414
0.00092160	0.00000000	1.07059908	1.00117850	0.99784851	0.99321359	1.00178909	0.82022071	1.95897543
0.00102400	0.00000000	1.57441032	1.00338364	0.99794221	0.99806982	0.99970877	0.92274833	0.97948772
0.00112640	0.00000000	1.07059908	1.00399756	0.99322724	0.99926233	1.00606310	0.61516553	2.44871926
0.00122880	0.00000000	1.07059908	0.99989229	0.99512452	0.99818450	1.00184822	1.12780344	1.46923161
0.00133120	0.00000000	1.25952828	1.00131249	0.99758649	0.99605042	0.99643534	0.71769315	1.95897543
0.00143360	0.00000000	0.75571698	0.99874902	1.00118458	0.99656337	0.99237853	0.92492974	0.48974386
0.00153600	0.00000000	1.13357544	1.00004303	1.00010431	0.99362236	0.98578632	1.23323965	0.97948772
0.00163840	0.00000000	0.94464624	1.00062084	1.00050747	0.99279791	0.99642402	1.02769971	0.97948772
0.00184320	0.00000000	1.09802425	0.99929458	0.99984145	1.00252998	1.00320101	1.28160203	0.96946746
0.00204800	0.00000000	1.06665218	0.99826372	1.00228679	0.99558151	0.99638593	0.92275345	0.24236687
0.00225280	0.00000000	1.12939644	0.99608845	1.00612867	0.99737144	1.00189185	0.97401750	0.48473373
0.00245760	0.00000000	1.12939644	0.99748206	0.99893284	1.00387263	1.00599694	1.23033798	0.96946746
0.00266240	0.00000000	0.97253579	0.99722123	1.00129104	1.00089383	1.00265682	0.97401750	1.93893492
0.00286720	0.00000000	1.06665218	1.00100589	0.99943119	0.99898720	1.00463331	0.71769714	2.18130183
0.00307200	0.00000000	0.97253579	1.00583839	1.00012505	0.99934411	1.00711310	1.23033798	0.72710061
0.00327680	0.00000000	1.12939644	1.00357807	1.00534618	1.00222826	0.99977738	1.07654572	0.96946746
0.00368640	0.00000000	0.85333627	1.00781941	1.00498486	1.00134754	1.00401580	0.98560190	0.62827224
0.00409600	0.00000000	0.96395391	1.00250518	1.00039637	0.99894166	0.99485964	1.01153874	1.00523555
0.00450560	0.00000000	0.90074384	0.99572802	0.99944985	0.99972165	1.00312209	0.67435920	1.13089001
0.00491520	0.00000000	1.05876911	0.99988222	1.00706971	1.00414860	0.99849176	1.01153874	0.87958115
0.00532480	0.00000000	0.86753523	0.99743122	0.99536908	0.99890482	1.00183594	1.06341255	0.62827224
0.00573440	0.00000000	0.99372214	0.99514270	0.99759471	1.00068831	0.99969679	0.82998055	1.13089001
0.00614400	0.00000000	1.11784661	1.00063908	0.99837333	1.00401235	0.99644977	1.19309700	1.25003386
0.00655360	0.00000000	1.08635795	1.00007844	1.00246263	1.00171435	0.99954498	0.59654850	0.75002033
0.00737280	0.00000000	0.96039033	1.00111556	1.00046051	0.99769622	0.99835443	0.89270234	0.68393785
0.00819200	0.00000000	1.08634317	0.99891561	1.00121534	1.00038552	0.99700683	0.93151546	0.68393785
0.00901120	0.00000000	0.99371535	0.99987131	0.99890524	1.00096917	1.00065112	0.97032863	1.18134713
0.00983040	0.00000000	0.97005546	0.99935806	0.99782592	1.00192583	0.99946022	0.72451204	1.18753219
0.01064960	0.00000000	1.03314853	1.00204670	1.00055873	1.00025225	0.99815911	0.98326629	1.12503052
0.01146880	0.00000000	1.05876911	1.00383961	0.99577314	0.99920183	1.00021255	0.98560190	1.06252885
0.01228800	0.00000000	0.94025016	0.99935991	0.99923038	0.99950457	0.99922544	0.82998055	0.87502372
0.01310720	0.00000000	1.09037411	0.99829054	0.99938434	1.00172961	0.99958163	0.99857032	1.00002718
0.01474560	0.00000000	1.00907660	0.99913973	1.00024438	0.99970609	0.99919564	1.12095606	1.03125000
0.01638400	0.00000000	1.06866777	0.99889714	0.99923664	1.00065994	1.00348568	0.93632805	0.87500000
0.01802240	0.00000000	1.02099478	0.99968392	0.99690956	0.99859208	1.00088346	1.20667624	0.93264246
0.01966080	0.00000000	0.97729468	1.00138247	1.00102782	1.00034499	1.00164962	1.00226665	1.00000000
0.02129920	0.00000000	0.97512436	1.00616372	1.00512552	0.99947679	1.00199914	1.08139300	1.15625000
0.02293760	0.00000000	1.11840796	0.99914336	1.00216389	1.00138950	0.99971676	1.00226665	0.62827224
0.02457600	0.00000000	0.97294605	1.00497210	1.00207531	0.99850404	0.99745595	1.15005684	0.87958115
0.02621440	0.00000000	1.04472077	0.99821049	1.00008690	1.00204253	1.00090003	0.99142826	0.87958115
0.02949120	0.00000000	0.97928107	1.00101423	0.99967480	1.00228965	1.00275195	0.96463728	0.88428324
0.03276800	0.00000000	0.99104476	1.00297272	1.00054693	0.99894398	0.99777967	1.00729132	1.14285719
0.03604480	0.00000000	1.00285220	1.00041592	1.00063169	0.99997443	0.99851120	0.98666179	1.11692846
0.03932160	0.00000000	0.95101488	0.99827546	0.99833906	0.99883842	0.99666899	0.90772885	0.89354277
0.04259840	0.00000000	0.84109837	1.00144637	1.00066388	0.99985707	1.00027978	0.93182647	1.05798173
0.04587520	0.00000000	1.03116775	1.00103736	0.99936610	0.99999040	1.00033712	0.96890342	1.08394694
0.04915200	0.00000000	1.00919759	1.00128937	0.99915469	1.00004542	1.00109196	1.04746318	0.97398132
0.05242880	0.00000000	0.96557802	0.99936736	0.99869621	1.00113618	1.00105298	1.03601813	1.10964596
0.05898240	0.00000000	0.99036187	0.99740791	0.99892944	1.00024247	0.99921530	0.95090014	0.89853501
0.06553600	0.00000000	0.92338306	1.00029671	0.99997431	0.99835759	1.00067413	1.00343895	0.90947366
0.07208960	0.00000000	1.01602888	0.99792480	0.99907053	1.00081396	0.99898773	1.06295359	0.89853501
0.07864320	0.00000000	0.97648293	1.00177109	0.99956948	0.99987376	0.99954480	1.03353989	0.99743658
0.08519680	0.00000000	0.98889595	0.99987411	1.00157297	1.00073028	1.00274467	1.02454996	0.98172891
0.09175040	0.00000000	0.99004978	0.99954754	0.99914753	0.99972409	1.00115454	0.98131353	0.99473685
0.09830400	0.00000000	1.02198803	1.00062537	1.00086188	0.99988186	0.99923903	0.97381341	0.91889828
0.10485760	0.00000000	1.07562375	0.99975979	1.00132549	0.99939430	1.00056040	1.01560235	1.09386873
0.11796480	0.00000000	1.00077105	1.00085866	1.00063753	0.99992442	0.99912375	0.97360837	0.89474970
0.13107200	0.00000000	1.02165020	1.00043523	0.99971390	1.00008333	0.99858272	1.01604831	1.01401842
0.14417920	0.00000000	0.95891500	0.99996227	1.00024056	0.99907005	0.99879926	0.98915899	0.99796051
0.15728641	0.00000000	0.98154604	0.99889910	0.99964035	0.99941152	0.99965894	0.98545039	1.00944340
0.17039360	0.00000000	1.04069316	0.99898142	1.00050914	0.99992311	0.99924952	0.99719727	0.96297556
0.18350080	0.00000000	1.00146830	1.00016844	0.99991471	0.99987948	1.00160778	1.00295293	1.00065446
0.19660801	0.00000000	1.00860953	1.00140631	1.00078583	0.99999142	0.99949104	1.00192857	0.98684210
0.20971520	0.00000000	0.97756755	1.00168765	1.00040388	0.99943990	1.00006282	0.99064302	0.96534371
0.23592959	0.00000000	0.98481214	1.00077629	0.99957484	1.00025940	0.99985665	0.96815377	0.93536508
0.26214400	0.00000000	0.99301422	0.99884915	0.99987113	1.00099730	1.00015473	0.97421014	0.97316605
0.28835839	0.00000000	1.02924287	0.99926960	1.00015283	1.00003982	1.00078034	0.99684197	1.02416825
0.31457281	0.00000000	1.01907218	0.99963939	0.99951273	0.99953860	1.00004661	0.99706054	0.98729581
0.34078720	0.00000000	1.00637043	0.99983442	1.00061941	1.00027382	1.00048459	1.01953995	1.03430581
0.36700159	0.00000000	0.97952324	0.99947166	1.00044239	1.00004756	0.99992824	0.99132270	0.99147588
0.39321601	0.00000000	1.02128565	0.99905187	1.00010133	0.99978191	1.00022686	0.98482180	0.98379999
0.41943040	0.00000000	0.98153615	0.99911141	0.99896312	0.99949032	0.99910837	1.00361466	0.95716196
0.47185919	0.00000000	0.98484427	0.99961466	1.00048614	1.00041175	0.99962682	1.00969827	1.02508390
0.52428800	0.00000000	1.00575960	0.99907738	0.99976742	1.00016606	0.99970257	1.03703928	1.03908670
0.57671678	0.00000000	1.00727904	1.00015295	1.00050890	0.99985361	1.00024736	0.98999006	0.99939150
0.62914562	0.00000000	1.01881671	1.00008512	0.99970728	0.99953187	0.99996984	1.01161706	0.99373245
0.68157440	0.00000000	0.97711331	1.00081813	0.99958289	0.99964559	1.00031972	0.99961555	0.99823260
0.73400319	0.00000000	0.98684388	0.99949843	1.00017357	1.00021493	0.99963850	0.97822380	0.99884534
0.78643203	0.00000000	1.00385976	1.00060570	0.99933082	1.00012171	0.99973124	0.97676599	1.00042903
0.83886081	0.00000000	1.01445818	1.00140297	1.00113285	0.99999696	1.00005138	1.01084745	0.98529410
0.94371837	0.00000000	1.00902891	1.00047445	1.00031602	1.00009704	1.00037336	1.01207733	0.95145631
1.04857600	0.00000000	0.98127639	1.00006831	0.99975234	0.99995720	1.00052822	1.00403798	1.03813446
1.15343356	0.00000000	0.99056751	0.99943495	0.99927592	1.00006890	0.99971735	0.99774945	1.06990361
1.25829124	0.00000000	0.99929982	0.99903101	0.99937797	1.00017679	0.99994576	0.98747873	0.97391301
1.36314881	0.00000000	1.00458789	0.99928814	0.99994951	0.99997699	1.00002277	0.99858606	0.93939394
1.46800637	0.00000000	1.01724136	0.99972755	0.99999821	1.00016761	0.99985272	1.01577628	0.92682928
1.57286406	0.00000000	0.99000001	1.00004852	1.00069094	0.99998003	1.00010538	1.00533557	1.13104844
1.67772162	0.00000000	1.00578594	0.99996769	0.99931294	0.99998522	1.00006211	0.99760765	1.09782612
1.88743675	0.00000000	0.00000000	0.00000000	0.00000000	0.00000000	0.00000000	0.00000000	0.00000000
2.09715199	0.00000000	0.00000000	0.00000000	0.00000000	0.00000000	0.00000000	0.00000000	0.00000000
2.30686712	0.00000000	0.00000000	0.00000000	0.00000000	0.00000000	0.00000000	0.00000000	0.00000000
2.51658249	0.00000000	0.00000000	0.00000000	0.00000000	0.00000000	0.00000000	0.00000000	0.00000000
2.72629762	0.00000000	0.00000000	0.00000000	0.00000000	0.00000000	0.00000000	0.00000000	0.00000000
2.93601274	0.00000000	0.00000000	0.00000000	0.00000000	0.00000000	0.00000000	0.00000000	0.00000000
3.14572811	0.00000000	0.00000000	0.00000000	0.00000000	0.00000000	0.00000000	0.00000000	0.00000000
3.35544324	0.00000000	0.00000000	0.00000000	0.00000000	0.00000000	0.00000000	0.00000000	0.00000000
3.77487350	0.00000000	0.00000000	0.00000000	0.00000000	0.00000000	0.00000000	0.00000000	0.00000000
4.19430399	0.00000000	0.00000000	0.00000000	0.00000000	0.00000000	0.00000000	0.00000000	0.00000000
4.61373425	0.00000000	0.00000000	0.00000000	0.00000000	0.00000000	0.00000000	0.00000000	0.00000000
5.03316498	0.00000000	0.00000000	0.00000000	0.00000000	0.00000000	0.00000000	0.00000000	0.00000000
5.45259523	0.00000000	0.00000000	0.00000000	0.00000000	0.00000000	0.00000000	0.00000000	0.00000000
5.87202549	0.00000000	0.00000000	0.00000000	0.00000000	0.00000000	0.00000000	0.00000000	0.00000000
6.29145622	0.00000000	0.00000000	0.00000000	0.00000000	0.00000000	0.00000000	0.00000000	0.00000000
6.71088648	0.00000000	0.00000000	0.00000000	0.00000000	0.00000000	0.00000000	0.00000000	0.00000000
7.54974699	0.00000000	0.00000000	0.00000000	0.00000000	0.00000000	0.00000000	0.00000000	0.00000000
8.38860798	0.00000000	0.00000000	0.00000000	0.00000000	0.00000000	0.00000000	0.00000000	0.00000000
9.22746849	0.00000000	0.00000000	0.00000000	0.00000000	0.00000000	0.00000000	0.00000000	0.00000000
10.06632996	0.00000000	0.00000000	0.00000000	0.00000000	0.00000000	0.00000000	0.00000000	0.00000000
10.90519047	0.00000000	0.00000000	0.00000000	0.00000000	0.00000000	0.00000000	0.00000000	0.00000000
11.74405098	0.00000000	0.00000000	0.00000000	0.00000000	0.00000000	0.00000000	0.00000000	0.00000000
12.58291245	0.00000000	0.00000000	0.00000000	0.00000000	0.00000000	0.00000000	0.00000000	0.00000000
13.42177296	0.00000000	0.00000000	0.00000000	0.00000000	0.00000000	0.00000000	0.00000000	0.00000000
15.09949398	0.00000000	0.00000000	0.00000000	0.00000000	0.00000000	0.00000000	0.00000000	0.00000000
16.77721596	0.00000000	0.00000000	0.00000000	0.00000000	0.00000000	0.00000000	0.00000000	0.00000000
18.45493698	0.00000000	0.00000000	0.00000000	0.00000000	0.00000000	0.00000000	0.00000000	0.00000000
20.13265991	0.00000000	0.00000000	0.00000000	0.00000000	0.00000000	0.00000000	0.00000000	0.00000000
21.81038094	0.00000000	0.00000000	0.00000000	0.00000000	0.00000000	0.00000000	0.00000000	0.00000000
23.48810196	0.00000000	0.00000000	0.00000000	0.00000000	0.00000000	0.00000000	0.00000000	0.00000000
25.16582489	0.00000000	0.00000000	0.00000000	0.00000000	0.00000000	0.00000000	0.00000000	0.00000000
26.84354591	0.00000000	0.00000000	0.00000000	0.00000000	0.00000000	0.00000000	0.00000000	0.00000000
30.19898796	0.00000000	0.00000000	0.00000000	0.00000000	0.00000000	0.00000000	0.00000000	0.00000000
33.55443192	0.00000000	0.00000000	0.00000000	0.00000000	0.00000000	0.00000000	0.00000000	0.00000000
36.90987396	0.00000000	0.00000000	0.00000000	0.00000000	0.00000000	0.00000000	0.00000000	0.00000000
40.26531982	0.00000000	0.00000000	0.00000000	0.00000000	0.00000000	0.00000000	0.00000000	0.00000000
43.62076187	0.00000000	0.00000000	0.00000000	0.00000000	0.00000000	0.00000000	0.00000000	0.00000000
46.97620392	0.00000000	0.00000000	0.00000000	0.00000000	0.00000000	0.00000000	0.00000000	0.00000000
50.33164978	0.00000000	0.00000000	0.00000000	0.00000000	0.00000000	0.00000000	0.00000000	0.00000000
53.68709183	0.00000000	0.00000000	0.00000000	0.00000000	0.00000000	0.00000000	0.00000000	0.00000000
60.39797592	0.00000000	0.00000000	0.00000000	0.00000000	0.00000000	0.00000000	0.00000000	0.00000000
67.10886383	0.00000000	0.00000000	0.00000000	0.00000000	0.00000000	0.00000000	0.00000000	0.00000000
73.81974792	0.00000000	0.00000000	0.00000000	0.00000000	0.00000000	0.00000000	0.00000000	0.00000000
80.53063965	0.00000000	0.00000000	0.00000000	0.00000000	0.00000000	0.00000000	0.00000000	0.00000000
87.24152374	0.00000000	0.00000000	0.00000000	0.00000000	0.00000000	0.00000000	0.00000000	0.00000000
93.95240784	0.00000000	0.00000000	0.00000000	0.00000000	0.00000000	0.00000000	0.00000000	0.00000000
100.66329956	0.00000000	0.00000000	0.00000000	0.00000000	0.00000000	0.00000000	0.00000000	0.00000000
107.37418365	0.00000000	0.00000000	0.00000000	0.00000000	0.00000000	0.00000000	0.00000000	0.00000000
120.79595184	0.00000000	0.00000000	0.00000000	0.00000000	0.00000000	0.00000000	0.00000000	0.00000000
134.21772766	0.00000000	0.00000000	0.00000000	0.00000000	0.00000000	0.00000000	0.00000000	0.00000000
147.63949585	0.00000000	0.00000000	0.00000000	0.00000000	0.00000000	0.00000000	0.00000000	0.00000000
161.06127930	0.00000000	0.00000000	0.00000000	0.00000000	0.00000000	0.00000000	0.00000000	0.00000000
174.48304749	0.00000000	0.00000000	0.00000000	0.00000000	0.00000000	0.00000000	0.00000000	0.00000000
187.90481567	0.00000000	0.00000000	0.00000000	0.00000000	0.00000000	0.00000000	0.00000000	0.00000000
201.32659912	0.00000000	0.00000000	0.00000000	0.00000000	0.00000000	0.00000000	0.00000000	0.00000000
214.74836731	0.00000000	0.00000000	0.00000000	0.00000000	0.00000000	0.00000000	0.00000000	0.00000000
241.59190369	0.00000000	0.00000000	0.00000000	0.00000000	0.00000000	0.00000000	0.00000000	0.00000000
268.43545532	0.00000000	0.00000000	0.00000000	0.00000000	0.00000000	0.00000000	0.00000000	0.00000000
295.27899170	0.00000000	0.00000000	0.00000000	0.00000000	0.00000000	0.00000000	0.00000000	0.00000000
322.12255859	0.00000000	0.00000000	0.00000000	0.00000000	0.00000000	0.00000000	0.00000000	0.00000000
348.96609497	0.00000000	0.00000000	0.00000000	0.00000000	0.00000000	0.00000000	0.00000000	0.00000000
375.80963135	0.00000000	0.00000000	0.00000000	0.00000000	0.00000000	0.00000000	0.00000000	0.00000000
402.65319824	0.00000000	0.00000000	0.00000000	0.00000000	0.00000000	0.00000000	0.00000000	0.00000000
429.49673462	0.00000000	0.00000000	0.00000000	0.00000000	0.00000000	0.00000000	0.00000000	0.00000000
483.18380737	0.00000000	0.00000000	0.00000000	0.00000000	0.00000000	0.00000000	0.00000000	0.00000000
536.87091064	0.00000000	0.00000000	0.00000000	0.00000000	0.00000000	0.00000000	0.00000000	0.00000000
590.55798340	0.00000000	0.00000000	0.00000000	0.00000000	0.00000000	0.00000000	0.00000000	0.00000000
644.24511719	0.00000000	0.00000000	0.00000000	0.00000000	0.00000000	0.00000000	0.00000000	0.00000000
697.93218994	0.00000000	0.00000000	0.00000000	0.00000000	0.00000000	0.00000000	0.00000000	0.00000000
751.61926270	0.00000000	0.00000000	0.00000000	0.00000000	0.00000000	0.00000000	0.00000000	0.00000000
805.30639648	0.00000000	0.00000000	0.00000000	0.00000000	0.00000000	0.00000000	0.00000000	0.00000000
858.99346924	0.00000000	0.00000000	0.00000000	0.00000000	0.00000000	0.00000000	0.00000000	0.00000000
966.36761475	0.00000000	0.00000000	0.00000000	0.00000000	0.00000000	0.00000000	0.00000000	0.00000000
1073.74182129	0.00000000	0.00000000	0.00000000	0.00000000	0.00000000	0.00000000	0.00000000	0.00000000
1181.11596680	0.00000000	0.00000000	0.00000000	0.00000000	0.00000000	0.00000000	0.00000000	0.00000000
1288.49023437	0.00000000	0.00000000	0.00000000	0.00000000	0.00000000	0.00000000	0.00000000	0.00000000
1395.86437988	0.00000000	0.00000000	0.00000000	0.00000000	0.00000000	0.00000000	0.00000000	0.00000000
1503.23852539	0.00000000	0.00000000	0.00000000	0.00000000	0.00000000	0.00000000	0.00000000	0.00000000
1610.61279297	0.00000000	0.00000000	0.00000000	0.00000000	0.00000000	0.00000000	0.00000000	0.00000000
1717.98693848	0.00000000	0.00000000	0.00000000	0.00000000	0.00000000	0.00000000	0.00000000	0.00000000
1932.73522949	0.00000000	0.00000000	0.00000000	0.00000000	0.00000000	0.00000000	0.00000000	0.00000000
2147.48364258	0.00000000	0.00000000	0.00000000	0.00000000	0.00000000	0.00000000	0.00000000	0.00000000
2362.23193359	0.00000000	0.00000000	0.00000000	0.00000000	0.00000000	0.00000000	0.00000000	0.00000000
2576.98046875	0.00000000	0.00000000	0.00000000	0.00000000	0.00000000	0.00000000	0.00000000	0.00000000
2791.72875977	0.00000000	0.00000000	0.00000000	0.00000000	0.00000000	0.00000000	0.00000000	0.00000000
3006.47705078	0.00000000	0.00000000	0.00000000	0.00000000	0.00000000	0.00000000	0.00000000	0.00000000
3221.22558594	0.00000000	0.00000000	0.00000000	0.00000000	0.00000000	0.00000000	0.00000000	0.00000000
3435.97387695	0.00000000	0.00000000	0.00000000	0.00000000	0.00000000	0.00000000	0.00000000	0.00000000
0	0	0	0	0	0	0	0	0
