%4/4/2019 12:43:31 PM
%Duration	ID1		ID2		ID3		ID4		ID5		ID6		ID7		ID8
1000.000000	0.000000	0.543594	395.183563	235.328674	92.515945	31.957626	0.438690	0.257492
%Tau		Tau1		Tau2		Tau3		Tau4		Tau5		Tau6		Tau7		Tau8
%		0.000000	0.000001	0.000141	0.000090	0.000058	0.000035	0.000001	0.000001
%Delaytime	D1		D2		D3		D4		D5		D6		D7		D8
0.00000020	0.00000000	273.50854492	1.53270805	1.50278902	1.67673886	3.84818006	319.46954346	0.00000000
0.00000040	0.00000000	45.58475494	1.47258532	1.46338928	1.49201334	1.71030223	106.48985291	0.00000000
0.00000060	0.00000000	0.00000000	1.48302913	1.48558915	1.42570162	1.57472944	0.00000000	0.00000000
0.00000080	0.00000000	0.00000000	1.46150637	1.48738909	1.49201334	1.41829944	0.00000000	0.00000000
0.00000100	0.00000000	0.00000000	1.46200025	1.45838928	1.51214373	1.71030223	0.00000000	0.00000000
0.00000120	0.00000000	0.00000000	1.45155644	1.48458910	1.49082923	1.37658465	0.00000000	0.00000000
0.00000140	0.00000000	0.00000000	1.46616375	1.47538912	1.45175266	1.29315531	0.00000000	0.00000000
0.00000160	0.00000000	0.00000000	1.47089171	1.48838913	1.50030231	1.69987357	0.00000000	0.00000000
0.00000180	0.00000000	0.00000000	1.46870410	1.52518880	1.52753747	1.39744210	0.00000000	0.00000000
0.00000200	0.00000000	0.00000000	1.47329092	1.49338901	1.43872714	1.41829944	0.00000000	0.00000000
0.00000220	0.00000000	0.00000000	1.46581089	1.46018934	1.44701612	1.59558678	0.00000000	0.00000000
0.00000240	0.00000000	0.00000000	1.45367336	1.48458910	1.54056299	1.36615598	0.00000000	0.00000000
0.00000260	0.00000000	0.00000000	1.45437908	1.50338900	1.37833619	1.34529865	0.00000000	0.00000000
0.00000280	0.00000000	0.00000000	1.46073008	1.45978928	1.45885754	1.64773023	0.00000000	0.00000000
0.00000300	0.00000000	0.00000000	1.45600212	1.48578906	1.52398503	1.46001410	0.00000000	0.00000000
0.00000320	0.00000000	0.00000000	1.45861304	1.47138917	1.51214373	1.49130011	0.00000000	0.00000000
0.00000360	0.00000000	0.00000000	1.45123887	1.44848943	1.48786891	1.44437110	0.00000000	0.00000000
0.00000400	0.00000000	0.00000000	1.44015992	1.45388937	1.40734756	1.50694311	0.00000000	0.00000000
0.00000440	0.00000000	0.00000000	1.45293248	1.44548941	1.43103027	1.53822911	0.00000000	0.00000000
0.00000480	0.00000000	0.00000000	1.45032156	1.46068931	1.44168746	1.38179898	0.00000000	0.00000000
0.00000520	0.00000000	0.00000000	1.45409679	1.46238923	1.50681508	1.53822911	0.00000000	0.00000000
0.00000560	0.00000000	0.00000000	1.45127416	1.46758926	1.47365928	1.39744210	0.00000000	0.00000000
0.00000600	0.00000000	0.00000000	1.44248855	1.43918943	1.45116055	1.38701344	0.00000000	0.00000000
0.00000640	0.00000000	0.00000000	1.45109773	1.44968939	1.45885754	1.35051298	0.00000000	0.00000000
0.00000720	0.00000000	0.00000000	1.44127131	1.45163929	1.43813515	1.44697821	0.00000000	0.00000000
0.00000800	0.00000000	0.00000000	1.43447924	1.44663942	1.46685040	1.40526354	0.00000000	0.00000000
0.00000880	0.00000000	11.39618874	1.42569375	1.44463944	1.41326821	1.41308510	0.00000000	0.00000000
0.00000960	0.00000000	0.00000000	1.43306792	1.42668951	1.42629373	1.44437110	0.00000000	0.00000000
0.00001040	0.00000000	0.00000000	1.43476152	1.43053949	1.44731212	1.33747721	0.00000000	0.00000000
0.00001120	0.00000000	0.00000000	1.42444122	1.42883956	1.40349901	1.45219254	0.00000000	0.00000000
0.00001200	0.00000000	0.00000000	1.42269468	1.43688941	1.41386032	1.39222777	0.00000000	0.00000000
0.00001280	0.00000000	0.00000000	1.42733443	1.41358960	1.43487871	1.36615598	0.00000000	0.00000000
0.00001440	0.00000000	0.00000000	1.42179489	1.40698969	1.39802241	1.37919188	0.00000000	0.00000000
0.00001600	0.00000000	0.00000000	1.41663468	1.40523970	1.37981629	1.38570976	0.00000000	0.00000000
0.00001760	0.00000000	0.00000000	1.41131580	1.40016472	1.37226748	1.37528110	0.00000000	0.00000000
0.00001920	0.00000000	0.00000000	1.39967227	1.38543987	1.35169303	1.32835209	0.00000000	0.00000000
0.00002080	0.00000000	5.69809437	1.39579988	1.37606490	1.35287714	1.34138799	0.00000000	0.00000000
0.00002240	0.00000000	0.00000000	1.38953710	1.37436497	1.36027801	1.28272665	0.00000000	0.00000000
0.00002400	0.00000000	0.00000000	1.38682032	1.36421502	1.33378291	1.32444131	0.00000000	0.00000000
0.00002560	0.00000000	0.00000000	1.39205992	1.36861491	1.32801032	1.25795853	0.00000000	0.00000000
0.00002880	0.00000000	0.00000000	1.37768018	1.35003829	1.31799638	1.28124368	3.31205487	0.00000000
0.00003200	0.00000000	2.87425995	1.36667132	1.33464766	1.28984892	1.29824853	0.00000000	0.00000000
0.00003520	0.00000000	0.00000000	1.35689104	1.31698346	1.28176904	1.25373268	0.00000000	0.00000000
0.00003840	0.00000000	2.87425995	1.34551394	1.31642735	1.25569284	1.26681292	0.00000000	0.00000000
0.00004160	0.00000000	0.00000000	1.34077621	1.30076134	1.25569284	1.22037840	3.31205487	0.00000000
0.00004480	0.00000000	0.00000000	1.33690917	1.29398978	1.23365676	1.17398286	0.00000000	0.00000000
0.00004800	0.00000000	5.74851990	1.32724738	1.29184103	1.23109961	1.20930052	3.31205487	0.00000000
0.00005120	0.00000000	2.87425995	1.32155871	1.27323949	1.20605159	1.15828621	0.00000000	0.00000000
0.00005760	0.00000000	2.86161184	1.30729008	1.25477624	1.19301152	1.16989446	1.69597852	0.00000000
0.00006400	0.00000000	0.00000000	1.29352427	1.23620391	1.17087376	1.14179087	1.69597852	0.00000000
0.00007040	0.00000000	1.43080592	1.27806604	1.22092342	1.14021587	1.15486228	6.78391409	0.00000000
0.00007680	0.00000000	0.00000000	1.26553190	1.20396650	1.14640641	1.11760867	1.69597852	0.00000000
0.00008320	0.00000000	1.43080592	1.25403416	1.19297528	1.12583768	1.12810338	0.00000000	0.00000000
0.00008960	0.00000000	1.43080592	1.24390924	1.18405926	1.11921859	1.07418191	0.00000000	0.00000000
0.00009600	0.00000000	0.00000000	1.23515844	1.16949034	1.11193752	1.07810342	0.00000000	0.00000000
0.00010240	0.00000000	1.43080592	1.22156096	1.15782583	1.11144710	1.05097938	3.39195704	0.00000000
0.00011520	0.00000000	0.71069986	1.20356941	1.13652813	1.07358968	1.05338573	0.00000000	0.00000000
0.00012800	0.00000000	0.00000000	1.18646240	1.11860430	1.07076037	1.02980614	1.67982638	11.52000046
0.00014080	0.00000000	0.00000000	1.17530334	1.10236180	1.06019080	1.03389978	0.83991319	0.00000000
0.00015360	0.00000000	2.13209939	1.15840745	1.08739424	1.04907560	1.03140926	0.00000000	0.00000000
0.00016640	0.00000000	0.71069986	1.14556456	1.07451510	1.03686738	1.02404082	2.51973963	0.00000000
0.00017920	0.00000000	0.71069986	1.13516140	1.06655967	1.02622437	1.01781869	0.00000000	0.00000000
0.00019200	0.00000000	0.71069986	1.12393010	1.05619156	1.02812099	1.01454377	1.67982638	0.00000000
0.00020480	0.00000000	0.00000000	1.11363351	1.04984868	1.02355444	1.02223969	1.67982638	0.00000000
0.00023040	0.00000000	0.35770148	1.10116887	1.04096878	1.01828098	1.00901735	0.84393674	0.00000000
0.00025600	0.00000000	1.07310450	1.08466864	1.03274095	1.01486373	1.00051069	2.53181028	0.00000000
0.00028160	0.00000000	0.71540296	1.07151067	1.02568269	1.01392698	0.99843264	1.26590514	0.00000000
0.00030720	0.00000000	1.07310450	1.06018245	1.02237427	1.00672853	0.99287075	0.42196837	0.00000000
0.00033280	0.00000000	0.71540296	1.05150390	1.01819146	1.00985324	1.00113177	0.00000000	0.00000000
0.00035840	0.00000000	0.71540296	1.04538369	1.01451194	1.00763476	1.01389122	0.84393674	2.80932784
0.00038400	0.00000000	1.07310450	1.03952277	1.01055908	1.00436687	1.00335503	1.68787348	0.00000000
0.00040960	0.00000000	0.35770148	1.03710842	1.00876367	1.00627232	1.01015782	0.84393674	2.80932784
0.00046080	0.00000000	1.21159530	1.02620184	1.00491035	0.99643797	1.01584828	1.88530517	0.00000000
0.00051200	0.00000000	0.34617010	1.01919186	1.00500906	0.99464297	1.00553429	1.04739177	1.42216730
0.00056320	0.00000000	2.07702065	1.01479065	1.00874591	0.99778527	1.00906146	1.25687015	1.42216730
0.00061440	0.00000000	1.03851032	1.00912559	1.00951576	0.99438602	1.00419104	1.25687015	0.00000000
0.00066560	0.00000000	0.86542523	1.00622284	1.00396085	0.99336243	0.99567044	0.41995898	0.00000000
0.00071680	0.00000000	1.38468039	1.00311744	1.00227129	0.99396265	0.99624348	0.83991796	0.00000000
0.00076800	0.00000000	1.21159530	1.00065994	1.00269723	0.99759847	0.99672687	1.46985650	1.42216730
0.00081920	0.00000000	0.34617010	0.99709570	1.00177991	1.00219882	1.00106549	0.41995898	0.00000000
0.00092160	0.00000000	0.77719682	1.00133502	1.00136530	0.99649256	0.99649704	0.83591837	0.71108365
0.00102400	0.00000000	1.46803844	1.00179541	1.00074542	0.99773866	1.00053334	1.14938772	0.71108365
0.00112640	0.00000000	1.12261760	1.00203431	1.00152910	1.00130951	1.01027882	1.25387752	1.42216730
0.00122880	0.00000000	1.29532802	1.00176847	1.00180352	0.99862123	1.00567424	1.88081634	0.71108365
0.00133120	0.00000000	1.20897281	1.00131607	1.00660801	0.99617767	1.00369751	0.94040817	1.42216730
0.00143360	0.00000000	0.77719682	1.00452089	1.00244927	1.00119197	1.01789320	0.73142856	0.00000000
0.00153600	0.00000000	1.46803844	1.00428271	0.99742627	1.00021470	0.99522871	1.14938772	0.71108365
0.00163840	0.00000000	1.55439365	1.00353575	0.99513650	1.00077987	1.00455821	1.04489791	1.42216730
0.00184320	0.00000000	1.21686316	0.99967575	0.99614871	1.00456214	0.99893528	0.77995497	0.36000001
0.00204800	0.00000000	1.04302561	0.99779546	0.99750942	1.00009668	1.00414968	0.88394898	1.08000004
0.00225280	0.00000000	0.69535035	1.00069416	1.00364423	1.00321877	0.99739605	0.98794299	1.08000004
0.00245760	0.00000000	0.86918795	1.00195527	1.00566518	0.99951673	0.99408180	1.09193695	0.36000001
0.00266240	0.00000000	1.12994432	1.00006425	1.00312328	1.00322819	0.99977803	1.35192192	0.36000001
0.00286720	0.00000000	0.95610678	1.00078309	1.00535500	1.00125587	1.00431705	0.93594599	2.16000009
0.00307200	0.00000000	1.12994432	1.00588322	1.00382614	1.00341892	1.00088930	0.83195198	1.08000004
0.00327680	0.00000000	1.21686316	1.00545800	1.00669909	1.00095224	0.99803364	0.98794299	0.36000001
0.00368640	0.00000000	0.97783649	0.99162948	0.99963337	0.99785239	1.00093508	1.01153874	0.90003514
0.00409600	0.00000000	0.86918795	0.99438989	0.99881428	1.00335145	1.00123179	0.90779120	0.54002112
0.00450560	0.00000000	1.21686316	0.99343222	0.99902511	0.99781936	1.00330043	0.93595123	0.54002112
0.00491520	0.00000000	1.15167403	0.99785000	0.99748665	0.99848932	0.99760193	1.11794174	0.90003514
0.00532480	0.00000000	0.74041939	0.99981701	0.99711317	0.99586803	0.99523872	0.96194988	0.72002810
0.00573440	0.00000000	0.87108165	0.99845082	0.99809486	1.00098395	1.00414515	1.03994584	0.72002810
0.00614400	0.00000000	0.93641275	0.99954253	0.99639016	1.00150990	1.00172722	0.70029604	1.07329190
0.00655360	0.00000000	0.87108165	0.99800801	1.00031161	1.00534153	1.00448573	1.16716015	0.89440995
0.00737280	0.00000000	0.99956614	1.00094640	1.00179100	1.00243461	0.99958509	1.03257036	0.99622643
0.00819200	0.00000000	1.01043105	1.00173676	0.99792075	1.00040019	1.00083005	0.94445318	1.35849059
0.00901120	0.00000000	1.01043105	1.00039673	0.99782902	1.00285101	1.00063825	1.03501713	1.44905663
0.00983040	0.00000000	1.04302561	1.00010872	1.00048602	1.00451982	1.00410390	0.82801372	1.35849059
0.01064960	0.00000000	0.94319147	0.99986732	0.99818683	0.99858564	1.00107574	1.09970582	1.08679247
0.01146880	0.00000000	1.08412814	0.99869573	0.99883461	1.00169790	0.99636495	1.12558115	1.26792455
0.01228800	0.00000000	1.09496939	0.99924999	0.99791431	1.00176263	1.00150526	1.03501713	0.90566039
0.01310720	0.00000000	0.96487409	0.99587351	1.00095713	0.99918175	1.00055718	0.97032863	0.90003514
0.01474560	0.00000000	0.92894465	1.00174618	0.99885887	1.00148773	1.00190163	1.04395986	1.22264147
0.01638400	0.00000000	1.07018769	1.00197089	1.00218880	0.99979532	0.99776763	0.86036289	0.86037737
0.01802240	0.00000000	0.99956614	1.00048208	0.99941224	0.99956524	1.00341237	0.87976956	0.99000001
0.01966080	0.00000000	0.93096411	1.00098085	1.00294554	1.00151086	0.99736077	0.96386516	0.81000000
0.02129920	0.00000000	0.89285445	1.00150311	0.99997491	1.00100756	0.99836856	0.97263342	0.85500002
0.02293760	0.00000000	1.01043105	1.00002241	0.99982309	0.99844867	0.99884260	1.05692828	1.35000002
0.02457600	0.00000000	0.95067436	0.99505484	1.00554824	1.00053167	1.00058770	0.97911763	0.99000001
0.02621440	0.00000000	1.07562006	0.99590278	0.99992406	0.99889565	1.00056005	0.68084341	1.21500003
0.02949120	0.00000000	0.91863847	0.99976224	1.00067163	1.00152040	0.99967295	1.01071441	0.93333334
0.03276800	0.00000000	0.93159544	1.00120020	0.99991125	0.99920678	1.00208533	0.94144261	0.93333334
0.03604480	0.00000000	1.03346825	0.99719799	1.00002468	0.99936557	0.99983960	1.00659430	0.80000001
0.03932160	0.00000000	1.04393494	1.00223732	0.99980515	0.99844050	1.00000465	1.04163861	1.02222228
0.04259840	0.00000000	0.88968980	1.00260174	1.00036085	0.99830937	0.99946785	1.03184259	0.95555556
0.04587520	0.00000000	1.01379502	0.99731308	1.00221694	0.99907696	1.00215614	0.97727609	1.08888888
0.04915200	0.00000000	0.92337549	1.00169575	1.00086272	0.99898434	1.00009370	1.03510785	0.77777779
0.05242880	0.00000000	1.05215490	1.00086963	1.00109756	0.99885619	1.00328660	0.98612803	1.08888888
0.05898240	0.00000000	0.98287451	0.99769467	1.00022793	1.00049007	0.99879313	0.92448348	0.97682929
0.06553600	0.00000000	1.00064552	1.00061405	0.99929971	1.00058877	1.00032949	1.03580868	0.97682929
0.07208960	0.00000000	0.93572927	0.99942189	1.00090504	1.00150788	1.00009465	0.97196764	0.95985454
0.07864320	0.00000000	1.02711976	0.99869937	0.99953246	1.00166154	1.00042963	1.02852547	1.03620660
0.08519680	0.00000000	1.04212415	0.99926978	0.99907273	1.00088573	0.99984580	1.04636121	1.22163308
0.09175040	0.00000000	1.06310475	0.99936694	1.00030756	1.00035834	1.00037158	0.98239297	0.99728996
0.09830400	0.00000000	1.02772057	1.00144255	0.99954331	0.99912208	1.00154269	1.03186786	1.15989161
0.10485760	0.00000000	1.02998924	0.99910223	0.99961770	0.99931717	1.00006986	0.90728927	1.06892896
0.11796480	0.00000000	0.99545914	1.00008857	1.00050557	0.99928367	0.99921137	1.03515100	1.05145097
0.13107200	0.00000000	0.93792063	0.99955201	0.99988699	0.99857956	0.99828458	1.00252426	0.99102479
0.14417920	0.00000000	1.01967478	0.99986809	0.99994045	1.00038290	0.99994892	1.01490712	0.94228393
0.15728641	0.00000000	0.97820187	1.00087762	1.00044751	0.99914134	0.99961847	1.00740647	0.95375788
0.17039360	0.00000000	0.98407525	1.00078273	0.99971461	0.99918222	0.99989516	0.95878887	0.97096777
0.18350080	0.00000000	0.98947805	0.99948657	1.00080132	0.99914622	0.99948078	0.96956789	0.97842473
0.19660801	0.00000000	1.01822913	1.00005770	0.99978089	1.00028741	0.99965942	0.98438406	0.94329113
0.20971520	0.00000000	0.97509950	0.99807924	0.99943459	1.00046694	0.99933600	0.98715538	1.05330896
0.23592959	0.00000000	1.00640094	1.00020373	1.00024438	0.99990493	0.99954641	1.02109373	0.99059141
0.26214400	0.00000000	0.97367865	0.99980068	0.99960786	0.99992698	0.99944788	0.95813954	1.00452495
0.28835839	0.00000000	0.98699641	0.99963582	1.00073469	1.00087965	1.00071108	1.02002096	0.97042251
0.31457281	0.00000000	1.00487721	0.99994355	0.99953711	1.00018656	0.99958140	0.97812188	1.02820301
0.34078720	0.00000000	1.04393220	1.00017416	1.00021648	0.99952060	1.00037599	0.94082642	0.98160917
0.36700159	0.00000000	0.98640752	1.00041330	0.99941695	0.99969184	1.00008583	0.99346507	0.94762647
0.39321601	0.00000000	0.99667478	1.00004327	0.99990147	0.99989188	1.00054789	1.06922436	0.89089632
0.41943040	0.00000000	1.03217387	1.00009835	0.99991864	0.99952739	1.00069141	0.99849820	0.98377115
0.47185919	0.00000000	1.00684929	0.99974197	1.00015211	1.00001144	0.99990445	1.02468860	0.99389315
0.52428800	0.00000000	1.01771724	0.99929488	0.99928796	0.99966967	0.99916375	0.98746663	0.98689657
0.57671678	0.00000000	0.99444443	0.99917990	0.99997604	0.99985224	0.99978828	1.00337660	1.07552552
0.62914562	0.00000000	0.97063255	1.00002992	1.00005531	0.99921995	1.00013936	1.01337135	1.07821643
0.68157440	0.00000000	0.99282265	1.00066316	0.99915224	1.00051677	1.00028563	0.98581558	1.02524269
0.73400319	0.00000000	1.00539744	1.00041389	1.00093985	1.00038421	1.00036025	1.00914252	1.05372298
0.78643203	0.00000000	0.99943292	1.00023913	0.99966985	1.00037837	1.00009060	0.98895240	0.99351770
0.83886081	0.00000000	1.01620555	0.99967980	1.00027120	0.99969035	1.00030100	0.95850623	0.99747473
0.94371837	0.00000000	0.99970782	0.99987483	1.00050938	1.00052416	1.00005245	1.01169264	0.96882677
1.04857600	0.00000000	0.97174698	1.00018442	1.00015438	0.99981755	0.99969214	1.01064777	0.98136646
1.15343356	0.00000000	1.00149977	0.99989885	0.99875122	0.99968857	0.99982250	0.99548191	0.97648400
1.25829124	0.00000000	1.01527214	0.99968803	1.00002670	1.00003946	1.00056112	0.99416500	1.01883245
1.36314881	0.00000000	1.01098108	0.99976945	0.99966466	1.00015199	1.00020385	0.99971020	1.07615137
1.46800637	0.00000000	0.98738402	0.99979889	1.00007355	0.99982369	0.99978030	1.00869560	0.95873016
1.57286406	0.00000000	0.99800199	1.00019181	0.99910402	0.99966764	0.99935693	1.00000000	1.06439400
1.67772162	0.00000000	1.01176476	1.00000167	1.00072372	1.00055766	1.00015175	1.00000000	0.90476191
1.88743675	0.00000000	0.00000000	0.00000000	0.00000000	0.00000000	0.00000000	0.00000000	0.00000000
2.09715199	0.00000000	0.00000000	0.00000000	0.00000000	0.00000000	0.00000000	0.00000000	0.00000000
2.30686712	0.00000000	0.00000000	0.00000000	0.00000000	0.00000000	0.00000000	0.00000000	0.00000000
2.51658249	0.00000000	0.00000000	0.00000000	0.00000000	0.00000000	0.00000000	0.00000000	0.00000000
2.72629762	0.00000000	0.00000000	0.00000000	0.00000000	0.00000000	0.00000000	0.00000000	0.00000000
2.93601274	0.00000000	0.00000000	0.00000000	0.00000000	0.00000000	0.00000000	0.00000000	0.00000000
3.14572811	0.00000000	0.00000000	0.00000000	0.00000000	0.00000000	0.00000000	0.00000000	0.00000000
3.35544324	0.00000000	0.00000000	0.00000000	0.00000000	0.00000000	0.00000000	0.00000000	0.00000000
3.77487350	0.00000000	0.00000000	0.00000000	0.00000000	0.00000000	0.00000000	0.00000000	0.00000000
4.19430399	0.00000000	0.00000000	0.00000000	0.00000000	0.00000000	0.00000000	0.00000000	0.00000000
4.61373425	0.00000000	0.00000000	0.00000000	0.00000000	0.00000000	0.00000000	0.00000000	0.00000000
5.03316498	0.00000000	0.00000000	0.00000000	0.00000000	0.00000000	0.00000000	0.00000000	0.00000000
5.45259523	0.00000000	0.00000000	0.00000000	0.00000000	0.00000000	0.00000000	0.00000000	0.00000000
5.87202549	0.00000000	0.00000000	0.00000000	0.00000000	0.00000000	0.00000000	0.00000000	0.00000000
6.29145622	0.00000000	0.00000000	0.00000000	0.00000000	0.00000000	0.00000000	0.00000000	0.00000000
6.71088648	0.00000000	0.00000000	0.00000000	0.00000000	0.00000000	0.00000000	0.00000000	0.00000000
7.54974699	0.00000000	0.00000000	0.00000000	0.00000000	0.00000000	0.00000000	0.00000000	0.00000000
8.38860798	0.00000000	0.00000000	0.00000000	0.00000000	0.00000000	0.00000000	0.00000000	0.00000000
9.22746849	0.00000000	0.00000000	0.00000000	0.00000000	0.00000000	0.00000000	0.00000000	0.00000000
10.06632996	0.00000000	0.00000000	0.00000000	0.00000000	0.00000000	0.00000000	0.00000000	0.00000000
10.90519047	0.00000000	0.00000000	0.00000000	0.00000000	0.00000000	0.00000000	0.00000000	0.00000000
11.74405098	0.00000000	0.00000000	0.00000000	0.00000000	0.00000000	0.00000000	0.00000000	0.00000000
12.58291245	0.00000000	0.00000000	0.00000000	0.00000000	0.00000000	0.00000000	0.00000000	0.00000000
13.42177296	0.00000000	0.00000000	0.00000000	0.00000000	0.00000000	0.00000000	0.00000000	0.00000000
15.09949398	0.00000000	0.00000000	0.00000000	0.00000000	0.00000000	0.00000000	0.00000000	0.00000000
16.77721596	0.00000000	0.00000000	0.00000000	0.00000000	0.00000000	0.00000000	0.00000000	0.00000000
18.45493698	0.00000000	0.00000000	0.00000000	0.00000000	0.00000000	0.00000000	0.00000000	0.00000000
20.13265991	0.00000000	0.00000000	0.00000000	0.00000000	0.00000000	0.00000000	0.00000000	0.00000000
21.81038094	0.00000000	0.00000000	0.00000000	0.00000000	0.00000000	0.00000000	0.00000000	0.00000000
23.48810196	0.00000000	0.00000000	0.00000000	0.00000000	0.00000000	0.00000000	0.00000000	0.00000000
25.16582489	0.00000000	0.00000000	0.00000000	0.00000000	0.00000000	0.00000000	0.00000000	0.00000000
26.84354591	0.00000000	0.00000000	0.00000000	0.00000000	0.00000000	0.00000000	0.00000000	0.00000000
30.19898796	0.00000000	0.00000000	0.00000000	0.00000000	0.00000000	0.00000000	0.00000000	0.00000000
33.55443192	0.00000000	0.00000000	0.00000000	0.00000000	0.00000000	0.00000000	0.00000000	0.00000000
36.90987396	0.00000000	0.00000000	0.00000000	0.00000000	0.00000000	0.00000000	0.00000000	0.00000000
40.26531982	0.00000000	0.00000000	0.00000000	0.00000000	0.00000000	0.00000000	0.00000000	0.00000000
43.62076187	0.00000000	0.00000000	0.00000000	0.00000000	0.00000000	0.00000000	0.00000000	0.00000000
46.97620392	0.00000000	0.00000000	0.00000000	0.00000000	0.00000000	0.00000000	0.00000000	0.00000000
50.33164978	0.00000000	0.00000000	0.00000000	0.00000000	0.00000000	0.00000000	0.00000000	0.00000000
53.68709183	0.00000000	0.00000000	0.00000000	0.00000000	0.00000000	0.00000000	0.00000000	0.00000000
60.39797592	0.00000000	0.00000000	0.00000000	0.00000000	0.00000000	0.00000000	0.00000000	0.00000000
67.10886383	0.00000000	0.00000000	0.00000000	0.00000000	0.00000000	0.00000000	0.00000000	0.00000000
73.81974792	0.00000000	0.00000000	0.00000000	0.00000000	0.00000000	0.00000000	0.00000000	0.00000000
80.53063965	0.00000000	0.00000000	0.00000000	0.00000000	0.00000000	0.00000000	0.00000000	0.00000000
87.24152374	0.00000000	0.00000000	0.00000000	0.00000000	0.00000000	0.00000000	0.00000000	0.00000000
93.95240784	0.00000000	0.00000000	0.00000000	0.00000000	0.00000000	0.00000000	0.00000000	0.00000000
100.66329956	0.00000000	0.00000000	0.00000000	0.00000000	0.00000000	0.00000000	0.00000000	0.00000000
107.37418365	0.00000000	0.00000000	0.00000000	0.00000000	0.00000000	0.00000000	0.00000000	0.00000000
120.79595184	0.00000000	0.00000000	0.00000000	0.00000000	0.00000000	0.00000000	0.00000000	0.00000000
134.21772766	0.00000000	0.00000000	0.00000000	0.00000000	0.00000000	0.00000000	0.00000000	0.00000000
147.63949585	0.00000000	0.00000000	0.00000000	0.00000000	0.00000000	0.00000000	0.00000000	0.00000000
161.06127930	0.00000000	0.00000000	0.00000000	0.00000000	0.00000000	0.00000000	0.00000000	0.00000000
174.48304749	0.00000000	0.00000000	0.00000000	0.00000000	0.00000000	0.00000000	0.00000000	0.00000000
187.90481567	0.00000000	0.00000000	0.00000000	0.00000000	0.00000000	0.00000000	0.00000000	0.00000000
201.32659912	0.00000000	0.00000000	0.00000000	0.00000000	0.00000000	0.00000000	0.00000000	0.00000000
214.74836731	0.00000000	0.00000000	0.00000000	0.00000000	0.00000000	0.00000000	0.00000000	0.00000000
241.59190369	0.00000000	0.00000000	0.00000000	0.00000000	0.00000000	0.00000000	0.00000000	0.00000000
268.43545532	0.00000000	0.00000000	0.00000000	0.00000000	0.00000000	0.00000000	0.00000000	0.00000000
295.27899170	0.00000000	0.00000000	0.00000000	0.00000000	0.00000000	0.00000000	0.00000000	0.00000000
322.12255859	0.00000000	0.00000000	0.00000000	0.00000000	0.00000000	0.00000000	0.00000000	0.00000000
348.96609497	0.00000000	0.00000000	0.00000000	0.00000000	0.00000000	0.00000000	0.00000000	0.00000000
375.80963135	0.00000000	0.00000000	0.00000000	0.00000000	0.00000000	0.00000000	0.00000000	0.00000000
402.65319824	0.00000000	0.00000000	0.00000000	0.00000000	0.00000000	0.00000000	0.00000000	0.00000000
429.49673462	0.00000000	0.00000000	0.00000000	0.00000000	0.00000000	0.00000000	0.00000000	0.00000000
483.18380737	0.00000000	0.00000000	0.00000000	0.00000000	0.00000000	0.00000000	0.00000000	0.00000000
536.87091064	0.00000000	0.00000000	0.00000000	0.00000000	0.00000000	0.00000000	0.00000000	0.00000000
590.55798340	0.00000000	0.00000000	0.00000000	0.00000000	0.00000000	0.00000000	0.00000000	0.00000000
644.24511719	0.00000000	0.00000000	0.00000000	0.00000000	0.00000000	0.00000000	0.00000000	0.00000000
697.93218994	0.00000000	0.00000000	0.00000000	0.00000000	0.00000000	0.00000000	0.00000000	0.00000000
751.61926270	0.00000000	0.00000000	0.00000000	0.00000000	0.00000000	0.00000000	0.00000000	0.00000000
805.30639648	0.00000000	0.00000000	0.00000000	0.00000000	0.00000000	0.00000000	0.00000000	0.00000000
858.99346924	0.00000000	0.00000000	0.00000000	0.00000000	0.00000000	0.00000000	0.00000000	0.00000000
966.36761475	0.00000000	0.00000000	0.00000000	0.00000000	0.00000000	0.00000000	0.00000000	0.00000000
1073.74182129	0.00000000	0.00000000	0.00000000	0.00000000	0.00000000	0.00000000	0.00000000	0.00000000
1181.11596680	0.00000000	0.00000000	0.00000000	0.00000000	0.00000000	0.00000000	0.00000000	0.00000000
1288.49023437	0.00000000	0.00000000	0.00000000	0.00000000	0.00000000	0.00000000	0.00000000	0.00000000
1395.86437988	0.00000000	0.00000000	0.00000000	0.00000000	0.00000000	0.00000000	0.00000000	0.00000000
1503.23852539	0.00000000	0.00000000	0.00000000	0.00000000	0.00000000	0.00000000	0.00000000	0.00000000
1610.61279297	0.00000000	0.00000000	0.00000000	0.00000000	0.00000000	0.00000000	0.00000000	0.00000000
1717.98693848	0.00000000	0.00000000	0.00000000	0.00000000	0.00000000	0.00000000	0.00000000	0.00000000
1932.73522949	0.00000000	0.00000000	0.00000000	0.00000000	0.00000000	0.00000000	0.00000000	0.00000000
2147.48364258	0.00000000	0.00000000	0.00000000	0.00000000	0.00000000	0.00000000	0.00000000	0.00000000
2362.23193359	0.00000000	0.00000000	0.00000000	0.00000000	0.00000000	0.00000000	0.00000000	0.00000000
2576.98046875	0.00000000	0.00000000	0.00000000	0.00000000	0.00000000	0.00000000	0.00000000	0.00000000
2791.72875977	0.00000000	0.00000000	0.00000000	0.00000000	0.00000000	0.00000000	0.00000000	0.00000000
3006.47705078	0.00000000	0.00000000	0.00000000	0.00000000	0.00000000	0.00000000	0.00000000	0.00000000
3221.22558594	0.00000000	0.00000000	0.00000000	0.00000000	0.00000000	0.00000000	0.00000000	0.00000000
3435.97387695	0.00000000	0.00000000	0.00000000	0.00000000	0.00000000	0.00000000	0.00000000	0.00000000
0	0	0	0	0	0	0	0	0
