%4/4/2019 12:45:03 PM
%Duration	ID1		ID2		ID3		ID4		ID5		ID6		ID7		ID8
1000.000000	0.000000	0.562668	375.642792	230.541229	95.129013	32.167435	0.391006	0.171661
%Tau		Tau1		Tau2		Tau3		Tau4		Tau5		Tau6		Tau7		Tau8
%		0.000000	0.000001	0.000141	0.000083	0.000058	0.000026	0.000001	0.000001
%Delaytime	D1		D2		D3		D4		D5		D6		D7		D8
0.00000020	0.00000000	49.64430618	1.54616368	1.47126853	1.73481858	3.84414792	267.59500122	0.00000000
0.00000040	0.00000000	49.64430618	1.49705911	1.47207046	1.48256791	1.46982133	0.00000000	0.00000000
0.00000060	0.00000000	0.00000000	1.48417199	1.49251866	1.46115041	1.41842890	0.00000000	0.00000000
0.00000080	0.00000000	0.00000000	1.49209690	1.46786046	1.54087114	1.32592273	0.00000000	0.00000000
0.00000100	0.00000000	0.00000000	1.47483993	1.46164584	1.49684620	1.37731504	0.00000000	0.00000000
0.00000120	0.00000000	0.00000000	1.49283755	1.47227085	1.55752921	1.66511226	0.00000000	0.00000000
0.00000140	0.00000000	0.00000000	1.47417331	1.48690534	1.45044160	1.52121365	0.00000000	0.00000000
0.00000160	0.00000000	49.64430618	1.47795057	1.49552572	1.49565637	1.64455533	0.00000000	0.00000000
0.00000180	0.00000000	0.00000000	1.46876669	1.48951149	1.44092274	1.39787197	0.00000000	0.00000000
0.00000200	0.00000000	0.00000000	1.48987496	1.47948790	1.45877063	1.56232750	0.00000000	0.00000000
0.00000220	0.00000000	0.00000000	1.47669148	1.48570251	1.47304904	1.42870736	0.00000000	0.00000000
0.00000240	0.00000000	0.00000000	1.47995031	1.47166944	1.48137808	1.52121365	0.00000000	0.00000000
0.00000260	0.00000000	0.00000000	1.49387443	1.46585572	1.47542870	1.33620119	0.00000000	0.00000000
0.00000280	0.00000000	0.00000000	1.46987760	1.47327328	1.51826370	1.77817547	0.00000000	0.00000000
0.00000300	0.00000000	0.00000000	1.47091448	1.44119763	1.51112461	1.45954287	0.00000000	0.00000000
0.00000320	0.00000000	0.00000000	1.46410060	1.47968841	1.47661853	1.48009980	0.00000000	0.00000000
0.00000360	0.00000000	0.00000000	1.47658038	1.46695840	1.43913794	1.57260597	0.00000000	0.00000000
0.00000400	0.00000000	0.00000000	1.47006273	1.46214700	1.45460618	1.46468210	0.00000000	0.00000000
0.00000440	0.00000000	0.00000000	1.46295261	1.44761276	1.50279558	1.45954287	0.00000000	0.00000000
0.00000480	0.00000000	0.00000000	1.46491528	1.47257161	1.44092274	1.53149211	0.00000000	0.00000000
0.00000520	0.00000000	0.00000000	1.45025063	1.46695840	1.42307484	1.40301120	0.00000000	0.00000000
0.00000560	0.00000000	0.00000000	1.45802736	1.48189354	1.45520103	1.35161889	0.00000000	0.00000000
0.00000600	0.00000000	0.00000000	1.46976650	1.44701135	1.41058123	1.32078350	0.00000000	0.00000000
0.00000640	0.00000000	0.00000000	1.46765566	1.45753610	1.45044160	1.38759351	0.00000000	0.00000000
0.00000720	0.00000000	0.00000000	1.45689785	1.44595885	1.46234024	1.30022657	0.00000000	0.00000000
0.00000800	0.00000000	0.00000000	1.45728672	1.43698776	1.43289113	1.44155550	0.00000000	0.00000000
0.00000880	0.00000000	0.00000000	1.46324885	1.43783975	1.43348610	1.40301120	0.00000000	0.00000000
0.00000960	0.00000000	0.00000000	1.45404637	1.44039571	1.40820158	1.33877075	11.14979172	0.00000000
0.00001040	0.00000000	0.00000000	1.44917667	1.41343212	1.41444826	1.36703658	0.00000000	0.00000000
0.00001120	0.00000000	0.00000000	1.44828784	1.42170167	1.37012589	1.41585934	0.00000000	0.00000000
0.00001200	0.00000000	0.00000000	1.43490076	1.41027474	1.39808774	1.34390998	0.00000000	0.00000000
0.00001280	0.00000000	0.00000000	1.44680655	1.41809320	1.40106237	1.26682150	0.00000000	0.00000000
0.00001440	0.00000000	0.00000000	1.43296587	1.40932250	1.37384427	1.34776449	11.14979172	0.00000000
0.00001600	0.00000000	0.00000000	1.42688334	1.39857209	1.37652147	1.35290372	0.00000000	0.00000000
0.00001760	0.00000000	0.00000000	1.43053102	1.39047801	1.36209440	1.29637206	5.57489586	0.00000000
0.00001920	0.00000000	0.00000000	1.41523671	1.39180624	1.37057209	1.34904933	0.00000000	0.00000000
0.00002080	0.00000000	0.00000000	1.42027307	1.37636983	1.35198057	1.32849228	0.00000000	0.00000000
0.00002240	0.00000000	0.00000000	1.41305184	1.37777305	1.34900594	1.31307459	0.00000000	0.00000000
0.00002400	0.00000000	0.00000000	1.40664530	1.36356461	1.32610106	1.30665064	0.00000000	0.00000000
0.00002560	0.00000000	0.00000000	1.40499735	1.35439301	1.33086050	1.22185326	0.00000000	0.00000000
0.00002880	0.00000000	0.00000000	1.39898860	1.35103714	1.31024873	1.23850799	0.00000000	0.00000000
0.00003200	0.00000000	0.00000000	1.38941383	1.33645010	1.29783177	1.22564030	0.00000000	0.00000000
0.00003520	0.00000000	0.00000000	1.37553942	1.32522750	1.28058183	1.26484478	2.77536798	0.00000000
0.00003840	0.00000000	0.00000000	1.36971629	1.30575728	1.24950230	1.20565569	0.00000000	0.00000000
0.00004160	0.00000000	0.00000000	1.36160386	1.29818106	1.26519084	1.17155766	0.00000000	0.00000000
0.00004480	0.00000000	0.00000000	1.35132122	1.29169106	1.24779212	1.14389324	2.77536798	0.00000000
0.00004800	0.00000000	0.00000000	1.35022628	1.27808905	1.23313081	1.12780929	2.77536798	17.42155075
0.00005120	0.00000000	3.18996215	1.33828437	1.26544774	1.21625280	1.15229499	0.00000000	0.00000000
0.00005760	0.00000000	0.00000000	1.31892073	1.24933612	1.19867766	1.14902020	0.00000000	0.00000000
0.00006400	0.00000000	1.59498107	1.30610955	1.23045731	1.18618369	1.13265681	0.00000000	0.00000000
0.00007040	0.00000000	1.59498107	1.29541147	1.21812093	1.16742432	1.12622488	1.41208243	0.00000000
0.00007680	0.00000000	3.18996215	1.27844238	1.20158947	1.15522695	1.07509136	1.41208243	0.00000000
0.00008320	0.00000000	0.00000000	1.26758003	1.18243492	1.13769090	1.09856772	2.82416487	0.00000000
0.00008960	0.00000000	0.00000000	1.25671411	1.16841245	1.13101757	1.03649998	2.82416487	0.00000000
0.00009600	0.00000000	1.59498107	1.24586558	1.16461825	1.11589134	1.10371327	0.00000000	0.00000000
0.00010240	0.00000000	0.00000000	1.23411381	1.15257812	1.09108889	1.06480038	1.41208243	0.00000000
0.00011520	0.00000000	3.16049385	1.21299529	1.12983465	1.08298314	1.05686367	0.70914125	4.45163631
0.00012800	0.00000000	0.79195666	1.19585562	1.11564505	1.06555295	1.05316210	0.00000000	0.00000000
0.00014080	0.00000000	0.00000000	1.17710650	1.09988678	1.05095828	1.03932166	0.00000000	0.00000000
0.00015360	0.00000000	0.79195666	1.16312575	1.08649123	1.04202712	1.03803420	1.41828251	4.45163631
0.00016640	0.00000000	1.58391333	1.14916301	1.07699537	1.03148842	1.02097499	2.12742376	4.45163631
0.00017920	0.00000000	0.79195666	1.13467491	1.06727850	1.03434193	1.02660775	2.12742376	0.00000000
0.00019200	0.00000000	0.00000000	1.12535286	1.05579662	1.03170371	1.00697362	0.00000000	0.00000000
0.00020480	0.00000000	0.00000000	1.11500776	1.04568493	1.02681887	1.01534235	2.12742376	0.00000000
0.00023040	0.00000000	1.18793499	1.09381998	1.03696442	1.01811159	1.00000441	0.70758957	0.00000000
0.00025600	0.00000000	0.39597833	1.07717073	1.03058255	1.01291955	1.00424409	1.41517913	0.00000000
0.00028160	0.00000000	1.58391333	1.06551921	1.02228665	1.00776350	0.99210089	0.35379478	0.00000000
0.00030720	0.00000000	1.97989178	1.05401564	1.01679385	1.00371587	1.00112879	2.47656345	0.00000000
0.00033280	0.00000000	1.18793499	1.04772389	1.01171339	0.99945718	1.00515914	2.12276864	0.00000000
0.00035840	0.00000000	0.39597833	1.03848267	1.00759840	0.99532425	0.99571341	0.00000000	0.00000000
0.00038400	0.00000000	0.39597833	1.03470039	1.00085294	0.99516678	1.00345218	0.00000000	0.00000000
0.00040960	0.00000000	1.18793499	1.02706158	1.00380814	0.99425721	1.00538683	0.35379478	2.17769384
0.00046080	0.00000000	1.36370993	1.01680052	0.99727762	1.00282645	0.99869490	0.88448691	1.06555676
0.00051200	0.00000000	1.16889417	1.01088524	0.99833816	0.99757493	1.00166821	0.70758957	1.06555676
0.00056320	0.00000000	0.97407848	1.00491869	1.00076473	0.99613905	1.00331962	0.70758957	0.00000000
0.00061440	0.00000000	0.58444709	1.00151873	1.00209367	0.99759650	0.99451685	0.70758957	2.13111353
0.00066560	0.00000000	1.16889417	1.00279796	1.00056446	0.99699628	1.01446974	1.59207642	0.00000000
0.00071680	0.00000000	0.58444709	0.99791938	0.99716616	1.00377274	1.00359440	1.06138432	4.26222706
0.00076800	0.00000000	0.19481570	0.99443758	0.99734545	1.00247931	0.99171960	0.35379478	0.00000000
0.00081920	0.00000000	0.38963139	0.99303299	0.99770647	1.00778711	1.01383209	1.41517913	2.13111353
0.00092160	0.00000000	0.86866456	0.99658716	0.99390459	0.99918389	1.00047994	0.96027279	0.54442346
0.00102400	0.00000000	0.86866456	0.99957424	0.99268180	0.99505168	1.01167607	1.57478642	0.54442346
0.00112640	0.00000000	0.57910967	0.99995726	0.99329764	0.99529576	1.00670576	0.87488133	1.63327026
0.00122880	0.00000000	1.35746861	0.99970275	0.99588263	1.00260341	0.99997228	0.96236944	1.63327026
0.00133120	0.00000000	0.87265843	0.99930471	0.99950212	1.00287127	0.99475145	1.04985762	0.00000000
0.00143360	0.00000000	1.35746861	1.00022507	1.00080919	0.99507636	0.98863488	1.39981019	1.63327026
0.00153600	0.00000000	1.26050663	1.00282264	1.00503564	0.99823862	1.00718296	1.04985762	1.08884692
0.00163840	0.00000000	1.06658244	0.99979901	1.00556016	0.99738550	0.99578798	1.13734579	1.63327026
0.00184320	0.00000000	1.44117093	0.99917847	1.00166583	0.99692577	1.00055873	0.91862106	0.55952889
0.00204800	0.00000000	1.05685866	0.99898958	0.99912536	0.99473548	0.99929357	1.39980352	1.95835102
0.00225280	0.00000000	0.81666356	1.00576580	0.99723852	1.00189102	1.00122774	0.61241400	2.23811555
0.00245760	0.00000000	1.25187302	1.00294745	0.99784201	1.00363982	1.00924957	1.09359646	0.27976444
0.00266240	0.00000000	0.77038336	1.00009620	0.99881327	0.99810350	1.00273502	1.31231582	0.83929330
0.00286720	0.00000000	1.05927718	0.99832261	1.00228000	0.99853432	1.00610960	0.91862106	1.67858660
0.00307200	0.00000000	1.01112819	1.00107360	1.00141859	0.99587911	0.99870443	0.96236491	0.83929330
0.00327680	0.00000000	0.77038336	0.99800229	1.00414181	0.99595326	0.99901247	1.00610876	1.67858660
0.00368640	0.00000000	1.09332490	0.99975353	0.99940044	1.00221670	1.00205493	1.40899920	1.86960459
0.00409600	0.00000000	0.99614048	0.99343759	0.99752504	0.99715102	1.00495577	1.27690554	0.28763148
0.00450560	0.00000000	0.94754827	1.00564361	1.00472224	0.99868315	1.00282168	1.05674946	2.15723610
0.00491520	0.00000000	1.04473269	1.00543129	1.00477004	0.99885374	1.00208163	0.85860890	0.57526296
0.00532480	0.00000000	1.14191711	0.99818838	1.00133443	0.99854678	1.00541544	0.92465580	0.43144721
0.00573440	0.00000000	0.92325211	0.99967164	0.99815857	1.00053751	1.00358796	1.16938078	1.29434168
0.00614400	0.00000000	0.90102261	0.99482930	1.00205231	0.99848199	0.99468613	0.85860890	1.00671017
0.00655360	0.00000000	0.77926278	0.99722409	1.00556004	1.00210547	0.99529779	0.96868700	0.86289442
0.00737280	0.00000000	1.09040987	0.99583030	0.99775136	0.99945420	0.99969918	1.03892159	0.56888890
0.00819200	0.00000000	0.95641345	0.99565548	1.00200808	0.99904495	0.99674201	1.01704955	1.64469278
0.00901120	0.00000000	0.74122041	0.99976665	0.99675512	0.99827898	0.99717075	0.96236944	0.50055867
0.00983040	0.00000000	0.98482066	0.99702048	1.00201452	1.00055528	1.00087667	1.04985762	1.35865927
0.01064960	0.00000000	0.87673062	1.00262403	1.00039113	1.00055695	0.99961108	0.94255543	0.85810053
0.01146880	0.00000000	0.96080065	1.00060928	1.00014627	1.00087667	1.00019455	1.01927507	0.85810053
0.01228800	0.00000000	1.11949849	1.00233662	1.00105429	0.99749267	0.99913931	0.86583579	0.92960894
0.01310720	0.00000000	0.79448277	1.00075781	1.00114000	1.00222301	1.00020027	1.03023493	0.28603351
0.01474560	0.00000000	0.95316297	0.99775535	0.99902862	0.99983865	1.00007987	1.09429634	0.78659219
0.01638400	0.00000000	0.87877363	0.99952084	1.00002074	0.99933183	0.99974948	0.90572041	1.00111735
0.01802240	0.00000000	0.94324136	0.99893880	0.99882317	1.00066507	0.99669087	0.97665036	0.96536314
0.01966080	0.00000000	0.94148415	0.99889052	1.00235224	0.99907935	1.00242960	0.97119421	1.07262576
0.02129920	0.00000000	0.93327439	0.99836487	0.99896699	0.99885178	1.00180459	0.99301881	1.00671017
0.02293760	0.00000000	0.99234772	0.99995136	0.99951941	0.99895006	1.00280380	0.96785128	0.89884835
0.02457600	0.00000000	1.13497531	0.99882191	0.99737746	1.00054264	0.99647510	1.01706409	1.11457193
0.02621440	0.00000000	1.15328145	0.99449635	0.99921376	0.99896210	1.00014591	1.05303645	1.07861805
0.02949120	0.00000000	0.95778316	0.99938655	1.00003397	0.99951571	1.00148106	1.02972865	1.16201115
0.03276800	0.00000000	0.94492334	0.99904639	0.99891496	0.99885285	0.99995190	1.05444217	1.07861805
0.03604480	0.00000000	1.04840207	1.00301194	0.99838239	1.00063622	1.00040054	1.02097404	0.93480229
0.03932160	0.00000000	0.97871065	1.00321293	0.99961698	1.00031328	1.00032520	1.04895020	1.00671017
0.04259840	0.00000000	0.93022960	0.99911797	0.99873322	1.00146115	1.00109410	0.99952328	0.88087136
0.04587520	0.00000000	1.09134424	1.00120962	0.99960399	1.00202680	1.00185215	1.04345834	1.16201115
0.04915200	0.00000000	0.98328000	1.00172317	1.00063801	1.00005817	1.00128663	0.95350629	0.99558628
0.05242880	0.00000000	1.01042581	1.00047457	0.99932116	1.00026238	1.00097859	0.94528639	0.99011600
0.05898240	0.00000000	0.97646588	0.99821216	0.99913961	1.00030184	0.99757153	0.97860575	0.95821249
0.06553600	0.00000000	0.98553526	1.00011945	1.00045872	1.00044477	1.00067723	1.03623497	0.91664666
0.07208960	0.00000000	1.00518548	1.00053573	1.00000083	1.00046933	1.00088358	1.02401209	0.98582751
0.07864320	0.00000000	0.93476981	1.00113738	1.00033247	0.99920899	0.99929386	1.01263237	1.14148450
0.08519680	0.00000000	1.03410316	1.00053096	0.99994659	0.99972874	0.99955487	0.98288852	0.94956338
0.09175040	0.00000000	1.02667546	0.99838710	0.99944514	0.99946702	0.99843526	0.99792576	1.00944579
0.09830400	0.00000000	0.98165137	1.00002003	1.00119460	0.99949676	0.99840790	1.02751458	0.92529428
0.10485760	0.00000000	0.99772239	0.99770457	1.00090563	0.99983674	0.99859470	0.97605342	1.03468883
0.11796480	0.00000000	1.00388312	1.00082970	0.99964893	0.99920762	1.00018299	1.02612495	0.94953752
0.13107200	0.00000000	1.02940571	1.00173962	0.99972481	1.00069702	0.99901921	0.96902758	0.97019094
0.14417920	0.00000000	0.97907454	0.99851632	1.00025511	0.99901837	0.99873835	0.96873420	0.97174788
0.15728641	0.00000000	0.99065971	0.99994433	1.00034595	0.99912959	0.99887729	1.02277637	0.93035519
0.17039360	0.00000000	1.03226173	0.99959028	1.00056374	0.99950719	1.00083458	0.96594644	0.94020408
0.18350080	0.00000000	0.95252120	1.00045705	0.99938250	0.99961329	1.00003719	1.06039727	1.02518272
0.19660801	0.00000000	1.01533198	0.99968135	0.99942410	0.99975294	0.99932164	1.01105523	1.05297482
0.20971520	0.00000000	1.00510371	1.00083673	1.00084770	1.00002801	0.99936014	1.01504755	1.01345313
0.23592959	0.00000000	1.01458478	0.99944645	0.99961120	0.99971277	1.00036216	1.01492667	0.96867472
0.26214400	0.00000000	1.00207591	1.00115407	0.99863404	1.00035596	1.00021338	1.01264703	0.94367832
0.28835839	0.00000000	0.96368158	1.00005138	1.00054610	1.00012445	1.00004506	0.98183101	1.02017391
0.31457281	0.00000000	1.03472221	0.99904674	1.00002551	1.00053477	0.99899256	0.98949677	0.92999005
0.34078720	0.00000000	0.97606385	1.00100160	0.99896854	1.00001311	1.00031960	1.00433004	1.04072130
0.36700159	0.00000000	1.03253114	0.99905229	0.99996489	1.00002646	0.99929512	0.96266967	1.04320836
0.39321601	0.00000000	0.99871892	0.99995637	1.00048435	1.00017691	1.00009882	0.96506894	1.03644550
0.41943040	0.00000000	0.94995940	1.00055659	1.00018418	0.99967575	0.99978560	1.03646541	1.08544028
0.47185919	0.00000000	0.99695504	1.00035048	1.00035191	0.99932688	1.00037766	1.00245678	1.01697862
0.52428800	0.00000000	1.01141202	0.99917138	0.99986047	0.99939394	0.99934298	0.95744061	0.94739312
0.57671678	0.00000000	0.98811799	0.99901175	0.99976867	1.00020623	0.99934876	0.97786480	0.96903342
0.62914562	0.00000000	0.98929012	1.00011051	0.99999285	1.00048065	1.00002873	1.04712772	1.00862873
0.68157440	0.00000000	1.00010562	1.00029588	1.00029707	1.00039673	1.00051248	0.98671436	0.90658259
0.73400319	0.00000000	0.99395484	0.99943548	0.99938554	0.99981838	1.00042140	0.99386263	0.98858631
0.78643203	0.00000000	0.99352503	0.99888265	1.00044990	0.99926466	0.99929285	0.99824601	1.07317078
0.83886081	0.00000000	1.02592754	1.00020444	0.99977297	0.99963182	0.99954599	1.02259123	1.04490292
0.94371837	0.00000000	0.98941165	0.99998224	1.00030017	1.00027859	1.00007260	0.99297196	1.01554346
1.04857600	0.00000000	1.01563025	0.99984938	0.99966800	0.99993676	1.00060344	0.99230766	0.97015876
1.15343356	0.00000000	1.00439954	1.00057685	0.99967968	0.99974740	0.99963588	0.96949154	1.01776314
1.25829124	0.00000000	0.99546796	0.99962193	0.99990213	1.00097692	0.99933541	0.97697371	1.02058315
1.36314881	0.00000000	1.00066888	1.00063396	1.00026810	1.00021410	1.00093544	0.98303837	0.94721770
1.46800637	0.00000000	0.97986269	0.99968255	1.00051451	0.99969256	0.99975610	0.98623914	0.98997492
1.57286406	0.00000000	1.00376320	1.00002313	0.99979562	1.00036430	0.99965495	1.00000000	1.01351357
1.67772162	0.00000000	0.99799919	1.00013220	0.99989152	0.99940532	1.00041926	0.99186045	0.99810964
1.88743675	0.00000000	0.00000000	0.00000000	0.00000000	0.00000000	0.00000000	0.00000000	0.00000000
2.09715199	0.00000000	0.00000000	0.00000000	0.00000000	0.00000000	0.00000000	0.00000000	0.00000000
2.30686712	0.00000000	0.00000000	0.00000000	0.00000000	0.00000000	0.00000000	0.00000000	0.00000000
2.51658249	0.00000000	0.00000000	0.00000000	0.00000000	0.00000000	0.00000000	0.00000000	0.00000000
2.72629762	0.00000000	0.00000000	0.00000000	0.00000000	0.00000000	0.00000000	0.00000000	0.00000000
2.93601274	0.00000000	0.00000000	0.00000000	0.00000000	0.00000000	0.00000000	0.00000000	0.00000000
3.14572811	0.00000000	0.00000000	0.00000000	0.00000000	0.00000000	0.00000000	0.00000000	0.00000000
3.35544324	0.00000000	0.00000000	0.00000000	0.00000000	0.00000000	0.00000000	0.00000000	0.00000000
3.77487350	0.00000000	0.00000000	0.00000000	0.00000000	0.00000000	0.00000000	0.00000000	0.00000000
4.19430399	0.00000000	0.00000000	0.00000000	0.00000000	0.00000000	0.00000000	0.00000000	0.00000000
4.61373425	0.00000000	0.00000000	0.00000000	0.00000000	0.00000000	0.00000000	0.00000000	0.00000000
5.03316498	0.00000000	0.00000000	0.00000000	0.00000000	0.00000000	0.00000000	0.00000000	0.00000000
5.45259523	0.00000000	0.00000000	0.00000000	0.00000000	0.00000000	0.00000000	0.00000000	0.00000000
5.87202549	0.00000000	0.00000000	0.00000000	0.00000000	0.00000000	0.00000000	0.00000000	0.00000000
6.29145622	0.00000000	0.00000000	0.00000000	0.00000000	0.00000000	0.00000000	0.00000000	0.00000000
6.71088648	0.00000000	0.00000000	0.00000000	0.00000000	0.00000000	0.00000000	0.00000000	0.00000000
7.54974699	0.00000000	0.00000000	0.00000000	0.00000000	0.00000000	0.00000000	0.00000000	0.00000000
8.38860798	0.00000000	0.00000000	0.00000000	0.00000000	0.00000000	0.00000000	0.00000000	0.00000000
9.22746849	0.00000000	0.00000000	0.00000000	0.00000000	0.00000000	0.00000000	0.00000000	0.00000000
10.06632996	0.00000000	0.00000000	0.00000000	0.00000000	0.00000000	0.00000000	0.00000000	0.00000000
10.90519047	0.00000000	0.00000000	0.00000000	0.00000000	0.00000000	0.00000000	0.00000000	0.00000000
11.74405098	0.00000000	0.00000000	0.00000000	0.00000000	0.00000000	0.00000000	0.00000000	0.00000000
12.58291245	0.00000000	0.00000000	0.00000000	0.00000000	0.00000000	0.00000000	0.00000000	0.00000000
13.42177296	0.00000000	0.00000000	0.00000000	0.00000000	0.00000000	0.00000000	0.00000000	0.00000000
15.09949398	0.00000000	0.00000000	0.00000000	0.00000000	0.00000000	0.00000000	0.00000000	0.00000000
16.77721596	0.00000000	0.00000000	0.00000000	0.00000000	0.00000000	0.00000000	0.00000000	0.00000000
18.45493698	0.00000000	0.00000000	0.00000000	0.00000000	0.00000000	0.00000000	0.00000000	0.00000000
20.13265991	0.00000000	0.00000000	0.00000000	0.00000000	0.00000000	0.00000000	0.00000000	0.00000000
21.81038094	0.00000000	0.00000000	0.00000000	0.00000000	0.00000000	0.00000000	0.00000000	0.00000000
23.48810196	0.00000000	0.00000000	0.00000000	0.00000000	0.00000000	0.00000000	0.00000000	0.00000000
25.16582489	0.00000000	0.00000000	0.00000000	0.00000000	0.00000000	0.00000000	0.00000000	0.00000000
26.84354591	0.00000000	0.00000000	0.00000000	0.00000000	0.00000000	0.00000000	0.00000000	0.00000000
30.19898796	0.00000000	0.00000000	0.00000000	0.00000000	0.00000000	0.00000000	0.00000000	0.00000000
33.55443192	0.00000000	0.00000000	0.00000000	0.00000000	0.00000000	0.00000000	0.00000000	0.00000000
36.90987396	0.00000000	0.00000000	0.00000000	0.00000000	0.00000000	0.00000000	0.00000000	0.00000000
40.26531982	0.00000000	0.00000000	0.00000000	0.00000000	0.00000000	0.00000000	0.00000000	0.00000000
43.62076187	0.00000000	0.00000000	0.00000000	0.00000000	0.00000000	0.00000000	0.00000000	0.00000000
46.97620392	0.00000000	0.00000000	0.00000000	0.00000000	0.00000000	0.00000000	0.00000000	0.00000000
50.33164978	0.00000000	0.00000000	0.00000000	0.00000000	0.00000000	0.00000000	0.00000000	0.00000000
53.68709183	0.00000000	0.00000000	0.00000000	0.00000000	0.00000000	0.00000000	0.00000000	0.00000000
60.39797592	0.00000000	0.00000000	0.00000000	0.00000000	0.00000000	0.00000000	0.00000000	0.00000000
67.10886383	0.00000000	0.00000000	0.00000000	0.00000000	0.00000000	0.00000000	0.00000000	0.00000000
73.81974792	0.00000000	0.00000000	0.00000000	0.00000000	0.00000000	0.00000000	0.00000000	0.00000000
80.53063965	0.00000000	0.00000000	0.00000000	0.00000000	0.00000000	0.00000000	0.00000000	0.00000000
87.24152374	0.00000000	0.00000000	0.00000000	0.00000000	0.00000000	0.00000000	0.00000000	0.00000000
93.95240784	0.00000000	0.00000000	0.00000000	0.00000000	0.00000000	0.00000000	0.00000000	0.00000000
100.66329956	0.00000000	0.00000000	0.00000000	0.00000000	0.00000000	0.00000000	0.00000000	0.00000000
107.37418365	0.00000000	0.00000000	0.00000000	0.00000000	0.00000000	0.00000000	0.00000000	0.00000000
120.79595184	0.00000000	0.00000000	0.00000000	0.00000000	0.00000000	0.00000000	0.00000000	0.00000000
134.21772766	0.00000000	0.00000000	0.00000000	0.00000000	0.00000000	0.00000000	0.00000000	0.00000000
147.63949585	0.00000000	0.00000000	0.00000000	0.00000000	0.00000000	0.00000000	0.00000000	0.00000000
161.06127930	0.00000000	0.00000000	0.00000000	0.00000000	0.00000000	0.00000000	0.00000000	0.00000000
174.48304749	0.00000000	0.00000000	0.00000000	0.00000000	0.00000000	0.00000000	0.00000000	0.00000000
187.90481567	0.00000000	0.00000000	0.00000000	0.00000000	0.00000000	0.00000000	0.00000000	0.00000000
201.32659912	0.00000000	0.00000000	0.00000000	0.00000000	0.00000000	0.00000000	0.00000000	0.00000000
214.74836731	0.00000000	0.00000000	0.00000000	0.00000000	0.00000000	0.00000000	0.00000000	0.00000000
241.59190369	0.00000000	0.00000000	0.00000000	0.00000000	0.00000000	0.00000000	0.00000000	0.00000000
268.43545532	0.00000000	0.00000000	0.00000000	0.00000000	0.00000000	0.00000000	0.00000000	0.00000000
295.27899170	0.00000000	0.00000000	0.00000000	0.00000000	0.00000000	0.00000000	0.00000000	0.00000000
322.12255859	0.00000000	0.00000000	0.00000000	0.00000000	0.00000000	0.00000000	0.00000000	0.00000000
348.96609497	0.00000000	0.00000000	0.00000000	0.00000000	0.00000000	0.00000000	0.00000000	0.00000000
375.80963135	0.00000000	0.00000000	0.00000000	0.00000000	0.00000000	0.00000000	0.00000000	0.00000000
402.65319824	0.00000000	0.00000000	0.00000000	0.00000000	0.00000000	0.00000000	0.00000000	0.00000000
429.49673462	0.00000000	0.00000000	0.00000000	0.00000000	0.00000000	0.00000000	0.00000000	0.00000000
483.18380737	0.00000000	0.00000000	0.00000000	0.00000000	0.00000000	0.00000000	0.00000000	0.00000000
536.87091064	0.00000000	0.00000000	0.00000000	0.00000000	0.00000000	0.00000000	0.00000000	0.00000000
590.55798340	0.00000000	0.00000000	0.00000000	0.00000000	0.00000000	0.00000000	0.00000000	0.00000000
644.24511719	0.00000000	0.00000000	0.00000000	0.00000000	0.00000000	0.00000000	0.00000000	0.00000000
697.93218994	0.00000000	0.00000000	0.00000000	0.00000000	0.00000000	0.00000000	0.00000000	0.00000000
751.61926270	0.00000000	0.00000000	0.00000000	0.00000000	0.00000000	0.00000000	0.00000000	0.00000000
805.30639648	0.00000000	0.00000000	0.00000000	0.00000000	0.00000000	0.00000000	0.00000000	0.00000000
858.99346924	0.00000000	0.00000000	0.00000000	0.00000000	0.00000000	0.00000000	0.00000000	0.00000000
966.36761475	0.00000000	0.00000000	0.00000000	0.00000000	0.00000000	0.00000000	0.00000000	0.00000000
1073.74182129	0.00000000	0.00000000	0.00000000	0.00000000	0.00000000	0.00000000	0.00000000	0.00000000
1181.11596680	0.00000000	0.00000000	0.00000000	0.00000000	0.00000000	0.00000000	0.00000000	0.00000000
1288.49023437	0.00000000	0.00000000	0.00000000	0.00000000	0.00000000	0.00000000	0.00000000	0.00000000
1395.86437988	0.00000000	0.00000000	0.00000000	0.00000000	0.00000000	0.00000000	0.00000000	0.00000000
1503.23852539	0.00000000	0.00000000	0.00000000	0.00000000	0.00000000	0.00000000	0.00000000	0.00000000
1610.61279297	0.00000000	0.00000000	0.00000000	0.00000000	0.00000000	0.00000000	0.00000000	0.00000000
1717.98693848	0.00000000	0.00000000	0.00000000	0.00000000	0.00000000	0.00000000	0.00000000	0.00000000
1932.73522949	0.00000000	0.00000000	0.00000000	0.00000000	0.00000000	0.00000000	0.00000000	0.00000000
2147.48364258	0.00000000	0.00000000	0.00000000	0.00000000	0.00000000	0.00000000	0.00000000	0.00000000
2362.23193359	0.00000000	0.00000000	0.00000000	0.00000000	0.00000000	0.00000000	0.00000000	0.00000000
2576.98046875	0.00000000	0.00000000	0.00000000	0.00000000	0.00000000	0.00000000	0.00000000	0.00000000
2791.72875977	0.00000000	0.00000000	0.00000000	0.00000000	0.00000000	0.00000000	0.00000000	0.00000000
3006.47705078	0.00000000	0.00000000	0.00000000	0.00000000	0.00000000	0.00000000	0.00000000	0.00000000
3221.22558594	0.00000000	0.00000000	0.00000000	0.00000000	0.00000000	0.00000000	0.00000000	0.00000000
3435.97387695	0.00000000	0.00000000	0.00000000	0.00000000	0.00000000	0.00000000	0.00000000	0.00000000
0	0	0	0	0	0	0	0	0
