%12/22/2018 11:35:29 AM
%Duration	ID1		ID2		ID3		ID4		ID5		ID6		ID7		ID8
3000.000000	45.490265	0.476837	0.448227	0.457764	0.000000	0.000000	0.000000	0.000000
%Tau		Tau1		Tau2		Tau3		Tau4		Tau5		Tau6		Tau7		Tau8
%		0.000141	0.000001	0.000001	0.000001	0.000000	0.000000	0.000000	0.000000
%Delaytime	D1		D2		D3		D4		D5		D6		D7		D8
0.00000020	2.61068463	140.70933533	304.53326416	60.06077194	0.00000000	0.00000000	0.00000000	0.00000000
0.00000040	1.64044726	0.00000000	0.00000000	20.02025795	0.00000000	0.00000000	0.00000000	0.00000000
0.00000060	1.46580458	0.00000000	0.00000000	0.00000000	0.00000000	0.00000000	0.00000000	0.00000000
0.00000080	1.57476974	0.00000000	19.03332901	0.00000000	0.00000000	0.00000000	0.00000000	0.00000000
0.00000100	1.43147314	0.00000000	0.00000000	0.00000000	0.00000000	0.00000000	0.00000000	0.00000000
0.00000120	1.50162876	0.00000000	0.00000000	0.00000000	0.00000000	0.00000000	0.00000000	0.00000000
0.00000140	1.54790163	0.00000000	0.00000000	0.00000000	0.00000000	0.00000000	0.00000000	0.00000000
0.00000160	1.49565804	0.00000000	0.00000000	0.00000000	0.00000000	0.00000000	0.00000000	0.00000000
0.00000180	1.47177529	0.00000000	19.03332901	0.00000000	0.00000000	0.00000000	0.00000000	0.00000000
0.00000200	1.53148222	0.00000000	19.03332901	0.00000000	0.00000000	0.00000000	0.00000000	0.00000000
0.00000220	1.52252614	0.00000000	0.00000000	0.00000000	0.00000000	0.00000000	0.00000000	0.00000000
0.00000240	1.47476065	17.58866692	0.00000000	0.00000000	0.00000000	0.00000000	0.00000000	0.00000000
0.00000260	1.40012705	0.00000000	19.03332901	20.02025795	0.00000000	0.00000000	0.00000000	0.00000000
0.00000280	1.48073137	0.00000000	0.00000000	0.00000000	0.00000000	0.00000000	0.00000000	0.00000000
0.00000300	1.54193091	0.00000000	0.00000000	0.00000000	0.00000000	0.00000000	0.00000000	0.00000000
0.00000320	1.45237052	0.00000000	0.00000000	0.00000000	0.00000000	0.00000000	0.00000000	0.00000000
0.00000360	1.48595572	0.00000000	0.00000000	0.00000000	0.00000000	0.00000000	0.00000000	0.00000000
0.00000400	1.49043369	0.00000000	0.00000000	0.00000000	0.00000000	0.00000000	0.00000000	0.00000000
0.00000440	1.49640441	0.00000000	0.00000000	0.00000000	0.00000000	0.00000000	0.00000000	0.00000000
0.00000480	1.48670197	0.00000000	0.00000000	0.00000000	0.00000000	0.00000000	0.00000000	0.00000000
0.00000520	1.44639981	0.00000000	9.51666451	0.00000000	0.00000000	0.00000000	0.00000000	0.00000000
0.00000560	1.53446758	8.79433346	0.00000000	0.00000000	0.00000000	0.00000000	0.00000000	0.00000000
0.00000600	1.51954079	0.00000000	0.00000000	0.00000000	0.00000000	0.00000000	0.00000000	0.00000000
0.00000640	1.44266820	0.00000000	0.00000000	0.00000000	0.00000000	0.00000000	0.00000000	0.00000000
0.00000720	1.47998500	0.00000000	4.75833225	0.00000000	0.00000000	0.00000000	0.00000000	0.00000000
0.00000800	1.46617782	0.00000000	0.00000000	0.00000000	0.00000000	0.00000000	0.00000000	0.00000000
0.00000880	1.43221951	0.00000000	0.00000000	0.00000000	0.00000000	0.00000000	0.00000000	0.00000000
0.00000960	1.45423639	4.39716673	0.00000000	5.00506449	0.00000000	0.00000000	0.00000000	0.00000000
0.00001040	1.40012705	0.00000000	0.00000000	0.00000000	0.00000000	0.00000000	0.00000000	0.00000000
0.00001120	1.47065580	0.00000000	4.75833225	0.00000000	0.00000000	0.00000000	0.00000000	0.00000000
0.00001200	1.46729732	0.00000000	0.00000000	0.00000000	0.00000000	0.00000000	0.00000000	0.00000000
0.00001280	1.46281922	0.00000000	0.00000000	0.00000000	0.00000000	0.00000000	0.00000000	0.00000000
0.00001440	1.43389869	0.00000000	0.00000000	0.00000000	0.00000000	0.00000000	0.00000000	0.00000000
0.00001600	1.45572901	0.00000000	0.00000000	2.50253224	0.00000000	0.00000000	0.00000000	0.00000000
0.00001760	1.45162416	2.19858336	0.00000000	0.00000000	0.00000000	0.00000000	0.00000000	0.00000000
0.00001920	1.45460951	2.19858336	0.00000000	0.00000000	0.00000000	0.00000000	0.00000000	0.00000000
0.00002080	1.41822565	0.00000000	0.00000000	0.00000000	0.00000000	0.00000000	0.00000000	0.00000000
0.00002240	1.44509375	0.00000000	7.13749838	0.00000000	0.00000000	0.00000000	0.00000000	0.00000000
0.00002400	1.42960727	0.00000000	0.00000000	0.00000000	0.00000000	0.00000000	0.00000000	0.00000000
0.00002560	1.45237052	0.00000000	4.75833225	0.00000000	0.00000000	0.00000000	0.00000000	0.00000000
0.00002880	1.41541016	1.09929168	0.00000000	1.26375782	0.00000000	0.00000000	0.00000000	0.00000000
0.00003200	1.42360997	2.19858336	1.17817223	1.26375782	0.00000000	0.00000000	0.00000000	0.00000000
0.00003520	1.40171266	0.00000000	0.00000000	1.26375782	0.00000000	0.00000000	0.00000000	0.00000000
0.00003840	1.39174235	1.09929168	1.17817223	1.26375782	0.00000000	0.00000000	0.00000000	0.00000000
0.00004160	1.38102663	1.09929168	0.00000000	0.00000000	0.00000000	0.00000000	0.00000000	0.00000000
0.00004480	1.36881995	2.19858336	1.17817223	1.26375782	0.00000000	0.00000000	0.00000000	0.00000000
0.00004800	1.36788809	0.00000000	2.35634446	1.26375782	0.00000000	0.00000000	0.00000000	0.00000000
0.00005120	1.36257684	1.09929168	2.35634446	5.05503130	0.00000000	0.00000000	0.00000000	0.00000000
0.00005760	1.34978402	2.75248837	1.18195760	0.63083148	0.00000000	0.00000000	0.00000000	0.00000000
0.00006400	1.33622956	0.00000000	0.59097880	1.26166296	0.00000000	0.00000000	0.00000000	0.00000000
0.00007040	1.32186353	0.00000000	1.18195760	1.26166296	0.00000000	0.00000000	0.00000000	0.00000000
0.00007680	1.31370652	1.10099530	1.77293634	0.63083148	0.00000000	0.00000000	0.00000000	0.00000000
0.00008320	1.30996823	0.00000000	1.18195760	1.26166296	0.00000000	0.00000000	0.00000000	0.00000000
0.00008960	1.28075194	1.10099530	1.18195760	0.00000000	0.00000000	0.00000000	0.00000000	0.00000000
0.00009600	1.28848958	0.55049765	2.36391521	0.00000000	0.00000000	0.00000000	0.00000000	0.00000000
0.00010240	1.26490402	1.10099530	0.59097880	1.26166296	0.00000000	0.00000000	0.00000000	0.00000000
0.00011520	1.25075269	1.93272555	1.17628646	1.25540936	0.00000000	0.00000000	0.00000000	0.00000000
0.00012800	1.23508406	0.55220729	0.58814323	0.62770468	0.00000000	0.00000000	0.00000000	0.00000000
0.00014080	1.22419405	1.38051820	1.17628646	1.25540936	0.00000000	0.00000000	0.00000000	0.00000000
0.00015360	1.21508348	0.00000000	1.17628646	1.25540936	0.00000000	0.00000000	0.00000000	0.00000000
0.00016640	1.18882847	1.10441458	1.47035801	1.25540936	0.00000000	0.00000000	0.00000000	0.00000000
0.00017920	1.17585266	1.93272555	0.88221484	1.56926167	0.00000000	0.00000000	0.00000000	0.00000000
0.00019200	1.17936826	0.00000000	0.58814323	0.94155699	0.00000000	0.00000000	0.00000000	0.00000000
0.00020480	1.16584742	0.82831091	2.35257292	1.88311398	0.00000000	0.00000000	0.00000000	0.00000000
0.00023040	1.13637650	0.96337092	0.59192854	0.78204131	0.00000000	0.00000000	0.00000000	0.00000000
0.00025600	1.12183464	0.82574648	0.88789278	1.09485781	0.00000000	0.00000000	0.00000000	0.00000000
0.00028160	1.10151184	0.68812209	1.03587496	0.31281653	0.00000000	0.00000000	0.00000000	0.00000000
0.00030720	1.09213626	0.82574648	1.03587496	0.62563306	0.00000000	0.00000000	0.00000000	0.00000000
0.00033280	1.06938541	0.68812209	1.33183920	0.78204131	0.00000000	0.00000000	0.00000000	0.00000000
0.00035840	1.06652606	1.51386857	0.73991066	0.78204131	0.00000000	0.00000000	0.00000000	0.00000000
0.00038400	1.05729830	0.68812209	1.03587496	1.56408262	0.00000000	0.00000000	0.00000000	0.00000000
0.00040960	1.05118608	0.41287324	0.44394639	1.40767431	0.00000000	0.00000000	0.00000000	0.00000000
0.00046080	1.03997087	0.82319397	0.81259578	0.77946454	0.00000000	0.00000000	0.00000000	0.00000000
0.00051200	1.02663577	0.54879600	0.96034050	0.93535745	0.00000000	0.00000000	0.00000000	0.00000000
0.00056320	1.01587081	0.96039295	0.59097880	1.01330400	0.00000000	0.00000000	0.00000000	0.00000000
0.00061440	1.00959444	0.82319397	0.81259578	1.01330400	0.00000000	0.00000000	0.00000000	0.00000000
0.00066560	1.00859141	0.82319397	0.73872346	1.09125042	0.00000000	0.00000000	0.00000000	0.00000000
0.00071680	1.00728822	1.02899241	1.40357459	1.48098266	0.00000000	0.00000000	0.00000000	0.00000000
0.00076800	0.99231529	1.44058943	1.03421283	1.55892909	0.00000000	0.00000000	0.00000000	0.00000000
0.00081920	1.00358200	1.16619146	1.18195760	0.85741103	0.00000000	0.00000000	0.00000000	0.00000000
0.00092160	0.99739707	0.99623305	0.88932085	1.05227721	0.00000000	0.00000000	0.00000000	0.00000000
0.00102400	0.99973828	0.89317447	1.11165106	0.93535745	0.00000000	0.00000000	0.00000000	0.00000000
0.00112640	1.00105715	0.79011589	0.77815574	0.93535745	0.00000000	0.00000000	0.00000000	0.00000000
0.00122880	0.99790847	0.92752737	1.40809131	1.16919684	0.00000000	0.00000000	0.00000000	0.00000000
0.00133120	1.00538731	0.89317447	0.96343088	0.97433072	0.00000000	0.00000000	0.00000000	0.00000000
0.00143360	1.00023317	1.23670316	0.88932085	0.81843781	0.00000000	0.00000000	0.00000000	0.00000000
0.00153600	0.99605769	0.92752737	1.11165106	1.16919684	0.00000000	0.00000000	0.00000000	0.00000000
0.00163840	0.99255908	1.20235026	0.81521076	1.01330400	0.00000000	0.00000000	0.00000000	0.00000000
0.00184320	0.99526274	1.06493878	1.22577059	0.79763550	0.00000000	0.00000000	0.00000000	0.00000000
0.00204800	1.00013363	0.82446873	1.22577059	0.91436261	0.00000000	0.00000000	0.00000000	0.00000000
0.00225280	1.00438941	0.99623305	0.91004181	1.03108978	0.00000000	0.00000000	0.00000000	0.00000000
0.00245760	0.99931961	1.08211517	0.79860812	0.71981740	0.00000000	0.00000000	0.00000000	0.00000000
0.00266240	0.99474430	0.97905666	1.04004776	1.08945334	0.00000000	0.00000000	0.00000000	0.00000000
0.00286720	0.99195397	1.08211517	0.91004181	0.85599905	0.00000000	0.00000000	0.00000000	0.00000000
0.00307200	0.98949480	0.80729234	1.09576464	1.03108978	0.00000000	0.00000000	0.00000000	0.00000000
0.00327680	0.99923122	1.13364458	0.94718635	1.06999886	0.00000000	0.00000000	0.00000000	0.00000000
0.00368640	1.00137603	0.92896479	1.17857504	0.81978893	0.00000000	0.00000000	0.00000000	0.00000000
0.00409600	1.00234747	0.87735564	1.11309862	1.02473617	0.00000000	0.00000000	0.00000000	0.00000000
0.00450560	1.00528383	1.04938614	1.01956093	1.06377375	0.00000000	0.00000000	0.00000000	0.00000000
0.00491520	1.00071955	1.03218317	1.00085342	0.99545795	0.00000000	0.00000000	0.00000000	0.00000000
0.00532480	1.00247347	1.07519078	0.89723718	0.76123255	0.00000000	0.00000000	0.00000000	0.00000000
0.00573440	1.00729358	1.04857397	0.97200698	1.15160823	0.00000000	0.00000000	0.00000000	0.00000000
0.00614400	0.99816018	1.01419449	1.03659391	0.99545795	0.00000000	0.00000000	0.00000000	0.00000000
0.00655360	0.99933338	1.12592781	0.94320703	0.78075135	0.00000000	0.00000000	0.00000000	0.00000000
0.00737280	1.00390434	1.07352960	0.97043920	1.05141187	0.00000000	0.00000000	0.00000000	0.00000000
0.00819200	0.99548078	0.97754341	1.03109169	0.95405889	0.00000000	0.00000000	0.00000000	0.00000000
0.00901120	1.00033808	1.00755572	0.91985977	1.10190213	0.00000000	0.00000000	0.00000000	0.00000000
0.00983040	1.00076258	0.98611838	0.91519040	0.92226255	0.00000000	0.00000000	0.00000000	0.00000000
0.01064960	0.99647069	1.04185545	0.92452908	0.98569858	0.00000000	0.00000000	0.00000000	0.00000000
0.01146880	1.00177073	1.03408086	0.99923849	1.07841277	0.00000000	0.00000000	0.00000000	0.00000000
0.01228800	1.00123787	0.95255584	0.95254511	1.02961588	0.00000000	0.00000000	0.00000000	0.00000000
0.01310720	1.00159752	0.93110192	1.04210365	1.12720978	0.00000000	0.00000000	0.00000000	0.00000000
0.01474560	0.99749649	1.02447176	0.98989981	1.02061141	0.00000000	0.00000000	0.00000000	0.00000000
0.01638400	1.00160909	0.97100246	1.04210365	1.02707219	0.00000000	0.00000000	0.00000000	0.00000000
0.01802240	0.99860096	1.02098382	1.01324654	0.91922688	0.00000000	0.00000000	0.00000000	0.00000000
0.01966080	1.00071383	1.06544173	1.04975390	1.02136326	0.00000000	0.00000000	0.00000000	0.00000000
0.02129920	0.99696237	1.06807327	0.98523051	0.98163819	0.00000000	0.00000000	0.00000000	0.00000000
0.02293760	0.99826491	1.04880941	0.99690384	1.02389133	0.00000000	0.00000000	0.00000000	0.00000000
0.02457600	0.99862230	1.00678003	1.06694388	1.01414001	0.00000000	0.00000000	0.00000000	0.00000000
0.02621440	0.99802911	0.93394917	0.93695867	1.03364265	0.00000000	0.00000000	0.00000000	0.00000000
0.02949120	1.00097167	1.04614294	1.02244425	0.94432354	0.00000000	0.00000000	0.00000000	0.00000000
0.03276800	0.99942732	1.03435242	1.03874743	0.99463731	0.00000000	0.00000000	0.00000000	0.00000000
0.03604480	0.99812216	1.01369965	0.99682486	1.02717602	0.00000000	0.00000000	0.00000000	0.00000000
0.03932160	0.99928147	1.05875301	1.03609014	1.01985645	0.00000000	0.00000000	0.00000000	0.00000000
0.04259840	0.99835646	0.98397464	1.03092825	1.02717602	0.00000000	0.00000000	0.00000000	0.00000000
0.04587520	0.99918240	0.98259139	1.02777231	1.00560760	0.00000000	0.00000000	0.00000000	0.00000000
0.04915200	0.99987096	0.95717794	0.98940521	1.00843298	0.00000000	0.00000000	0.00000000	0.00000000
0.05242880	1.00303388	0.99254954	0.99129552	0.95484477	0.00000000	0.00000000	0.00000000	0.00000000
0.05898240	0.99927753	1.01934624	1.03300416	1.02426589	0.00000000	0.00000000	0.00000000	0.00000000
0.06553600	1.00001454	1.01934624	1.00638556	0.96580595	0.00000000	0.00000000	0.00000000	0.00000000
0.07208960	0.99973118	0.99898076	0.99861753	1.02328193	0.00000000	0.00000000	0.00000000	0.00000000
0.07864320	0.99909955	1.00350904	0.95783329	1.02122104	0.00000000	0.00000000	0.00000000	0.00000000
0.08519680	1.00043178	0.96125734	0.97617108	0.98549539	0.00000000	0.00000000	0.00000000	0.00000000
0.09175040	1.00010967	0.99439108	0.99028254	0.99402785	0.00000000	0.00000000	0.00000000	0.00000000
0.09830400	0.99887317	1.01852679	0.99317980	0.94866365	0.00000000	0.00000000	0.00000000	0.00000000
0.10485760	1.00204647	0.98504651	1.00720704	0.97491366	0.00000000	0.00000000	0.00000000	0.00000000
0.11796480	1.00135326	1.02628100	1.00888383	1.02301598	0.00000000	0.00000000	0.00000000	0.00000000
0.13107200	1.00204718	1.02290666	0.99183691	0.97671533	0.00000000	0.00000000	0.00000000	0.00000000
0.14417920	0.99975133	1.01171041	0.99745893	0.97640485	0.00000000	0.00000000	0.00000000	0.00000000
0.15728641	1.00088680	1.01498115	1.00261438	0.97240180	0.00000000	0.00000000	0.00000000	0.00000000
0.17039360	0.99790871	0.99355567	0.98276973	1.02106869	0.00000000	0.00000000	0.00000000	0.00000000
0.18350080	1.00046718	0.98795199	1.02469480	1.01668072	0.00000000	0.00000000	0.00000000	0.00000000
0.19660801	0.99932033	0.99772137	0.98652202	1.02080750	0.00000000	0.00000000	0.00000000	0.00000000
0.20971520	0.99996126	0.98692739	0.97144252	0.98531890	0.00000000	0.00000000	0.00000000	0.00000000
0.23592959	1.00077844	0.98919135	0.99970967	0.99315768	0.00000000	0.00000000	0.00000000	0.00000000
0.26214400	1.00069189	1.00650454	1.00375688	0.99721861	0.00000000	0.00000000	0.00000000	0.00000000
0.28835839	0.99918681	1.00153446	0.99692512	1.01045942	0.00000000	0.00000000	0.00000000	0.00000000
0.31457281	1.00021994	1.01808619	0.98381656	0.98014200	0.00000000	0.00000000	0.00000000	0.00000000
0.34078720	0.99971759	0.99000108	0.98564571	0.98302120	0.00000000	0.00000000	0.00000000	0.00000000
0.36700159	1.00013161	0.97754312	1.00129783	0.98258573	0.00000000	0.00000000	0.00000000	0.00000000
0.39321601	0.99915391	0.99884713	1.01614308	0.98416483	0.00000000	0.00000000	0.00000000	0.00000000
0.41943040	1.00018752	1.01315284	1.01124144	1.00329280	0.00000000	0.00000000	0.00000000	0.00000000
0.47185919	1.00015521	0.98986852	1.00367427	1.00181139	0.00000000	0.00000000	0.00000000	0.00000000
0.52428800	0.99967170	1.00146222	1.00864291	0.98714161	0.00000000	0.00000000	0.00000000	0.00000000
0.57671678	1.00005805	1.00495088	0.99435061	0.98947108	0.00000000	0.00000000	0.00000000	0.00000000
0.62914562	0.99978840	0.99224961	0.99285394	1.01345396	0.00000000	0.00000000	0.00000000	0.00000000
0.68157440	0.99929923	1.00979388	0.99864537	1.01093400	0.00000000	0.00000000	0.00000000	0.00000000
0.73400319	1.00069380	1.00446141	1.01278937	0.98544097	0.00000000	0.00000000	0.00000000	0.00000000
0.78643203	0.99945885	0.97899282	1.01305735	0.99456525	0.00000000	0.00000000	0.00000000	0.00000000
0.83886081	0.99996823	1.01092434	1.00321722	1.00224733	0.00000000	0.00000000	0.00000000	0.00000000
0.94371837	0.99957311	0.99333680	0.99598414	0.99497592	0.00000000	0.00000000	0.00000000	0.00000000
1.04857600	1.00025249	0.99980581	0.99947482	1.00916898	0.00000000	0.00000000	0.00000000	0.00000000
1.15343356	1.00045109	0.99304205	1.00563836	1.00235522	0.00000000	0.00000000	0.00000000	0.00000000
1.25829124	0.99990040	0.99545491	1.00342238	0.99545813	0.00000000	0.00000000	0.00000000	0.00000000
1.36314881	1.00026727	0.99445301	0.99009842	0.99534601	0.00000000	0.00000000	0.00000000	0.00000000
1.46800637	0.99938148	0.99562746	1.00353754	0.99535918	0.00000000	0.00000000	0.00000000	0.00000000
1.57286406	0.99958754	1.01041412	0.99183589	1.00018513	0.00000000	0.00000000	0.00000000	0.00000000
1.67772162	0.99978811	0.99227029	0.99906927	1.01010871	0.00000000	0.00000000	0.00000000	0.00000000
1.88743675	1.00005865	1.00763321	1.01017988	1.00000000	0.00000000	0.00000000	0.00000000	0.00000000
2.09715199	1.00003028	0.98404932	0.99663490	0.99589801	0.00000000	0.00000000	0.00000000	0.00000000
2.30686712	0.99997056	1.00380456	0.99442995	0.99967986	0.00000000	0.00000000	0.00000000	0.00000000
2.51658249	0.99989557	0.99584717	1.00955856	1.00812340	0.00000000	0.00000000	0.00000000	0.00000000
2.72629762	0.99986392	0.99209177	0.98704207	0.99680316	0.00000000	0.00000000	0.00000000	0.00000000
2.93601274	1.00008953	0.99183279	0.99564862	0.98861134	0.00000000	0.00000000	0.00000000	0.00000000
3.14572811	1.00051427	1.00766122	0.99159712	0.99678308	0.00000000	0.00000000	0.00000000	0.00000000
3.35544324	1.00001061	1.00744450	1.01271451	1.02007020	0.00000000	0.00000000	0.00000000	0.00000000
3.77487350	0.99984336	1.00157177	0.99486035	0.99601275	0.00000000	0.00000000	0.00000000	0.00000000
4.19430399	1.00015914	1.01115549	1.00484693	1.00468850	0.00000000	0.00000000	0.00000000	0.00000000
4.61373425	1.00001478	0.99036145	0.99719298	0.99640393	0.00000000	0.00000000	0.00000000	0.00000000
5.03316498	1.00000000	1.00000000	1.00000000	1.00000000	0.00000000	0.00000000	0.00000000	0.00000000
5.45259523	0.00000000	0.00000000	0.00000000	0.00000000	0.00000000	0.00000000	0.00000000	0.00000000
5.87202549	0.00000000	0.00000000	0.00000000	0.00000000	0.00000000	0.00000000	0.00000000	0.00000000
6.29145622	0.00000000	0.00000000	0.00000000	0.00000000	0.00000000	0.00000000	0.00000000	0.00000000
6.71088648	0.00000000	0.00000000	0.00000000	0.00000000	0.00000000	0.00000000	0.00000000	0.00000000
7.54974699	0.00000000	0.00000000	0.00000000	0.00000000	0.00000000	0.00000000	0.00000000	0.00000000
8.38860798	0.00000000	0.00000000	0.00000000	0.00000000	0.00000000	0.00000000	0.00000000	0.00000000
9.22746849	0.00000000	0.00000000	0.00000000	0.00000000	0.00000000	0.00000000	0.00000000	0.00000000
10.06632996	0.00000000	0.00000000	0.00000000	0.00000000	0.00000000	0.00000000	0.00000000	0.00000000
10.90519047	0.00000000	0.00000000	0.00000000	0.00000000	0.00000000	0.00000000	0.00000000	0.00000000
11.74405098	0.00000000	0.00000000	0.00000000	0.00000000	0.00000000	0.00000000	0.00000000	0.00000000
12.58291245	0.00000000	0.00000000	0.00000000	0.00000000	0.00000000	0.00000000	0.00000000	0.00000000
13.42177296	0.00000000	0.00000000	0.00000000	0.00000000	0.00000000	0.00000000	0.00000000	0.00000000
15.09949398	0.00000000	0.00000000	0.00000000	0.00000000	0.00000000	0.00000000	0.00000000	0.00000000
16.77721596	0.00000000	0.00000000	0.00000000	0.00000000	0.00000000	0.00000000	0.00000000	0.00000000
18.45493698	0.00000000	0.00000000	0.00000000	0.00000000	0.00000000	0.00000000	0.00000000	0.00000000
20.13265991	0.00000000	0.00000000	0.00000000	0.00000000	0.00000000	0.00000000	0.00000000	0.00000000
21.81038094	0.00000000	0.00000000	0.00000000	0.00000000	0.00000000	0.00000000	0.00000000	0.00000000
23.48810196	0.00000000	0.00000000	0.00000000	0.00000000	0.00000000	0.00000000	0.00000000	0.00000000
25.16582489	0.00000000	0.00000000	0.00000000	0.00000000	0.00000000	0.00000000	0.00000000	0.00000000
26.84354591	0.00000000	0.00000000	0.00000000	0.00000000	0.00000000	0.00000000	0.00000000	0.00000000
30.19898796	0.00000000	0.00000000	0.00000000	0.00000000	0.00000000	0.00000000	0.00000000	0.00000000
33.55443192	0.00000000	0.00000000	0.00000000	0.00000000	0.00000000	0.00000000	0.00000000	0.00000000
36.90987396	0.00000000	0.00000000	0.00000000	0.00000000	0.00000000	0.00000000	0.00000000	0.00000000
40.26531982	0.00000000	0.00000000	0.00000000	0.00000000	0.00000000	0.00000000	0.00000000	0.00000000
43.62076187	0.00000000	0.00000000	0.00000000	0.00000000	0.00000000	0.00000000	0.00000000	0.00000000
46.97620392	0.00000000	0.00000000	0.00000000	0.00000000	0.00000000	0.00000000	0.00000000	0.00000000
50.33164978	0.00000000	0.00000000	0.00000000	0.00000000	0.00000000	0.00000000	0.00000000	0.00000000
53.68709183	0.00000000	0.00000000	0.00000000	0.00000000	0.00000000	0.00000000	0.00000000	0.00000000
60.39797592	0.00000000	0.00000000	0.00000000	0.00000000	0.00000000	0.00000000	0.00000000	0.00000000
67.10886383	0.00000000	0.00000000	0.00000000	0.00000000	0.00000000	0.00000000	0.00000000	0.00000000
73.81974792	0.00000000	0.00000000	0.00000000	0.00000000	0.00000000	0.00000000	0.00000000	0.00000000
80.53063965	0.00000000	0.00000000	0.00000000	0.00000000	0.00000000	0.00000000	0.00000000	0.00000000
87.24152374	0.00000000	0.00000000	0.00000000	0.00000000	0.00000000	0.00000000	0.00000000	0.00000000
93.95240784	0.00000000	0.00000000	0.00000000	0.00000000	0.00000000	0.00000000	0.00000000	0.00000000
100.66329956	0.00000000	0.00000000	0.00000000	0.00000000	0.00000000	0.00000000	0.00000000	0.00000000
107.37418365	0.00000000	0.00000000	0.00000000	0.00000000	0.00000000	0.00000000	0.00000000	0.00000000
120.79595184	0.00000000	0.00000000	0.00000000	0.00000000	0.00000000	0.00000000	0.00000000	0.00000000
134.21772766	0.00000000	0.00000000	0.00000000	0.00000000	0.00000000	0.00000000	0.00000000	0.00000000
147.63949585	0.00000000	0.00000000	0.00000000	0.00000000	0.00000000	0.00000000	0.00000000	0.00000000
161.06127930	0.00000000	0.00000000	0.00000000	0.00000000	0.00000000	0.00000000	0.00000000	0.00000000
174.48304749	0.00000000	0.00000000	0.00000000	0.00000000	0.00000000	0.00000000	0.00000000	0.00000000
187.90481567	0.00000000	0.00000000	0.00000000	0.00000000	0.00000000	0.00000000	0.00000000	0.00000000
201.32659912	0.00000000	0.00000000	0.00000000	0.00000000	0.00000000	0.00000000	0.00000000	0.00000000
214.74836731	0.00000000	0.00000000	0.00000000	0.00000000	0.00000000	0.00000000	0.00000000	0.00000000
241.59190369	0.00000000	0.00000000	0.00000000	0.00000000	0.00000000	0.00000000	0.00000000	0.00000000
268.43545532	0.00000000	0.00000000	0.00000000	0.00000000	0.00000000	0.00000000	0.00000000	0.00000000
295.27899170	0.00000000	0.00000000	0.00000000	0.00000000	0.00000000	0.00000000	0.00000000	0.00000000
322.12255859	0.00000000	0.00000000	0.00000000	0.00000000	0.00000000	0.00000000	0.00000000	0.00000000
348.96609497	0.00000000	0.00000000	0.00000000	0.00000000	0.00000000	0.00000000	0.00000000	0.00000000
375.80963135	0.00000000	0.00000000	0.00000000	0.00000000	0.00000000	0.00000000	0.00000000	0.00000000
402.65319824	0.00000000	0.00000000	0.00000000	0.00000000	0.00000000	0.00000000	0.00000000	0.00000000
429.49673462	0.00000000	0.00000000	0.00000000	0.00000000	0.00000000	0.00000000	0.00000000	0.00000000
483.18380737	0.00000000	0.00000000	0.00000000	0.00000000	0.00000000	0.00000000	0.00000000	0.00000000
536.87091064	0.00000000	0.00000000	0.00000000	0.00000000	0.00000000	0.00000000	0.00000000	0.00000000
590.55798340	0.00000000	0.00000000	0.00000000	0.00000000	0.00000000	0.00000000	0.00000000	0.00000000
644.24511719	0.00000000	0.00000000	0.00000000	0.00000000	0.00000000	0.00000000	0.00000000	0.00000000
697.93218994	0.00000000	0.00000000	0.00000000	0.00000000	0.00000000	0.00000000	0.00000000	0.00000000
751.61926270	0.00000000	0.00000000	0.00000000	0.00000000	0.00000000	0.00000000	0.00000000	0.00000000
805.30639648	0.00000000	0.00000000	0.00000000	0.00000000	0.00000000	0.00000000	0.00000000	0.00000000
858.99346924	0.00000000	0.00000000	0.00000000	0.00000000	0.00000000	0.00000000	0.00000000	0.00000000
966.36761475	0.00000000	0.00000000	0.00000000	0.00000000	0.00000000	0.00000000	0.00000000	0.00000000
1073.74182129	0.00000000	0.00000000	0.00000000	0.00000000	0.00000000	0.00000000	0.00000000	0.00000000
1181.11596680	0.00000000	0.00000000	0.00000000	0.00000000	0.00000000	0.00000000	0.00000000	0.00000000
1288.49023437	0.00000000	0.00000000	0.00000000	0.00000000	0.00000000	0.00000000	0.00000000	0.00000000
1395.86437988	0.00000000	0.00000000	0.00000000	0.00000000	0.00000000	0.00000000	0.00000000	0.00000000
1503.23852539	0.00000000	0.00000000	0.00000000	0.00000000	0.00000000	0.00000000	0.00000000	0.00000000
1610.61279297	0.00000000	0.00000000	0.00000000	0.00000000	0.00000000	0.00000000	0.00000000	0.00000000
1717.98693848	0.00000000	0.00000000	0.00000000	0.00000000	0.00000000	0.00000000	0.00000000	0.00000000
1932.73522949	0.00000000	0.00000000	0.00000000	0.00000000	0.00000000	0.00000000	0.00000000	0.00000000
2147.48364258	0.00000000	0.00000000	0.00000000	0.00000000	0.00000000	0.00000000	0.00000000	0.00000000
2362.23193359	0.00000000	0.00000000	0.00000000	0.00000000	0.00000000	0.00000000	0.00000000	0.00000000
2576.98046875	0.00000000	0.00000000	0.00000000	0.00000000	0.00000000	0.00000000	0.00000000	0.00000000
2791.72875977	0.00000000	0.00000000	0.00000000	0.00000000	0.00000000	0.00000000	0.00000000	0.00000000
3006.47705078	0.00000000	0.00000000	0.00000000	0.00000000	0.00000000	0.00000000	0.00000000	0.00000000
3221.22558594	0.00000000	0.00000000	0.00000000	0.00000000	0.00000000	0.00000000	0.00000000	0.00000000
3435.97387695	0.00000000	0.00000000	0.00000000	0.00000000	0.00000000	0.00000000	0.00000000	0.00000000
0	0	0	0	0	0	0	0	0
