%12/22/2018 11:30:30 AM
%Duration	ID1		ID2		ID3		ID4		ID5		ID6		ID7		ID8
1000.000000	163.640976	0.505447	0.534058	0.438690	0.000000	0.000000	0.000000	0.000000
%Tau		Tau1		Tau2		Tau3		Tau4		Tau5		Tau6		Tau7		Tau8
%		0.000230	0.000001	0.000001	0.000001	0.000000	0.000000	0.000000	0.000000
%Delaytime	D1		D2		D3		D4		D5		D6		D7		D8
0.00000020	1.78314996	112.83031464	187.24478149	0.00000000	0.00000000	0.00000000	0.00000000	0.00000000
0.00000040	1.55254591	0.00000000	0.00000000	0.00000000	0.00000000	0.00000000	0.00000000	0.00000000
0.00000060	1.50174844	0.00000000	0.00000000	62.04591751	0.00000000	0.00000000	0.00000000	0.00000000
0.00000080	1.51948726	0.00000000	0.00000000	0.00000000	0.00000000	0.00000000	0.00000000	0.00000000
0.00000100	1.48763812	0.00000000	0.00000000	0.00000000	0.00000000	0.00000000	0.00000000	0.00000000
0.00000120	1.49691057	0.00000000	46.81119537	0.00000000	0.00000000	0.00000000	0.00000000	0.00000000
0.00000140	1.50376427	0.00000000	0.00000000	0.00000000	0.00000000	0.00000000	0.00000000	0.00000000
0.00000160	1.49368536	0.00000000	0.00000000	0.00000000	0.00000000	0.00000000	0.00000000	0.00000000
0.00000180	1.57834768	0.00000000	0.00000000	0.00000000	0.00000000	0.00000000	0.00000000	0.00000000
0.00000200	1.47151196	0.00000000	0.00000000	0.00000000	0.00000000	0.00000000	0.00000000	0.00000000
0.00000220	1.50739264	0.00000000	0.00000000	0.00000000	0.00000000	0.00000000	0.00000000	0.00000000
0.00000240	1.52351880	0.00000000	0.00000000	0.00000000	0.00000000	0.00000000	0.00000000	0.00000000
0.00000260	1.47433400	56.41515732	0.00000000	0.00000000	0.00000000	0.00000000	0.00000000	0.00000000
0.00000280	1.52472818	0.00000000	0.00000000	0.00000000	0.00000000	0.00000000	0.00000000	0.00000000
0.00000300	1.50900519	0.00000000	0.00000000	0.00000000	0.00000000	0.00000000	0.00000000	0.00000000
0.00000320	1.49328220	0.00000000	0.00000000	0.00000000	0.00000000	0.00000000	0.00000000	0.00000000
0.00000360	1.52513134	0.00000000	0.00000000	0.00000000	0.00000000	0.00000000	0.00000000	0.00000000
0.00000400	1.47957504	0.00000000	0.00000000	0.00000000	0.00000000	0.00000000	0.00000000	0.00000000
0.00000440	1.50255477	0.00000000	0.00000000	0.00000000	0.00000000	0.00000000	0.00000000	0.00000000
0.00000480	1.53319442	0.00000000	0.00000000	0.00000000	0.00000000	0.00000000	0.00000000	0.00000000
0.00000520	1.51626194	0.00000000	0.00000000	0.00000000	0.00000000	0.00000000	0.00000000	0.00000000
0.00000560	1.48703337	0.00000000	0.00000000	0.00000000	0.00000000	0.00000000	0.00000000	0.00000000
0.00000600	1.49308062	0.00000000	0.00000000	0.00000000	0.00000000	0.00000000	0.00000000	0.00000000
0.00000640	1.49993432	0.00000000	0.00000000	0.00000000	0.00000000	0.00000000	0.00000000	0.00000000
0.00000720	1.51807618	0.00000000	0.00000000	0.00000000	0.00000000	0.00000000	0.00000000	0.00000000
0.00000800	1.50225234	0.00000000	0.00000000	0.00000000	0.00000000	0.00000000	0.00000000	0.00000000
0.00000880	1.48935151	0.00000000	0.00000000	15.51147938	0.00000000	0.00000000	0.00000000	0.00000000
0.00000960	1.49197197	0.00000000	11.70279884	0.00000000	0.00000000	0.00000000	0.00000000	0.00000000
0.00001040	1.47322536	0.00000000	0.00000000	15.51147938	0.00000000	0.00000000	0.00000000	0.00000000
0.00001120	1.47554350	0.00000000	0.00000000	0.00000000	0.00000000	0.00000000	0.00000000	0.00000000
0.00001200	1.46899223	0.00000000	0.00000000	0.00000000	0.00000000	0.00000000	0.00000000	0.00000000
0.00001280	1.47131038	0.00000000	0.00000000	0.00000000	0.00000000	0.00000000	0.00000000	0.00000000
0.00001440	1.48552155	7.05189466	0.00000000	0.00000000	0.00000000	0.00000000	0.00000000	0.00000000
0.00001600	1.46899223	0.00000000	0.00000000	0.00000000	0.00000000	0.00000000	0.00000000	0.00000000
0.00001760	1.47796237	0.00000000	0.00000000	0.00000000	0.00000000	0.00000000	0.00000000	0.00000000
0.00001920	1.48526955	0.00000000	0.00000000	7.75573969	0.00000000	0.00000000	0.00000000	0.00000000
0.00002080	1.46717799	0.00000000	0.00000000	0.00000000	0.00000000	0.00000000	0.00000000	0.00000000
0.00002240	1.45669603	0.00000000	0.00000000	0.00000000	0.00000000	0.00000000	0.00000000	0.00000000
0.00002400	1.45321882	0.00000000	0.00000000	0.00000000	0.00000000	0.00000000	0.00000000	0.00000000
0.00002560	1.45987082	7.05189466	0.00000000	0.00000000	0.00000000	0.00000000	0.00000000	0.00000000
0.00002880	1.44511592	0.00000000	0.00000000	0.00000000	0.00000000	0.00000000	0.00000000	0.00000000
0.00003200	1.46637094	0.00000000	0.00000000	3.87786984	0.00000000	0.00000000	0.00000000	0.00000000
0.00003520	1.44820142	3.58708262	0.00000000	0.00000000	0.00000000	0.00000000	0.00000000	0.00000000
0.00003840	1.44092560	7.17416525	0.00000000	0.00000000	0.00000000	0.00000000	0.00000000	0.00000000
0.00004160	1.43240428	0.00000000	0.00000000	0.00000000	0.00000000	0.00000000	0.00000000	0.00000000
0.00004480	1.42777276	0.00000000	0.00000000	0.00000000	0.00000000	0.00000000	0.00000000	0.00000000
0.00004800	1.41754925	0.00000000	6.03820562	3.87786984	0.00000000	0.00000000	0.00000000	0.00000000
0.00005120	1.42066944	3.58708262	6.03820562	0.00000000	0.00000000	0.00000000	0.00000000	0.00000000
0.00005760	1.40860355	0.00000000	1.53025353	0.00000000	0.00000000	0.00000000	0.00000000	0.00000000
0.00006400	1.39528775	1.79796982	0.00000000	1.95897543	0.00000000	0.00000000	0.00000000	0.00000000
0.00007040	1.39869821	0.00000000	3.06050706	0.00000000	0.00000000	0.00000000	0.00000000	0.00000000
0.00007680	1.38229442	1.79796982	0.00000000	0.00000000	0.00000000	0.00000000	0.00000000	0.00000000
0.00008320	1.37330437	1.79796982	0.00000000	0.00000000	0.00000000	0.00000000	0.00000000	0.00000000
0.00008960	1.36554301	5.39390945	0.00000000	0.00000000	0.00000000	0.00000000	0.00000000	0.00000000
0.00009600	1.35748589	0.00000000	4.59076071	0.00000000	0.00000000	0.00000000	0.00000000	0.00000000
0.00010240	1.34964550	0.00000000	3.06050706	0.00000000	0.00000000	0.00000000	0.00000000	0.00000000
0.00011520	1.32793856	1.80688167	0.76862448	0.96451491	0.00000000	0.00000000	0.00000000	0.00000000
0.00012800	1.30274844	3.61376333	0.76862448	0.00000000	0.00000000	0.00000000	0.00000000	0.00000000
0.00014080	1.29480660	2.71032262	0.76862448	3.85805964	0.00000000	0.00000000	0.00000000	0.00000000
0.00015360	1.27792001	1.80688167	1.53724897	0.96451491	0.00000000	0.00000000	0.00000000	0.00000000
0.00016640	1.26157331	0.90344083	1.53724897	0.00000000	0.00000000	0.00000000	0.00000000	0.00000000
0.00017920	1.25671840	0.90344083	0.76687366	1.92902982	0.00000000	0.00000000	0.00000000	0.00000000
0.00019200	1.24196219	0.00000000	0.76687366	0.96451491	0.00000000	0.00000000	0.00000000	0.00000000
0.00020480	1.23604167	0.90344083	0.00000000	0.96451491	0.00000000	0.00000000	0.00000000	0.00000000
0.00023040	1.20872819	1.34847736	1.54429257	0.47253966	0.00000000	0.00000000	0.00000000	0.00000000
0.00025600	1.18877625	0.00000000	0.38607314	1.89015865	0.00000000	0.00000000	0.00000000	0.00000000
0.00028160	1.17159498	1.34847736	1.15821934	0.94507933	0.00000000	0.00000000	0.00000000	0.00000000
0.00030720	1.15022171	0.89898491	0.38607314	1.89015865	0.00000000	0.00000000	0.00000000	0.00000000
0.00033280	1.14231622	1.79796982	0.38607314	0.47253966	0.00000000	0.00000000	0.00000000	0.00000000
0.00035840	1.12611365	1.34847736	0.77214628	0.00000000	0.00000000	0.00000000	0.00000000	0.00000000
0.00038400	1.11198545	1.79796982	0.77214628	0.94507933	0.00000000	0.00000000	0.00000000	0.00000000
0.00040960	1.10297680	1.34847736	1.15821934	0.47253966	0.00000000	0.00000000	0.00000000	0.00000000
0.00046080	1.07900810	1.10726643	1.32085752	0.71422482	0.00000000	0.00000000	0.00000000	0.00000000
0.00051200	1.06453371	0.66435987	1.13216352	0.71422482	0.00000000	0.00000000	0.00000000	0.00000000
0.00056320	1.04967403	0.66435987	0.75477570	0.95229977	0.00000000	0.00000000	0.00000000	0.00000000
0.00061440	1.03785193	1.32871974	0.94346964	1.19037473	0.00000000	0.00000000	0.00000000	0.00000000
0.00066560	1.03281307	0.22145329	0.94346964	0.95229977	0.00000000	0.00000000	0.00000000	0.00000000
0.00071680	1.02582264	0.88581318	1.13216352	2.14267445	0.00000000	0.00000000	0.00000000	0.00000000
0.00076800	1.02043271	0.88581318	1.13216352	1.42844963	0.00000000	0.00000000	0.00000000	0.00000000
0.00081920	1.01804268	0.66435987	0.56608176	1.66652453	0.00000000	0.00000000	0.00000000	0.00000000
0.00092160	1.00677192	0.66762853	1.12705803	2.13723612	0.00000000	0.00000000	0.00000000	0.00000000
0.00102400	1.00319350	1.44652855	1.40882242	1.18735349	0.00000000	0.00000000	0.00000000	0.00000000
0.00112640	1.00373876	0.89017141	0.65745050	0.35620603	0.00000000	0.00000000	0.00000000	0.00000000
0.00122880	1.00642014	0.77889997	1.50274396	0.83114743	0.00000000	0.00000000	0.00000000	0.00000000
0.00133120	1.00423741	0.55635715	0.65745050	1.18735349	0.00000000	0.00000000	0.00000000	0.00000000
0.00143360	1.00335383	2.11415696	0.65745050	1.18735349	0.00000000	0.00000000	0.00000000	0.00000000
0.00153600	0.99993777	0.66762853	0.75137198	0.83114743	0.00000000	0.00000000	0.00000000	0.00000000
0.00163840	1.00203192	0.77889997	1.50274396	0.94988275	0.00000000	0.00000000	0.00000000	0.00000000
0.00184320	1.00093520	1.33525705	1.13216352	0.88601184	0.00000000	0.00000000	0.00000000	0.00000000
0.00204800	1.00047565	0.94580710	1.17933702	1.06321418	0.00000000	0.00000000	0.00000000	0.00000000
0.00225280	1.00039649	0.66762853	0.66042876	0.41347221	0.00000000	0.00000000	0.00000000	0.00000000
0.00245760	1.00576580	1.33525705	0.70760220	1.12228167	0.00000000	0.00000000	0.00000000	0.00000000
0.00266240	1.00562167	1.05707848	1.22651052	0.82694441	0.00000000	0.00000000	0.00000000	0.00000000
0.00286720	1.00566435	1.11271429	0.66042876	1.00414681	0.00000000	0.00000000	0.00000000	0.00000000
0.00307200	1.00273442	1.27962136	0.84912264	1.00414681	0.00000000	0.00000000	0.00000000	0.00000000
0.00327680	0.99841583	0.66762853	1.08499002	0.76787692	0.00000000	0.00000000	0.00000000	0.00000000
0.00368640	1.00793040	0.88581318	0.97365493	1.37241423	0.00000000	0.00000000	0.00000000	0.00000000
0.00409600	1.01582587	0.91349483	1.23768592	1.19340360	0.00000000	0.00000000	0.00000000	0.00000000
0.00450560	1.01324928	0.94117647	0.95206612	1.28618169	0.00000000	0.00000000	0.00000000	0.00000000
0.00491520	1.01521540	0.80276817	1.28528929	1.07680321	0.00000000	0.00000000	0.00000000	0.00000000
0.00532480	1.00661922	0.91349483	0.92826444	0.95715845	0.00000000	0.00000000	0.00000000	0.00000000
0.00573440	0.99793732	0.94117647	1.23768592	1.10671449	0.00000000	0.00000000	0.00000000	0.00000000
0.00614400	0.99375457	0.77508652	1.07107437	1.01698089	0.00000000	0.00000000	0.00000000	0.00000000
0.00655360	0.99200082	0.80276817	0.80925620	1.25627041	0.00000000	0.00000000	0.00000000	0.00000000
0.00737280	0.99223500	0.77699089	1.02834976	1.28290892	0.00000000	0.00000000	0.00000000	0.00000000
0.00819200	1.00022566	0.86023992	1.04016995	0.89505273	0.00000000	0.00000000	0.00000000	0.00000000
0.00901120	1.00384939	1.02673793	0.96924925	1.05914569	0.00000000	0.00000000	0.00000000	0.00000000
0.00983040	0.99879926	1.04061282	0.87468833	0.88013518	0.00000000	0.00000000	0.00000000	0.00000000
0.01064960	0.98919964	1.08223736	0.82740790	1.23815632	0.00000000	0.00000000	0.00000000	0.00000000
0.01146880	0.99005294	0.98511344	0.99514604	1.10389841	0.00000000	0.00000000	0.00000000	0.00000000
0.01228800	0.98810565	1.24873531	1.01883996	1.01439309	0.00000000	0.00000000	0.00000000	0.00000000
0.01310720	0.99439025	0.88798958	0.84113532	1.07406330	0.00000000	0.00000000	0.00000000	0.00000000
0.01474560	1.00376534	1.11291075	0.98758721	1.06932545	0.00000000	0.00000000	0.00000000	0.00000000
0.01638400	1.00260973	0.80081499	0.87071294	1.03941429	0.00000000	0.00000000	0.00000000	0.00000000
0.01802240	1.00317156	0.92507941	0.93499380	1.00950301	0.00000000	0.00000000	0.00000000	0.00000000
0.01966080	0.99935448	1.01922524	0.99206603	1.15158129	0.00000000	0.00000000	0.00000000	0.00000000
0.02129920	1.00599265	0.85394549	0.92749369	0.97959185	0.00000000	0.00000000	0.00000000	0.00000000
0.02293760	1.00356972	0.90215206	1.16230226	0.92724723	0.00000000	0.00000000	0.00000000	0.00000000
0.02457600	0.99790943	0.88149214	0.96490294	1.07680321	0.00000000	0.00000000	0.00000000	0.00000000
0.02621440	0.99748898	0.97101867	0.86488253	1.06184769	0.00000000	0.00000000	0.00000000	0.00000000
0.02949120	0.99741435	0.97792286	1.03380978	1.08984149	0.00000000	0.00000000	0.00000000	0.00000000
0.03276800	0.99838740	1.14727354	0.98031908	0.99588960	0.00000000	0.00000000	0.00000000	0.00000000
0.03604480	0.99586648	0.86904252	1.07584536	0.99964768	0.00000000	0.00000000	0.00000000	0.00000000
0.03932160	1.00617528	0.90339202	0.97450113	0.93338537	0.00000000	0.00000000	0.00000000	0.00000000
0.04259840	1.00438106	0.92400169	1.06126750	0.97205651	0.00000000	0.00000000	0.00000000	0.00000000
0.04587520	0.99610633	1.06223118	0.91257340	1.03722847	0.00000000	0.00000000	0.00000000	0.00000000
0.04915200	1.00047767	0.90216827	1.04775822	1.04319382	0.00000000	0.00000000	0.00000000	0.00000000
0.05242880	0.99692386	0.90905505	1.00712490	0.93102241	0.00000000	0.00000000	0.00000000	0.00000000
0.05898240	1.00069714	0.91594183	1.02308798	1.02525783	0.00000000	0.00000000	0.00000000	0.00000000
0.06553600	0.99986917	1.06223118	0.88723242	0.94330120	0.00000000	0.00000000	0.00000000	0.00000000
0.07208960	1.00451314	0.99513978	1.04539311	1.00531101	0.00000000	0.00000000	0.00000000	0.00000000
0.07864320	1.00066411	1.01846290	0.95853460	0.92171067	0.00000000	0.00000000	0.00000000	0.00000000
0.08519680	0.99594414	1.04422498	0.99551541	1.03161824	0.00000000	0.00000000	0.00000000	0.00000000
0.09175040	0.99744922	1.03728735	1.02773845	0.89366674	0.00000000	0.00000000	0.00000000	0.00000000
0.09830400	0.99888593	1.04330897	0.96433979	1.04101372	0.00000000	0.00000000	0.00000000	0.00000000
0.10485760	0.99878854	0.97998118	1.02305150	0.95965636	0.00000000	0.00000000	0.00000000	0.00000000
0.11796480	0.99818701	0.98755771	1.00889349	1.02490091	0.00000000	0.00000000	0.00000000	0.00000000
0.13107200	1.00042617	0.96971852	1.00068080	0.95900929	0.00000000	0.00000000	0.00000000	0.00000000
0.14417920	0.99885428	1.02062118	1.01910174	1.02337694	0.00000000	0.00000000	0.00000000	0.00000000
0.15728641	0.99872756	0.98230106	1.05314183	0.96007335	0.00000000	0.00000000	0.00000000	0.00000000
0.17039360	1.00109291	1.01030385	1.00038123	0.96431053	0.00000000	0.00000000	0.00000000	0.00000000
0.18350080	1.00198781	0.98600614	1.01566076	1.05940521	0.00000000	0.00000000	0.00000000	0.00000000
0.19660801	0.99655092	1.01213646	1.01700151	0.95581865	0.00000000	0.00000000	0.00000000	0.00000000
0.20971520	0.99759281	1.04413807	0.97845805	0.96993417	0.00000000	0.00000000	0.00000000	0.00000000
0.23592959	1.00145900	1.01179206	0.95950615	1.01573622	0.00000000	0.00000000	0.00000000	0.00000000
0.26214400	1.00036538	0.98146451	1.01621199	1.00348485	0.00000000	0.00000000	0.00000000	0.00000000
0.28835839	1.00104606	1.01197016	1.00564086	0.99844134	0.00000000	0.00000000	0.00000000	0.00000000
0.31457281	1.00081766	0.98842269	1.00569654	1.00321460	0.00000000	0.00000000	0.00000000	0.00000000
0.34078720	1.00159609	1.00450003	1.00505579	0.94987029	0.00000000	0.00000000	0.00000000	0.00000000
0.36700159	0.99767965	0.99711758	0.98120803	0.97754967	0.00000000	0.00000000	0.00000000	0.00000000
0.39321601	0.99872488	1.01155412	1.02721500	0.96537971	0.00000000	0.00000000	0.00000000	0.00000000
0.41943040	0.99957627	1.00473475	1.00256395	1.03914392	0.00000000	0.00000000	0.00000000	0.00000000
0.47185919	0.99925649	1.00313246	0.98246872	1.00725377	0.00000000	0.00000000	0.00000000	0.00000000
0.52428800	1.00088954	0.98881805	0.99434072	1.00119877	0.00000000	0.00000000	0.00000000	0.00000000
0.57671678	1.00004447	1.00037384	1.01497161	1.04765129	0.00000000	0.00000000	0.00000000	0.00000000
0.62914562	1.00007308	0.99709862	0.98245537	0.98681474	0.00000000	0.00000000	0.00000000	0.00000000
0.68157440	0.99965227	0.99829119	0.98846978	0.99343801	0.00000000	0.00000000	0.00000000	0.00000000
0.73400319	0.99862725	1.00105298	1.02240443	1.02568936	0.00000000	0.00000000	0.00000000	0.00000000
0.78643203	0.99960941	0.98973608	0.99395686	0.99413759	0.00000000	0.00000000	0.00000000	0.00000000
0.83886081	0.99925160	0.99303675	0.98481947	1.00514591	0.00000000	0.00000000	0.00000000	0.00000000
0.94371837	1.00223589	1.00456035	1.00674570	0.97782129	0.00000000	0.00000000	0.00000000	0.00000000
1.04857600	0.99950343	0.99751860	1.01509702	1.00331473	0.00000000	0.00000000	0.00000000	0.00000000
1.15343356	0.99932402	1.00267923	0.99118459	0.98916453	0.00000000	0.00000000	0.00000000	0.00000000
1.25829124	1.00137663	0.99542946	0.99230766	0.98301697	0.00000000	0.00000000	0.00000000	0.00000000
1.36314881	0.99884754	1.00897992	1.01716471	1.05831778	0.00000000	0.00000000	0.00000000	0.00000000
1.46800637	0.99865127	0.99939501	1.00395608	0.97359478	0.00000000	0.00000000	0.00000000	0.00000000
1.57286406	1.00132871	1.00368547	0.97453415	0.96642470	0.00000000	0.00000000	0.00000000	0.00000000
1.67772162	1.00063062	0.99719888	1.02306080	1.03135884	0.00000000	0.00000000	0.00000000	0.00000000
1.88743675	0.00000000	0.00000000	0.00000000	0.00000000	0.00000000	0.00000000	0.00000000	0.00000000
2.09715199	0.00000000	0.00000000	0.00000000	0.00000000	0.00000000	0.00000000	0.00000000	0.00000000
2.30686712	0.00000000	0.00000000	0.00000000	0.00000000	0.00000000	0.00000000	0.00000000	0.00000000
2.51658249	0.00000000	0.00000000	0.00000000	0.00000000	0.00000000	0.00000000	0.00000000	0.00000000
2.72629762	0.00000000	0.00000000	0.00000000	0.00000000	0.00000000	0.00000000	0.00000000	0.00000000
2.93601274	0.00000000	0.00000000	0.00000000	0.00000000	0.00000000	0.00000000	0.00000000	0.00000000
3.14572811	0.00000000	0.00000000	0.00000000	0.00000000	0.00000000	0.00000000	0.00000000	0.00000000
3.35544324	0.00000000	0.00000000	0.00000000	0.00000000	0.00000000	0.00000000	0.00000000	0.00000000
3.77487350	0.00000000	0.00000000	0.00000000	0.00000000	0.00000000	0.00000000	0.00000000	0.00000000
4.19430399	0.00000000	0.00000000	0.00000000	0.00000000	0.00000000	0.00000000	0.00000000	0.00000000
4.61373425	0.00000000	0.00000000	0.00000000	0.00000000	0.00000000	0.00000000	0.00000000	0.00000000
5.03316498	0.00000000	0.00000000	0.00000000	0.00000000	0.00000000	0.00000000	0.00000000	0.00000000
5.45259523	0.00000000	0.00000000	0.00000000	0.00000000	0.00000000	0.00000000	0.00000000	0.00000000
5.87202549	0.00000000	0.00000000	0.00000000	0.00000000	0.00000000	0.00000000	0.00000000	0.00000000
6.29145622	0.00000000	0.00000000	0.00000000	0.00000000	0.00000000	0.00000000	0.00000000	0.00000000
6.71088648	0.00000000	0.00000000	0.00000000	0.00000000	0.00000000	0.00000000	0.00000000	0.00000000
7.54974699	0.00000000	0.00000000	0.00000000	0.00000000	0.00000000	0.00000000	0.00000000	0.00000000
8.38860798	0.00000000	0.00000000	0.00000000	0.00000000	0.00000000	0.00000000	0.00000000	0.00000000
9.22746849	0.00000000	0.00000000	0.00000000	0.00000000	0.00000000	0.00000000	0.00000000	0.00000000
10.06632996	0.00000000	0.00000000	0.00000000	0.00000000	0.00000000	0.00000000	0.00000000	0.00000000
10.90519047	0.00000000	0.00000000	0.00000000	0.00000000	0.00000000	0.00000000	0.00000000	0.00000000
11.74405098	0.00000000	0.00000000	0.00000000	0.00000000	0.00000000	0.00000000	0.00000000	0.00000000
12.58291245	0.00000000	0.00000000	0.00000000	0.00000000	0.00000000	0.00000000	0.00000000	0.00000000
13.42177296	0.00000000	0.00000000	0.00000000	0.00000000	0.00000000	0.00000000	0.00000000	0.00000000
15.09949398	0.00000000	0.00000000	0.00000000	0.00000000	0.00000000	0.00000000	0.00000000	0.00000000
16.77721596	0.00000000	0.00000000	0.00000000	0.00000000	0.00000000	0.00000000	0.00000000	0.00000000
18.45493698	0.00000000	0.00000000	0.00000000	0.00000000	0.00000000	0.00000000	0.00000000	0.00000000
20.13265991	0.00000000	0.00000000	0.00000000	0.00000000	0.00000000	0.00000000	0.00000000	0.00000000
21.81038094	0.00000000	0.00000000	0.00000000	0.00000000	0.00000000	0.00000000	0.00000000	0.00000000
23.48810196	0.00000000	0.00000000	0.00000000	0.00000000	0.00000000	0.00000000	0.00000000	0.00000000
25.16582489	0.00000000	0.00000000	0.00000000	0.00000000	0.00000000	0.00000000	0.00000000	0.00000000
26.84354591	0.00000000	0.00000000	0.00000000	0.00000000	0.00000000	0.00000000	0.00000000	0.00000000
30.19898796	0.00000000	0.00000000	0.00000000	0.00000000	0.00000000	0.00000000	0.00000000	0.00000000
33.55443192	0.00000000	0.00000000	0.00000000	0.00000000	0.00000000	0.00000000	0.00000000	0.00000000
36.90987396	0.00000000	0.00000000	0.00000000	0.00000000	0.00000000	0.00000000	0.00000000	0.00000000
40.26531982	0.00000000	0.00000000	0.00000000	0.00000000	0.00000000	0.00000000	0.00000000	0.00000000
43.62076187	0.00000000	0.00000000	0.00000000	0.00000000	0.00000000	0.00000000	0.00000000	0.00000000
46.97620392	0.00000000	0.00000000	0.00000000	0.00000000	0.00000000	0.00000000	0.00000000	0.00000000
50.33164978	0.00000000	0.00000000	0.00000000	0.00000000	0.00000000	0.00000000	0.00000000	0.00000000
53.68709183	0.00000000	0.00000000	0.00000000	0.00000000	0.00000000	0.00000000	0.00000000	0.00000000
60.39797592	0.00000000	0.00000000	0.00000000	0.00000000	0.00000000	0.00000000	0.00000000	0.00000000
67.10886383	0.00000000	0.00000000	0.00000000	0.00000000	0.00000000	0.00000000	0.00000000	0.00000000
73.81974792	0.00000000	0.00000000	0.00000000	0.00000000	0.00000000	0.00000000	0.00000000	0.00000000
80.53063965	0.00000000	0.00000000	0.00000000	0.00000000	0.00000000	0.00000000	0.00000000	0.00000000
87.24152374	0.00000000	0.00000000	0.00000000	0.00000000	0.00000000	0.00000000	0.00000000	0.00000000
93.95240784	0.00000000	0.00000000	0.00000000	0.00000000	0.00000000	0.00000000	0.00000000	0.00000000
100.66329956	0.00000000	0.00000000	0.00000000	0.00000000	0.00000000	0.00000000	0.00000000	0.00000000
107.37418365	0.00000000	0.00000000	0.00000000	0.00000000	0.00000000	0.00000000	0.00000000	0.00000000
120.79595184	0.00000000	0.00000000	0.00000000	0.00000000	0.00000000	0.00000000	0.00000000	0.00000000
134.21772766	0.00000000	0.00000000	0.00000000	0.00000000	0.00000000	0.00000000	0.00000000	0.00000000
147.63949585	0.00000000	0.00000000	0.00000000	0.00000000	0.00000000	0.00000000	0.00000000	0.00000000
161.06127930	0.00000000	0.00000000	0.00000000	0.00000000	0.00000000	0.00000000	0.00000000	0.00000000
174.48304749	0.00000000	0.00000000	0.00000000	0.00000000	0.00000000	0.00000000	0.00000000	0.00000000
187.90481567	0.00000000	0.00000000	0.00000000	0.00000000	0.00000000	0.00000000	0.00000000	0.00000000
201.32659912	0.00000000	0.00000000	0.00000000	0.00000000	0.00000000	0.00000000	0.00000000	0.00000000
214.74836731	0.00000000	0.00000000	0.00000000	0.00000000	0.00000000	0.00000000	0.00000000	0.00000000
241.59190369	0.00000000	0.00000000	0.00000000	0.00000000	0.00000000	0.00000000	0.00000000	0.00000000
268.43545532	0.00000000	0.00000000	0.00000000	0.00000000	0.00000000	0.00000000	0.00000000	0.00000000
295.27899170	0.00000000	0.00000000	0.00000000	0.00000000	0.00000000	0.00000000	0.00000000	0.00000000
322.12255859	0.00000000	0.00000000	0.00000000	0.00000000	0.00000000	0.00000000	0.00000000	0.00000000
348.96609497	0.00000000	0.00000000	0.00000000	0.00000000	0.00000000	0.00000000	0.00000000	0.00000000
375.80963135	0.00000000	0.00000000	0.00000000	0.00000000	0.00000000	0.00000000	0.00000000	0.00000000
402.65319824	0.00000000	0.00000000	0.00000000	0.00000000	0.00000000	0.00000000	0.00000000	0.00000000
429.49673462	0.00000000	0.00000000	0.00000000	0.00000000	0.00000000	0.00000000	0.00000000	0.00000000
483.18380737	0.00000000	0.00000000	0.00000000	0.00000000	0.00000000	0.00000000	0.00000000	0.00000000
536.87091064	0.00000000	0.00000000	0.00000000	0.00000000	0.00000000	0.00000000	0.00000000	0.00000000
590.55798340	0.00000000	0.00000000	0.00000000	0.00000000	0.00000000	0.00000000	0.00000000	0.00000000
644.24511719	0.00000000	0.00000000	0.00000000	0.00000000	0.00000000	0.00000000	0.00000000	0.00000000
697.93218994	0.00000000	0.00000000	0.00000000	0.00000000	0.00000000	0.00000000	0.00000000	0.00000000
751.61926270	0.00000000	0.00000000	0.00000000	0.00000000	0.00000000	0.00000000	0.00000000	0.00000000
805.30639648	0.00000000	0.00000000	0.00000000	0.00000000	0.00000000	0.00000000	0.00000000	0.00000000
858.99346924	0.00000000	0.00000000	0.00000000	0.00000000	0.00000000	0.00000000	0.00000000	0.00000000
966.36761475	0.00000000	0.00000000	0.00000000	0.00000000	0.00000000	0.00000000	0.00000000	0.00000000
1073.74182129	0.00000000	0.00000000	0.00000000	0.00000000	0.00000000	0.00000000	0.00000000	0.00000000
1181.11596680	0.00000000	0.00000000	0.00000000	0.00000000	0.00000000	0.00000000	0.00000000	0.00000000
1288.49023437	0.00000000	0.00000000	0.00000000	0.00000000	0.00000000	0.00000000	0.00000000	0.00000000
1395.86437988	0.00000000	0.00000000	0.00000000	0.00000000	0.00000000	0.00000000	0.00000000	0.00000000
1503.23852539	0.00000000	0.00000000	0.00000000	0.00000000	0.00000000	0.00000000	0.00000000	0.00000000
1610.61279297	0.00000000	0.00000000	0.00000000	0.00000000	0.00000000	0.00000000	0.00000000	0.00000000
1717.98693848	0.00000000	0.00000000	0.00000000	0.00000000	0.00000000	0.00000000	0.00000000	0.00000000
1932.73522949	0.00000000	0.00000000	0.00000000	0.00000000	0.00000000	0.00000000	0.00000000	0.00000000
2147.48364258	0.00000000	0.00000000	0.00000000	0.00000000	0.00000000	0.00000000	0.00000000	0.00000000
2362.23193359	0.00000000	0.00000000	0.00000000	0.00000000	0.00000000	0.00000000	0.00000000	0.00000000
2576.98046875	0.00000000	0.00000000	0.00000000	0.00000000	0.00000000	0.00000000	0.00000000	0.00000000
2791.72875977	0.00000000	0.00000000	0.00000000	0.00000000	0.00000000	0.00000000	0.00000000	0.00000000
3006.47705078	0.00000000	0.00000000	0.00000000	0.00000000	0.00000000	0.00000000	0.00000000	0.00000000
3221.22558594	0.00000000	0.00000000	0.00000000	0.00000000	0.00000000	0.00000000	0.00000000	0.00000000
3435.97387695	0.00000000	0.00000000	0.00000000	0.00000000	0.00000000	0.00000000	0.00000000	0.00000000
0	0	0	0	0	0	0	0	0
