%1/8/2019 6:43:38 PM
%Duration	ID1		ID2		ID3		ID4		ID5		ID6		ID7		ID8
1000.000000	120.058060	1684.408203	1586.570801	1376.695679	0.000000	0.000000	0.000000	0.000000
%Tau		Tau1		Tau2		Tau3		Tau4		Tau5		Tau6		Tau7		Tau8
%		0.000083	0.000001	0.000002	0.000002	0.000000	0.000000	0.000000	0.000000
%Delaytime	D1		D2		D3		D4		D5		D6		D7		D8
0.00000020	1.89612317	0.96484435	0.96961194	0.94833064	0.00000000	0.00000000	0.00000000	0.00000000
0.00000040	1.52425110	1.00295687	1.00147724	1.00546265	0.00000000	0.00000000	0.00000000	0.00000000
0.00000060	1.53626978	1.00256050	1.00211215	1.00254619	0.00000000	0.00000000	0.00000000	0.00000000
0.00000080	1.50728357	0.99917257	1.00111985	1.00427234	0.00000000	0.00000000	0.00000000	0.00000000
0.00000100	1.54051173	1.00017476	1.00228453	1.00295806	0.00000000	0.00000000	0.00000000	0.00000000
0.00000120	1.47759032	1.00183511	1.00040495	0.99634117	0.00000000	0.00000000	0.00000000	0.00000000
0.00000140	1.52142322	0.99972600	1.00484955	1.00168884	0.00000000	0.00000000	0.00000000	0.00000000
0.00000160	1.54333961	0.99984568	1.00026202	0.99938166	0.00000000	0.00000000	0.00000000	0.00000000
0.00000180	1.50021374	1.00030935	0.99859262	0.99828732	0.00000000	0.00000000	0.00000000	0.00000000
0.00000200	1.48112524	1.00402641	1.00222576	1.00000775	0.00000000	0.00000000	0.00000000	0.00000000
0.00000220	1.47193456	0.99974847	0.99942517	1.00132775	0.00000000	0.00000000	0.00000000	0.00000000
0.00000240	1.45001817	0.99987185	0.99913925	1.00075245	0.00000000	0.00000000	0.00000000	0.00000000
0.00000260	1.46839964	1.00142002	0.99960178	1.00022221	0.00000000	0.00000000	0.00000000	0.00000000
0.00000280	1.48466015	0.99747485	0.99834454	1.00113595	0.00000000	0.00000000	0.00000000	0.00000000
0.00000300	1.46486473	1.00072443	1.00135112	1.00000215	0.00000000	0.00000000	0.00000000	0.00000000
0.00000320	1.48536718	0.99968863	1.00119543	0.99882883	0.00000000	0.00000000	0.00000000	0.00000000
0.00000360	1.45390654	1.00012243	0.99815530	1.00204134	0.00000000	0.00000000	0.00000000	0.00000000
0.00000400	1.48430669	0.99892205	0.99684334	1.00032091	0.00000000	0.00000000	0.00000000	0.00000000
0.00000440	1.45496702	0.99919313	0.99949670	0.99987525	0.00000000	0.00000000	0.00000000	0.00000000
0.00000480	1.44082737	0.99945307	1.00073087	0.99673885	0.00000000	0.00000000	0.00000000	0.00000000
0.00000520	1.47935784	1.00014675	0.99848115	0.99758780	0.00000000	0.00000000	0.00000000	0.00000000
0.00000560	1.47370195	0.99682420	0.99793452	0.99956781	0.00000000	0.00000000	0.00000000	0.00000000
0.00000600	1.45461345	0.99870700	0.99737948	1.00064528	0.00000000	0.00000000	0.00000000	0.00000000
0.00000640	1.48748815	1.00036550	1.00127542	0.99983859	0.00000000	0.00000000	0.00000000	0.00000000
0.00000720	1.43428779	1.00063467	0.99903411	0.99845231	0.00000000	0.00000000	0.00000000	0.00000000
0.00000800	1.44436228	0.99945211	0.99945146	0.99899244	0.00000000	0.00000000	0.00000000	0.00000000
0.00000880	1.46203685	0.99954373	0.99923599	0.99908406	0.00000000	0.00000000	0.00000000	0.00000000
0.00000960	1.46698570	0.99769270	0.99956816	0.99808562	0.00000000	0.00000000	0.00000000	0.00000000
0.00001040	1.41484582	1.00083101	0.99897629	0.99775422	0.00000000	0.00000000	0.00000000	0.00000000
0.00001120	1.43305051	1.00050294	1.00079286	0.99817449	0.00000000	0.00000000	0.00000000	0.00000000
0.00001200	1.47723687	1.00076556	0.99942201	0.99770629	0.00000000	0.00000000	0.00000000	0.00000000
0.00001280	1.40618527	1.00027287	0.99821311	1.00098228	0.00000000	0.00000000	0.00000000	0.00000000
0.00001440	1.42253423	0.99996161	1.00130427	0.99971867	0.00000000	0.00000000	0.00000000	0.00000000
0.00001600	1.41334343	0.99960309	0.99987620	0.99962491	0.00000000	0.00000000	0.00000000	0.00000000
0.00001760	1.44100416	0.99896175	1.00005436	0.99938798	0.00000000	0.00000000	0.00000000	0.00000000
0.00001920	1.39407825	0.99883604	1.00033081	1.00036669	0.00000000	0.00000000	0.00000000	0.00000000
0.00002080	1.40424109	0.99954277	1.00017631	1.00006139	0.00000000	0.00000000	0.00000000	0.00000000
0.00002240	1.37799442	0.99924922	0.99968326	1.00159156	0.00000000	0.00000000	0.00000000	0.00000000
0.00002400	1.37507808	1.00068569	0.99873191	0.99994713	0.00000000	0.00000000	0.00000000	0.00000000
0.00002560	1.37189674	0.99895805	1.00014901	0.99876678	0.00000000	0.00000000	0.00000000	0.00000000
0.00002880	1.36773753	1.00010538	0.99995494	0.99992484	0.00000000	0.00000000	0.00000000	0.00000000
0.00003200	1.34891832	0.99936074	0.99951482	1.00030696	0.00000000	0.00000000	0.00000000	0.00000000
0.00003520	1.33058619	0.99988669	1.00011241	1.00004244	0.00000000	0.00000000	0.00000000	0.00000000
0.00003840	1.31991458	0.99951476	1.00046253	1.00090504	0.00000000	0.00000000	0.00000000	0.00000000
0.00004160	1.31402528	0.99972743	0.99912924	0.99911845	0.00000000	0.00000000	0.00000000	0.00000000
0.00004480	1.30171525	0.99944705	0.99970871	0.99918669	0.00000000	0.00000000	0.00000000	0.00000000
0.00004800	1.29356766	0.99963564	0.99933493	0.99987370	0.00000000	0.00000000	0.00000000	0.00000000
0.00005120	1.29919124	0.99984783	0.99962223	1.00018287	0.00000000	0.00000000	0.00000000	0.00000000
0.00005760	1.26420891	0.99952579	0.99974084	1.00013232	0.00000000	0.00000000	0.00000000	0.00000000
0.00006400	1.24957299	1.00000679	0.99922895	0.99968988	0.00000000	0.00000000	0.00000000	0.00000000
0.00007040	1.22658336	1.00009429	0.99928987	0.99989200	0.00000000	0.00000000	0.00000000	0.00000000
0.00007680	1.21661079	0.99962771	0.99996221	0.99931991	0.00000000	0.00000000	0.00000000	0.00000000
0.00008320	1.20016861	0.99957275	1.00005674	0.99912179	0.00000000	0.00000000	0.00000000	0.00000000
0.00008960	1.18252981	1.00012100	0.99979734	0.99967694	0.00000000	0.00000000	0.00000000	0.00000000
0.00009600	1.16812634	1.00030148	0.99921489	0.99966669	0.00000000	0.00000000	0.00000000	0.00000000
0.00010240	1.16451430	1.00008595	0.99980718	1.00087380	0.00000000	0.00000000	0.00000000	0.00000000
0.00011520	1.14561868	0.99986547	0.99971700	0.99989903	0.00000000	0.00000000	0.00000000	0.00000000
0.00012800	1.12445796	1.00013018	0.99981934	0.99977946	0.00000000	0.00000000	0.00000000	0.00000000
0.00014080	1.11166680	1.00011623	1.00000560	0.99984342	0.00000000	0.00000000	0.00000000	0.00000000
0.00015360	1.09765792	1.00010037	0.99988085	0.99978650	0.00000000	0.00000000	0.00000000	0.00000000
0.00016640	1.08945870	1.00025761	0.99993503	0.99966788	0.00000000	0.00000000	0.00000000	0.00000000
0.00017920	1.08280098	0.99978429	1.00000608	1.00028014	0.00000000	0.00000000	0.00000000	0.00000000
0.00019200	1.06882071	0.99991560	0.99998599	0.99990201	0.00000000	0.00000000	0.00000000	0.00000000
0.00020480	1.06287944	0.99987030	1.00003099	0.99978268	0.00000000	0.00000000	0.00000000	0.00000000
0.00023040	1.05132484	1.00026214	1.00009465	1.00002885	0.00000000	0.00000000	0.00000000	0.00000000
0.00025600	1.04178011	0.99985749	1.00010002	0.99967307	0.00000000	0.00000000	0.00000000	0.00000000
0.00028160	1.03150618	0.99999338	0.99994528	1.00000930	0.00000000	0.00000000	0.00000000	0.00000000
0.00030720	1.02310503	1.00014317	1.00008202	0.99960905	0.00000000	0.00000000	0.00000000	0.00000000
0.00033280	1.01913655	0.99980778	0.99990648	0.99973649	0.00000000	0.00000000	0.00000000	0.00000000
0.00035840	1.01108289	1.00014389	1.00000477	0.99980855	0.00000000	0.00000000	0.00000000	0.00000000
0.00038400	1.00998163	1.00007510	0.99984610	1.00000978	0.00000000	0.00000000	0.00000000	0.00000000
0.00040960	1.01239598	0.99993980	0.99996418	1.00012028	0.00000000	0.00000000	0.00000000	0.00000000
0.00046080	1.00747442	1.00006771	0.99995494	1.00006938	0.00000000	0.00000000	0.00000000	0.00000000
0.00051200	1.00613701	0.99996912	1.00007010	1.00006866	0.00000000	0.00000000	0.00000000	0.00000000
0.00056320	1.00513542	0.99994951	0.99979955	1.00009882	0.00000000	0.00000000	0.00000000	0.00000000
0.00061440	1.00368774	0.99992239	1.00001931	0.99954796	0.00000000	0.00000000	0.00000000	0.00000000
0.00066560	0.99973780	1.00011194	0.99995983	1.00009143	0.00000000	0.00000000	0.00000000	0.00000000
0.00071680	1.00006270	1.00006557	1.00002503	1.00000286	0.00000000	0.00000000	0.00000000	0.00000000
0.00076800	0.99841642	0.99985099	1.00001216	1.00020599	0.00000000	0.00000000	0.00000000	0.00000000
0.00081920	0.99910772	0.99990797	1.00000536	0.99983299	0.00000000	0.00000000	0.00000000	0.00000000
0.00092160	1.00305700	1.00003862	1.00005579	0.99996197	0.00000000	0.00000000	0.00000000	0.00000000
0.00102400	0.99966824	0.99995786	1.00002348	1.00003028	0.00000000	0.00000000	0.00000000	0.00000000
0.00112640	1.00078607	0.99991596	0.99994767	0.99996716	0.00000000	0.00000000	0.00000000	0.00000000
0.00122880	1.00317299	1.00000143	0.99978107	1.00004792	0.00000000	0.00000000	0.00000000	0.00000000
0.00133120	0.99816471	0.99994409	1.00001836	1.00000727	0.00000000	0.00000000	0.00000000	0.00000000
0.00143360	1.00450790	1.00002515	1.00009990	1.00004756	0.00000000	0.00000000	0.00000000	0.00000000
0.00153600	1.00332749	1.00006604	0.99991703	1.00001478	0.00000000	0.00000000	0.00000000	0.00000000
0.00163840	1.00298941	1.00015497	0.99994135	0.99996150	0.00000000	0.00000000	0.00000000	0.00000000
0.00184320	1.00009573	1.00005054	1.00008059	1.00001800	0.00000000	0.00000000	0.00000000	0.00000000
0.00204800	1.00036776	0.99988246	0.99999762	0.99994528	0.00000000	0.00000000	0.00000000	0.00000000
0.00225280	0.99981165	0.99994379	0.99991465	0.99998420	0.00000000	0.00000000	0.00000000	0.00000000
0.00245760	0.99280638	0.99997455	0.99997717	0.99998200	0.00000000	0.00000000	0.00000000	0.00000000
0.00266240	1.00045967	1.00002134	0.99996448	0.99986482	0.00000000	0.00000000	0.00000000	0.00000000
0.00286720	1.01183295	1.00002730	0.99999905	1.00004172	0.00000000	0.00000000	0.00000000	0.00000000
0.00307200	1.00706792	0.99989253	1.00003922	1.00009668	0.00000000	0.00000000	0.00000000	0.00000000
0.00327680	1.00787067	1.00003767	1.00001073	0.99999005	0.00000000	0.00000000	0.00000000	0.00000000
0.00368640	1.00023961	0.99999744	0.99999070	0.99993736	0.00000000	0.00000000	0.00000000	0.00000000
0.00409600	1.00149310	0.99998993	1.00001311	0.99994594	0.00000000	0.00000000	0.00000000	0.00000000
0.00450560	0.99422634	1.00001764	1.00000203	0.99997431	0.00000000	0.00000000	0.00000000	0.00000000
0.00491520	0.99567580	0.99996680	1.00002587	1.00003076	0.00000000	0.00000000	0.00000000	0.00000000
0.00532480	1.00162649	1.00007820	1.00005507	0.99997324	0.00000000	0.00000000	0.00000000	0.00000000
0.00573440	0.99772775	0.99994075	0.99991184	0.99998343	0.00000000	0.00000000	0.00000000	0.00000000
0.00614400	0.99997348	1.00005424	1.00002337	0.99997520	0.00000000	0.00000000	0.00000000	0.00000000
0.00655360	0.99612302	0.99998099	0.99998903	0.99994218	0.00000000	0.00000000	0.00000000	0.00000000
0.00737280	1.00069284	0.99998790	0.99995774	1.00002670	0.00000000	0.00000000	0.00000000	0.00000000
0.00819200	1.00181496	0.99999595	1.00008821	1.00005567	0.00000000	0.00000000	0.00000000	0.00000000
0.00901120	0.99891222	0.99998230	0.99999249	0.99998879	0.00000000	0.00000000	0.00000000	0.00000000
0.00983040	1.00096262	0.99999863	0.99999553	0.99999839	0.00000000	0.00000000	0.00000000	0.00000000
0.01064960	1.00427175	1.00004065	1.00002849	1.00002038	0.00000000	0.00000000	0.00000000	0.00000000
0.01146880	1.00287616	0.99999833	1.00001216	0.99999744	0.00000000	0.00000000	0.00000000	0.00000000
0.01228800	1.00256741	0.99998212	1.00000525	0.99996197	0.00000000	0.00000000	0.00000000	0.00000000
0.01310720	0.99533111	1.00001955	1.00002623	1.00002289	0.00000000	0.00000000	0.00000000	0.00000000
0.01474560	0.99889225	0.99997842	1.00002038	0.99997747	0.00000000	0.00000000	0.00000000	0.00000000
0.01638400	0.99622846	0.99999332	1.00001478	0.99997884	0.00000000	0.00000000	0.00000000	0.00000000
0.01802240	0.99552459	0.99997222	1.00001907	0.99994236	0.00000000	0.00000000	0.00000000	0.00000000
0.01966080	0.99830943	1.00002098	0.99996132	1.00000811	0.00000000	0.00000000	0.00000000	0.00000000
0.02129920	0.99959177	1.00000417	1.00000155	0.99998051	0.00000000	0.00000000	0.00000000	0.00000000
0.02293760	0.99966639	1.00000083	1.00000358	1.00002289	0.00000000	0.00000000	0.00000000	0.00000000
0.02457600	0.99926460	0.99997503	0.99999750	0.99998045	0.00000000	0.00000000	0.00000000	0.00000000
0.02621440	1.00130832	1.00001168	1.00000918	0.99997842	0.00000000	0.00000000	0.00000000	0.00000000
0.02949120	0.99926537	0.99997193	0.99997717	0.99999434	0.00000000	0.00000000	0.00000000	0.00000000
0.03276800	0.99987304	0.99999845	0.99997109	0.99998271	0.00000000	0.00000000	0.00000000	0.00000000
0.03604480	1.00181198	0.99999440	0.99997920	1.00003505	0.00000000	0.00000000	0.00000000	0.00000000
0.03932160	0.99880254	0.99998933	1.00000858	0.99997431	0.00000000	0.00000000	0.00000000	0.00000000
0.04259840	0.99815923	0.99998856	0.99998575	1.00002193	0.00000000	0.00000000	0.00000000	0.00000000
0.04587520	1.00148320	0.99998271	1.00000107	0.99999857	0.00000000	0.00000000	0.00000000	0.00000000
0.04915200	0.99892426	0.99998337	0.99999201	0.99998552	0.00000000	0.00000000	0.00000000	0.00000000
0.05242880	0.99835443	0.99998826	1.00000668	0.99999583	0.00000000	0.00000000	0.00000000	0.00000000
0.05898240	0.99950761	1.00000167	1.00000107	1.00000775	0.00000000	0.00000000	0.00000000	0.00000000
0.06553600	1.00033939	1.00000262	1.00001049	1.00001490	0.00000000	0.00000000	0.00000000	0.00000000
0.07208960	1.00092244	0.99999583	0.99999392	0.99998999	0.00000000	0.00000000	0.00000000	0.00000000
0.07864320	0.99820161	1.00000501	1.00000179	1.00000322	0.00000000	0.00000000	0.00000000	0.00000000
0.08519680	1.00006938	1.00001299	1.00000703	0.99999923	0.00000000	0.00000000	0.00000000	0.00000000
0.09175040	0.99835891	1.00000906	0.99999040	1.00000417	0.00000000	0.00000000	0.00000000	0.00000000
0.09830400	0.99947268	1.00000477	1.00000811	0.99998987	0.00000000	0.00000000	0.00000000	0.00000000
0.10485760	0.99914986	0.99999976	0.99999094	1.00000989	0.00000000	0.00000000	0.00000000	0.00000000
0.11796480	1.00156569	1.00000262	0.99999517	0.99999654	0.00000000	0.00000000	0.00000000	0.00000000
0.13107200	1.00016189	0.99999690	1.00000274	1.00001311	0.00000000	0.00000000	0.00000000	0.00000000
0.14417920	1.00000763	0.99999744	1.00000644	0.99998695	0.00000000	0.00000000	0.00000000	0.00000000
0.15728641	0.99975252	1.00000155	0.99999040	0.99999642	0.00000000	0.00000000	0.00000000	0.00000000
0.17039360	1.00019610	1.00000978	0.99999666	1.00000346	0.00000000	0.00000000	0.00000000	0.00000000
0.18350080	1.00117075	0.99999619	1.00001061	0.99999905	0.00000000	0.00000000	0.00000000	0.00000000
0.19660801	0.99928409	0.99999940	1.00000250	0.99999911	0.00000000	0.00000000	0.00000000	0.00000000
0.20971520	0.99913490	0.99999678	1.00000560	0.99999475	0.00000000	0.00000000	0.00000000	0.00000000
0.23592959	0.99967384	1.00000215	0.99999166	1.00000215	0.00000000	0.00000000	0.00000000	0.00000000
0.26214400	0.99982369	1.00000215	1.00000405	0.99999690	0.00000000	0.00000000	0.00000000	0.00000000
0.28835839	1.00037432	0.99999899	0.99999923	1.00000298	0.00000000	0.00000000	0.00000000	0.00000000
0.31457281	1.00057888	1.00000012	0.99999481	0.99998862	0.00000000	0.00000000	0.00000000	0.00000000
0.34078720	1.00033665	0.99999940	0.99999654	1.00000370	0.00000000	0.00000000	0.00000000	0.00000000
0.36700159	0.99869633	1.00000441	1.00000262	1.00000656	0.00000000	0.00000000	0.00000000	0.00000000
0.39321601	1.00000894	0.99999356	1.00000834	0.99999601	0.00000000	0.00000000	0.00000000	0.00000000
0.41943040	0.99939531	1.00000393	0.99999183	0.99999648	0.00000000	0.00000000	0.00000000	0.00000000
0.47185919	0.99943423	0.99999774	0.99999917	0.99999660	0.00000000	0.00000000	0.00000000	0.00000000
0.52428800	0.99999189	1.00000238	0.99999344	0.99999774	0.00000000	0.00000000	0.00000000	0.00000000
0.57671678	1.00026953	0.99999148	1.00000715	1.00000024	0.00000000	0.00000000	0.00000000	0.00000000
0.62914562	0.99997509	1.00000179	0.99999672	1.00000107	0.00000000	0.00000000	0.00000000	0.00000000
0.68157440	0.99965495	0.99999875	0.99999839	1.00000095	0.00000000	0.00000000	0.00000000	0.00000000
0.73400319	1.00002944	0.99999839	0.99999559	0.99999851	0.00000000	0.00000000	0.00000000	0.00000000
0.78643203	1.00010097	1.00000060	0.99999440	1.00000143	0.00000000	0.00000000	0.00000000	0.00000000
0.83886081	1.00012636	0.99999905	0.99999869	0.99999696	0.00000000	0.00000000	0.00000000	0.00000000
0.94371837	1.00007319	0.99999797	0.99999630	1.00000298	0.00000000	0.00000000	0.00000000	0.00000000
1.04857600	0.99994719	1.00000322	1.00000179	1.00000024	0.00000000	0.00000000	0.00000000	0.00000000
1.15343356	1.00017571	0.99999994	1.00000000	0.99999851	0.00000000	0.00000000	0.00000000	0.00000000
1.25829124	0.99950725	0.99999827	1.00000167	0.99999785	0.00000000	0.00000000	0.00000000	0.00000000
1.36314881	1.00004148	1.00000417	0.99999958	1.00000453	0.00000000	0.00000000	0.00000000	0.00000000
1.46800637	1.00036418	0.99999923	1.00000107	0.99999589	0.00000000	0.00000000	0.00000000	0.00000000
1.57286406	0.99880576	0.99999839	0.99999666	1.00000131	0.00000000	0.00000000	0.00000000	0.00000000
1.67772162	0.99987674	1.00000107	1.00000131	1.00002193	0.00000000	0.00000000	0.00000000	0.00000000
1.88743675	0.00000000	0.00000000	0.00000000	0.00000000	0.00000000	0.00000000	0.00000000	0.00000000
2.09715199	0.00000000	0.00000000	0.00000000	0.00000000	0.00000000	0.00000000	0.00000000	0.00000000
2.30686712	0.00000000	0.00000000	0.00000000	0.00000000	0.00000000	0.00000000	0.00000000	0.00000000
2.51658249	0.00000000	0.00000000	0.00000000	0.00000000	0.00000000	0.00000000	0.00000000	0.00000000
2.72629762	0.00000000	0.00000000	0.00000000	0.00000000	0.00000000	0.00000000	0.00000000	0.00000000
2.93601274	0.00000000	0.00000000	0.00000000	0.00000000	0.00000000	0.00000000	0.00000000	0.00000000
3.14572811	0.00000000	0.00000000	0.00000000	0.00000000	0.00000000	0.00000000	0.00000000	0.00000000
3.35544324	0.00000000	0.00000000	0.00000000	0.00000000	0.00000000	0.00000000	0.00000000	0.00000000
3.77487350	0.00000000	0.00000000	0.00000000	0.00000000	0.00000000	0.00000000	0.00000000	0.00000000
4.19430399	0.00000000	0.00000000	0.00000000	0.00000000	0.00000000	0.00000000	0.00000000	0.00000000
4.61373425	0.00000000	0.00000000	0.00000000	0.00000000	0.00000000	0.00000000	0.00000000	0.00000000
5.03316498	0.00000000	0.00000000	0.00000000	0.00000000	0.00000000	0.00000000	0.00000000	0.00000000
5.45259523	0.00000000	0.00000000	0.00000000	0.00000000	0.00000000	0.00000000	0.00000000	0.00000000
5.87202549	0.00000000	0.00000000	0.00000000	0.00000000	0.00000000	0.00000000	0.00000000	0.00000000
6.29145622	0.00000000	0.00000000	0.00000000	0.00000000	0.00000000	0.00000000	0.00000000	0.00000000
6.71088648	0.00000000	0.00000000	0.00000000	0.00000000	0.00000000	0.00000000	0.00000000	0.00000000
7.54974699	0.00000000	0.00000000	0.00000000	0.00000000	0.00000000	0.00000000	0.00000000	0.00000000
8.38860798	0.00000000	0.00000000	0.00000000	0.00000000	0.00000000	0.00000000	0.00000000	0.00000000
9.22746849	0.00000000	0.00000000	0.00000000	0.00000000	0.00000000	0.00000000	0.00000000	0.00000000
10.06632996	0.00000000	0.00000000	0.00000000	0.00000000	0.00000000	0.00000000	0.00000000	0.00000000
10.90519047	0.00000000	0.00000000	0.00000000	0.00000000	0.00000000	0.00000000	0.00000000	0.00000000
11.74405098	0.00000000	0.00000000	0.00000000	0.00000000	0.00000000	0.00000000	0.00000000	0.00000000
12.58291245	0.00000000	0.00000000	0.00000000	0.00000000	0.00000000	0.00000000	0.00000000	0.00000000
13.42177296	0.00000000	0.00000000	0.00000000	0.00000000	0.00000000	0.00000000	0.00000000	0.00000000
15.09949398	0.00000000	0.00000000	0.00000000	0.00000000	0.00000000	0.00000000	0.00000000	0.00000000
16.77721596	0.00000000	0.00000000	0.00000000	0.00000000	0.00000000	0.00000000	0.00000000	0.00000000
18.45493698	0.00000000	0.00000000	0.00000000	0.00000000	0.00000000	0.00000000	0.00000000	0.00000000
20.13265991	0.00000000	0.00000000	0.00000000	0.00000000	0.00000000	0.00000000	0.00000000	0.00000000
21.81038094	0.00000000	0.00000000	0.00000000	0.00000000	0.00000000	0.00000000	0.00000000	0.00000000
23.48810196	0.00000000	0.00000000	0.00000000	0.00000000	0.00000000	0.00000000	0.00000000	0.00000000
25.16582489	0.00000000	0.00000000	0.00000000	0.00000000	0.00000000	0.00000000	0.00000000	0.00000000
26.84354591	0.00000000	0.00000000	0.00000000	0.00000000	0.00000000	0.00000000	0.00000000	0.00000000
30.19898796	0.00000000	0.00000000	0.00000000	0.00000000	0.00000000	0.00000000	0.00000000	0.00000000
33.55443192	0.00000000	0.00000000	0.00000000	0.00000000	0.00000000	0.00000000	0.00000000	0.00000000
36.90987396	0.00000000	0.00000000	0.00000000	0.00000000	0.00000000	0.00000000	0.00000000	0.00000000
40.26531982	0.00000000	0.00000000	0.00000000	0.00000000	0.00000000	0.00000000	0.00000000	0.00000000
43.62076187	0.00000000	0.00000000	0.00000000	0.00000000	0.00000000	0.00000000	0.00000000	0.00000000
46.97620392	0.00000000	0.00000000	0.00000000	0.00000000	0.00000000	0.00000000	0.00000000	0.00000000
50.33164978	0.00000000	0.00000000	0.00000000	0.00000000	0.00000000	0.00000000	0.00000000	0.00000000
53.68709183	0.00000000	0.00000000	0.00000000	0.00000000	0.00000000	0.00000000	0.00000000	0.00000000
60.39797592	0.00000000	0.00000000	0.00000000	0.00000000	0.00000000	0.00000000	0.00000000	0.00000000
67.10886383	0.00000000	0.00000000	0.00000000	0.00000000	0.00000000	0.00000000	0.00000000	0.00000000
73.81974792	0.00000000	0.00000000	0.00000000	0.00000000	0.00000000	0.00000000	0.00000000	0.00000000
80.53063965	0.00000000	0.00000000	0.00000000	0.00000000	0.00000000	0.00000000	0.00000000	0.00000000
87.24152374	0.00000000	0.00000000	0.00000000	0.00000000	0.00000000	0.00000000	0.00000000	0.00000000
93.95240784	0.00000000	0.00000000	0.00000000	0.00000000	0.00000000	0.00000000	0.00000000	0.00000000
100.66329956	0.00000000	0.00000000	0.00000000	0.00000000	0.00000000	0.00000000	0.00000000	0.00000000
107.37418365	0.00000000	0.00000000	0.00000000	0.00000000	0.00000000	0.00000000	0.00000000	0.00000000
120.79595184	0.00000000	0.00000000	0.00000000	0.00000000	0.00000000	0.00000000	0.00000000	0.00000000
134.21772766	0.00000000	0.00000000	0.00000000	0.00000000	0.00000000	0.00000000	0.00000000	0.00000000
147.63949585	0.00000000	0.00000000	0.00000000	0.00000000	0.00000000	0.00000000	0.00000000	0.00000000
161.06127930	0.00000000	0.00000000	0.00000000	0.00000000	0.00000000	0.00000000	0.00000000	0.00000000
174.48304749	0.00000000	0.00000000	0.00000000	0.00000000	0.00000000	0.00000000	0.00000000	0.00000000
187.90481567	0.00000000	0.00000000	0.00000000	0.00000000	0.00000000	0.00000000	0.00000000	0.00000000
201.32659912	0.00000000	0.00000000	0.00000000	0.00000000	0.00000000	0.00000000	0.00000000	0.00000000
214.74836731	0.00000000	0.00000000	0.00000000	0.00000000	0.00000000	0.00000000	0.00000000	0.00000000
241.59190369	0.00000000	0.00000000	0.00000000	0.00000000	0.00000000	0.00000000	0.00000000	0.00000000
268.43545532	0.00000000	0.00000000	0.00000000	0.00000000	0.00000000	0.00000000	0.00000000	0.00000000
295.27899170	0.00000000	0.00000000	0.00000000	0.00000000	0.00000000	0.00000000	0.00000000	0.00000000
322.12255859	0.00000000	0.00000000	0.00000000	0.00000000	0.00000000	0.00000000	0.00000000	0.00000000
348.96609497	0.00000000	0.00000000	0.00000000	0.00000000	0.00000000	0.00000000	0.00000000	0.00000000
375.80963135	0.00000000	0.00000000	0.00000000	0.00000000	0.00000000	0.00000000	0.00000000	0.00000000
402.65319824	0.00000000	0.00000000	0.00000000	0.00000000	0.00000000	0.00000000	0.00000000	0.00000000
429.49673462	0.00000000	0.00000000	0.00000000	0.00000000	0.00000000	0.00000000	0.00000000	0.00000000
483.18380737	0.00000000	0.00000000	0.00000000	0.00000000	0.00000000	0.00000000	0.00000000	0.00000000
536.87091064	0.00000000	0.00000000	0.00000000	0.00000000	0.00000000	0.00000000	0.00000000	0.00000000
590.55798340	0.00000000	0.00000000	0.00000000	0.00000000	0.00000000	0.00000000	0.00000000	0.00000000
644.24511719	0.00000000	0.00000000	0.00000000	0.00000000	0.00000000	0.00000000	0.00000000	0.00000000
697.93218994	0.00000000	0.00000000	0.00000000	0.00000000	0.00000000	0.00000000	0.00000000	0.00000000
751.61926270	0.00000000	0.00000000	0.00000000	0.00000000	0.00000000	0.00000000	0.00000000	0.00000000
805.30639648	0.00000000	0.00000000	0.00000000	0.00000000	0.00000000	0.00000000	0.00000000	0.00000000
858.99346924	0.00000000	0.00000000	0.00000000	0.00000000	0.00000000	0.00000000	0.00000000	0.00000000
966.36761475	0.00000000	0.00000000	0.00000000	0.00000000	0.00000000	0.00000000	0.00000000	0.00000000
1073.74182129	0.00000000	0.00000000	0.00000000	0.00000000	0.00000000	0.00000000	0.00000000	0.00000000
1181.11596680	0.00000000	0.00000000	0.00000000	0.00000000	0.00000000	0.00000000	0.00000000	0.00000000
1288.49023437	0.00000000	0.00000000	0.00000000	0.00000000	0.00000000	0.00000000	0.00000000	0.00000000
1395.86437988	0.00000000	0.00000000	0.00000000	0.00000000	0.00000000	0.00000000	0.00000000	0.00000000
1503.23852539	0.00000000	0.00000000	0.00000000	0.00000000	0.00000000	0.00000000	0.00000000	0.00000000
1610.61279297	0.00000000	0.00000000	0.00000000	0.00000000	0.00000000	0.00000000	0.00000000	0.00000000
1717.98693848	0.00000000	0.00000000	0.00000000	0.00000000	0.00000000	0.00000000	0.00000000	0.00000000
1932.73522949	0.00000000	0.00000000	0.00000000	0.00000000	0.00000000	0.00000000	0.00000000	0.00000000
2147.48364258	0.00000000	0.00000000	0.00000000	0.00000000	0.00000000	0.00000000	0.00000000	0.00000000
2362.23193359	0.00000000	0.00000000	0.00000000	0.00000000	0.00000000	0.00000000	0.00000000	0.00000000
2576.98046875	0.00000000	0.00000000	0.00000000	0.00000000	0.00000000	0.00000000	0.00000000	0.00000000
2791.72875977	0.00000000	0.00000000	0.00000000	0.00000000	0.00000000	0.00000000	0.00000000	0.00000000
3006.47705078	0.00000000	0.00000000	0.00000000	0.00000000	0.00000000	0.00000000	0.00000000	0.00000000
3221.22558594	0.00000000	0.00000000	0.00000000	0.00000000	0.00000000	0.00000000	0.00000000	0.00000000
3435.97387695	0.00000000	0.00000000	0.00000000	0.00000000	0.00000000	0.00000000	0.00000000	0.00000000
0	0	0	0	0	0	0	0	0
