%1/8/2019 6:47:43 PM
%Duration	ID1		ID2		ID3		ID4		ID5		ID6		ID7		ID8
3000.000000	90.484619	1704.397217	1607.074829	1385.641113	0.000000	0.000000	0.000000	0.000000
%Tau		Tau1		Tau2		Tau3		Tau4		Tau5		Tau6		Tau7		Tau8
%		0.000058	0.000002	0.000001	0.000001	0.000000	0.000000	0.000000	0.000000
%Delaytime	D1		D2		D3		D4		D5		D6		D7		D8
0.00000020	2.03537893	0.96615148	0.97105289	0.94526112	0.00000000	0.00000000	0.00000000	0.00000000
0.00000040	1.57577729	1.00477731	1.00289702	1.00272870	0.00000000	0.00000000	0.00000000	0.00000000
0.00000060	1.46860754	1.00084388	1.00284266	1.00053310	0.00000000	0.00000000	0.00000000	0.00000000
0.00000080	1.51096714	0.99864823	1.00081205	1.00116932	0.00000000	0.00000000	0.00000000	0.00000000
0.00000100	1.44827485	1.00107980	0.99879336	1.00052071	0.00000000	0.00000000	0.00000000	0.00000000
0.00000120	1.46182990	1.00086987	0.99981660	1.00242209	0.00000000	0.00000000	0.00000000	0.00000000
0.00000140	1.48724568	1.00036013	0.99747586	0.99900240	0.00000000	0.00000000	0.00000000	0.00000000
0.00000160	1.49571764	0.99920982	0.99961913	1.00170219	0.00000000	0.00000000	0.00000000	0.00000000
0.00000180	1.47114909	1.00042152	1.00029242	0.99865311	0.00000000	0.00000000	0.00000000	0.00000000
0.00000200	1.50461316	1.00157893	0.99957669	1.00059915	0.00000000	0.00000000	0.00000000	0.00000000
0.00000220	1.42582428	0.99989766	1.00061059	1.00131011	0.00000000	0.00000000	0.00000000	0.00000000
0.00000240	1.49021089	0.99877328	1.00093925	0.99898988	0.00000000	0.00000000	0.00000000	0.00000000
0.00000260	1.44742775	0.99864000	0.99945080	0.99985778	0.00000000	0.00000000	0.00000000	0.00000000
0.00000280	1.47411430	0.99965578	0.99979275	0.99847132	0.00000000	0.00000000	0.00000000	0.00000000
0.00000300	1.53468847	1.00132167	0.99936599	0.99761772	0.00000000	0.00000000	0.00000000	0.00000000
0.00000320	1.45844114	1.00020790	0.99983120	1.00045478	0.00000000	0.00000000	0.00000000	0.00000000
0.00000360	1.45145190	0.99947059	0.99995184	1.00130391	0.00000000	0.00000000	0.00000000	0.00000000
0.00000400	1.47496140	1.00013947	1.00037932	1.00072026	0.00000000	0.00000000	0.00000000	0.00000000
0.00000440	1.45738220	0.99968821	0.99926722	0.99882418	0.00000000	0.00000000	0.00000000	0.00000000
0.00000480	1.44149733	0.99934196	0.99848986	0.99902111	0.00000000	0.00000000	0.00000000	0.00000000
0.00000520	1.44933391	1.00005519	0.99783707	0.99998516	0.00000000	0.00000000	0.00000000	0.00000000
0.00000560	1.43789673	1.00086749	0.99845934	0.99850786	0.00000000	0.00000000	0.00000000	0.00000000
0.00000600	1.44679224	0.99897975	1.00007308	0.99981856	0.00000000	0.00000000	0.00000000	0.00000000
0.00000640	1.48258615	1.00005221	1.00057614	0.99824232	0.00000000	0.00000000	0.00000000	0.00000000
0.00000720	1.44054425	0.99941897	0.99909192	0.99878049	0.00000000	0.00000000	0.00000000	0.00000000
0.00000800	1.42910719	1.00002503	0.99945974	0.99921668	0.00000000	0.00000000	0.00000000	0.00000000
0.00000880	1.43069565	1.00017703	0.99902332	0.99851412	0.00000000	0.00000000	0.00000000	0.00000000
0.00000960	1.42137659	1.00021648	0.99905682	0.99909908	0.00000000	0.00000000	0.00000000	0.00000000
0.00001040	1.40379727	0.99869394	1.00017154	0.99951965	0.00000000	0.00000000	0.00000000	0.00000000
0.00001120	1.42635381	0.99933368	0.99925762	0.99886698	0.00000000	0.00000000	0.00000000	0.00000000
0.00001200	1.42201197	1.00023592	0.99936861	0.99880236	0.00000000	0.00000000	0.00000000	0.00000000
0.00001280	1.39341915	0.99885207	0.99932224	0.99888033	0.00000000	0.00000000	0.00000000	0.00000000
0.00001440	1.39220130	1.00056279	0.99998909	0.99942517	0.00000000	0.00000000	0.00000000	0.00000000
0.00001600	1.39378989	1.00045455	1.00000203	0.99949980	0.00000000	0.00000000	0.00000000	0.00000000
0.00001760	1.38028777	0.99962234	0.99939460	0.99986470	0.00000000	0.00000000	0.00000000	0.00000000
0.00001920	1.35656631	0.99968237	1.00026333	1.00036943	0.00000000	0.00000000	0.00000000	0.00000000
0.00002080	1.35434246	0.99993938	0.99956775	1.00051618	0.00000000	0.00000000	0.00000000	0.00000000
0.00002240	1.34677064	0.99956316	0.99961102	1.00003350	0.00000000	0.00000000	0.00000000	0.00000000
0.00002400	1.32098424	0.99974883	0.99944252	0.99989295	0.00000000	0.00000000	0.00000000	0.00000000
0.00002560	1.33152127	0.99960154	1.00003636	1.00050044	0.00000000	0.00000000	0.00000000	0.00000000
0.00002880	1.32125342	0.99951905	0.99942863	0.99935490	0.00000000	0.00000000	0.00000000	0.00000000
0.00003200	1.29696703	0.99999356	0.99935180	0.99930990	0.00000000	0.00000000	0.00000000	0.00000000
0.00003520	1.28408802	0.99987000	1.00011647	0.99926841	0.00000000	0.00000000	0.00000000	0.00000000
0.00003840	1.26525140	0.99983543	1.00033939	0.99973810	0.00000000	0.00000000	0.00000000	0.00000000
0.00004160	1.25204992	0.99994248	0.99964023	0.99961758	0.00000000	0.00000000	0.00000000	0.00000000
0.00004480	1.24289620	0.99949759	1.00018561	0.99926907	0.00000000	0.00000000	0.00000000	0.00000000
0.00004800	1.23316038	1.00022244	0.99975574	0.99951339	0.00000000	0.00000000	0.00000000	0.00000000
0.00005120	1.23736691	0.99998969	0.99954545	1.00014806	0.00000000	0.00000000	0.00000000	0.00000000
0.00005760	1.19984341	0.99979210	0.99996209	0.99987078	0.00000000	0.00000000	0.00000000	0.00000000
0.00006400	1.18604755	1.00006104	0.99994808	0.99964392	0.00000000	0.00000000	0.00000000	0.00000000
0.00007040	1.17060184	0.99995935	0.99975288	0.99997121	0.00000000	0.00000000	0.00000000	0.00000000
0.00007680	1.15583122	0.99982023	0.99969065	0.99988145	0.00000000	0.00000000	0.00000000	0.00000000
0.00008320	1.13910627	1.00007868	0.99996066	0.99962276	0.00000000	0.00000000	0.00000000	0.00000000
0.00008960	1.13403726	0.99976188	0.99984074	1.00023651	0.00000000	0.00000000	0.00000000	0.00000000
0.00009600	1.11661959	0.99958688	0.99977362	1.00001180	0.00000000	0.00000000	0.00000000	0.00000000
0.00010240	1.10705948	0.99979925	0.99961334	0.99969447	0.00000000	0.00000000	0.00000000	0.00000000
0.00011520	1.08716643	0.99989462	0.99998367	1.00011992	0.00000000	0.00000000	0.00000000	0.00000000
0.00012800	1.07494402	1.00001335	0.99996775	0.99965054	0.00000000	0.00000000	0.00000000	0.00000000
0.00014080	1.06274152	1.00019157	0.99994737	0.99999785	0.00000000	0.00000000	0.00000000	0.00000000
0.00015360	1.05620384	1.00002289	1.00005865	1.00026846	0.00000000	0.00000000	0.00000000	0.00000000
0.00016640	1.04658556	1.00014365	0.99982643	1.00009632	0.00000000	0.00000000	0.00000000	0.00000000
0.00017920	1.04216492	0.99981922	0.99986809	0.99997020	0.00000000	0.00000000	0.00000000	0.00000000
0.00019200	1.03150356	0.99996138	0.99988341	1.00005698	0.00000000	0.00000000	0.00000000	0.00000000
0.00020480	1.03142416	1.00009871	1.00004601	1.00012970	0.00000000	0.00000000	0.00000000	0.00000000
0.00023040	1.02579510	0.99995238	0.99998522	1.00001740	0.00000000	0.00000000	0.00000000	0.00000000
0.00025600	1.02056146	1.00013793	0.99999243	1.00009739	0.00000000	0.00000000	0.00000000	0.00000000
0.00028160	1.00892425	0.99989516	1.00012791	0.99990278	0.00000000	0.00000000	0.00000000	0.00000000
0.00030720	1.00593364	1.00005496	1.00011873	0.99981266	0.00000000	0.00000000	0.00000000	0.00000000
0.00033280	1.00788367	1.00007999	0.99989599	0.99998844	0.00000000	0.00000000	0.00000000	0.00000000
0.00035840	1.00471199	1.00001585	0.99996024	0.99998170	0.00000000	0.00000000	0.00000000	0.00000000
0.00038400	1.00317252	0.99991739	0.99975979	0.99996841	0.00000000	0.00000000	0.00000000	0.00000000
0.00040960	1.00240159	0.99997365	0.99998063	1.00008214	0.00000000	0.00000000	0.00000000	0.00000000
0.00046080	0.99850249	1.00004780	1.00004458	1.00017011	0.00000000	0.00000000	0.00000000	0.00000000
0.00051200	1.00214231	1.00001764	0.99997097	0.99997115	0.00000000	0.00000000	0.00000000	0.00000000
0.00056320	1.00245225	0.99994224	1.00005186	0.99988389	0.00000000	0.00000000	0.00000000	0.00000000
0.00061440	0.99870282	0.99995655	1.00004888	1.00006616	0.00000000	0.00000000	0.00000000	0.00000000
0.00066560	0.99940634	1.00003648	0.99994940	0.99990749	0.00000000	0.00000000	0.00000000	0.00000000
0.00071680	0.99606377	0.99990892	0.99990964	0.99993449	0.00000000	0.00000000	0.00000000	0.00000000
0.00076800	0.99885362	0.99996907	1.00006795	0.99993169	0.00000000	0.00000000	0.00000000	0.00000000
0.00081920	1.00027323	1.00006032	1.00002754	0.99994504	0.00000000	0.00000000	0.00000000	0.00000000
0.00092160	0.99560916	1.00000978	1.00000703	1.00008082	0.00000000	0.00000000	0.00000000	0.00000000
0.00102400	1.00030220	0.99999112	1.00000668	0.99999231	0.00000000	0.00000000	0.00000000	0.00000000
0.00112640	1.00209689	0.99997580	0.99999827	1.00001061	0.00000000	0.00000000	0.00000000	0.00000000
0.00122880	0.99982792	0.99999863	0.99999177	1.00009322	0.00000000	0.00000000	0.00000000	0.00000000
0.00133120	1.00314772	0.99995327	0.99996769	0.99997842	0.00000000	0.00000000	0.00000000	0.00000000
0.00143360	1.00264525	1.00001466	1.00000167	1.00004697	0.00000000	0.00000000	0.00000000	0.00000000
0.00153600	0.99897593	0.99994981	1.00000036	0.99999487	0.00000000	0.00000000	0.00000000	0.00000000
0.00163840	0.99871302	0.99997175	0.99999827	0.99999148	0.00000000	0.00000000	0.00000000	0.00000000
0.00184320	1.00105882	1.00002551	1.00004029	1.00000346	0.00000000	0.00000000	0.00000000	0.00000000
0.00204800	1.00076258	0.99997944	0.99998957	0.99997568	0.00000000	0.00000000	0.00000000	0.00000000
0.00225280	0.99593288	1.00002992	1.00002027	0.99996334	0.00000000	0.00000000	0.00000000	0.00000000
0.00245760	1.00104237	1.00002086	0.99999630	1.00002766	0.00000000	0.00000000	0.00000000	0.00000000
0.00266240	1.00341833	1.00001347	1.00003541	1.00000870	0.00000000	0.00000000	0.00000000	0.00000000
0.00286720	0.99921435	1.00002348	0.99995178	0.99997443	0.00000000	0.00000000	0.00000000	0.00000000
0.00307200	0.99961531	1.00000036	0.99998868	0.99997467	0.00000000	0.00000000	0.00000000	0.00000000
0.00327680	0.99888057	0.99998069	0.99995029	0.99997538	0.00000000	0.00000000	0.00000000	0.00000000
0.00368640	0.99837530	1.00003028	0.99996448	1.00001884	0.00000000	0.00000000	0.00000000	0.00000000
0.00409600	0.99874187	0.99999720	1.00000799	0.99998641	0.00000000	0.00000000	0.00000000	0.00000000
0.00450560	0.99829543	0.99999177	0.99997175	0.99997973	0.00000000	0.00000000	0.00000000	0.00000000
0.00491520	1.00015056	0.99998629	0.99998713	0.99999201	0.00000000	0.00000000	0.00000000	0.00000000
0.00532480	1.00025225	0.99999958	0.99999106	0.99997693	0.00000000	0.00000000	0.00000000	0.00000000
0.00573440	1.00173390	1.00002253	1.00001061	0.99997354	0.00000000	0.00000000	0.00000000	0.00000000
0.00614400	0.99952078	1.00001359	0.99999136	1.00000668	0.00000000	0.00000000	0.00000000	0.00000000
0.00655360	1.00108194	1.00002170	1.00000525	0.99996603	0.00000000	0.00000000	0.00000000	0.00000000
0.00737280	0.99973077	1.00000226	0.99998850	1.00000024	0.00000000	0.00000000	0.00000000	0.00000000
0.00819200	0.99926984	0.99998772	0.99998564	1.00000870	0.00000000	0.00000000	0.00000000	0.00000000
0.00901120	0.99995595	1.00001752	1.00000870	0.99997431	0.00000000	0.00000000	0.00000000	0.00000000
0.00983040	0.99979722	0.99998951	1.00002217	1.00000072	0.00000000	0.00000000	0.00000000	0.00000000
0.01064960	0.99996853	0.99998814	0.99998957	1.00000858	0.00000000	0.00000000	0.00000000	0.00000000
0.01146880	0.99863744	0.99998832	0.99999529	1.00001681	0.00000000	0.00000000	0.00000000	0.00000000
0.01228800	0.99998808	0.99999994	1.00001752	1.00000083	0.00000000	0.00000000	0.00000000	0.00000000
0.01310720	0.99869591	1.00003362	0.99999017	0.99998748	0.00000000	0.00000000	0.00000000	0.00000000
0.01474560	1.00125539	1.00000727	1.00001252	1.00001585	0.00000000	0.00000000	0.00000000	0.00000000
0.01638400	1.00158083	1.00000548	1.00001156	0.99998945	0.00000000	0.00000000	0.00000000	0.00000000
0.01802240	1.00063884	0.99999797	1.00001419	1.00000072	0.00000000	0.00000000	0.00000000	0.00000000
0.01966080	0.99993247	1.00000334	1.00000310	0.99999833	0.00000000	0.00000000	0.00000000	0.00000000
0.02129920	0.99850160	0.99999863	1.00001204	0.99999398	0.00000000	0.00000000	0.00000000	0.00000000
0.02293760	1.00142777	1.00000453	0.99999732	1.00000942	0.00000000	0.00000000	0.00000000	0.00000000
0.02457600	1.00027335	0.99999875	0.99997765	1.00001216	0.00000000	0.00000000	0.00000000	0.00000000
0.02621440	1.00049031	0.99999243	0.99998480	0.99999744	0.00000000	0.00000000	0.00000000	0.00000000
0.02949120	1.00075877	1.00000632	0.99999213	0.99999714	0.00000000	0.00000000	0.00000000	0.00000000
0.03276800	1.00072682	1.00000572	0.99999958	0.99999440	0.00000000	0.00000000	0.00000000	0.00000000
0.03604480	0.99939191	0.99999952	1.00000000	1.00001359	0.00000000	0.00000000	0.00000000	0.00000000
0.03932160	0.99891126	1.00000072	1.00000596	1.00000191	0.00000000	0.00000000	0.00000000	0.00000000
0.04259840	0.99962926	0.99999207	1.00000489	1.00000918	0.00000000	0.00000000	0.00000000	0.00000000
0.04587520	1.00012147	1.00000525	1.00001359	1.00000453	0.00000000	0.00000000	0.00000000	0.00000000
0.04915200	0.99973613	1.00000978	0.99999964	0.99999261	0.00000000	0.00000000	0.00000000	0.00000000
0.05242880	0.99944860	0.99999678	1.00000656	0.99997783	0.00000000	0.00000000	0.00000000	0.00000000
0.05898240	0.99952501	0.99999660	1.00000334	0.99999619	0.00000000	0.00000000	0.00000000	0.00000000
0.06553600	0.99994844	0.99999589	0.99999326	0.99999964	0.00000000	0.00000000	0.00000000	0.00000000
0.07208960	0.99968433	0.99999988	0.99999994	0.99999893	0.00000000	0.00000000	0.00000000	0.00000000
0.07864320	1.00005114	1.00000167	0.99999166	0.99999017	0.00000000	0.00000000	0.00000000	0.00000000
0.08519680	0.99958158	1.00000560	1.00000501	1.00000310	0.00000000	0.00000000	0.00000000	0.00000000
0.09175040	1.00088453	1.00000286	1.00000370	0.99999624	0.00000000	0.00000000	0.00000000	0.00000000
0.09830400	1.00026894	1.00000429	0.99999720	1.00000882	0.00000000	0.00000000	0.00000000	0.00000000
0.10485760	1.00046659	0.99999672	0.99999690	0.99999321	0.00000000	0.00000000	0.00000000	0.00000000
0.11796480	1.00050616	0.99999869	1.00000238	1.00000334	0.00000000	0.00000000	0.00000000	0.00000000
0.13107200	1.00016749	1.00000024	0.99999428	0.99999774	0.00000000	0.00000000	0.00000000	0.00000000
0.14417920	0.99957490	0.99999952	0.99999714	0.99999553	0.00000000	0.00000000	0.00000000	0.00000000
0.15728641	1.00040066	0.99999374	0.99999952	1.00000751	0.00000000	0.00000000	0.00000000	0.00000000
0.17039360	1.00028896	1.00000417	1.00000370	0.99999559	0.00000000	0.00000000	0.00000000	0.00000000
0.18350080	0.99982303	0.99999750	1.00000286	0.99999583	0.00000000	0.00000000	0.00000000	0.00000000
0.19660801	0.99987739	1.00000703	0.99999958	1.00000775	0.00000000	0.00000000	0.00000000	0.00000000
0.20971520	0.99981397	1.00000453	1.00000143	0.99999732	0.00000000	0.00000000	0.00000000	0.00000000
0.23592959	1.00029993	1.00000036	1.00000250	1.00000203	0.00000000	0.00000000	0.00000000	0.00000000
0.26214400	1.00008810	0.99999529	0.99999905	0.99999946	0.00000000	0.00000000	0.00000000	0.00000000
0.28835839	1.00027442	1.00000477	0.99999303	0.99999893	0.00000000	0.00000000	0.00000000	0.00000000
0.31457281	1.00023186	1.00000286	1.00000095	1.00000596	0.00000000	0.00000000	0.00000000	0.00000000
0.34078720	0.99998516	1.00000525	0.99999619	0.99999803	0.00000000	0.00000000	0.00000000	0.00000000
0.36700159	0.99950248	1.00000286	0.99999768	1.00000727	0.00000000	0.00000000	0.00000000	0.00000000
0.39321601	1.00034940	1.00000107	1.00000155	1.00000012	0.00000000	0.00000000	0.00000000	0.00000000
0.41943040	1.00010860	1.00000179	1.00000167	1.00000215	0.00000000	0.00000000	0.00000000	0.00000000
0.47185919	0.99981844	0.99999917	0.99999517	1.00000143	0.00000000	0.00000000	0.00000000	0.00000000
0.52428800	1.00013697	1.00000381	0.99999797	0.99999928	0.00000000	0.00000000	0.00000000	0.00000000
0.57671678	0.99998516	0.99999690	1.00000083	0.99999821	0.00000000	0.00000000	0.00000000	0.00000000
0.62914562	0.99973661	1.00000083	1.00000262	0.99999875	0.00000000	0.00000000	0.00000000	0.00000000
0.68157440	1.00023425	0.99999732	1.00000238	1.00000775	0.00000000	0.00000000	0.00000000	0.00000000
0.73400319	0.99976820	1.00000298	0.99999893	1.00000250	0.00000000	0.00000000	0.00000000	0.00000000
0.78643203	0.99993354	0.99999756	0.99999911	0.99999928	0.00000000	0.00000000	0.00000000	0.00000000
0.83886081	1.00024939	0.99999964	1.00000131	0.99999779	0.00000000	0.00000000	0.00000000	0.00000000
0.94371837	0.99997926	0.99999946	0.99999905	1.00000107	0.00000000	0.00000000	0.00000000	0.00000000
1.04857600	1.00009930	0.99999666	0.99999976	1.00000072	0.00000000	0.00000000	0.00000000	0.00000000
1.15343356	0.99998140	1.00000012	0.99999619	0.99999994	0.00000000	0.00000000	0.00000000	0.00000000
1.25829124	1.00015283	0.99999893	1.00000226	1.00000000	0.00000000	0.00000000	0.00000000	0.00000000
1.36314881	1.00003517	0.99999744	0.99999928	1.00000131	0.00000000	0.00000000	0.00000000	0.00000000
1.46800637	1.00001347	1.00000107	1.00000203	0.99999988	0.00000000	0.00000000	0.00000000	0.00000000
1.57286406	1.00007415	0.99999857	1.00000250	1.00000036	0.00000000	0.00000000	0.00000000	0.00000000
1.67772162	1.00004804	1.00000024	0.99999899	0.99999857	0.00000000	0.00000000	0.00000000	0.00000000
1.88743675	0.99997753	1.00000036	0.99999863	0.99999982	0.00000000	0.00000000	0.00000000	0.00000000
2.09715199	0.99995655	1.00000083	0.99999899	1.00000048	0.00000000	0.00000000	0.00000000	0.00000000
2.30686712	0.99997121	1.00000060	1.00000083	1.00000012	0.00000000	0.00000000	0.00000000	0.00000000
2.51658249	1.00005126	0.99999976	0.99999893	1.00000024	0.00000000	0.00000000	0.00000000	0.00000000
2.72629762	1.00007021	0.99999857	0.99999994	1.00000250	0.00000000	0.00000000	0.00000000	0.00000000
2.93601274	0.99996543	0.99999899	1.00000250	1.00000072	0.00000000	0.00000000	0.00000000	0.00000000
3.14572811	0.99991453	0.99999881	1.00000107	0.99999934	0.00000000	0.00000000	0.00000000	0.00000000
3.35544324	0.99999017	0.99999923	0.99999928	1.00000203	0.00000000	0.00000000	0.00000000	0.00000000
3.77487350	1.00006509	0.99999976	1.00000155	1.00000000	0.00000000	0.00000000	0.00000000	0.00000000
4.19430399	0.99999183	1.00000274	0.99999762	0.99999821	0.00000000	0.00000000	0.00000000	0.00000000
4.61373425	0.99991626	1.00000167	1.00000226	1.00000179	0.00000000	0.00000000	0.00000000	0.00000000
5.03316498	1.00000000	1.00000000	1.00000000	1.00000000	0.00000000	0.00000000	0.00000000	0.00000000
5.45259523	0.00000000	0.00000000	0.00000000	0.00000000	0.00000000	0.00000000	0.00000000	0.00000000
5.87202549	0.00000000	0.00000000	0.00000000	0.00000000	0.00000000	0.00000000	0.00000000	0.00000000
6.29145622	0.00000000	0.00000000	0.00000000	0.00000000	0.00000000	0.00000000	0.00000000	0.00000000
6.71088648	0.00000000	0.00000000	0.00000000	0.00000000	0.00000000	0.00000000	0.00000000	0.00000000
7.54974699	0.00000000	0.00000000	0.00000000	0.00000000	0.00000000	0.00000000	0.00000000	0.00000000
8.38860798	0.00000000	0.00000000	0.00000000	0.00000000	0.00000000	0.00000000	0.00000000	0.00000000
9.22746849	0.00000000	0.00000000	0.00000000	0.00000000	0.00000000	0.00000000	0.00000000	0.00000000
10.06632996	0.00000000	0.00000000	0.00000000	0.00000000	0.00000000	0.00000000	0.00000000	0.00000000
10.90519047	0.00000000	0.00000000	0.00000000	0.00000000	0.00000000	0.00000000	0.00000000	0.00000000
11.74405098	0.00000000	0.00000000	0.00000000	0.00000000	0.00000000	0.00000000	0.00000000	0.00000000
12.58291245	0.00000000	0.00000000	0.00000000	0.00000000	0.00000000	0.00000000	0.00000000	0.00000000
13.42177296	0.00000000	0.00000000	0.00000000	0.00000000	0.00000000	0.00000000	0.00000000	0.00000000
15.09949398	0.00000000	0.00000000	0.00000000	0.00000000	0.00000000	0.00000000	0.00000000	0.00000000
16.77721596	0.00000000	0.00000000	0.00000000	0.00000000	0.00000000	0.00000000	0.00000000	0.00000000
18.45493698	0.00000000	0.00000000	0.00000000	0.00000000	0.00000000	0.00000000	0.00000000	0.00000000
20.13265991	0.00000000	0.00000000	0.00000000	0.00000000	0.00000000	0.00000000	0.00000000	0.00000000
21.81038094	0.00000000	0.00000000	0.00000000	0.00000000	0.00000000	0.00000000	0.00000000	0.00000000
23.48810196	0.00000000	0.00000000	0.00000000	0.00000000	0.00000000	0.00000000	0.00000000	0.00000000
25.16582489	0.00000000	0.00000000	0.00000000	0.00000000	0.00000000	0.00000000	0.00000000	0.00000000
26.84354591	0.00000000	0.00000000	0.00000000	0.00000000	0.00000000	0.00000000	0.00000000	0.00000000
30.19898796	0.00000000	0.00000000	0.00000000	0.00000000	0.00000000	0.00000000	0.00000000	0.00000000
33.55443192	0.00000000	0.00000000	0.00000000	0.00000000	0.00000000	0.00000000	0.00000000	0.00000000
36.90987396	0.00000000	0.00000000	0.00000000	0.00000000	0.00000000	0.00000000	0.00000000	0.00000000
40.26531982	0.00000000	0.00000000	0.00000000	0.00000000	0.00000000	0.00000000	0.00000000	0.00000000
43.62076187	0.00000000	0.00000000	0.00000000	0.00000000	0.00000000	0.00000000	0.00000000	0.00000000
46.97620392	0.00000000	0.00000000	0.00000000	0.00000000	0.00000000	0.00000000	0.00000000	0.00000000
50.33164978	0.00000000	0.00000000	0.00000000	0.00000000	0.00000000	0.00000000	0.00000000	0.00000000
53.68709183	0.00000000	0.00000000	0.00000000	0.00000000	0.00000000	0.00000000	0.00000000	0.00000000
60.39797592	0.00000000	0.00000000	0.00000000	0.00000000	0.00000000	0.00000000	0.00000000	0.00000000
67.10886383	0.00000000	0.00000000	0.00000000	0.00000000	0.00000000	0.00000000	0.00000000	0.00000000
73.81974792	0.00000000	0.00000000	0.00000000	0.00000000	0.00000000	0.00000000	0.00000000	0.00000000
80.53063965	0.00000000	0.00000000	0.00000000	0.00000000	0.00000000	0.00000000	0.00000000	0.00000000
87.24152374	0.00000000	0.00000000	0.00000000	0.00000000	0.00000000	0.00000000	0.00000000	0.00000000
93.95240784	0.00000000	0.00000000	0.00000000	0.00000000	0.00000000	0.00000000	0.00000000	0.00000000
100.66329956	0.00000000	0.00000000	0.00000000	0.00000000	0.00000000	0.00000000	0.00000000	0.00000000
107.37418365	0.00000000	0.00000000	0.00000000	0.00000000	0.00000000	0.00000000	0.00000000	0.00000000
120.79595184	0.00000000	0.00000000	0.00000000	0.00000000	0.00000000	0.00000000	0.00000000	0.00000000
134.21772766	0.00000000	0.00000000	0.00000000	0.00000000	0.00000000	0.00000000	0.00000000	0.00000000
147.63949585	0.00000000	0.00000000	0.00000000	0.00000000	0.00000000	0.00000000	0.00000000	0.00000000
161.06127930	0.00000000	0.00000000	0.00000000	0.00000000	0.00000000	0.00000000	0.00000000	0.00000000
174.48304749	0.00000000	0.00000000	0.00000000	0.00000000	0.00000000	0.00000000	0.00000000	0.00000000
187.90481567	0.00000000	0.00000000	0.00000000	0.00000000	0.00000000	0.00000000	0.00000000	0.00000000
201.32659912	0.00000000	0.00000000	0.00000000	0.00000000	0.00000000	0.00000000	0.00000000	0.00000000
214.74836731	0.00000000	0.00000000	0.00000000	0.00000000	0.00000000	0.00000000	0.00000000	0.00000000
241.59190369	0.00000000	0.00000000	0.00000000	0.00000000	0.00000000	0.00000000	0.00000000	0.00000000
268.43545532	0.00000000	0.00000000	0.00000000	0.00000000	0.00000000	0.00000000	0.00000000	0.00000000
295.27899170	0.00000000	0.00000000	0.00000000	0.00000000	0.00000000	0.00000000	0.00000000	0.00000000
322.12255859	0.00000000	0.00000000	0.00000000	0.00000000	0.00000000	0.00000000	0.00000000	0.00000000
348.96609497	0.00000000	0.00000000	0.00000000	0.00000000	0.00000000	0.00000000	0.00000000	0.00000000
375.80963135	0.00000000	0.00000000	0.00000000	0.00000000	0.00000000	0.00000000	0.00000000	0.00000000
402.65319824	0.00000000	0.00000000	0.00000000	0.00000000	0.00000000	0.00000000	0.00000000	0.00000000
429.49673462	0.00000000	0.00000000	0.00000000	0.00000000	0.00000000	0.00000000	0.00000000	0.00000000
483.18380737	0.00000000	0.00000000	0.00000000	0.00000000	0.00000000	0.00000000	0.00000000	0.00000000
536.87091064	0.00000000	0.00000000	0.00000000	0.00000000	0.00000000	0.00000000	0.00000000	0.00000000
590.55798340	0.00000000	0.00000000	0.00000000	0.00000000	0.00000000	0.00000000	0.00000000	0.00000000
644.24511719	0.00000000	0.00000000	0.00000000	0.00000000	0.00000000	0.00000000	0.00000000	0.00000000
697.93218994	0.00000000	0.00000000	0.00000000	0.00000000	0.00000000	0.00000000	0.00000000	0.00000000
751.61926270	0.00000000	0.00000000	0.00000000	0.00000000	0.00000000	0.00000000	0.00000000	0.00000000
805.30639648	0.00000000	0.00000000	0.00000000	0.00000000	0.00000000	0.00000000	0.00000000	0.00000000
858.99346924	0.00000000	0.00000000	0.00000000	0.00000000	0.00000000	0.00000000	0.00000000	0.00000000
966.36761475	0.00000000	0.00000000	0.00000000	0.00000000	0.00000000	0.00000000	0.00000000	0.00000000
1073.74182129	0.00000000	0.00000000	0.00000000	0.00000000	0.00000000	0.00000000	0.00000000	0.00000000
1181.11596680	0.00000000	0.00000000	0.00000000	0.00000000	0.00000000	0.00000000	0.00000000	0.00000000
1288.49023437	0.00000000	0.00000000	0.00000000	0.00000000	0.00000000	0.00000000	0.00000000	0.00000000
1395.86437988	0.00000000	0.00000000	0.00000000	0.00000000	0.00000000	0.00000000	0.00000000	0.00000000
1503.23852539	0.00000000	0.00000000	0.00000000	0.00000000	0.00000000	0.00000000	0.00000000	0.00000000
1610.61279297	0.00000000	0.00000000	0.00000000	0.00000000	0.00000000	0.00000000	0.00000000	0.00000000
1717.98693848	0.00000000	0.00000000	0.00000000	0.00000000	0.00000000	0.00000000	0.00000000	0.00000000
1932.73522949	0.00000000	0.00000000	0.00000000	0.00000000	0.00000000	0.00000000	0.00000000	0.00000000
2147.48364258	0.00000000	0.00000000	0.00000000	0.00000000	0.00000000	0.00000000	0.00000000	0.00000000
2362.23193359	0.00000000	0.00000000	0.00000000	0.00000000	0.00000000	0.00000000	0.00000000	0.00000000
2576.98046875	0.00000000	0.00000000	0.00000000	0.00000000	0.00000000	0.00000000	0.00000000	0.00000000
2791.72875977	0.00000000	0.00000000	0.00000000	0.00000000	0.00000000	0.00000000	0.00000000	0.00000000
3006.47705078	0.00000000	0.00000000	0.00000000	0.00000000	0.00000000	0.00000000	0.00000000	0.00000000
3221.22558594	0.00000000	0.00000000	0.00000000	0.00000000	0.00000000	0.00000000	0.00000000	0.00000000
3435.97387695	0.00000000	0.00000000	0.00000000	0.00000000	0.00000000	0.00000000	0.00000000	0.00000000
0	0	0	0	0	0	0	0	0
