%1/8/2019 6:43:04 PM
%Duration	ID1		ID2		ID3		ID4		ID5		ID6		ID7		ID8
1000.000000	122.127533	1679.115356	1579.933228	1372.718872	0.000000	0.000000	0.000000	0.000000
%Tau		Tau1		Tau2		Tau3		Tau4		Tau5		Tau6		Tau7		Tau8
%		0.000083	0.000002	0.000001	0.000001	0.000000	0.000000	0.000000	0.000000
%Delaytime	D1		D2		D3		D4		D5		D6		D7		D8
0.00000020	1.88748789	0.96453279	0.96964461	0.94808608	0.00000000	0.00000000	0.00000000	0.00000000
0.00000040	1.52741325	1.00348997	1.00448823	1.00311053	0.00000000	0.00000000	0.00000000	0.00000000
0.00000060	1.50200474	1.00289714	1.00303268	1.00034773	0.00000000	0.00000000	0.00000000	0.00000000
0.00000080	1.47441840	1.00049555	0.99875057	0.99867755	0.00000000	0.00000000	0.00000000	0.00000000
0.00000100	1.52160561	0.99982768	0.99980110	0.99958342	0.00000000	0.00000000	0.00000000	0.00000000
0.00000120	1.47587037	0.99719352	0.99784350	1.00117433	0.00000000	0.00000000	0.00000000	0.00000000
0.00000140	1.52015364	1.00277698	1.00085163	1.00210273	0.00000000	0.00000000	0.00000000	0.00000000
0.00000160	1.47877419	1.00233054	1.00228179	1.00406170	0.00000000	0.00000000	0.00000000	0.00000000
0.00000180	1.48821163	1.00130236	0.99910498	0.99905121	0.00000000	0.00000000	0.00000000	0.00000000
0.00000200	1.51724982	0.99680322	1.00427306	0.99804914	0.00000000	0.00000000	0.00000000	0.00000000
0.00000220	1.41997159	1.00064194	1.00073349	0.99820197	0.00000000	0.00000000	0.00000000	0.00000000
0.00000240	1.38222194	1.00142992	0.99965763	0.99884176	0.00000000	0.00000000	0.00000000	0.00000000
0.00000260	1.45626950	0.99662310	0.99873370	0.99894929	0.00000000	0.00000000	0.00000000	0.00000000
0.00000280	1.46135116	1.00067568	0.99999517	0.99739808	0.00000000	0.00000000	0.00000000	0.00000000
0.00000300	1.44465423	1.00005651	0.99732882	1.00084591	0.00000000	0.00000000	0.00000000	0.00000000
0.00000320	1.45263970	0.99911094	0.99865776	1.00382960	0.00000000	0.00000000	0.00000000	0.00000000
0.00000360	1.44465423	0.99840176	1.00172913	0.99868321	0.00000000	0.00000000	0.00000000	0.00000000
0.00000400	1.46606994	1.00106406	0.99908179	1.00065339	0.00000000	0.00000000	0.00000000	0.00000000
0.00000440	1.44646907	0.99985766	0.99906909	0.99932295	0.00000000	0.00000000	0.00000000	0.00000000
0.00000480	1.47514439	0.99900025	1.00015330	1.00079775	0.00000000	0.00000000	0.00000000	0.00000000
0.00000520	1.45808434	1.00275075	1.00118482	0.99919558	0.00000000	0.00000000	0.00000000	0.00000000
0.00000560	1.42432737	0.99723101	1.00042546	0.99910784	0.00000000	0.00000000	0.00000000	0.00000000
0.00000600	1.45626950	0.99710345	0.99757141	0.99983251	0.00000000	0.00000000	0.00000000	0.00000000
0.00000640	1.46389198	1.00092900	1.00020611	0.99920410	0.00000000	0.00000000	0.00000000	0.00000000
0.00000720	1.44066143	0.99957907	0.99849325	1.00015092	0.00000000	0.00000000	0.00000000	0.00000000
0.00000800	1.42977202	0.99896556	0.99964923	0.99761885	0.00000000	0.00000000	0.00000000	0.00000000
0.00000880	1.43721306	0.99948335	1.00088537	0.99723810	0.00000000	0.00000000	0.00000000	0.00000000
0.00000960	1.41942716	0.99867755	0.99946040	0.99968529	0.00000000	0.00000000	0.00000000	0.00000000
0.00001040	1.43104243	1.00039804	0.99880224	0.99950129	0.00000000	0.00000000	0.00000000	0.00000000
0.00001120	1.43594265	0.99876481	0.99979579	1.00040293	0.00000000	0.00000000	0.00000000	0.00000000
0.00001200	1.44138741	0.99977326	0.99994558	1.00210702	0.00000000	0.00000000	0.00000000	0.00000000
0.00001280	1.38839257	0.99907529	0.99938023	0.99896061	0.00000000	0.00000000	0.00000000	0.00000000
0.00001440	1.41243982	1.00015080	0.99873263	1.00043547	0.00000000	0.00000000	0.00000000	0.00000000
0.00001600	1.40209496	0.99948806	0.99944514	1.00049210	0.00000000	0.00000000	0.00000000	0.00000000
0.00001760	1.40654147	0.99929953	1.00043547	1.00102782	0.00000000	0.00000000	0.00000000	0.00000000
0.00001920	1.38058853	0.99991304	0.99989021	1.00004339	0.00000000	0.00000000	0.00000000	0.00000000
0.00002080	1.38249409	0.99921787	1.00158775	1.00038099	0.00000000	0.00000000	0.00000000	0.00000000
0.00002240	1.37759387	0.99993318	1.00054097	0.99846101	0.00000000	0.00000000	0.00000000	0.00000000
0.00002400	1.35127795	0.99960953	0.99862295	0.99804348	0.00000000	0.00000000	0.00000000	0.00000000
0.00002560	1.36470819	0.99927884	0.99838352	1.00065839	0.00000000	0.00000000	0.00000000	0.00000000
0.00002880	1.33268595	0.99893194	1.00004613	0.99945498	0.00000000	0.00000000	0.00000000	0.00000000
0.00003200	1.33005965	0.99998879	0.99961489	0.99982625	0.00000000	0.00000000	0.00000000	0.00000000
0.00003520	1.32528186	0.99979031	1.00044298	1.00018489	0.00000000	0.00000000	0.00000000	0.00000000
0.00003840	1.30548263	1.00007570	1.00011992	0.99947995	0.00000000	0.00000000	0.00000000	0.00000000
0.00004160	1.29001939	0.99963057	0.99889940	1.00014234	0.00000000	0.00000000	0.00000000	0.00000000
0.00004480	1.27036798	0.99965316	0.99889612	0.99940872	0.00000000	0.00000000	0.00000000	0.00000000
0.00004800	1.27479422	0.99955988	0.99953789	0.99912894	0.00000000	0.00000000	0.00000000	0.00000000
0.00005120	1.27547336	0.99965924	1.00033021	0.99894494	0.00000000	0.00000000	0.00000000	0.00000000
0.00005760	1.23799431	0.99982494	1.00020802	1.00038373	0.00000000	0.00000000	0.00000000	0.00000000
0.00006400	1.23554981	0.99987245	0.99966162	0.99952865	0.00000000	0.00000000	0.00000000	0.00000000
0.00007040	1.21362448	0.99991304	1.00025976	0.99967438	0.00000000	0.00000000	0.00000000	0.00000000
0.00007680	1.20140660	1.00002789	1.00061524	0.99993175	0.00000000	0.00000000	0.00000000	0.00000000
0.00008320	1.18918860	0.99938262	0.99987841	0.99958932	0.00000000	0.00000000	0.00000000	0.00000000
0.00008960	1.16935611	1.00022256	0.99916357	0.99998206	0.00000000	0.00000000	0.00000000	0.00000000
0.00009600	1.17522848	0.99939752	0.99987221	1.00018716	0.00000000	0.00000000	0.00000000	0.00000000
0.00010240	1.15807819	1.00021052	1.00073731	0.99997228	0.00000000	0.00000000	0.00000000	0.00000000
0.00011520	1.12786984	0.99983621	0.99964797	0.99978089	0.00000000	0.00000000	0.00000000	0.00000000
0.00012800	1.11381626	0.99963766	0.99965370	1.00014126	0.00000000	0.00000000	0.00000000	0.00000000
0.00014080	1.09344447	0.99987513	0.99967998	1.00002325	0.00000000	0.00000000	0.00000000	0.00000000
0.00015360	1.08311200	0.99965155	1.00015223	0.99949133	0.00000000	0.00000000	0.00000000	0.00000000
0.00016640	1.06945372	0.99984980	0.99988067	1.00006127	0.00000000	0.00000000	0.00000000	0.00000000
0.00017920	1.06044102	0.99991328	0.99962419	1.00004327	0.00000000	0.00000000	0.00000000	0.00000000
0.00019200	1.05160880	1.00008643	0.99988478	0.99978584	0.00000000	0.00000000	0.00000000	0.00000000
0.00020480	1.04976308	0.99973530	1.00006723	1.00028753	0.00000000	0.00000000	0.00000000	0.00000000
0.00023040	1.03801060	1.00003064	1.00003910	1.00001419	0.00000000	0.00000000	0.00000000	0.00000000
0.00025600	1.02731717	1.00000012	0.99976993	1.00019670	0.00000000	0.00000000	0.00000000	0.00000000
0.00028160	1.01887512	0.99982506	0.99971151	0.99987316	0.00000000	0.00000000	0.00000000	0.00000000
0.00030720	1.01323569	0.99983740	0.99979651	0.99978280	0.00000000	0.00000000	0.00000000	0.00000000
0.00033280	1.00797927	1.00019014	0.99995166	1.00006282	0.00000000	0.00000000	0.00000000	0.00000000
0.00035840	1.00901330	1.00008082	1.00004661	1.00031245	0.00000000	0.00000000	0.00000000	0.00000000
0.00038400	1.00633609	1.00008166	0.99991655	0.99994135	0.00000000	0.00000000	0.00000000	0.00000000
0.00040960	1.01201379	1.00002551	0.99988300	0.99988663	0.00000000	0.00000000	0.00000000	0.00000000
0.00046080	0.99904323	1.00000238	1.00012970	1.00000632	0.00000000	0.00000000	0.00000000	0.00000000
0.00051200	0.99576288	1.00004184	1.00002038	1.00000560	0.00000000	0.00000000	0.00000000	0.00000000
0.00056320	0.99282110	0.99986267	1.00005281	0.99998838	0.00000000	0.00000000	0.00000000	0.00000000
0.00061440	0.99122441	1.00010717	0.99990636	0.99983108	0.00000000	0.00000000	0.00000000	0.00000000
0.00066560	0.99101448	0.99999958	1.00004470	0.99995601	0.00000000	0.00000000	0.00000000	0.00000000
0.00071680	0.99158037	0.99983382	0.99980921	0.99991709	0.00000000	0.00000000	0.00000000	0.00000000
0.00076800	0.99396926	0.99999219	0.99998587	1.00005734	0.00000000	0.00000000	0.00000000	0.00000000
0.00081920	0.99369580	1.00003088	0.99998277	0.99998599	0.00000000	0.00000000	0.00000000	0.00000000
0.00092160	0.99692041	0.99992657	1.00013244	0.99988598	0.00000000	0.00000000	0.00000000	0.00000000
0.00102400	1.00034034	0.99995196	1.00001359	0.99995953	0.00000000	0.00000000	0.00000000	0.00000000
0.00112640	1.00120032	0.99985176	1.00003493	1.00007498	0.00000000	0.00000000	0.00000000	0.00000000
0.00122880	1.00131571	1.00008082	0.99990118	1.00007629	0.00000000	0.00000000	0.00000000	0.00000000
0.00133120	1.00448406	1.00000489	0.99993384	0.99981838	0.00000000	0.00000000	0.00000000	0.00000000
0.00143360	1.01015604	0.99992174	1.00007629	0.99993503	0.00000000	0.00000000	0.00000000	0.00000000
0.00153600	1.00710607	1.00006521	0.99995494	1.00008929	0.00000000	0.00000000	0.00000000	0.00000000
0.00163840	1.00897014	0.99998647	0.99995595	0.99992698	0.00000000	0.00000000	0.00000000	0.00000000
0.00184320	0.99871010	0.99994385	0.99993527	0.99996376	0.00000000	0.00000000	0.00000000	0.00000000
0.00204800	0.99705642	0.99989146	0.99993539	0.99986023	0.00000000	0.00000000	0.00000000	0.00000000
0.00225280	0.99523079	0.99996555	0.99997181	1.00004530	0.00000000	0.00000000	0.00000000	0.00000000
0.00245760	0.99044478	1.00013506	1.00004053	1.00010192	0.00000000	0.00000000	0.00000000	0.00000000
0.00266240	0.99476260	1.00001872	0.99999696	0.99994534	0.00000000	0.00000000	0.00000000	0.00000000
0.00286720	0.99049401	1.00004137	0.99994421	1.00002682	0.00000000	0.00000000	0.00000000	0.00000000
0.00307200	0.99637198	0.99996656	1.00006771	1.00005305	0.00000000	0.00000000	0.00000000	0.00000000
0.00327680	0.99370050	0.99996370	1.00008821	1.00004864	0.00000000	0.00000000	0.00000000	0.00000000
0.00368640	0.99651265	0.99993128	0.99999708	1.00003064	0.00000000	0.00000000	0.00000000	0.00000000
0.00409600	1.00460792	0.99997318	1.00002444	0.99998730	0.00000000	0.00000000	0.00000000	0.00000000
0.00450560	0.99782348	0.99997658	0.99994075	0.99993020	0.00000000	0.00000000	0.00000000	0.00000000
0.00491520	0.99719691	1.00004733	0.99997592	1.00006771	0.00000000	0.00000000	0.00000000	0.00000000
0.00532480	1.00416195	0.99999458	0.99998784	0.99993289	0.00000000	0.00000000	0.00000000	0.00000000
0.00573440	0.99688983	1.00002396	0.99996483	1.00000668	0.00000000	0.00000000	0.00000000	0.00000000
0.00614400	0.99816602	1.00001252	1.00000489	1.00001323	0.00000000	0.00000000	0.00000000	0.00000000
0.00655360	1.00289702	0.99997216	0.99995708	0.99995178	0.00000000	0.00000000	0.00000000	0.00000000
0.00737280	1.00258064	0.99998683	0.99997646	0.99992317	0.00000000	0.00000000	0.00000000	0.00000000
0.00819200	0.99949998	0.99999124	1.00001895	1.00003040	0.00000000	0.00000000	0.00000000	0.00000000
0.00901120	0.99722117	1.00001073	1.00002170	1.00001073	0.00000000	0.00000000	0.00000000	0.00000000
0.00983040	0.99850881	1.00003231	1.00001073	0.99997717	0.00000000	0.00000000	0.00000000	0.00000000
0.01064960	1.00351906	1.00000215	1.00002766	1.00001132	0.00000000	0.00000000	0.00000000	0.00000000
0.01146880	1.00046825	0.99997783	1.00000346	0.99998093	0.00000000	0.00000000	0.00000000	0.00000000
0.01228800	0.99917340	1.00001657	1.00002277	0.99995464	0.00000000	0.00000000	0.00000000	0.00000000
0.01310720	0.99905908	1.00003135	1.00002241	1.00002038	0.00000000	0.00000000	0.00000000	0.00000000
0.01474560	1.00187135	0.99998575	0.99999607	0.99996203	0.00000000	0.00000000	0.00000000	0.00000000
0.01638400	0.99758506	1.00000489	1.00000858	1.00004327	0.00000000	0.00000000	0.00000000	0.00000000
0.01802240	1.00024867	1.00000370	1.00001454	0.99996847	0.00000000	0.00000000	0.00000000	0.00000000
0.01966080	1.00059831	1.00002086	0.99998784	0.99999446	0.00000000	0.00000000	0.00000000	0.00000000
0.02129920	0.99981517	1.00000691	1.00001431	1.00000596	0.00000000	0.00000000	0.00000000	0.00000000
0.02293760	0.99897110	0.99998385	0.99998492	0.99999285	0.00000000	0.00000000	0.00000000	0.00000000
0.02457600	0.99985766	1.00001717	0.99999642	0.99994999	0.00000000	0.00000000	0.00000000	0.00000000
0.02621440	1.00156879	0.99999422	0.99995822	1.00003982	0.00000000	0.00000000	0.00000000	0.00000000
0.02949120	0.99890459	1.00000322	0.99998629	1.00001884	0.00000000	0.00000000	0.00000000	0.00000000
0.03276800	0.99932939	1.00000906	0.99998248	1.00002253	0.00000000	0.00000000	0.00000000	0.00000000
0.03604480	0.99913120	1.00000346	1.00001287	0.99997467	0.00000000	0.00000000	0.00000000	0.00000000
0.03932160	0.99766791	1.00000060	0.99998069	0.99997431	0.00000000	0.00000000	0.00000000	0.00000000
0.04259840	0.99842602	0.99999714	0.99998856	1.00001693	0.00000000	0.00000000	0.00000000	0.00000000
0.04587520	0.99983042	0.99999958	1.00001311	0.99998176	0.00000000	0.00000000	0.00000000	0.00000000
0.04915200	0.99903202	1.00000215	1.00001347	1.00000393	0.00000000	0.00000000	0.00000000	0.00000000
0.05242880	1.00089097	0.99999148	0.99999356	0.99997663	0.00000000	0.00000000	0.00000000	0.00000000
0.05898240	0.99933428	0.99999976	1.00000453	1.00001109	0.00000000	0.00000000	0.00000000	0.00000000
0.06553600	1.00118613	0.99999231	0.99999100	1.00000083	0.00000000	0.00000000	0.00000000	0.00000000
0.07208960	1.00079560	0.99999529	1.00001931	1.00000334	0.00000000	0.00000000	0.00000000	0.00000000
0.07864320	0.99886692	1.00000238	0.99998164	0.99999934	0.00000000	0.00000000	0.00000000	0.00000000
0.08519680	0.99940521	1.00000572	1.00003409	0.99999392	0.00000000	0.00000000	0.00000000	0.00000000
0.09175040	1.00001621	0.99999666	0.99999094	0.99998814	0.00000000	0.00000000	0.00000000	0.00000000
0.09830400	0.99936980	0.99999011	1.00001574	1.00002217	0.00000000	0.00000000	0.00000000	0.00000000
0.10485760	0.99970537	0.99999732	1.00000453	1.00000632	0.00000000	0.00000000	0.00000000	0.00000000
0.11796480	1.00043166	1.00000727	0.99999946	1.00000656	0.00000000	0.00000000	0.00000000	0.00000000
0.13107200	1.00046003	1.00000143	1.00000262	1.00001049	0.00000000	0.00000000	0.00000000	0.00000000
0.14417920	0.99978411	1.00000322	1.00000322	0.99998933	0.00000000	0.00000000	0.00000000	0.00000000
0.15728641	0.99881816	1.00000131	0.99999446	0.99998373	0.00000000	0.00000000	0.00000000	0.00000000
0.17039360	0.99933738	1.00000405	1.00000131	0.99999779	0.00000000	0.00000000	0.00000000	0.00000000
0.18350080	1.00059831	0.99999821	1.00000262	0.99999833	0.00000000	0.00000000	0.00000000	0.00000000
0.19660801	1.00036085	0.99999744	0.99999052	1.00000393	0.00000000	0.00000000	0.00000000	0.00000000
0.20971520	1.00004113	0.99999785	1.00000286	0.99998963	0.00000000	0.00000000	0.00000000	0.00000000
0.23592959	1.00009334	0.99999958	0.99999958	1.00000119	0.00000000	0.00000000	0.00000000	0.00000000
0.26214400	0.99971861	0.99999654	1.00000083	0.99999934	0.00000000	0.00000000	0.00000000	0.00000000
0.28835839	0.99973756	0.99999982	1.00000119	0.99999946	0.00000000	0.00000000	0.00000000	0.00000000
0.31457281	1.00005889	0.99999672	0.99999267	1.00000167	0.00000000	0.00000000	0.00000000	0.00000000
0.34078720	1.00065267	1.00000441	0.99999744	0.99999374	0.00000000	0.00000000	0.00000000	0.00000000
0.36700159	0.99952316	1.00000238	1.00000572	1.00001180	0.00000000	0.00000000	0.00000000	0.00000000
0.39321601	0.99970740	0.99999380	0.99999964	0.99999315	0.00000000	0.00000000	0.00000000	0.00000000
0.41943040	0.99998116	0.99999249	0.99999952	0.99999583	0.00000000	0.00000000	0.00000000	0.00000000
0.47185919	0.99989247	0.99999732	1.00000322	0.99999785	0.00000000	0.00000000	0.00000000	0.00000000
0.52428800	1.00003266	1.00000095	0.99999505	0.99999571	0.00000000	0.00000000	0.00000000	0.00000000
0.57671678	1.00046945	0.99999636	0.99999803	1.00000048	0.00000000	0.00000000	0.00000000	0.00000000
0.62914562	0.99942696	0.99999726	1.00000131	1.00000703	0.00000000	0.00000000	0.00000000	0.00000000
0.68157440	1.00044632	0.99999833	0.99999398	1.00000048	0.00000000	0.00000000	0.00000000	0.00000000
0.73400319	0.99953681	1.00000167	1.00000131	1.00000715	0.00000000	0.00000000	0.00000000	0.00000000
0.78643203	1.00044250	1.00000393	0.99999183	0.99999106	0.00000000	0.00000000	0.00000000	0.00000000
0.83886081	0.99971670	1.00000119	0.99999684	0.99999958	0.00000000	0.00000000	0.00000000	0.00000000
0.94371837	0.99996722	1.00000095	0.99999845	0.99999797	0.00000000	0.00000000	0.00000000	0.00000000
1.04857600	1.00012934	1.00000298	0.99999988	0.99999791	0.00000000	0.00000000	0.00000000	0.00000000
1.15343356	1.00000811	0.99999875	0.99999714	0.99999940	0.00000000	0.00000000	0.00000000	0.00000000
1.25829124	1.00001049	1.00000107	0.99999446	1.00000441	0.00000000	0.00000000	0.00000000	0.00000000
1.36314881	1.00018132	0.99999833	1.00000072	1.00000834	0.00000000	0.00000000	0.00000000	0.00000000
1.46800637	1.00012815	0.99999821	1.00000465	0.99999905	0.00000000	0.00000000	0.00000000	0.00000000
1.57286406	0.99986523	1.00000370	1.00000131	0.99999756	0.00000000	0.00000000	0.00000000	0.00000000
1.67772162	0.99995303	0.99999905	0.99999970	0.99999988	0.00000000	0.00000000	0.00000000	0.00000000
1.88743675	0.00000000	0.00000000	0.00000000	0.00000000	0.00000000	0.00000000	0.00000000	0.00000000
2.09715199	0.00000000	0.00000000	0.00000000	0.00000000	0.00000000	0.00000000	0.00000000	0.00000000
2.30686712	0.00000000	0.00000000	0.00000000	0.00000000	0.00000000	0.00000000	0.00000000	0.00000000
2.51658249	0.00000000	0.00000000	0.00000000	0.00000000	0.00000000	0.00000000	0.00000000	0.00000000
2.72629762	0.00000000	0.00000000	0.00000000	0.00000000	0.00000000	0.00000000	0.00000000	0.00000000
2.93601274	0.00000000	0.00000000	0.00000000	0.00000000	0.00000000	0.00000000	0.00000000	0.00000000
3.14572811	0.00000000	0.00000000	0.00000000	0.00000000	0.00000000	0.00000000	0.00000000	0.00000000
3.35544324	0.00000000	0.00000000	0.00000000	0.00000000	0.00000000	0.00000000	0.00000000	0.00000000
3.77487350	0.00000000	0.00000000	0.00000000	0.00000000	0.00000000	0.00000000	0.00000000	0.00000000
4.19430399	0.00000000	0.00000000	0.00000000	0.00000000	0.00000000	0.00000000	0.00000000	0.00000000
4.61373425	0.00000000	0.00000000	0.00000000	0.00000000	0.00000000	0.00000000	0.00000000	0.00000000
5.03316498	0.00000000	0.00000000	0.00000000	0.00000000	0.00000000	0.00000000	0.00000000	0.00000000
5.45259523	0.00000000	0.00000000	0.00000000	0.00000000	0.00000000	0.00000000	0.00000000	0.00000000
5.87202549	0.00000000	0.00000000	0.00000000	0.00000000	0.00000000	0.00000000	0.00000000	0.00000000
6.29145622	0.00000000	0.00000000	0.00000000	0.00000000	0.00000000	0.00000000	0.00000000	0.00000000
6.71088648	0.00000000	0.00000000	0.00000000	0.00000000	0.00000000	0.00000000	0.00000000	0.00000000
7.54974699	0.00000000	0.00000000	0.00000000	0.00000000	0.00000000	0.00000000	0.00000000	0.00000000
8.38860798	0.00000000	0.00000000	0.00000000	0.00000000	0.00000000	0.00000000	0.00000000	0.00000000
9.22746849	0.00000000	0.00000000	0.00000000	0.00000000	0.00000000	0.00000000	0.00000000	0.00000000
10.06632996	0.00000000	0.00000000	0.00000000	0.00000000	0.00000000	0.00000000	0.00000000	0.00000000
10.90519047	0.00000000	0.00000000	0.00000000	0.00000000	0.00000000	0.00000000	0.00000000	0.00000000
11.74405098	0.00000000	0.00000000	0.00000000	0.00000000	0.00000000	0.00000000	0.00000000	0.00000000
12.58291245	0.00000000	0.00000000	0.00000000	0.00000000	0.00000000	0.00000000	0.00000000	0.00000000
13.42177296	0.00000000	0.00000000	0.00000000	0.00000000	0.00000000	0.00000000	0.00000000	0.00000000
15.09949398	0.00000000	0.00000000	0.00000000	0.00000000	0.00000000	0.00000000	0.00000000	0.00000000
16.77721596	0.00000000	0.00000000	0.00000000	0.00000000	0.00000000	0.00000000	0.00000000	0.00000000
18.45493698	0.00000000	0.00000000	0.00000000	0.00000000	0.00000000	0.00000000	0.00000000	0.00000000
20.13265991	0.00000000	0.00000000	0.00000000	0.00000000	0.00000000	0.00000000	0.00000000	0.00000000
21.81038094	0.00000000	0.00000000	0.00000000	0.00000000	0.00000000	0.00000000	0.00000000	0.00000000
23.48810196	0.00000000	0.00000000	0.00000000	0.00000000	0.00000000	0.00000000	0.00000000	0.00000000
25.16582489	0.00000000	0.00000000	0.00000000	0.00000000	0.00000000	0.00000000	0.00000000	0.00000000
26.84354591	0.00000000	0.00000000	0.00000000	0.00000000	0.00000000	0.00000000	0.00000000	0.00000000
30.19898796	0.00000000	0.00000000	0.00000000	0.00000000	0.00000000	0.00000000	0.00000000	0.00000000
33.55443192	0.00000000	0.00000000	0.00000000	0.00000000	0.00000000	0.00000000	0.00000000	0.00000000
36.90987396	0.00000000	0.00000000	0.00000000	0.00000000	0.00000000	0.00000000	0.00000000	0.00000000
40.26531982	0.00000000	0.00000000	0.00000000	0.00000000	0.00000000	0.00000000	0.00000000	0.00000000
43.62076187	0.00000000	0.00000000	0.00000000	0.00000000	0.00000000	0.00000000	0.00000000	0.00000000
46.97620392	0.00000000	0.00000000	0.00000000	0.00000000	0.00000000	0.00000000	0.00000000	0.00000000
50.33164978	0.00000000	0.00000000	0.00000000	0.00000000	0.00000000	0.00000000	0.00000000	0.00000000
53.68709183	0.00000000	0.00000000	0.00000000	0.00000000	0.00000000	0.00000000	0.00000000	0.00000000
60.39797592	0.00000000	0.00000000	0.00000000	0.00000000	0.00000000	0.00000000	0.00000000	0.00000000
67.10886383	0.00000000	0.00000000	0.00000000	0.00000000	0.00000000	0.00000000	0.00000000	0.00000000
73.81974792	0.00000000	0.00000000	0.00000000	0.00000000	0.00000000	0.00000000	0.00000000	0.00000000
80.53063965	0.00000000	0.00000000	0.00000000	0.00000000	0.00000000	0.00000000	0.00000000	0.00000000
87.24152374	0.00000000	0.00000000	0.00000000	0.00000000	0.00000000	0.00000000	0.00000000	0.00000000
93.95240784	0.00000000	0.00000000	0.00000000	0.00000000	0.00000000	0.00000000	0.00000000	0.00000000
100.66329956	0.00000000	0.00000000	0.00000000	0.00000000	0.00000000	0.00000000	0.00000000	0.00000000
107.37418365	0.00000000	0.00000000	0.00000000	0.00000000	0.00000000	0.00000000	0.00000000	0.00000000
120.79595184	0.00000000	0.00000000	0.00000000	0.00000000	0.00000000	0.00000000	0.00000000	0.00000000
134.21772766	0.00000000	0.00000000	0.00000000	0.00000000	0.00000000	0.00000000	0.00000000	0.00000000
147.63949585	0.00000000	0.00000000	0.00000000	0.00000000	0.00000000	0.00000000	0.00000000	0.00000000
161.06127930	0.00000000	0.00000000	0.00000000	0.00000000	0.00000000	0.00000000	0.00000000	0.00000000
174.48304749	0.00000000	0.00000000	0.00000000	0.00000000	0.00000000	0.00000000	0.00000000	0.00000000
187.90481567	0.00000000	0.00000000	0.00000000	0.00000000	0.00000000	0.00000000	0.00000000	0.00000000
201.32659912	0.00000000	0.00000000	0.00000000	0.00000000	0.00000000	0.00000000	0.00000000	0.00000000
214.74836731	0.00000000	0.00000000	0.00000000	0.00000000	0.00000000	0.00000000	0.00000000	0.00000000
241.59190369	0.00000000	0.00000000	0.00000000	0.00000000	0.00000000	0.00000000	0.00000000	0.00000000
268.43545532	0.00000000	0.00000000	0.00000000	0.00000000	0.00000000	0.00000000	0.00000000	0.00000000
295.27899170	0.00000000	0.00000000	0.00000000	0.00000000	0.00000000	0.00000000	0.00000000	0.00000000
322.12255859	0.00000000	0.00000000	0.00000000	0.00000000	0.00000000	0.00000000	0.00000000	0.00000000
348.96609497	0.00000000	0.00000000	0.00000000	0.00000000	0.00000000	0.00000000	0.00000000	0.00000000
375.80963135	0.00000000	0.00000000	0.00000000	0.00000000	0.00000000	0.00000000	0.00000000	0.00000000
402.65319824	0.00000000	0.00000000	0.00000000	0.00000000	0.00000000	0.00000000	0.00000000	0.00000000
429.49673462	0.00000000	0.00000000	0.00000000	0.00000000	0.00000000	0.00000000	0.00000000	0.00000000
483.18380737	0.00000000	0.00000000	0.00000000	0.00000000	0.00000000	0.00000000	0.00000000	0.00000000
536.87091064	0.00000000	0.00000000	0.00000000	0.00000000	0.00000000	0.00000000	0.00000000	0.00000000
590.55798340	0.00000000	0.00000000	0.00000000	0.00000000	0.00000000	0.00000000	0.00000000	0.00000000
644.24511719	0.00000000	0.00000000	0.00000000	0.00000000	0.00000000	0.00000000	0.00000000	0.00000000
697.93218994	0.00000000	0.00000000	0.00000000	0.00000000	0.00000000	0.00000000	0.00000000	0.00000000
751.61926270	0.00000000	0.00000000	0.00000000	0.00000000	0.00000000	0.00000000	0.00000000	0.00000000
805.30639648	0.00000000	0.00000000	0.00000000	0.00000000	0.00000000	0.00000000	0.00000000	0.00000000
858.99346924	0.00000000	0.00000000	0.00000000	0.00000000	0.00000000	0.00000000	0.00000000	0.00000000
966.36761475	0.00000000	0.00000000	0.00000000	0.00000000	0.00000000	0.00000000	0.00000000	0.00000000
1073.74182129	0.00000000	0.00000000	0.00000000	0.00000000	0.00000000	0.00000000	0.00000000	0.00000000
1181.11596680	0.00000000	0.00000000	0.00000000	0.00000000	0.00000000	0.00000000	0.00000000	0.00000000
1288.49023437	0.00000000	0.00000000	0.00000000	0.00000000	0.00000000	0.00000000	0.00000000	0.00000000
1395.86437988	0.00000000	0.00000000	0.00000000	0.00000000	0.00000000	0.00000000	0.00000000	0.00000000
1503.23852539	0.00000000	0.00000000	0.00000000	0.00000000	0.00000000	0.00000000	0.00000000	0.00000000
1610.61279297	0.00000000	0.00000000	0.00000000	0.00000000	0.00000000	0.00000000	0.00000000	0.00000000
1717.98693848	0.00000000	0.00000000	0.00000000	0.00000000	0.00000000	0.00000000	0.00000000	0.00000000
1932.73522949	0.00000000	0.00000000	0.00000000	0.00000000	0.00000000	0.00000000	0.00000000	0.00000000
2147.48364258	0.00000000	0.00000000	0.00000000	0.00000000	0.00000000	0.00000000	0.00000000	0.00000000
2362.23193359	0.00000000	0.00000000	0.00000000	0.00000000	0.00000000	0.00000000	0.00000000	0.00000000
2576.98046875	0.00000000	0.00000000	0.00000000	0.00000000	0.00000000	0.00000000	0.00000000	0.00000000
2791.72875977	0.00000000	0.00000000	0.00000000	0.00000000	0.00000000	0.00000000	0.00000000	0.00000000
3006.47705078	0.00000000	0.00000000	0.00000000	0.00000000	0.00000000	0.00000000	0.00000000	0.00000000
3221.22558594	0.00000000	0.00000000	0.00000000	0.00000000	0.00000000	0.00000000	0.00000000	0.00000000
3435.97387695	0.00000000	0.00000000	0.00000000	0.00000000	0.00000000	0.00000000	0.00000000	0.00000000
0	0	0	0	0	0	0	0	0
