%1/8/2019 5:21:46 PM
%Duration	ID1		ID2		ID3		ID4		ID5		ID6		ID7		ID8
1000.000000	118.560791	1699.571655	1589.717896	1372.890503	0.000000	0.000000	0.000000	0.000000
%Tau		Tau1		Tau2		Tau3		Tau4		Tau5		Tau6		Tau7		Tau8
%		0.000256	0.000002	0.000002	0.000001	0.000000	0.000000	0.000000	0.000000
%Delaytime	D1		D2		D3		D4		D5		D6		D7		D8
0.00000020	1.83732915	0.96821827	0.96887642	0.94631040	0.00000000	0.00000000	0.00000000	0.00000000
0.00000040	1.55212605	1.00468910	1.00174403	1.00240135	0.00000000	0.00000000	0.00000000	0.00000000
0.00000060	1.52884412	1.00136554	0.99933916	1.00463510	0.00000000	0.00000000	0.00000000	0.00000000
0.00000080	1.55212605	0.99770749	0.99907523	0.99564385	0.00000000	0.00000000	0.00000000	0.00000000
0.00000100	1.47516644	0.99757880	0.99952352	1.00091028	0.00000000	0.00000000	0.00000000	0.00000000
0.00000120	1.48874760	1.00049794	0.99866045	1.00213683	0.00000000	0.00000000	0.00000000	0.00000000
0.00000140	1.51720321	1.00028837	1.00155973	0.99944741	0.00000000	0.00000000	0.00000000	0.00000000
0.00000160	1.45899844	1.00044644	0.99984610	1.00098908	0.00000000	0.00000000	0.00000000	0.00000000
0.00000180	1.49650824	1.00120378	0.99950677	1.00243509	0.00000000	0.00000000	0.00000000	0.00000000
0.00000200	1.50232863	1.00055313	1.00339890	0.99772006	0.00000000	0.00000000	0.00000000	0.00000000
0.00000220	1.49392128	1.00138760	1.00089347	1.00011134	0.00000000	0.00000000	0.00000000	0.00000000
0.00000240	1.50620902	1.00094652	0.99954867	1.00299776	0.00000000	0.00000000	0.00000000	0.00000000
0.00000260	1.47645986	1.00116706	0.99886996	0.99998754	0.00000000	0.00000000	0.00000000	0.00000000
0.00000280	1.48680747	1.00063765	1.00271606	1.00438750	0.00000000	0.00000000	0.00000000	0.00000000
0.00000300	1.45123780	1.00013030	1.00055420	0.99886227	0.00000000	0.00000000	0.00000000	0.00000000
0.00000320	1.45382476	0.99938762	0.99806970	0.99930674	0.00000000	0.00000000	0.00000000	0.00000000
0.00000360	1.45738173	1.00198877	1.00034261	0.99770600	0.00000000	0.00000000	0.00000000	0.00000000
0.00000400	1.46158540	1.00019467	0.99840909	0.99689013	0.00000000	0.00000000	0.00000000	0.00000000
0.00000440	1.49359798	1.00037849	0.99906683	0.99700546	0.00000000	0.00000000	0.00000000	0.00000000
0.00000480	1.46708250	1.00053108	0.99836719	1.00003541	0.00000000	0.00000000	0.00000000	0.00000000
0.00000520	1.45835173	0.99758613	0.99685889	1.00038981	0.00000000	0.00000000	0.00000000	0.00000000
0.00000560	1.46417224	0.99952734	0.99922395	0.99705052	0.00000000	0.00000000	0.00000000	0.00000000
0.00000600	1.45156121	0.99819094	0.99953192	0.99896067	0.00000000	0.00000000	0.00000000	0.00000000
0.00000640	1.47290289	1.00040054	1.00154078	0.99842054	0.00000000	0.00000000	0.00000000	0.00000000
0.00000720	1.44897437	1.00019002	0.99927109	0.99874687	0.00000000	0.00000000	0.00000000	0.00000000
0.00000800	1.45592654	0.99909812	1.00104856	0.99874687	0.00000000	0.00000000	0.00000000	0.00000000
0.00000880	1.46772921	0.99970472	0.99906999	0.99999601	0.00000000	0.00000000	0.00000000	0.00000000
0.00000960	1.48567569	0.99826169	0.99983776	1.00057125	0.00000000	0.00000000	0.00000000	0.00000000
0.00001040	1.46692073	0.99963486	0.99936116	0.99928284	0.00000000	0.00000000	0.00000000	0.00000000
0.00001120	1.48777747	0.99992627	1.00061178	0.99865687	0.00000000	0.00000000	0.00000000	0.00000000
0.00001200	1.47306466	0.99982053	0.99961674	0.99898320	0.00000000	0.00000000	0.00000000	0.00000000
0.00001280	1.45932186	1.00047684	0.99897575	0.99952477	0.00000000	0.00000000	0.00000000	0.00000000
0.00001440	1.45139956	1.00056458	0.99985921	0.99997139	0.00000000	0.00000000	0.00000000	0.00000000
0.00001600	1.46166623	1.00051451	0.99919671	1.00119448	0.00000000	0.00000000	0.00000000	0.00000000
0.00001760	1.45770502	1.00003517	0.99996030	0.99955994	0.00000000	0.00000000	0.00000000	0.00000000
0.00001920	1.45059109	1.00046766	1.00026357	1.00014365	0.00000000	0.00000000	0.00000000	0.00000000
0.00002080	1.44218373	0.99885362	0.99987805	1.00035119	0.00000000	0.00000000	0.00000000	0.00000000
0.00002240	1.45544147	1.00062335	0.99815929	0.99995589	0.00000000	0.00000000	0.00000000	0.00000000
0.00002400	1.42827928	0.99861234	1.00088882	0.99941999	0.00000000	0.00000000	0.00000000	0.00000000
0.00002560	1.45293546	0.99949884	0.99978012	0.99874198	0.00000000	0.00000000	0.00000000	0.00000000
0.00002880	1.44459808	0.99945843	0.99921763	1.00014901	0.00000000	0.00000000	0.00000000	0.00000000
0.00003200	1.43154812	0.99878889	0.99974537	0.99992758	0.00000000	0.00000000	0.00000000	0.00000000
0.00003520	1.43314445	1.00063801	0.99947953	0.99969071	0.00000000	0.00000000	0.00000000	0.00000000
0.00003840	1.43649673	0.99987483	0.99980438	0.99931115	0.00000000	0.00000000	0.00000000	0.00000000
0.00004160	1.43338382	1.00069439	0.99995029	1.00014126	0.00000000	0.00000000	0.00000000	0.00000000
0.00004480	1.42078459	0.99977452	0.99940723	1.00009954	0.00000000	0.00000000	0.00000000	0.00000000
0.00004800	1.40506065	0.99952018	0.99983251	0.99923366	0.00000000	0.00000000	0.00000000	0.00000000
0.00005120	1.40366375	1.00019908	1.00026453	0.99923772	0.00000000	0.00000000	0.00000000	0.00000000
0.00005760	1.40149903	0.99985784	0.99955064	1.00027478	0.00000000	0.00000000	0.00000000	0.00000000
0.00006400	1.40059924	0.99934703	1.00009096	0.99994886	0.00000000	0.00000000	0.00000000	0.00000000
0.00007040	1.38208318	0.99901664	0.99969721	0.99963689	0.00000000	0.00000000	0.00000000	0.00000000
0.00007680	1.37674439	1.00003707	1.00031853	1.00072718	0.00000000	0.00000000	0.00000000	0.00000000
0.00008320	1.37145424	0.99971259	0.99960703	0.99982625	0.00000000	0.00000000	0.00000000	0.00000000
0.00008960	1.35695744	1.00020707	1.00017524	0.99966544	0.00000000	0.00000000	0.00000000	0.00000000
0.00009600	1.35009897	0.99973339	0.99976850	0.99971658	0.00000000	0.00000000	0.00000000	0.00000000
0.00010240	1.34617984	0.99996889	1.00002158	0.99953002	0.00000000	0.00000000	0.00000000	0.00000000
0.00011520	1.32836103	0.99950558	0.99996716	1.00012863	0.00000000	0.00000000	0.00000000	0.00000000
0.00012800	1.31246114	1.00008631	0.99972218	0.99975091	0.00000000	0.00000000	0.00000000	0.00000000
0.00014080	1.30203271	0.99993730	0.99960846	0.99999249	0.00000000	0.00000000	0.00000000	0.00000000
0.00015360	1.29181409	0.99961162	0.99964511	0.99976832	0.00000000	0.00000000	0.00000000	0.00000000
0.00016640	1.27393138	0.99993664	0.99967837	0.99970603	0.00000000	0.00000000	0.00000000	0.00000000
0.00017920	1.27081692	1.00007963	1.00034261	0.99985200	0.00000000	0.00000000	0.00000000	0.00000000
0.00019200	1.25072098	0.99966025	1.00053072	0.99993980	0.00000000	0.00000000	0.00000000	0.00000000
0.00020480	1.24184501	0.99970949	1.00006104	1.00036383	0.00000000	0.00000000	0.00000000	0.00000000
0.00023040	1.22134781	1.00005102	1.00019526	0.99977696	0.00000000	0.00000000	0.00000000	0.00000000
0.00025600	1.20632207	1.00002360	1.00011814	1.00035655	0.00000000	0.00000000	0.00000000	0.00000000
0.00028160	1.19146693	0.99998885	1.00007188	0.99996388	0.00000000	0.00000000	0.00000000	0.00000000
0.00030720	1.17607701	1.00032628	0.99992424	0.99988532	0.00000000	0.00000000	0.00000000	0.00000000
0.00033280	1.15794408	1.00006950	1.00002456	0.99961984	0.00000000	0.00000000	0.00000000	0.00000000
0.00035840	1.14385796	1.00000608	1.00024867	1.00008726	0.00000000	0.00000000	0.00000000	0.00000000
0.00038400	1.13090956	0.99996579	0.99995929	1.00004601	0.00000000	0.00000000	0.00000000	0.00000000
0.00040960	1.12236345	0.99987954	1.00004590	0.99942023	0.00000000	0.00000000	0.00000000	0.00000000
0.00046080	1.09818375	0.99997509	1.00012922	0.99998808	0.00000000	0.00000000	0.00000000	0.00000000
0.00051200	1.08481824	1.00015271	0.99989384	1.00008821	0.00000000	0.00000000	0.00000000	0.00000000
0.00056320	1.06962478	1.00004351	0.99996644	0.99989069	0.00000000	0.00000000	0.00000000	0.00000000
0.00061440	1.05939829	0.99994153	1.00005281	0.99998313	0.00000000	0.00000000	0.00000000	0.00000000
0.00066560	1.05097318	0.99996394	0.99969178	0.99998963	0.00000000	0.00000000	0.00000000	0.00000000
0.00071680	1.04047108	1.00006449	0.99992269	0.99998564	0.00000000	0.00000000	0.00000000	0.00000000
0.00076800	1.03629625	1.00008237	1.00009024	0.99998015	0.00000000	0.00000000	0.00000000	0.00000000
0.00081920	1.02981150	0.99996698	1.00001669	0.99996895	0.00000000	0.00000000	0.00000000	0.00000000
0.00092160	1.02002251	1.00008595	0.99998313	1.00012255	0.00000000	0.00000000	0.00000000	0.00000000
0.00102400	1.01055574	1.00004029	0.99986136	1.00008059	0.00000000	0.00000000	0.00000000	0.00000000
0.00112640	1.00432289	1.00004280	0.99987549	1.00019622	0.00000000	0.00000000	0.00000000	0.00000000
0.00122880	1.00179696	1.00001168	1.00005174	0.99992430	0.00000000	0.00000000	0.00000000	0.00000000
0.00133120	1.00163805	1.00003076	1.00003195	0.99991041	0.00000000	0.00000000	0.00000000	0.00000000
0.00143360	0.99714136	1.00003719	1.00009787	0.99988699	0.00000000	0.00000000	0.00000000	0.00000000
0.00153600	0.99767542	1.00004756	0.99997288	0.99996072	0.00000000	0.00000000	0.00000000	0.00000000
0.00163840	0.99443132	1.00008309	0.99999803	0.99997050	0.00000000	0.00000000	0.00000000	0.00000000
0.00184320	0.99383295	0.99997038	1.00004089	1.00000954	0.00000000	0.00000000	0.00000000	0.00000000
0.00204800	0.99241185	0.99996680	0.99991608	1.00000179	0.00000000	0.00000000	0.00000000	0.00000000
0.00225280	0.98843092	0.99997610	0.99998921	0.99996746	0.00000000	0.00000000	0.00000000	0.00000000
0.00245760	0.98354906	0.99993145	0.99998224	1.00000429	0.00000000	0.00000000	0.00000000	0.00000000
0.00266240	0.98776752	0.99994302	0.99996972	0.99996907	0.00000000	0.00000000	0.00000000	0.00000000
0.00286720	0.98912221	0.99993426	0.99992603	1.00017285	0.00000000	0.00000000	0.00000000	0.00000000
0.00307200	0.99145496	0.99996305	0.99999589	1.00003386	0.00000000	0.00000000	0.00000000	0.00000000
0.00327680	0.99329466	0.99989760	0.99994212	0.99991179	0.00000000	0.00000000	0.00000000	0.00000000
0.00368640	1.00203788	1.00007904	0.99998283	1.00000441	0.00000000	0.00000000	0.00000000	0.00000000
0.00409600	1.00525630	0.99997228	0.99999255	0.99994183	0.00000000	0.00000000	0.00000000	0.00000000
0.00450560	1.00836742	1.00003886	0.99996406	1.00006747	0.00000000	0.00000000	0.00000000	0.00000000
0.00491520	1.00268435	1.00003326	1.00009143	0.99993145	0.00000000	0.00000000	0.00000000	0.00000000
0.00532480	0.99749792	0.99997878	1.00006533	0.99995893	0.00000000	0.00000000	0.00000000	0.00000000
0.00573440	0.99593776	0.99995941	0.99993604	1.00002825	0.00000000	0.00000000	0.00000000	0.00000000
0.00614400	0.99864215	1.00001168	0.99999589	0.99995869	0.00000000	0.00000000	0.00000000	0.00000000
0.00655360	0.99336642	0.99997818	1.00000918	1.00002885	0.00000000	0.00000000	0.00000000	0.00000000
0.00737280	0.99907631	0.99999589	0.99997193	1.00000215	0.00000000	0.00000000	0.00000000	0.00000000
0.00819200	1.00910759	0.99998325	0.99999344	1.00002325	0.00000000	0.00000000	0.00000000	0.00000000
0.00901120	0.99474293	1.00001347	1.00001037	1.00002599	0.00000000	0.00000000	0.00000000	0.00000000
0.00983040	0.99320942	1.00002158	0.99998802	1.00005794	0.00000000	0.00000000	0.00000000	0.00000000
0.01064960	1.00323272	1.00001454	0.99997747	0.99999642	0.00000000	0.00000000	0.00000000	0.00000000
0.01146880	1.00165224	0.99998063	1.00007713	0.99996191	0.00000000	0.00000000	0.00000000	0.00000000
0.01228800	1.00288010	0.99995089	0.99996775	1.00001431	0.00000000	0.00000000	0.00000000	0.00000000
0.01310720	1.00390768	0.99998224	1.00000894	0.99997616	0.00000000	0.00000000	0.00000000	0.00000000
0.01474560	1.00020158	0.99996078	0.99997860	0.99998075	0.00000000	0.00000000	0.00000000	0.00000000
0.01638400	0.99108243	0.99997950	0.99997735	1.00000894	0.00000000	0.00000000	0.00000000	0.00000000
0.01802240	1.00659454	0.99997574	1.00001109	1.00000465	0.00000000	0.00000000	0.00000000	0.00000000
0.01966080	1.00017262	0.99998587	0.99998546	1.00001299	0.00000000	0.00000000	0.00000000	0.00000000
0.02129920	0.99684554	0.99998915	0.99996608	1.00001228	0.00000000	0.00000000	0.00000000	0.00000000
0.02293760	1.00883245	1.00000334	1.00002289	0.99998033	0.00000000	0.00000000	0.00000000	0.00000000
0.02457600	0.99775863	0.99998498	1.00000584	1.00003111	0.00000000	0.00000000	0.00000000	0.00000000
0.02621440	0.99522823	0.99999523	0.99999481	0.99996054	0.00000000	0.00000000	0.00000000	0.00000000
0.02949120	0.99893737	1.00000584	1.00001442	0.99999344	0.00000000	0.00000000	0.00000000	0.00000000
0.03276800	1.00070965	1.00001240	0.99999827	0.99998939	0.00000000	0.00000000	0.00000000	0.00000000
0.03604480	0.99863780	0.99998379	0.99998832	1.00000989	0.00000000	0.00000000	0.00000000	0.00000000
0.03932160	1.00046992	1.00000679	0.99997383	0.99997419	0.00000000	0.00000000	0.00000000	0.00000000
0.04259840	0.99896556	1.00000513	0.99999785	1.00001013	0.00000000	0.00000000	0.00000000	0.00000000
0.04587520	1.00224090	1.00000060	1.00001335	1.00000203	0.00000000	0.00000000	0.00000000	0.00000000
0.04915200	0.99804270	0.99998742	0.99997008	0.99999517	0.00000000	0.00000000	0.00000000	0.00000000
0.05242880	0.99927551	1.00000060	0.99997830	1.00000381	0.00000000	0.00000000	0.00000000	0.00000000
0.05898240	0.99378282	0.99999458	1.00000811	0.99999708	0.00000000	0.00000000	0.00000000	0.00000000
0.06553600	1.00044024	0.99999231	1.00000584	1.00000131	0.00000000	0.00000000	0.00000000	0.00000000
0.07208960	1.00114465	1.00001776	1.00000906	1.00000346	0.00000000	0.00000000	0.00000000	0.00000000
0.07864320	1.00012994	1.00000525	1.00000131	1.00001931	0.00000000	0.00000000	0.00000000	0.00000000
0.08519680	1.00312650	0.99999660	1.00000930	0.99999934	0.00000000	0.00000000	0.00000000	0.00000000
0.09175040	0.99961531	0.99998021	1.00001073	0.99999231	0.00000000	0.00000000	0.00000000	0.00000000
0.09830400	1.00121117	1.00001848	0.99999869	0.99999595	0.00000000	0.00000000	0.00000000	0.00000000
0.10485760	0.99837768	1.00002170	0.99999756	1.00000238	0.00000000	0.00000000	0.00000000	0.00000000
0.11796480	1.00264549	0.99999404	1.00000763	1.00000262	0.00000000	0.00000000	0.00000000	0.00000000
0.13107200	0.99936599	1.00000703	0.99999046	0.99999547	0.00000000	0.00000000	0.00000000	0.00000000
0.14417920	0.99988908	0.99999154	1.00000536	1.00001049	0.00000000	0.00000000	0.00000000	0.00000000
0.15728641	1.00302172	0.99999970	0.99999529	0.99999470	0.00000000	0.00000000	0.00000000	0.00000000
0.17039360	1.00091934	1.00000226	1.00000072	0.99999911	0.00000000	0.00000000	0.00000000	0.00000000
0.18350080	1.00105035	0.99999160	1.00000155	0.99998748	0.00000000	0.00000000	0.00000000	0.00000000
0.19660801	1.00218701	0.99999928	0.99999231	0.99999839	0.00000000	0.00000000	0.00000000	0.00000000
0.20971520	0.99730855	0.99999118	1.00000489	1.00000155	0.00000000	0.00000000	0.00000000	0.00000000
0.23592959	1.00054419	1.00000393	0.99999970	0.99999446	0.00000000	0.00000000	0.00000000	0.00000000
0.26214400	1.00173640	0.99999982	1.00000465	1.00000334	0.00000000	0.00000000	0.00000000	0.00000000
0.28835839	0.99926901	0.99999869	0.99999535	0.99998933	0.00000000	0.00000000	0.00000000	0.00000000
0.31457281	0.99994910	0.99999630	0.99999207	0.99999058	0.00000000	0.00000000	0.00000000	0.00000000
0.34078720	0.99999386	1.00001025	1.00000584	1.00000000	0.00000000	0.00000000	0.00000000	0.00000000
0.36700159	1.00101578	0.99999511	1.00000262	0.99998927	0.00000000	0.00000000	0.00000000	0.00000000
0.39321601	1.00014174	0.99999911	0.99999571	0.99999827	0.00000000	0.00000000	0.00000000	0.00000000
0.41943040	0.99997580	0.99999678	1.00000048	0.99999177	0.00000000	0.00000000	0.00000000	0.00000000
0.47185919	1.00041986	0.99999720	1.00000310	0.99999928	0.00000000	0.00000000	0.00000000	0.00000000
0.52428800	0.99991608	0.99999928	0.99999726	1.00000072	0.00000000	0.00000000	0.00000000	0.00000000
0.57671678	0.99901915	0.99999690	0.99999940	0.99999803	0.00000000	0.00000000	0.00000000	0.00000000
0.62914562	1.00033808	0.99999982	0.99999648	1.00001109	0.00000000	0.00000000	0.00000000	0.00000000
0.68157440	1.00090432	0.99999577	1.00000024	1.00000763	0.00000000	0.00000000	0.00000000	0.00000000
0.73400319	1.00059092	1.00000215	0.99999148	0.99999684	0.00000000	0.00000000	0.00000000	0.00000000
0.78643203	1.00024617	0.99999440	0.99999601	1.00001287	0.00000000	0.00000000	0.00000000	0.00000000
0.83886081	1.00001919	0.99999988	0.99999613	0.99999785	0.00000000	0.00000000	0.00000000	0.00000000
0.94371837	1.00066960	0.99999988	0.99999499	0.99999577	0.00000000	0.00000000	0.00000000	0.00000000
1.04857600	1.00008798	1.00000334	1.00000143	0.99999309	0.00000000	0.00000000	0.00000000	0.00000000
1.15343356	1.00013351	0.99999714	0.99999666	1.00000167	0.00000000	0.00000000	0.00000000	0.00000000
1.25829124	0.99961835	1.00000191	1.00000036	1.00000405	0.00000000	0.00000000	0.00000000	0.00000000
1.36314881	1.00018632	1.00000691	0.99999493	1.00000262	0.00000000	0.00000000	0.00000000	0.00000000
1.46800637	0.99982613	0.99999875	1.00000155	0.99999559	0.00000000	0.00000000	0.00000000	0.00000000
1.57286406	0.99992323	0.99999166	1.00000513	0.99999768	0.00000000	0.00000000	0.00000000	0.00000000
1.67772162	1.00001144	0.99999392	0.99999446	1.00000620	0.00000000	0.00000000	0.00000000	0.00000000
1.88743675	0.00000000	0.00000000	0.00000000	0.00000000	0.00000000	0.00000000	0.00000000	0.00000000
2.09715199	0.00000000	0.00000000	0.00000000	0.00000000	0.00000000	0.00000000	0.00000000	0.00000000
2.30686712	0.00000000	0.00000000	0.00000000	0.00000000	0.00000000	0.00000000	0.00000000	0.00000000
2.51658249	0.00000000	0.00000000	0.00000000	0.00000000	0.00000000	0.00000000	0.00000000	0.00000000
2.72629762	0.00000000	0.00000000	0.00000000	0.00000000	0.00000000	0.00000000	0.00000000	0.00000000
2.93601274	0.00000000	0.00000000	0.00000000	0.00000000	0.00000000	0.00000000	0.00000000	0.00000000
3.14572811	0.00000000	0.00000000	0.00000000	0.00000000	0.00000000	0.00000000	0.00000000	0.00000000
3.35544324	0.00000000	0.00000000	0.00000000	0.00000000	0.00000000	0.00000000	0.00000000	0.00000000
3.77487350	0.00000000	0.00000000	0.00000000	0.00000000	0.00000000	0.00000000	0.00000000	0.00000000
4.19430399	0.00000000	0.00000000	0.00000000	0.00000000	0.00000000	0.00000000	0.00000000	0.00000000
4.61373425	0.00000000	0.00000000	0.00000000	0.00000000	0.00000000	0.00000000	0.00000000	0.00000000
5.03316498	0.00000000	0.00000000	0.00000000	0.00000000	0.00000000	0.00000000	0.00000000	0.00000000
5.45259523	0.00000000	0.00000000	0.00000000	0.00000000	0.00000000	0.00000000	0.00000000	0.00000000
5.87202549	0.00000000	0.00000000	0.00000000	0.00000000	0.00000000	0.00000000	0.00000000	0.00000000
6.29145622	0.00000000	0.00000000	0.00000000	0.00000000	0.00000000	0.00000000	0.00000000	0.00000000
6.71088648	0.00000000	0.00000000	0.00000000	0.00000000	0.00000000	0.00000000	0.00000000	0.00000000
7.54974699	0.00000000	0.00000000	0.00000000	0.00000000	0.00000000	0.00000000	0.00000000	0.00000000
8.38860798	0.00000000	0.00000000	0.00000000	0.00000000	0.00000000	0.00000000	0.00000000	0.00000000
9.22746849	0.00000000	0.00000000	0.00000000	0.00000000	0.00000000	0.00000000	0.00000000	0.00000000
10.06632996	0.00000000	0.00000000	0.00000000	0.00000000	0.00000000	0.00000000	0.00000000	0.00000000
10.90519047	0.00000000	0.00000000	0.00000000	0.00000000	0.00000000	0.00000000	0.00000000	0.00000000
11.74405098	0.00000000	0.00000000	0.00000000	0.00000000	0.00000000	0.00000000	0.00000000	0.00000000
12.58291245	0.00000000	0.00000000	0.00000000	0.00000000	0.00000000	0.00000000	0.00000000	0.00000000
13.42177296	0.00000000	0.00000000	0.00000000	0.00000000	0.00000000	0.00000000	0.00000000	0.00000000
15.09949398	0.00000000	0.00000000	0.00000000	0.00000000	0.00000000	0.00000000	0.00000000	0.00000000
16.77721596	0.00000000	0.00000000	0.00000000	0.00000000	0.00000000	0.00000000	0.00000000	0.00000000
18.45493698	0.00000000	0.00000000	0.00000000	0.00000000	0.00000000	0.00000000	0.00000000	0.00000000
20.13265991	0.00000000	0.00000000	0.00000000	0.00000000	0.00000000	0.00000000	0.00000000	0.00000000
21.81038094	0.00000000	0.00000000	0.00000000	0.00000000	0.00000000	0.00000000	0.00000000	0.00000000
23.48810196	0.00000000	0.00000000	0.00000000	0.00000000	0.00000000	0.00000000	0.00000000	0.00000000
25.16582489	0.00000000	0.00000000	0.00000000	0.00000000	0.00000000	0.00000000	0.00000000	0.00000000
26.84354591	0.00000000	0.00000000	0.00000000	0.00000000	0.00000000	0.00000000	0.00000000	0.00000000
30.19898796	0.00000000	0.00000000	0.00000000	0.00000000	0.00000000	0.00000000	0.00000000	0.00000000
33.55443192	0.00000000	0.00000000	0.00000000	0.00000000	0.00000000	0.00000000	0.00000000	0.00000000
36.90987396	0.00000000	0.00000000	0.00000000	0.00000000	0.00000000	0.00000000	0.00000000	0.00000000
40.26531982	0.00000000	0.00000000	0.00000000	0.00000000	0.00000000	0.00000000	0.00000000	0.00000000
43.62076187	0.00000000	0.00000000	0.00000000	0.00000000	0.00000000	0.00000000	0.00000000	0.00000000
46.97620392	0.00000000	0.00000000	0.00000000	0.00000000	0.00000000	0.00000000	0.00000000	0.00000000
50.33164978	0.00000000	0.00000000	0.00000000	0.00000000	0.00000000	0.00000000	0.00000000	0.00000000
53.68709183	0.00000000	0.00000000	0.00000000	0.00000000	0.00000000	0.00000000	0.00000000	0.00000000
60.39797592	0.00000000	0.00000000	0.00000000	0.00000000	0.00000000	0.00000000	0.00000000	0.00000000
67.10886383	0.00000000	0.00000000	0.00000000	0.00000000	0.00000000	0.00000000	0.00000000	0.00000000
73.81974792	0.00000000	0.00000000	0.00000000	0.00000000	0.00000000	0.00000000	0.00000000	0.00000000
80.53063965	0.00000000	0.00000000	0.00000000	0.00000000	0.00000000	0.00000000	0.00000000	0.00000000
87.24152374	0.00000000	0.00000000	0.00000000	0.00000000	0.00000000	0.00000000	0.00000000	0.00000000
93.95240784	0.00000000	0.00000000	0.00000000	0.00000000	0.00000000	0.00000000	0.00000000	0.00000000
100.66329956	0.00000000	0.00000000	0.00000000	0.00000000	0.00000000	0.00000000	0.00000000	0.00000000
107.37418365	0.00000000	0.00000000	0.00000000	0.00000000	0.00000000	0.00000000	0.00000000	0.00000000
120.79595184	0.00000000	0.00000000	0.00000000	0.00000000	0.00000000	0.00000000	0.00000000	0.00000000
134.21772766	0.00000000	0.00000000	0.00000000	0.00000000	0.00000000	0.00000000	0.00000000	0.00000000
147.63949585	0.00000000	0.00000000	0.00000000	0.00000000	0.00000000	0.00000000	0.00000000	0.00000000
161.06127930	0.00000000	0.00000000	0.00000000	0.00000000	0.00000000	0.00000000	0.00000000	0.00000000
174.48304749	0.00000000	0.00000000	0.00000000	0.00000000	0.00000000	0.00000000	0.00000000	0.00000000
187.90481567	0.00000000	0.00000000	0.00000000	0.00000000	0.00000000	0.00000000	0.00000000	0.00000000
201.32659912	0.00000000	0.00000000	0.00000000	0.00000000	0.00000000	0.00000000	0.00000000	0.00000000
214.74836731	0.00000000	0.00000000	0.00000000	0.00000000	0.00000000	0.00000000	0.00000000	0.00000000
241.59190369	0.00000000	0.00000000	0.00000000	0.00000000	0.00000000	0.00000000	0.00000000	0.00000000
268.43545532	0.00000000	0.00000000	0.00000000	0.00000000	0.00000000	0.00000000	0.00000000	0.00000000
295.27899170	0.00000000	0.00000000	0.00000000	0.00000000	0.00000000	0.00000000	0.00000000	0.00000000
322.12255859	0.00000000	0.00000000	0.00000000	0.00000000	0.00000000	0.00000000	0.00000000	0.00000000
348.96609497	0.00000000	0.00000000	0.00000000	0.00000000	0.00000000	0.00000000	0.00000000	0.00000000
375.80963135	0.00000000	0.00000000	0.00000000	0.00000000	0.00000000	0.00000000	0.00000000	0.00000000
402.65319824	0.00000000	0.00000000	0.00000000	0.00000000	0.00000000	0.00000000	0.00000000	0.00000000
429.49673462	0.00000000	0.00000000	0.00000000	0.00000000	0.00000000	0.00000000	0.00000000	0.00000000
483.18380737	0.00000000	0.00000000	0.00000000	0.00000000	0.00000000	0.00000000	0.00000000	0.00000000
536.87091064	0.00000000	0.00000000	0.00000000	0.00000000	0.00000000	0.00000000	0.00000000	0.00000000
590.55798340	0.00000000	0.00000000	0.00000000	0.00000000	0.00000000	0.00000000	0.00000000	0.00000000
644.24511719	0.00000000	0.00000000	0.00000000	0.00000000	0.00000000	0.00000000	0.00000000	0.00000000
697.93218994	0.00000000	0.00000000	0.00000000	0.00000000	0.00000000	0.00000000	0.00000000	0.00000000
751.61926270	0.00000000	0.00000000	0.00000000	0.00000000	0.00000000	0.00000000	0.00000000	0.00000000
805.30639648	0.00000000	0.00000000	0.00000000	0.00000000	0.00000000	0.00000000	0.00000000	0.00000000
858.99346924	0.00000000	0.00000000	0.00000000	0.00000000	0.00000000	0.00000000	0.00000000	0.00000000
966.36761475	0.00000000	0.00000000	0.00000000	0.00000000	0.00000000	0.00000000	0.00000000	0.00000000
1073.74182129	0.00000000	0.00000000	0.00000000	0.00000000	0.00000000	0.00000000	0.00000000	0.00000000
1181.11596680	0.00000000	0.00000000	0.00000000	0.00000000	0.00000000	0.00000000	0.00000000	0.00000000
1288.49023437	0.00000000	0.00000000	0.00000000	0.00000000	0.00000000	0.00000000	0.00000000	0.00000000
1395.86437988	0.00000000	0.00000000	0.00000000	0.00000000	0.00000000	0.00000000	0.00000000	0.00000000
1503.23852539	0.00000000	0.00000000	0.00000000	0.00000000	0.00000000	0.00000000	0.00000000	0.00000000
1610.61279297	0.00000000	0.00000000	0.00000000	0.00000000	0.00000000	0.00000000	0.00000000	0.00000000
1717.98693848	0.00000000	0.00000000	0.00000000	0.00000000	0.00000000	0.00000000	0.00000000	0.00000000
1932.73522949	0.00000000	0.00000000	0.00000000	0.00000000	0.00000000	0.00000000	0.00000000	0.00000000
2147.48364258	0.00000000	0.00000000	0.00000000	0.00000000	0.00000000	0.00000000	0.00000000	0.00000000
2362.23193359	0.00000000	0.00000000	0.00000000	0.00000000	0.00000000	0.00000000	0.00000000	0.00000000
2576.98046875	0.00000000	0.00000000	0.00000000	0.00000000	0.00000000	0.00000000	0.00000000	0.00000000
2791.72875977	0.00000000	0.00000000	0.00000000	0.00000000	0.00000000	0.00000000	0.00000000	0.00000000
3006.47705078	0.00000000	0.00000000	0.00000000	0.00000000	0.00000000	0.00000000	0.00000000	0.00000000
3221.22558594	0.00000000	0.00000000	0.00000000	0.00000000	0.00000000	0.00000000	0.00000000	0.00000000
3435.97387695	0.00000000	0.00000000	0.00000000	0.00000000	0.00000000	0.00000000	0.00000000	0.00000000
0	0	0	0	0	0	0	0	0
