%1/8/2019 5:25:34 PM
%Duration	ID1		ID2		ID3		ID4		ID5		ID6		ID7		ID8
3000.000000	81.348419	1725.530640	1622.314453	1391.077026	0.000000	0.000000	0.000000	0.000000
%Tau		Tau1		Tau2		Tau3		Tau4		Tau5		Tau6		Tau7		Tau8
%		0.000192	0.000002	0.000002	0.000002	0.000000	0.000000	0.000000	0.000000
%Delaytime	D1		D2		D3		D4		D5		D6		D7		D8
0.00000020	2.08253169	0.96663362	0.97143131	0.94651389	0.00000000	0.00000000	0.00000000	0.00000000
0.00000040	1.54800832	1.00164342	1.00370753	1.00092924	0.00000000	0.00000000	0.00000000	0.00000000
0.00000060	1.50325036	1.00059628	1.00167799	1.00248528	0.00000000	0.00000000	0.00000000	0.00000000
0.00000080	1.45540559	1.00103474	1.00168192	1.00211692	0.00000000	0.00000000	0.00000000	0.00000000
0.00000100	1.43019712	1.00168228	1.00081372	1.00081694	0.00000000	0.00000000	0.00000000	0.00000000
0.00000120	1.48112857	0.99896574	1.00033355	1.00135028	0.00000000	0.00000000	0.00000000	0.00000000
0.00000140	1.49501896	1.00102913	0.99966395	1.00128186	0.00000000	0.00000000	0.00000000	0.00000000
0.00000160	1.53360343	1.00008130	1.00078773	0.99972582	0.00000000	0.00000000	0.00000000	0.00000000
0.00000180	1.47238278	1.00010765	0.99909168	0.99861187	0.00000000	0.00000000	0.00000000	0.00000000
0.00000200	1.50119245	1.00066829	0.99891907	1.00043809	0.00000000	0.00000000	0.00000000	0.00000000
0.00000220	1.49759126	0.99812758	1.00040102	0.99724877	0.00000000	0.00000000	0.00000000	0.00000000
0.00000240	1.46157908	1.00064659	1.00012076	0.99700493	0.00000000	0.00000000	0.00000000	0.00000000
0.00000260	1.51148164	1.00119925	1.00114465	1.00030649	0.00000000	0.00000000	0.00000000	0.00000000
0.00000280	1.47804177	0.99858546	1.00040364	1.00132918	0.00000000	0.00000000	0.00000000	0.00000000
0.00000300	1.48730206	1.00091267	1.00075531	0.99897498	0.00000000	0.00000000	0.00000000	0.00000000
0.00000320	1.49501896	0.99985182	1.00132370	0.99774349	0.00000000	0.00000000	0.00000000	0.00000000
0.00000360	1.49476171	0.99940819	1.00026226	0.99846536	0.00000000	0.00000000	0.00000000	0.00000000
0.00000400	1.49399006	0.99911076	1.00029266	0.99825752	0.00000000	0.00000000	0.00000000	0.00000000
0.00000440	1.49141777	0.99863517	0.99992222	1.00021791	0.00000000	0.00000000	0.00000000	0.00000000
0.00000480	1.51585460	1.00027263	0.99998385	0.99778998	0.00000000	0.00000000	0.00000000	0.00000000
0.00000520	1.45797789	0.99984270	1.00044906	0.99816805	0.00000000	0.00000000	0.00000000	0.00000000
0.00000560	1.47778463	1.00170791	0.99877763	0.99819523	0.00000000	0.00000000	0.00000000	0.00000000
0.00000600	1.47315443	0.99922889	0.99930841	0.99931353	0.00000000	0.00000000	0.00000000	0.00000000
0.00000640	1.47109663	0.99833143	0.99976063	0.99751103	0.00000000	0.00000000	0.00000000	0.00000000
0.00000720	1.46106470	0.99943244	0.99897814	0.99949163	0.00000000	0.00000000	0.00000000	0.00000000
0.00000800	1.46878159	1.00001884	0.99923575	0.99834257	0.00000000	0.00000000	0.00000000	0.00000000
0.00000880	1.46003568	0.99891007	0.99945050	0.99914253	0.00000000	0.00000000	0.00000000	0.00000000
0.00000960	1.45977855	0.99949443	1.00034750	0.99823642	0.00000000	0.00000000	0.00000000	0.00000000
0.00001040	1.47701287	0.99986696	1.00011718	0.99876142	0.00000000	0.00000000	0.00000000	0.00000000
0.00001120	1.46299386	1.00038588	0.99972659	0.99906754	0.00000000	0.00000000	0.00000000	0.00000000
0.00001200	1.44743145	0.99975646	0.99870497	0.99908417	0.00000000	0.00000000	0.00000000	0.00000000
0.00001280	1.47328305	0.99958801	0.99992806	1.00049245	0.00000000	0.00000000	0.00000000	0.00000000
0.00001440	1.47630548	1.00009763	0.99901545	0.99983215	0.00000000	0.00000000	0.00000000	0.00000000
0.00001600	1.44434476	1.00039172	1.00010717	1.00039792	0.00000000	0.00000000	0.00000000	0.00000000
0.00001760	1.44511640	0.99978030	0.99924105	1.00052643	0.00000000	0.00000000	0.00000000	0.00000000
0.00001920	1.46087170	1.00024414	0.99995333	1.00090802	0.00000000	0.00000000	0.00000000	0.00000000
0.00002080	1.42698169	0.99981898	0.99987113	0.99975193	0.00000000	0.00000000	0.00000000	0.00000000
0.00002240	1.42087257	1.00032926	0.99967092	0.99969512	0.00000000	0.00000000	0.00000000	0.00000000
0.00002400	1.44312286	0.99978417	0.99898463	0.99915636	0.00000000	0.00000000	0.00000000	0.00000000
0.00002560	1.44292998	0.99988335	1.00010443	0.99882895	0.00000000	0.00000000	0.00000000	0.00000000
0.00002880	1.44035256	0.99977672	0.99977505	0.99955887	0.00000000	0.00000000	0.00000000	0.00000000
0.00003200	1.42214012	0.99971408	0.99985874	0.99977016	0.00000000	0.00000000	0.00000000	0.00000000
0.00003520	1.42939258	0.99999118	0.99958569	0.99980032	0.00000000	0.00000000	0.00000000	0.00000000
0.00003840	1.41676521	0.99951971	0.99973410	0.99979919	0.00000000	0.00000000	0.00000000	0.00000000
0.00004160	1.40198350	0.99980038	0.99976200	0.99934280	0.00000000	0.00000000	0.00000000	0.00000000
0.00004480	1.40339434	0.99950516	0.99977344	0.99966121	0.00000000	0.00000000	0.00000000	0.00000000
0.00004800	1.39239621	0.99964762	0.99953276	0.99925035	0.00000000	0.00000000	0.00000000	0.00000000
0.00005120	1.39175498	0.99977517	1.00013649	0.99996418	0.00000000	0.00000000	0.00000000	0.00000000
0.00005760	1.37093925	1.00010037	0.99989831	0.99988800	0.00000000	0.00000000	0.00000000	0.00000000
0.00006400	1.36056423	0.99972123	0.99970281	1.00023496	0.00000000	0.00000000	0.00000000	0.00000000
0.00007040	1.34730554	0.99985123	0.99971551	0.99992746	0.00000000	0.00000000	0.00000000	0.00000000
0.00007680	1.34202456	0.99997360	0.99972892	0.99985528	0.00000000	0.00000000	0.00000000	0.00000000
0.00008320	1.34090662	1.00007260	0.99986494	1.00011659	0.00000000	0.00000000	0.00000000	0.00000000
0.00008960	1.32072973	0.99956548	1.00001359	1.00029898	0.00000000	0.00000000	0.00000000	0.00000000
0.00009600	1.32071364	0.99991095	0.99983120	1.00016165	0.00000000	0.00000000	0.00000000	0.00000000
0.00010240	1.30531466	0.99991381	0.99981368	0.99977142	0.00000000	0.00000000	0.00000000	0.00000000
0.00011520	1.28780973	0.99985611	1.00001740	0.99960351	0.00000000	0.00000000	0.00000000	0.00000000
0.00012800	1.26693094	0.99997658	0.99994403	0.99984109	0.00000000	0.00000000	0.00000000	0.00000000
0.00014080	1.25056767	0.99992275	1.00002527	1.00002205	0.00000000	0.00000000	0.00000000	0.00000000
0.00015360	1.23847377	0.99988836	1.00017619	0.99996495	0.00000000	0.00000000	0.00000000	0.00000000
0.00016640	1.22508490	1.00003755	1.00027752	1.00031006	0.00000000	0.00000000	0.00000000	0.00000000
0.00017920	1.21115315	1.00027561	1.00020623	0.99999779	0.00000000	0.00000000	0.00000000	0.00000000
0.00019200	1.19885862	1.00007153	0.99989104	1.00010026	0.00000000	0.00000000	0.00000000	0.00000000
0.00020480	1.19463229	0.99980026	0.99991363	1.00003147	0.00000000	0.00000000	0.00000000	0.00000000
0.00023040	1.16733289	1.00011647	0.99998915	0.99996215	0.00000000	0.00000000	0.00000000	0.00000000
0.00025600	1.15098727	0.99993747	1.00000608	0.99999547	0.00000000	0.00000000	0.00000000	0.00000000
0.00028160	1.12984407	0.99999726	1.00007689	1.00001121	0.00000000	0.00000000	0.00000000	0.00000000
0.00030720	1.11377728	1.00005829	1.00011694	0.99994999	0.00000000	0.00000000	0.00000000	0.00000000
0.00033280	1.10566747	0.99990845	0.99992073	0.99997097	0.00000000	0.00000000	0.00000000	0.00000000
0.00035840	1.09250224	0.99998510	1.00003278	1.00014615	0.00000000	0.00000000	0.00000000	0.00000000
0.00038400	1.08426178	1.00005484	0.99985492	0.99993575	0.00000000	0.00000000	0.00000000	0.00000000
0.00040960	1.07375610	0.99991792	0.99997008	0.99982035	0.00000000	0.00000000	0.00000000	0.00000000
0.00046080	1.05811012	1.00001669	1.00008214	1.00004184	0.00000000	0.00000000	0.00000000	0.00000000
0.00051200	1.04896903	0.99996221	0.99995583	1.00000560	0.00000000	0.00000000	0.00000000	0.00000000
0.00056320	1.03828740	1.00005257	0.99986106	0.99998820	0.00000000	0.00000000	0.00000000	0.00000000
0.00061440	1.03057909	1.00005627	0.99995053	0.99992198	0.00000000	0.00000000	0.00000000	0.00000000
0.00066560	1.02100515	1.00002217	0.99993503	0.99996072	0.00000000	0.00000000	0.00000000	0.00000000
0.00071680	1.01714313	1.00005949	1.00001073	0.99998528	0.00000000	0.00000000	0.00000000	0.00000000
0.00076800	1.01247609	0.99988908	1.00006342	0.99985945	0.00000000	0.00000000	0.00000000	0.00000000
0.00081920	1.00710273	1.00001729	0.99982983	1.00000811	0.00000000	0.00000000	0.00000000	0.00000000
0.00092160	1.00178921	0.99997711	0.99995190	1.00005639	0.00000000	0.00000000	0.00000000	0.00000000
0.00102400	1.00148964	0.99998111	1.00003433	0.99993563	0.00000000	0.00000000	0.00000000	0.00000000
0.00112640	1.00157940	1.00004828	0.99995172	0.99993175	0.00000000	0.00000000	0.00000000	0.00000000
0.00122880	1.00533938	0.99998587	0.99990076	0.99991983	0.00000000	0.00000000	0.00000000	0.00000000
0.00133120	1.00458622	0.99999559	0.99997538	1.00001192	0.00000000	0.00000000	0.00000000	0.00000000
0.00143360	1.00305855	0.99997264	0.99990022	1.00005329	0.00000000	0.00000000	0.00000000	0.00000000
0.00153600	1.00753164	0.99999166	0.99999809	1.00002038	0.00000000	0.00000000	0.00000000	0.00000000
0.00163840	1.00666988	1.00004828	0.99996322	0.99999344	0.00000000	0.00000000	0.00000000	0.00000000
0.00184320	1.00140858	1.00000441	1.00000942	1.00000191	0.00000000	0.00000000	0.00000000	0.00000000
0.00204800	1.00182748	0.99998510	0.99995148	0.99997520	0.00000000	0.00000000	0.00000000	0.00000000
0.00225280	0.99946499	1.00003970	0.99997729	1.00004041	0.00000000	0.00000000	0.00000000	0.00000000
0.00245760	0.99758887	0.99998832	1.00003004	0.99997896	0.00000000	0.00000000	0.00000000	0.00000000
0.00266240	0.99454004	0.99993777	0.99998730	1.00001156	0.00000000	0.00000000	0.00000000	0.00000000
0.00286720	0.99396408	0.99996191	1.00000572	1.00006855	0.00000000	0.00000000	0.00000000	0.00000000
0.00307200	0.99555701	1.00001073	0.99999660	1.00003231	0.00000000	0.00000000	0.00000000	0.00000000
0.00327680	0.99896842	1.00001550	0.99996340	0.99991888	0.00000000	0.00000000	0.00000000	0.00000000
0.00368640	1.00073016	0.99997997	1.00000072	1.00000060	0.00000000	0.00000000	0.00000000	0.00000000
0.00409600	1.00250196	1.00002646	0.99998909	0.99997735	0.00000000	0.00000000	0.00000000	0.00000000
0.00450560	1.00192428	0.99998212	1.00000036	1.00000978	0.00000000	0.00000000	0.00000000	0.00000000
0.00491520	1.00528467	1.00002992	1.00002635	1.00002205	0.00000000	0.00000000	0.00000000	0.00000000
0.00532480	0.99841923	1.00000834	0.99997789	0.99999696	0.00000000	0.00000000	0.00000000	0.00000000
0.00573440	0.99748391	0.99996269	0.99998409	1.00001955	0.00000000	0.00000000	0.00000000	0.00000000
0.00614400	1.00014865	0.99999809	0.99999565	1.00003207	0.00000000	0.00000000	0.00000000	0.00000000
0.00655360	0.99727982	0.99999738	0.99999237	1.00004351	0.00000000	0.00000000	0.00000000	0.00000000
0.00737280	0.99763978	1.00000417	1.00000894	0.99997759	0.00000000	0.00000000	0.00000000	0.00000000
0.00819200	1.00327289	0.99999791	1.00001001	0.99999148	0.00000000	0.00000000	0.00000000	0.00000000
0.00901120	1.00213444	1.00000453	0.99999166	0.99999148	0.00000000	0.00000000	0.00000000	0.00000000
0.00983040	1.00322211	1.00000083	0.99999851	0.99999833	0.00000000	0.00000000	0.00000000	0.00000000
0.01064960	1.00478733	1.00000560	1.00000000	0.99999994	0.00000000	0.00000000	0.00000000	0.00000000
0.01146880	1.00484622	0.99998707	0.99998361	0.99999022	0.00000000	0.00000000	0.00000000	0.00000000
0.01228800	1.00065768	0.99999028	1.00001562	0.99999994	0.00000000	0.00000000	0.00000000	0.00000000
0.01310720	1.00194037	1.00001061	1.00001371	0.99997848	0.00000000	0.00000000	0.00000000	0.00000000
0.01474560	0.99866092	0.99997330	1.00000072	1.00001252	0.00000000	0.00000000	0.00000000	0.00000000
0.01638400	0.99840641	1.00001442	0.99998134	0.99999076	0.00000000	0.00000000	0.00000000	0.00000000
0.01802240	1.00035214	1.00001681	1.00001884	1.00000632	0.00000000	0.00000000	0.00000000	0.00000000
0.01966080	1.00704157	0.99999416	1.00000513	0.99998182	0.00000000	0.00000000	0.00000000	0.00000000
0.02129920	1.00008988	1.00000691	1.00000322	0.99998415	0.00000000	0.00000000	0.00000000	0.00000000
0.02293760	1.00167596	0.99999726	1.00001121	0.99999559	0.00000000	0.00000000	0.00000000	0.00000000
0.02457600	0.99779326	0.99998701	1.00000346	1.00000548	0.00000000	0.00000000	0.00000000	0.00000000
0.02621440	1.00188482	1.00000644	0.99999911	0.99999529	0.00000000	0.00000000	0.00000000	0.00000000
0.02949120	1.00046110	1.00000083	1.00000131	1.00000250	0.00000000	0.00000000	0.00000000	0.00000000
0.03276800	0.99917114	0.99999881	0.99999356	0.99999768	0.00000000	0.00000000	0.00000000	0.00000000
0.03604480	0.99781615	1.00000489	0.99998558	1.00000978	0.00000000	0.00000000	0.00000000	0.00000000
0.03932160	1.00015950	0.99999708	0.99999923	1.00001442	0.00000000	0.00000000	0.00000000	0.00000000
0.04259840	1.00403261	0.99999851	1.00000250	0.99999732	0.00000000	0.00000000	0.00000000	0.00000000
0.04587520	1.00202382	0.99999070	0.99999630	1.00000250	0.00000000	0.00000000	0.00000000	0.00000000
0.04915200	0.99975908	0.99999690	1.00000942	0.99998629	0.00000000	0.00000000	0.00000000	0.00000000
0.05242880	1.00139260	0.99999565	0.99999559	0.99999434	0.00000000	0.00000000	0.00000000	0.00000000
0.05898240	0.99988657	1.00000381	0.99999589	1.00000119	0.00000000	0.00000000	0.00000000	0.00000000
0.06553600	1.00172615	0.99999970	1.00000238	0.99999744	0.00000000	0.00000000	0.00000000	0.00000000
0.07208960	0.99926859	1.00000715	0.99998742	0.99999744	0.00000000	0.00000000	0.00000000	0.00000000
0.07864320	0.99860632	0.99999964	0.99999774	1.00000226	0.00000000	0.00000000	0.00000000	0.00000000
0.08519680	0.99898589	1.00000119	0.99999809	1.00000083	0.00000000	0.00000000	0.00000000	0.00000000
0.09175040	1.00019574	0.99999094	0.99999183	0.99999815	0.00000000	0.00000000	0.00000000	0.00000000
0.09830400	0.99978960	0.99999988	0.99999803	1.00000107	0.00000000	0.00000000	0.00000000	0.00000000
0.10485760	1.00096750	1.00000179	0.99999237	1.00000203	0.00000000	0.00000000	0.00000000	0.00000000
0.11796480	1.00091565	1.00000107	1.00000298	1.00000346	0.00000000	0.00000000	0.00000000	0.00000000
0.13107200	0.99947840	0.99999732	1.00000060	0.99999738	0.00000000	0.00000000	0.00000000	0.00000000
0.14417920	1.00030935	0.99999952	0.99999827	0.99999976	0.00000000	0.00000000	0.00000000	0.00000000
0.15728641	1.00187397	0.99999940	0.99999875	0.99999827	0.00000000	0.00000000	0.00000000	0.00000000
0.17039360	1.00114501	1.00000525	1.00000346	0.99999249	0.00000000	0.00000000	0.00000000	0.00000000
0.18350080	1.00221741	1.00000131	0.99999756	0.99999493	0.00000000	0.00000000	0.00000000	0.00000000
0.19660801	0.99978697	1.00000417	1.00000000	0.99999923	0.00000000	0.00000000	0.00000000	0.00000000
0.20971520	1.00008249	0.99999827	0.99999648	1.00000012	0.00000000	0.00000000	0.00000000	0.00000000
0.23592959	0.99998343	1.00000679	0.99999994	0.99999970	0.00000000	0.00000000	0.00000000	0.00000000
0.26214400	0.99908650	1.00000465	1.00000012	1.00000107	0.00000000	0.00000000	0.00000000	0.00000000
0.28835839	0.99963379	0.99999523	1.00000501	0.99999917	0.00000000	0.00000000	0.00000000	0.00000000
0.31457281	0.99987704	1.00000262	1.00000322	1.00000226	0.00000000	0.00000000	0.00000000	0.00000000
0.34078720	0.99929482	1.00000048	0.99999821	1.00000477	0.00000000	0.00000000	0.00000000	0.00000000
0.36700159	0.99983770	1.00000417	0.99999762	0.99999487	0.00000000	0.00000000	0.00000000	0.00000000
0.39321601	0.99895513	1.00000226	0.99999672	1.00000393	0.00000000	0.00000000	0.00000000	0.00000000
0.41943040	0.99966848	0.99999756	0.99999750	0.99999750	0.00000000	0.00000000	0.00000000	0.00000000
0.47185919	0.99905920	0.99999768	1.00000072	0.99999923	0.00000000	0.00000000	0.00000000	0.00000000
0.52428800	0.99961311	1.00000167	1.00000024	1.00000012	0.00000000	0.00000000	0.00000000	0.00000000
0.57671678	0.99939024	0.99999660	1.00000095	0.99999946	0.00000000	0.00000000	0.00000000	0.00000000
0.62914562	0.99961770	1.00000203	0.99999762	0.99999720	0.00000000	0.00000000	0.00000000	0.00000000
0.68157440	0.99975055	1.00000060	0.99999905	0.99999869	0.00000000	0.00000000	0.00000000	0.00000000
0.73400319	0.99963140	0.99999964	0.99999952	0.99999875	0.00000000	0.00000000	0.00000000	0.00000000
0.78643203	1.00068307	0.99999666	1.00000012	0.99999958	0.00000000	0.00000000	0.00000000	0.00000000
0.83886081	0.99939883	1.00000000	1.00000036	1.00000143	0.00000000	0.00000000	0.00000000	0.00000000
0.94371837	1.00072455	0.99999857	0.99999970	0.99999839	0.00000000	0.00000000	0.00000000	0.00000000
1.04857600	1.00052977	1.00000072	0.99999917	0.99999905	0.00000000	0.00000000	0.00000000	0.00000000
1.15343356	1.00051391	0.99999702	0.99999940	1.00000012	0.00000000	0.00000000	0.00000000	0.00000000
1.25829124	1.00018692	0.99999905	1.00000060	0.99999881	0.00000000	0.00000000	0.00000000	0.00000000
1.36314881	1.00006461	0.99999893	0.99999762	0.99999905	0.00000000	0.00000000	0.00000000	0.00000000
1.46800637	0.99951994	0.99999934	1.00000298	1.00000048	0.00000000	0.00000000	0.00000000	0.00000000
1.57286406	0.99926770	0.99999875	0.99999988	0.99999887	0.00000000	0.00000000	0.00000000	0.00000000
1.67772162	0.99970281	1.00000215	0.99999893	0.99999964	0.00000000	0.00000000	0.00000000	0.00000000
1.88743675	1.00009239	0.99999946	0.99999982	1.00000083	0.00000000	0.00000000	0.00000000	0.00000000
2.09715199	1.00049472	0.99999845	1.00000060	1.00000095	0.00000000	0.00000000	0.00000000	0.00000000
2.30686712	1.00009024	0.99999958	1.00000095	1.00000203	0.00000000	0.00000000	0.00000000	0.00000000
2.51658249	0.99942106	0.99999964	0.99999964	1.00000072	0.00000000	0.00000000	0.00000000	0.00000000
2.72629762	0.99992985	0.99999928	0.99999827	0.99999863	0.00000000	0.00000000	0.00000000	0.00000000
2.93601274	1.00037539	0.99999928	0.99999988	0.99999952	0.00000000	0.00000000	0.00000000	0.00000000
3.14572811	1.00047481	1.00000012	1.00000024	0.99999917	0.00000000	0.00000000	0.00000000	0.00000000
3.35544324	1.00028896	1.00000370	1.00000036	0.99999839	0.00000000	0.00000000	0.00000000	0.00000000
3.77487350	0.99955183	1.00000083	0.99999952	0.99999940	0.00000000	0.00000000	0.00000000	0.00000000
4.19430399	1.00049555	0.99999791	1.00000012	0.99999970	0.00000000	0.00000000	0.00000000	0.00000000
4.61373425	0.99990910	1.00000155	1.00000000	1.00000036	0.00000000	0.00000000	0.00000000	0.00000000
5.03316498	1.00000000	1.00000000	1.00000000	1.00000000	0.00000000	0.00000000	0.00000000	0.00000000
5.45259523	0.00000000	0.00000000	0.00000000	0.00000000	0.00000000	0.00000000	0.00000000	0.00000000
5.87202549	0.00000000	0.00000000	0.00000000	0.00000000	0.00000000	0.00000000	0.00000000	0.00000000
6.29145622	0.00000000	0.00000000	0.00000000	0.00000000	0.00000000	0.00000000	0.00000000	0.00000000
6.71088648	0.00000000	0.00000000	0.00000000	0.00000000	0.00000000	0.00000000	0.00000000	0.00000000
7.54974699	0.00000000	0.00000000	0.00000000	0.00000000	0.00000000	0.00000000	0.00000000	0.00000000
8.38860798	0.00000000	0.00000000	0.00000000	0.00000000	0.00000000	0.00000000	0.00000000	0.00000000
9.22746849	0.00000000	0.00000000	0.00000000	0.00000000	0.00000000	0.00000000	0.00000000	0.00000000
10.06632996	0.00000000	0.00000000	0.00000000	0.00000000	0.00000000	0.00000000	0.00000000	0.00000000
10.90519047	0.00000000	0.00000000	0.00000000	0.00000000	0.00000000	0.00000000	0.00000000	0.00000000
11.74405098	0.00000000	0.00000000	0.00000000	0.00000000	0.00000000	0.00000000	0.00000000	0.00000000
12.58291245	0.00000000	0.00000000	0.00000000	0.00000000	0.00000000	0.00000000	0.00000000	0.00000000
13.42177296	0.00000000	0.00000000	0.00000000	0.00000000	0.00000000	0.00000000	0.00000000	0.00000000
15.09949398	0.00000000	0.00000000	0.00000000	0.00000000	0.00000000	0.00000000	0.00000000	0.00000000
16.77721596	0.00000000	0.00000000	0.00000000	0.00000000	0.00000000	0.00000000	0.00000000	0.00000000
18.45493698	0.00000000	0.00000000	0.00000000	0.00000000	0.00000000	0.00000000	0.00000000	0.00000000
20.13265991	0.00000000	0.00000000	0.00000000	0.00000000	0.00000000	0.00000000	0.00000000	0.00000000
21.81038094	0.00000000	0.00000000	0.00000000	0.00000000	0.00000000	0.00000000	0.00000000	0.00000000
23.48810196	0.00000000	0.00000000	0.00000000	0.00000000	0.00000000	0.00000000	0.00000000	0.00000000
25.16582489	0.00000000	0.00000000	0.00000000	0.00000000	0.00000000	0.00000000	0.00000000	0.00000000
26.84354591	0.00000000	0.00000000	0.00000000	0.00000000	0.00000000	0.00000000	0.00000000	0.00000000
30.19898796	0.00000000	0.00000000	0.00000000	0.00000000	0.00000000	0.00000000	0.00000000	0.00000000
33.55443192	0.00000000	0.00000000	0.00000000	0.00000000	0.00000000	0.00000000	0.00000000	0.00000000
36.90987396	0.00000000	0.00000000	0.00000000	0.00000000	0.00000000	0.00000000	0.00000000	0.00000000
40.26531982	0.00000000	0.00000000	0.00000000	0.00000000	0.00000000	0.00000000	0.00000000	0.00000000
43.62076187	0.00000000	0.00000000	0.00000000	0.00000000	0.00000000	0.00000000	0.00000000	0.00000000
46.97620392	0.00000000	0.00000000	0.00000000	0.00000000	0.00000000	0.00000000	0.00000000	0.00000000
50.33164978	0.00000000	0.00000000	0.00000000	0.00000000	0.00000000	0.00000000	0.00000000	0.00000000
53.68709183	0.00000000	0.00000000	0.00000000	0.00000000	0.00000000	0.00000000	0.00000000	0.00000000
60.39797592	0.00000000	0.00000000	0.00000000	0.00000000	0.00000000	0.00000000	0.00000000	0.00000000
67.10886383	0.00000000	0.00000000	0.00000000	0.00000000	0.00000000	0.00000000	0.00000000	0.00000000
73.81974792	0.00000000	0.00000000	0.00000000	0.00000000	0.00000000	0.00000000	0.00000000	0.00000000
80.53063965	0.00000000	0.00000000	0.00000000	0.00000000	0.00000000	0.00000000	0.00000000	0.00000000
87.24152374	0.00000000	0.00000000	0.00000000	0.00000000	0.00000000	0.00000000	0.00000000	0.00000000
93.95240784	0.00000000	0.00000000	0.00000000	0.00000000	0.00000000	0.00000000	0.00000000	0.00000000
100.66329956	0.00000000	0.00000000	0.00000000	0.00000000	0.00000000	0.00000000	0.00000000	0.00000000
107.37418365	0.00000000	0.00000000	0.00000000	0.00000000	0.00000000	0.00000000	0.00000000	0.00000000
120.79595184	0.00000000	0.00000000	0.00000000	0.00000000	0.00000000	0.00000000	0.00000000	0.00000000
134.21772766	0.00000000	0.00000000	0.00000000	0.00000000	0.00000000	0.00000000	0.00000000	0.00000000
147.63949585	0.00000000	0.00000000	0.00000000	0.00000000	0.00000000	0.00000000	0.00000000	0.00000000
161.06127930	0.00000000	0.00000000	0.00000000	0.00000000	0.00000000	0.00000000	0.00000000	0.00000000
174.48304749	0.00000000	0.00000000	0.00000000	0.00000000	0.00000000	0.00000000	0.00000000	0.00000000
187.90481567	0.00000000	0.00000000	0.00000000	0.00000000	0.00000000	0.00000000	0.00000000	0.00000000
201.32659912	0.00000000	0.00000000	0.00000000	0.00000000	0.00000000	0.00000000	0.00000000	0.00000000
214.74836731	0.00000000	0.00000000	0.00000000	0.00000000	0.00000000	0.00000000	0.00000000	0.00000000
241.59190369	0.00000000	0.00000000	0.00000000	0.00000000	0.00000000	0.00000000	0.00000000	0.00000000
268.43545532	0.00000000	0.00000000	0.00000000	0.00000000	0.00000000	0.00000000	0.00000000	0.00000000
295.27899170	0.00000000	0.00000000	0.00000000	0.00000000	0.00000000	0.00000000	0.00000000	0.00000000
322.12255859	0.00000000	0.00000000	0.00000000	0.00000000	0.00000000	0.00000000	0.00000000	0.00000000
348.96609497	0.00000000	0.00000000	0.00000000	0.00000000	0.00000000	0.00000000	0.00000000	0.00000000
375.80963135	0.00000000	0.00000000	0.00000000	0.00000000	0.00000000	0.00000000	0.00000000	0.00000000
402.65319824	0.00000000	0.00000000	0.00000000	0.00000000	0.00000000	0.00000000	0.00000000	0.00000000
429.49673462	0.00000000	0.00000000	0.00000000	0.00000000	0.00000000	0.00000000	0.00000000	0.00000000
483.18380737	0.00000000	0.00000000	0.00000000	0.00000000	0.00000000	0.00000000	0.00000000	0.00000000
536.87091064	0.00000000	0.00000000	0.00000000	0.00000000	0.00000000	0.00000000	0.00000000	0.00000000
590.55798340	0.00000000	0.00000000	0.00000000	0.00000000	0.00000000	0.00000000	0.00000000	0.00000000
644.24511719	0.00000000	0.00000000	0.00000000	0.00000000	0.00000000	0.00000000	0.00000000	0.00000000
697.93218994	0.00000000	0.00000000	0.00000000	0.00000000	0.00000000	0.00000000	0.00000000	0.00000000
751.61926270	0.00000000	0.00000000	0.00000000	0.00000000	0.00000000	0.00000000	0.00000000	0.00000000
805.30639648	0.00000000	0.00000000	0.00000000	0.00000000	0.00000000	0.00000000	0.00000000	0.00000000
858.99346924	0.00000000	0.00000000	0.00000000	0.00000000	0.00000000	0.00000000	0.00000000	0.00000000
966.36761475	0.00000000	0.00000000	0.00000000	0.00000000	0.00000000	0.00000000	0.00000000	0.00000000
1073.74182129	0.00000000	0.00000000	0.00000000	0.00000000	0.00000000	0.00000000	0.00000000	0.00000000
1181.11596680	0.00000000	0.00000000	0.00000000	0.00000000	0.00000000	0.00000000	0.00000000	0.00000000
1288.49023437	0.00000000	0.00000000	0.00000000	0.00000000	0.00000000	0.00000000	0.00000000	0.00000000
1395.86437988	0.00000000	0.00000000	0.00000000	0.00000000	0.00000000	0.00000000	0.00000000	0.00000000
1503.23852539	0.00000000	0.00000000	0.00000000	0.00000000	0.00000000	0.00000000	0.00000000	0.00000000
1610.61279297	0.00000000	0.00000000	0.00000000	0.00000000	0.00000000	0.00000000	0.00000000	0.00000000
1717.98693848	0.00000000	0.00000000	0.00000000	0.00000000	0.00000000	0.00000000	0.00000000	0.00000000
1932.73522949	0.00000000	0.00000000	0.00000000	0.00000000	0.00000000	0.00000000	0.00000000	0.00000000
2147.48364258	0.00000000	0.00000000	0.00000000	0.00000000	0.00000000	0.00000000	0.00000000	0.00000000
2362.23193359	0.00000000	0.00000000	0.00000000	0.00000000	0.00000000	0.00000000	0.00000000	0.00000000
2576.98046875	0.00000000	0.00000000	0.00000000	0.00000000	0.00000000	0.00000000	0.00000000	0.00000000
2791.72875977	0.00000000	0.00000000	0.00000000	0.00000000	0.00000000	0.00000000	0.00000000	0.00000000
3006.47705078	0.00000000	0.00000000	0.00000000	0.00000000	0.00000000	0.00000000	0.00000000	0.00000000
3221.22558594	0.00000000	0.00000000	0.00000000	0.00000000	0.00000000	0.00000000	0.00000000	0.00000000
3435.97387695	0.00000000	0.00000000	0.00000000	0.00000000	0.00000000	0.00000000	0.00000000	0.00000000
0	0	0	0	0	0	0	0	0
