%1/8/2019 5:20:28 PM
%Duration	ID1		ID2		ID3		ID4		ID5		ID6		ID7		ID8
1000.000000	139.675140	1705.961304	1590.843262	1374.034912	0.000000	0.000000	0.000000	0.000000
%Tau		Tau1		Tau2		Tau3		Tau4		Tau5		Tau6		Tau7		Tau8
%		0.000282	0.000002	0.000001	0.000001	0.000000	0.000000	0.000000	0.000000
%Delaytime	D1		D2		D3		D4		D5		D6		D7		D8
0.00000020	1.76596105	0.96572447	0.97213596	0.94120121	0.00000000	0.00000000	0.00000000	0.00000000
0.00000040	1.48649347	1.00390792	1.00554943	1.00314426	0.00000000	0.00000000	0.00000000	0.00000000
0.00000060	1.49620914	1.00299120	1.00418997	1.00278103	0.00000000	0.00000000	0.00000000	0.00000000
0.00000080	1.44363034	1.00033581	0.99996108	1.00346279	0.00000000	0.00000000	0.00000000	0.00000000
0.00000100	1.47449183	1.00134385	1.00263441	0.99684048	0.00000000	0.00000000	0.00000000	0.00000000
0.00000120	1.47563481	1.00224602	0.99722946	1.00130010	0.00000000	0.00000000	0.00000000	0.00000000
0.00000140	1.45220292	0.99749047	0.99996108	1.00359702	0.00000000	0.00000000	0.00000000	0.00000000
0.00000160	1.51564038	0.99983537	1.00001943	0.99838287	0.00000000	0.00000000	0.00000000	0.00000000
0.00000180	1.46249008	0.99652618	0.99863905	1.00239539	0.00000000	0.00000000	0.00000000	0.00000000
0.00000200	1.46763372	0.99961257	0.99898523	0.99629277	0.00000000	0.00000000	0.00000000	0.00000000
0.00000220	1.50992525	0.99800545	0.99760479	1.00056803	0.00000000	0.00000000	0.00000000	0.00000000
0.00000240	1.48649347	0.99696088	0.99908948	0.99710310	0.00000000	0.00000000	0.00000000	0.00000000
0.00000260	1.49392307	1.00190270	0.99762565	0.99669516	0.00000000	0.00000000	0.00000000	0.00000000
0.00000280	1.51506889	0.99777901	0.99917287	0.99615866	0.00000000	0.00000000	0.00000000	0.00000000
0.00000300	1.46649063	0.99912316	0.99957323	0.99990296	0.00000000	0.00000000	0.00000000	0.00000000
0.00000320	1.44305885	1.00205982	0.99829710	1.00178635	0.00000000	0.00000000	0.00000000	0.00000000
0.00000360	1.47106278	0.99875242	1.00127268	0.99831861	0.00000000	0.00000000	0.00000000	0.00000000
0.00000400	1.46734798	0.99938613	0.99982136	0.99773741	0.00000000	0.00000000	0.00000000	0.00000000
0.00000440	1.46534765	1.00132191	1.00000906	1.00063789	0.00000000	0.00000000	0.00000000	0.00000000
0.00000480	1.46048987	1.00113928	0.99730247	0.99733227	0.00000000	0.00000000	0.00000000	0.00000000
0.00000520	1.46048987	0.99869400	0.99948150	0.99851978	0.00000000	0.00000000	0.00000000	0.00000000
0.00000560	1.47363448	0.99917430	0.99646419	1.00011253	0.00000000	0.00000000	0.00000000	0.00000000
0.00000600	1.47134852	1.00048554	0.99713355	0.99502420	0.00000000	0.00000000	0.00000000	0.00000000
0.00000640	1.47077692	0.99883825	0.99926257	0.99904794	0.00000000	0.00000000	0.00000000	0.00000000
0.00000720	1.44048703	0.99846298	0.99965769	0.99682510	0.00000000	0.00000000	0.00000000	0.00000000
0.00000800	1.44577348	0.99957150	0.99748701	0.99949080	0.00000000	0.00000000	0.00000000	0.00000000
0.00000880	1.45277441	0.99828124	0.99890077	0.99828649	0.00000000	0.00000000	0.00000000	0.00000000
0.00000960	1.46734798	0.99891222	1.00039065	0.99895990	0.00000000	0.00000000	0.00000000	0.00000000
0.00001040	1.45591772	0.99889576	0.99912494	0.99673849	0.00000000	0.00000000	0.00000000	0.00000000
0.00001120	1.44563055	0.99806392	0.99791968	0.99729592	0.00000000	0.00000000	0.00000000	0.00000000
0.00001200	1.46077561	0.99928844	0.99924898	0.99873775	0.00000000	0.00000000	0.00000000	0.00000000
0.00001280	1.46706212	0.99937332	1.00049388	0.99952292	0.00000000	0.00000000	0.00000000	0.00000000
0.00001440	1.45556056	0.99988973	0.99998248	1.00012088	0.00000000	0.00000000	0.00000000	0.00000000
0.00001600	1.44955969	0.99961394	0.99978542	0.99840802	0.00000000	0.00000000	0.00000000	0.00000000
0.00001760	1.44598782	0.99944866	0.99942470	0.99968225	0.00000000	0.00000000	0.00000000	0.00000000
0.00001920	1.45656073	0.99964589	0.99976563	0.99949288	0.00000000	0.00000000	0.00000000	0.00000000
0.00002080	1.42291319	0.99898070	1.00014770	0.99873286	0.00000000	0.00000000	0.00000000	0.00000000
0.00002240	1.42034137	0.99971807	0.99984694	0.99981213	0.00000000	0.00000000	0.00000000	0.00000000
0.00002400	1.43591499	1.00076675	0.99961758	0.99872589	0.00000000	0.00000000	0.00000000	0.00000000
0.00002560	1.41812670	0.99992353	0.99918908	0.99870211	0.00000000	0.00000000	0.00000000	0.00000000
0.00002880	1.43078995	0.99945062	0.99882692	0.99896461	0.00000000	0.00000000	0.00000000	0.00000000
0.00003200	1.42897856	1.00026071	0.99894118	0.99989367	0.00000000	0.00000000	0.00000000	0.00000000
0.00003520	1.42143869	1.00004029	0.99954242	0.99952108	0.00000000	0.00000000	0.00000000	0.00000000
0.00003840	1.41736495	0.99995160	0.99962008	1.00013423	0.00000000	0.00000000	0.00000000	0.00000000
0.00004160	1.40446484	0.99935561	1.00011075	1.00051260	0.00000000	0.00000000	0.00000000	0.00000000
0.00004480	1.42061675	1.00000274	0.99995071	1.00011158	0.00000000	0.00000000	0.00000000	0.00000000
0.00004800	1.40364301	1.00060844	1.00000739	0.99976444	0.00000000	0.00000000	0.00000000	0.00000000
0.00005120	1.40971780	1.00024354	0.99949396	1.00080585	0.00000000	0.00000000	0.00000000	0.00000000
0.00005760	1.39836311	1.00010598	1.00026441	0.99995434	0.00000000	0.00000000	0.00000000	0.00000000
0.00006400	1.38934875	0.99929780	0.99957103	0.99990714	0.00000000	0.00000000	0.00000000	0.00000000
0.00007040	1.37362885	0.99937755	0.99984658	0.99970657	0.00000000	0.00000000	0.00000000	0.00000000
0.00007680	1.36730957	1.00016606	0.99982607	1.00003481	0.00000000	0.00000000	0.00000000	0.00000000
0.00008320	1.36557603	0.99955720	1.00017071	0.99925649	0.00000000	0.00000000	0.00000000	0.00000000
0.00008960	1.36160851	0.99969113	1.00020027	0.99985772	0.00000000	0.00000000	0.00000000	0.00000000
0.00009600	1.35007095	0.99910629	0.99969536	0.99944496	0.00000000	0.00000000	0.00000000	0.00000000
0.00010240	1.33897281	1.00038493	0.99985689	0.99955165	0.00000000	0.00000000	0.00000000	0.00000000
0.00011520	1.32378983	0.99957925	0.99983865	1.00038600	0.00000000	0.00000000	0.00000000	0.00000000
0.00012800	1.31038547	1.00001907	1.00015295	0.99998701	0.00000000	0.00000000	0.00000000	0.00000000
0.00014080	1.29365969	0.99952549	0.99987280	1.00009871	0.00000000	0.00000000	0.00000000	0.00000000
0.00015360	1.27872372	1.00018430	1.00000834	0.99969149	0.00000000	0.00000000	0.00000000	0.00000000
0.00016640	1.27414095	0.99994695	1.00040567	1.00003231	0.00000000	0.00000000	0.00000000	0.00000000
0.00017920	1.26327109	1.00033259	0.99968845	1.00019634	0.00000000	0.00000000	0.00000000	0.00000000
0.00019200	1.24795091	1.00024903	1.00036359	0.99982780	0.00000000	0.00000000	0.00000000	0.00000000
0.00020480	1.23687410	1.00008047	0.99987358	1.00016379	0.00000000	0.00000000	0.00000000	0.00000000
0.00023040	1.21579850	0.99995345	0.99988157	1.00000155	0.00000000	0.00000000	0.00000000	0.00000000
0.00025600	1.20018303	0.99999017	0.99968636	0.99987769	0.00000000	0.00000000	0.00000000	0.00000000
0.00028160	1.18139613	1.00017083	1.00004721	0.99954873	0.00000000	0.00000000	0.00000000	0.00000000
0.00030720	1.16844964	0.99990165	1.00014555	1.00009882	0.00000000	0.00000000	0.00000000	0.00000000
0.00033280	1.15543163	0.99998510	1.00020123	0.99991101	0.00000000	0.00000000	0.00000000	0.00000000
0.00035840	1.14194012	1.00018823	0.99995685	1.00006187	0.00000000	0.00000000	0.00000000	0.00000000
0.00038400	1.12817085	1.00007606	0.99980468	0.99973333	0.00000000	0.00000000	0.00000000	0.00000000
0.00040960	1.12263381	0.99990821	0.99984503	1.00006604	0.00000000	0.00000000	0.00000000	0.00000000
0.00046080	1.10459304	0.99981159	0.99997282	0.99996430	0.00000000	0.00000000	0.00000000	0.00000000
0.00051200	1.08370209	0.99991232	0.99992216	0.99986821	0.00000000	0.00000000	0.00000000	0.00000000
0.00056320	1.07103324	0.99991333	1.00003529	0.99982578	0.00000000	0.00000000	0.00000000	0.00000000
0.00061440	1.05923486	0.99989611	0.99994195	0.99973392	0.00000000	0.00000000	0.00000000	0.00000000
0.00066560	1.05018127	1.00007212	0.99999082	1.00002825	0.00000000	0.00000000	0.00000000	0.00000000
0.00071680	1.04166520	0.99999982	0.99997205	0.99991059	0.00000000	0.00000000	0.00000000	0.00000000
0.00076800	1.03605592	0.99990195	1.00010908	1.00004435	0.00000000	0.00000000	0.00000000	0.00000000
0.00081920	1.03586376	1.00013638	1.00009072	0.99982905	0.00000000	0.00000000	0.00000000	0.00000000
0.00092160	1.02515638	1.00006235	0.99995083	0.99999976	0.00000000	0.00000000	0.00000000	0.00000000
0.00102400	1.01536393	0.99994344	0.99998963	0.99991339	0.00000000	0.00000000	0.00000000	0.00000000
0.00112640	1.01101458	1.00005794	0.99999744	1.00006533	0.00000000	0.00000000	0.00000000	0.00000000
0.00122880	1.00445890	0.99993819	1.00011230	0.99993968	0.00000000	0.00000000	0.00000000	0.00000000
0.00133120	0.99803925	1.00004327	1.00001764	0.99990606	0.00000000	0.00000000	0.00000000	0.00000000
0.00143360	0.99639499	0.99996620	1.00009811	0.99990571	0.00000000	0.00000000	0.00000000	0.00000000
0.00153600	0.99903661	1.00004053	1.00002062	0.99993759	0.00000000	0.00000000	0.00000000	0.00000000
0.00163840	0.99802667	0.99994767	1.00004375	1.00008118	0.00000000	0.00000000	0.00000000	0.00000000
0.00184320	0.99705940	0.99999398	0.99996710	0.99993938	0.00000000	0.00000000	0.00000000	0.00000000
0.00204800	0.99645120	0.99995637	0.99999309	0.99996966	0.00000000	0.00000000	0.00000000	0.00000000
0.00225280	0.99706751	0.99991429	0.99998337	0.99998444	0.00000000	0.00000000	0.00000000	0.00000000
0.00245760	1.00042534	0.99995786	1.00000429	1.00001109	0.00000000	0.00000000	0.00000000	0.00000000
0.00266240	1.00221097	1.00000107	0.99997264	1.00001097	0.00000000	0.00000000	0.00000000	0.00000000
0.00286720	1.00642800	0.99997282	0.99996847	1.00009942	0.00000000	0.00000000	0.00000000	0.00000000
0.00307200	1.00181937	1.00000310	0.99994880	1.00001419	0.00000000	0.00000000	0.00000000	0.00000000
0.00327680	1.00376296	1.00004077	0.99995422	0.99992973	0.00000000	0.00000000	0.00000000	0.00000000
0.00368640	1.00486422	0.99997175	0.99995828	0.99998134	0.00000000	0.00000000	0.00000000	0.00000000
0.00409600	1.00032997	1.00006044	1.00002134	1.00003302	0.00000000	0.00000000	0.00000000	0.00000000
0.00450560	0.99734300	1.00001776	0.99999559	0.99996936	0.00000000	0.00000000	0.00000000	0.00000000
0.00491520	0.98675662	0.99996644	1.00005388	0.99988365	0.00000000	0.00000000	0.00000000	0.00000000
0.00532480	0.99004972	0.99993604	0.99997294	1.00000751	0.00000000	0.00000000	0.00000000	0.00000000
0.00573440	0.99381131	1.00003242	0.99999374	1.00001001	0.00000000	0.00000000	0.00000000	0.00000000
0.00614400	1.00313234	1.00000441	0.99999523	1.00002682	0.00000000	0.00000000	0.00000000	0.00000000
0.00655360	1.00165331	0.99998987	0.99989808	0.99990374	0.00000000	0.00000000	0.00000000	0.00000000
0.00737280	0.99537569	1.00001860	0.99999994	1.00000906	0.00000000	0.00000000	0.00000000	0.00000000
0.00819200	1.00248468	1.00000370	1.00002170	1.00003219	0.00000000	0.00000000	0.00000000	0.00000000
0.00901120	1.00502539	0.99996370	1.00004542	0.99993008	0.00000000	0.00000000	0.00000000	0.00000000
0.00983040	0.99085271	0.99998856	0.99996728	1.00001371	0.00000000	0.00000000	0.00000000	0.00000000
0.01064960	0.99510682	0.99999160	0.99994183	0.99998987	0.00000000	0.00000000	0.00000000	0.00000000
0.01146880	1.00377560	1.00000954	1.00004911	0.99999034	0.00000000	0.00000000	0.00000000	0.00000000
0.01228800	0.99117321	1.00005400	1.00000978	1.00001776	0.00000000	0.00000000	0.00000000	0.00000000
0.01310720	0.99171084	1.00000119	0.99997813	0.99999195	0.00000000	0.00000000	0.00000000	0.00000000
0.01474560	1.00106812	0.99999720	1.00001478	0.99995083	0.00000000	0.00000000	0.00000000	0.00000000
0.01638400	1.00219238	0.99999416	1.00000417	0.99996239	0.00000000	0.00000000	0.00000000	0.00000000
0.01802240	0.99397534	1.00000703	1.00001240	0.99998730	0.00000000	0.00000000	0.00000000	0.00000000
0.01966080	1.00137067	0.99999899	0.99998856	1.00002241	0.00000000	0.00000000	0.00000000	0.00000000
0.02129920	0.99007457	0.99999201	1.00001037	0.99999851	0.00000000	0.00000000	0.00000000	0.00000000
0.02293760	0.99797398	1.00002420	0.99997544	1.00001371	0.00000000	0.00000000	0.00000000	0.00000000
0.02457600	1.00406742	0.99999118	1.00000370	1.00000238	0.00000000	0.00000000	0.00000000	0.00000000
0.02621440	0.99769849	0.99999338	1.00001502	1.00002086	0.00000000	0.00000000	0.00000000	0.00000000
0.02949120	0.99196446	0.99999624	1.00001252	0.99998283	0.00000000	0.00000000	0.00000000	0.00000000
0.03276800	1.00179529	1.00001526	0.99998498	1.00000536	0.00000000	0.00000000	0.00000000	0.00000000
0.03604480	1.00328636	0.99999833	1.00001097	0.99999052	0.00000000	0.00000000	0.00000000	0.00000000
0.03932160	1.00070310	1.00000405	1.00001109	0.99999589	0.00000000	0.00000000	0.00000000	0.00000000
0.04259840	0.99894845	0.99999446	0.99998248	1.00001168	0.00000000	0.00000000	0.00000000	0.00000000
0.04587520	0.99646497	0.99998879	1.00000429	1.00001037	0.00000000	0.00000000	0.00000000	0.00000000
0.04915200	1.00083423	0.99998003	1.00000644	0.99999464	0.00000000	0.00000000	0.00000000	0.00000000
0.05242880	0.99968672	1.00000060	0.99999881	0.99998307	0.00000000	0.00000000	0.00000000	0.00000000
0.05898240	0.99967468	1.00000000	0.99999458	0.99999267	0.00000000	0.00000000	0.00000000	0.00000000
0.06553600	0.99647218	0.99999022	0.99999082	1.00000882	0.00000000	0.00000000	0.00000000	0.00000000
0.07208960	1.00398326	1.00000238	0.99999088	1.00000954	0.00000000	0.00000000	0.00000000	0.00000000
0.07864320	1.00105023	0.99999893	1.00000143	1.00000119	0.00000000	0.00000000	0.00000000	0.00000000
0.08519680	0.99881434	0.99998891	1.00000417	1.00001645	0.00000000	0.00000000	0.00000000	0.00000000
0.09175040	0.99779904	0.99998909	1.00001001	0.99999774	0.00000000	0.00000000	0.00000000	0.00000000
0.09830400	0.99631059	1.00000203	1.00000238	0.99999464	0.00000000	0.00000000	0.00000000	0.00000000
0.10485760	0.99894452	0.99998844	0.99998903	0.99999887	0.00000000	0.00000000	0.00000000	0.00000000
0.11796480	0.99886483	0.99998981	0.99999279	0.99999195	0.00000000	0.00000000	0.00000000	0.00000000
0.13107200	1.00073624	0.99999523	0.99999946	1.00001049	0.00000000	0.00000000	0.00000000	0.00000000
0.14417920	0.99990803	1.00000644	0.99999559	0.99999595	0.00000000	0.00000000	0.00000000	0.00000000
0.15728641	1.00132966	1.00000322	0.99999171	1.00000179	0.00000000	0.00000000	0.00000000	0.00000000
0.17039360	0.99967587	1.00000286	0.99999440	1.00000453	0.00000000	0.00000000	0.00000000	0.00000000
0.18350080	0.99962962	0.99999928	1.00000870	0.99999470	0.00000000	0.00000000	0.00000000	0.00000000
0.19660801	0.99814916	1.00000417	0.99999440	1.00000691	0.00000000	0.00000000	0.00000000	0.00000000
0.20971520	0.99958825	1.00000489	1.00000107	0.99999988	0.00000000	0.00000000	0.00000000	0.00000000
0.23592959	0.99869090	1.00000429	0.99999738	0.99999899	0.00000000	0.00000000	0.00000000	0.00000000
0.26214400	0.99858844	0.99999905	0.99999851	0.99999881	0.00000000	0.00000000	0.00000000	0.00000000
0.28835839	1.00120866	0.99999994	1.00000119	0.99999905	0.00000000	0.00000000	0.00000000	0.00000000
0.31457281	0.99891907	0.99999589	1.00000072	0.99999750	0.00000000	0.00000000	0.00000000	0.00000000
0.34078720	1.00026131	0.99999619	0.99999189	0.99999952	0.00000000	0.00000000	0.00000000	0.00000000
0.36700159	1.00199604	1.00000072	0.99999475	1.00000024	0.00000000	0.00000000	0.00000000	0.00000000
0.39321601	0.99961555	1.00001585	1.00000083	1.00000203	0.00000000	0.00000000	0.00000000	0.00000000
0.41943040	1.00119770	0.99999887	0.99999893	0.99999774	0.00000000	0.00000000	0.00000000	0.00000000
0.47185919	0.99891114	0.99999511	0.99999958	0.99999821	0.00000000	0.00000000	0.00000000	0.00000000
0.52428800	0.99972999	0.99999446	1.00000012	1.00000274	0.00000000	0.00000000	0.00000000	0.00000000
0.57671678	1.00039911	1.00000298	0.99999940	0.99999946	0.00000000	0.00000000	0.00000000	0.00000000
0.62914562	1.00082994	1.00000155	0.99999738	0.99999923	0.00000000	0.00000000	0.00000000	0.00000000
0.68157440	0.99978292	0.99999464	0.99999887	1.00000119	0.00000000	0.00000000	0.00000000	0.00000000
0.73400319	1.00026774	0.99999744	1.00000274	0.99999624	0.00000000	0.00000000	0.00000000	0.00000000
0.78643203	1.00042439	1.00000489	0.99999523	0.99999976	0.00000000	0.00000000	0.00000000	0.00000000
0.83886081	0.99971133	0.99999464	1.00000083	1.00000012	0.00000000	0.00000000	0.00000000	0.00000000
0.94371837	0.99996561	1.00000131	0.99999851	1.00000024	0.00000000	0.00000000	0.00000000	0.00000000
1.04857600	0.99975729	1.00000179	0.99999970	1.00000060	0.00000000	0.00000000	0.00000000	0.00000000
1.15343356	1.00007915	0.99999750	1.00000167	1.00000095	0.00000000	0.00000000	0.00000000	0.00000000
1.25829124	1.00003111	1.00000131	0.99999088	1.00000322	0.00000000	0.00000000	0.00000000	0.00000000
1.36314881	1.00021470	1.00000203	0.99999958	0.99999815	0.00000000	0.00000000	0.00000000	0.00000000
1.46800637	1.00000226	0.99999857	1.00000823	0.99999744	0.00000000	0.00000000	0.00000000	0.00000000
1.57286406	0.99997342	1.00000334	1.00000060	0.99999434	0.00000000	0.00000000	0.00000000	0.00000000
1.67772162	0.99983960	0.99999744	1.00000036	1.00000775	0.00000000	0.00000000	0.00000000	0.00000000
1.88743675	0.00000000	0.00000000	0.00000000	0.00000000	0.00000000	0.00000000	0.00000000	0.00000000
2.09715199	0.00000000	0.00000000	0.00000000	0.00000000	0.00000000	0.00000000	0.00000000	0.00000000
2.30686712	0.00000000	0.00000000	0.00000000	0.00000000	0.00000000	0.00000000	0.00000000	0.00000000
2.51658249	0.00000000	0.00000000	0.00000000	0.00000000	0.00000000	0.00000000	0.00000000	0.00000000
2.72629762	0.00000000	0.00000000	0.00000000	0.00000000	0.00000000	0.00000000	0.00000000	0.00000000
2.93601274	0.00000000	0.00000000	0.00000000	0.00000000	0.00000000	0.00000000	0.00000000	0.00000000
3.14572811	0.00000000	0.00000000	0.00000000	0.00000000	0.00000000	0.00000000	0.00000000	0.00000000
3.35544324	0.00000000	0.00000000	0.00000000	0.00000000	0.00000000	0.00000000	0.00000000	0.00000000
3.77487350	0.00000000	0.00000000	0.00000000	0.00000000	0.00000000	0.00000000	0.00000000	0.00000000
4.19430399	0.00000000	0.00000000	0.00000000	0.00000000	0.00000000	0.00000000	0.00000000	0.00000000
4.61373425	0.00000000	0.00000000	0.00000000	0.00000000	0.00000000	0.00000000	0.00000000	0.00000000
5.03316498	0.00000000	0.00000000	0.00000000	0.00000000	0.00000000	0.00000000	0.00000000	0.00000000
5.45259523	0.00000000	0.00000000	0.00000000	0.00000000	0.00000000	0.00000000	0.00000000	0.00000000
5.87202549	0.00000000	0.00000000	0.00000000	0.00000000	0.00000000	0.00000000	0.00000000	0.00000000
6.29145622	0.00000000	0.00000000	0.00000000	0.00000000	0.00000000	0.00000000	0.00000000	0.00000000
6.71088648	0.00000000	0.00000000	0.00000000	0.00000000	0.00000000	0.00000000	0.00000000	0.00000000
7.54974699	0.00000000	0.00000000	0.00000000	0.00000000	0.00000000	0.00000000	0.00000000	0.00000000
8.38860798	0.00000000	0.00000000	0.00000000	0.00000000	0.00000000	0.00000000	0.00000000	0.00000000
9.22746849	0.00000000	0.00000000	0.00000000	0.00000000	0.00000000	0.00000000	0.00000000	0.00000000
10.06632996	0.00000000	0.00000000	0.00000000	0.00000000	0.00000000	0.00000000	0.00000000	0.00000000
10.90519047	0.00000000	0.00000000	0.00000000	0.00000000	0.00000000	0.00000000	0.00000000	0.00000000
11.74405098	0.00000000	0.00000000	0.00000000	0.00000000	0.00000000	0.00000000	0.00000000	0.00000000
12.58291245	0.00000000	0.00000000	0.00000000	0.00000000	0.00000000	0.00000000	0.00000000	0.00000000
13.42177296	0.00000000	0.00000000	0.00000000	0.00000000	0.00000000	0.00000000	0.00000000	0.00000000
15.09949398	0.00000000	0.00000000	0.00000000	0.00000000	0.00000000	0.00000000	0.00000000	0.00000000
16.77721596	0.00000000	0.00000000	0.00000000	0.00000000	0.00000000	0.00000000	0.00000000	0.00000000
18.45493698	0.00000000	0.00000000	0.00000000	0.00000000	0.00000000	0.00000000	0.00000000	0.00000000
20.13265991	0.00000000	0.00000000	0.00000000	0.00000000	0.00000000	0.00000000	0.00000000	0.00000000
21.81038094	0.00000000	0.00000000	0.00000000	0.00000000	0.00000000	0.00000000	0.00000000	0.00000000
23.48810196	0.00000000	0.00000000	0.00000000	0.00000000	0.00000000	0.00000000	0.00000000	0.00000000
25.16582489	0.00000000	0.00000000	0.00000000	0.00000000	0.00000000	0.00000000	0.00000000	0.00000000
26.84354591	0.00000000	0.00000000	0.00000000	0.00000000	0.00000000	0.00000000	0.00000000	0.00000000
30.19898796	0.00000000	0.00000000	0.00000000	0.00000000	0.00000000	0.00000000	0.00000000	0.00000000
33.55443192	0.00000000	0.00000000	0.00000000	0.00000000	0.00000000	0.00000000	0.00000000	0.00000000
36.90987396	0.00000000	0.00000000	0.00000000	0.00000000	0.00000000	0.00000000	0.00000000	0.00000000
40.26531982	0.00000000	0.00000000	0.00000000	0.00000000	0.00000000	0.00000000	0.00000000	0.00000000
43.62076187	0.00000000	0.00000000	0.00000000	0.00000000	0.00000000	0.00000000	0.00000000	0.00000000
46.97620392	0.00000000	0.00000000	0.00000000	0.00000000	0.00000000	0.00000000	0.00000000	0.00000000
50.33164978	0.00000000	0.00000000	0.00000000	0.00000000	0.00000000	0.00000000	0.00000000	0.00000000
53.68709183	0.00000000	0.00000000	0.00000000	0.00000000	0.00000000	0.00000000	0.00000000	0.00000000
60.39797592	0.00000000	0.00000000	0.00000000	0.00000000	0.00000000	0.00000000	0.00000000	0.00000000
67.10886383	0.00000000	0.00000000	0.00000000	0.00000000	0.00000000	0.00000000	0.00000000	0.00000000
73.81974792	0.00000000	0.00000000	0.00000000	0.00000000	0.00000000	0.00000000	0.00000000	0.00000000
80.53063965	0.00000000	0.00000000	0.00000000	0.00000000	0.00000000	0.00000000	0.00000000	0.00000000
87.24152374	0.00000000	0.00000000	0.00000000	0.00000000	0.00000000	0.00000000	0.00000000	0.00000000
93.95240784	0.00000000	0.00000000	0.00000000	0.00000000	0.00000000	0.00000000	0.00000000	0.00000000
100.66329956	0.00000000	0.00000000	0.00000000	0.00000000	0.00000000	0.00000000	0.00000000	0.00000000
107.37418365	0.00000000	0.00000000	0.00000000	0.00000000	0.00000000	0.00000000	0.00000000	0.00000000
120.79595184	0.00000000	0.00000000	0.00000000	0.00000000	0.00000000	0.00000000	0.00000000	0.00000000
134.21772766	0.00000000	0.00000000	0.00000000	0.00000000	0.00000000	0.00000000	0.00000000	0.00000000
147.63949585	0.00000000	0.00000000	0.00000000	0.00000000	0.00000000	0.00000000	0.00000000	0.00000000
161.06127930	0.00000000	0.00000000	0.00000000	0.00000000	0.00000000	0.00000000	0.00000000	0.00000000
174.48304749	0.00000000	0.00000000	0.00000000	0.00000000	0.00000000	0.00000000	0.00000000	0.00000000
187.90481567	0.00000000	0.00000000	0.00000000	0.00000000	0.00000000	0.00000000	0.00000000	0.00000000
201.32659912	0.00000000	0.00000000	0.00000000	0.00000000	0.00000000	0.00000000	0.00000000	0.00000000
214.74836731	0.00000000	0.00000000	0.00000000	0.00000000	0.00000000	0.00000000	0.00000000	0.00000000
241.59190369	0.00000000	0.00000000	0.00000000	0.00000000	0.00000000	0.00000000	0.00000000	0.00000000
268.43545532	0.00000000	0.00000000	0.00000000	0.00000000	0.00000000	0.00000000	0.00000000	0.00000000
295.27899170	0.00000000	0.00000000	0.00000000	0.00000000	0.00000000	0.00000000	0.00000000	0.00000000
322.12255859	0.00000000	0.00000000	0.00000000	0.00000000	0.00000000	0.00000000	0.00000000	0.00000000
348.96609497	0.00000000	0.00000000	0.00000000	0.00000000	0.00000000	0.00000000	0.00000000	0.00000000
375.80963135	0.00000000	0.00000000	0.00000000	0.00000000	0.00000000	0.00000000	0.00000000	0.00000000
402.65319824	0.00000000	0.00000000	0.00000000	0.00000000	0.00000000	0.00000000	0.00000000	0.00000000
429.49673462	0.00000000	0.00000000	0.00000000	0.00000000	0.00000000	0.00000000	0.00000000	0.00000000
483.18380737	0.00000000	0.00000000	0.00000000	0.00000000	0.00000000	0.00000000	0.00000000	0.00000000
536.87091064	0.00000000	0.00000000	0.00000000	0.00000000	0.00000000	0.00000000	0.00000000	0.00000000
590.55798340	0.00000000	0.00000000	0.00000000	0.00000000	0.00000000	0.00000000	0.00000000	0.00000000
644.24511719	0.00000000	0.00000000	0.00000000	0.00000000	0.00000000	0.00000000	0.00000000	0.00000000
697.93218994	0.00000000	0.00000000	0.00000000	0.00000000	0.00000000	0.00000000	0.00000000	0.00000000
751.61926270	0.00000000	0.00000000	0.00000000	0.00000000	0.00000000	0.00000000	0.00000000	0.00000000
805.30639648	0.00000000	0.00000000	0.00000000	0.00000000	0.00000000	0.00000000	0.00000000	0.00000000
858.99346924	0.00000000	0.00000000	0.00000000	0.00000000	0.00000000	0.00000000	0.00000000	0.00000000
966.36761475	0.00000000	0.00000000	0.00000000	0.00000000	0.00000000	0.00000000	0.00000000	0.00000000
1073.74182129	0.00000000	0.00000000	0.00000000	0.00000000	0.00000000	0.00000000	0.00000000	0.00000000
1181.11596680	0.00000000	0.00000000	0.00000000	0.00000000	0.00000000	0.00000000	0.00000000	0.00000000
1288.49023437	0.00000000	0.00000000	0.00000000	0.00000000	0.00000000	0.00000000	0.00000000	0.00000000
1395.86437988	0.00000000	0.00000000	0.00000000	0.00000000	0.00000000	0.00000000	0.00000000	0.00000000
1503.23852539	0.00000000	0.00000000	0.00000000	0.00000000	0.00000000	0.00000000	0.00000000	0.00000000
1610.61279297	0.00000000	0.00000000	0.00000000	0.00000000	0.00000000	0.00000000	0.00000000	0.00000000
1717.98693848	0.00000000	0.00000000	0.00000000	0.00000000	0.00000000	0.00000000	0.00000000	0.00000000
1932.73522949	0.00000000	0.00000000	0.00000000	0.00000000	0.00000000	0.00000000	0.00000000	0.00000000
2147.48364258	0.00000000	0.00000000	0.00000000	0.00000000	0.00000000	0.00000000	0.00000000	0.00000000
2362.23193359	0.00000000	0.00000000	0.00000000	0.00000000	0.00000000	0.00000000	0.00000000	0.00000000
2576.98046875	0.00000000	0.00000000	0.00000000	0.00000000	0.00000000	0.00000000	0.00000000	0.00000000
2791.72875977	0.00000000	0.00000000	0.00000000	0.00000000	0.00000000	0.00000000	0.00000000	0.00000000
3006.47705078	0.00000000	0.00000000	0.00000000	0.00000000	0.00000000	0.00000000	0.00000000	0.00000000
3221.22558594	0.00000000	0.00000000	0.00000000	0.00000000	0.00000000	0.00000000	0.00000000	0.00000000
3435.97387695	0.00000000	0.00000000	0.00000000	0.00000000	0.00000000	0.00000000	0.00000000	0.00000000
0	0	0	0	0	0	0	0	0
