%1/8/2019 5:27:21 PM
%Duration	ID1		ID2		ID3		ID4		ID5		ID6		ID7		ID8
3000.000000	82.702637	1461.105347	1390.581177	1209.411621	0.000000	0.000000	0.000000	0.000000
%Tau		Tau1		Tau2		Tau3		Tau4		Tau5		Tau6		Tau7		Tau8
%		0.000179	0.576717	0.629146	0.681574	0.000000	0.000000	0.000000	0.000000
%Delaytime	D1		D2		D3		D4		D5		D6		D7		D8
0.00000020	2.14533257	1.06150520	1.07474577	1.08074987	0.00000000	0.00000000	0.00000000	0.00000000
0.00000040	1.60574901	1.05948627	1.07692659	1.12750316	0.00000000	0.00000000	0.00000000	0.00000000
0.00000060	1.50769210	1.05907083	1.07608938	1.12285614	0.00000000	0.00000000	0.00000000	0.00000000
0.00000080	1.50823390	1.05386257	1.07331681	1.11978853	0.00000000	0.00000000	0.00000000	0.00000000
0.00000100	1.49252307	1.05914676	1.07279420	1.12124026	0.00000000	0.00000000	0.00000000	0.00000000
0.00000120	1.54128063	1.05621207	1.07406855	1.12577772	0.00000000	0.00000000	0.00000000	0.00000000
0.00000140	1.49739885	1.05592167	1.07597744	1.12251842	0.00000000	0.00000000	0.00000000	0.00000000
0.00000160	1.50064933	1.05640864	1.06986165	1.12187016	0.00000000	0.00000000	0.00000000	0.00000000
0.00000180	1.48277164	1.05461299	1.07239962	1.12223530	0.00000000	0.00000000	0.00000000	0.00000000
0.00000200	1.48710561	1.05447447	1.07070935	1.12259138	0.00000000	0.00000000	0.00000000	0.00000000
0.00000220	1.54128063	1.05540800	1.07241559	1.12168753	0.00000000	0.00000000	0.00000000	0.00000000
0.00000240	1.49956584	1.05636394	1.07011759	1.11993468	0.00000000	0.00000000	0.00000000	0.00000000
0.00000260	1.43509758	1.05777550	1.07032013	1.12594199	0.00000000	0.00000000	0.00000000	0.00000000
0.00000280	1.46164334	1.05249572	1.07367933	1.12112153	0.00000000	0.00000000	0.00000000	0.00000000
0.00000300	1.51040089	1.05681503	1.07347143	1.12668157	0.00000000	0.00000000	0.00000000	0.00000000
0.00000320	1.56403422	1.05987930	1.07461250	1.12200713	0.00000000	0.00000000	0.00000000	0.00000000
0.00000360	1.51338053	1.05633044	1.07294881	1.12142277	0.00000000	0.00000000	0.00000000	0.00000000
0.00000400	1.50985909	1.05476034	1.07052279	1.12247276	0.00000000	0.00000000	0.00000000	0.00000000
0.00000440	1.50877559	1.05397868	1.07341003	1.11919975	0.00000000	0.00000000	0.00000000	0.00000000
0.00000480	1.49712801	1.05237734	1.06902444	1.12082028	0.00000000	0.00000000	0.00000000	0.00000000
0.00000520	1.48845994	1.05415952	1.06900311	1.12201619	0.00000000	0.00000000	0.00000000	0.00000000
0.00000560	1.48710561	1.05416632	1.07207978	1.11775720	0.00000000	0.00000000	0.00000000	0.00000000
0.00000600	1.50796294	1.05521822	1.06756353	1.11855602	0.00000000	0.00000000	0.00000000	0.00000000
0.00000640	1.49523187	1.05296469	1.06969893	1.12036836	0.00000000	0.00000000	0.00000000	0.00000000
0.00000720	1.49008524	1.05501497	1.07011616	1.11796033	0.00000000	0.00000000	0.00000000	0.00000000
0.00000800	1.49130416	1.05366933	1.07003355	1.11946225	0.00000000	0.00000000	0.00000000	0.00000000
0.00000880	1.48466766	1.05316567	1.06981361	1.12121284	0.00000000	0.00000000	0.00000000	0.00000000
0.00000960	1.48060453	1.05474472	1.07128787	1.11775947	0.00000000	0.00000000	0.00000000	0.00000000
0.00001040	1.49103332	1.05271232	1.06937242	1.12225366	0.00000000	0.00000000	0.00000000	0.00000000
0.00001120	1.47234285	1.05364251	1.06985223	1.12165105	0.00000000	0.00000000	0.00000000	0.00000000
0.00001200	1.45554864	1.05557001	1.07156658	1.11993694	0.00000000	0.00000000	0.00000000	0.00000000
0.00001280	1.45405877	1.05416965	1.07016551	1.12208700	0.00000000	0.00000000	0.00000000	0.00000000
0.00001440	1.46116924	1.05453420	1.07039416	1.12277973	0.00000000	0.00000000	0.00000000	0.00000000
0.00001600	1.45785105	1.05534327	1.07110667	1.12180972	0.00000000	0.00000000	0.00000000	0.00000000
0.00001760	1.46827972	1.05518138	1.07048142	1.12423253	0.00000000	0.00000000	0.00000000	0.00000000
0.00001920	1.45825732	1.05494738	1.07042551	1.12405443	0.00000000	0.00000000	0.00000000	0.00000000
0.00002080	1.44613564	1.05388260	1.07096338	1.12153125	0.00000000	0.00000000	0.00000000	0.00000000
0.00002240	1.44268203	1.05452251	1.07001019	1.12163615	0.00000000	0.00000000	0.00000000	0.00000000
0.00002400	1.43997324	1.05364645	1.07172120	1.12122536	0.00000000	0.00000000	0.00000000	0.00000000
0.00002560	1.46272683	1.05366993	1.07055080	1.12069011	0.00000000	0.00000000	0.00000000	0.00000000
0.00002880	1.43595505	1.04067445	1.05402112	1.09482563	0.00000000	0.00000000	0.00000000	0.00000000
0.00003200	1.42365551	1.04080462	1.05438662	1.09544182	0.00000000	0.00000000	0.00000000	0.00000000
0.00003520	1.41958964	1.04084074	1.05568933	1.09709418	0.00000000	0.00000000	0.00000000	0.00000000
0.00003840	1.41813266	1.04066849	1.05537653	1.09634244	0.00000000	0.00000000	0.00000000	0.00000000
0.00004160	1.40695131	1.04089081	1.05508065	1.09605932	0.00000000	0.00000000	0.00000000	0.00000000
0.00004480	1.40898430	1.04044271	1.05553246	1.09589362	0.00000000	0.00000000	0.00000000	0.00000000
0.00004800	1.40115726	1.04082322	1.05403769	1.09471226	0.00000000	0.00000000	0.00000000	0.00000000
0.00005120	1.38473010	1.04145324	1.05546546	1.09703505	0.00000000	0.00000000	0.00000000	0.00000000
0.00005760	1.36871767	1.04249215	1.05628622	1.09908533	0.00000000	0.00000000	0.00000000	0.00000000
0.00006400	1.36276722	1.04123473	1.05589771	1.09851027	0.00000000	0.00000000	0.00000000	0.00000000
0.00007040	1.35696924	1.04201984	1.05579364	1.09835982	0.00000000	0.00000000	0.00000000	0.00000000
0.00007680	1.34301698	1.04182696	1.05619204	1.09872675	0.00000000	0.00000000	0.00000000	0.00000000
0.00008320	1.33836603	1.04144835	1.05645716	1.09918177	0.00000000	0.00000000	0.00000000	0.00000000
0.00008960	1.32643116	1.04175746	1.05638707	1.09951365	0.00000000	0.00000000	0.00000000	0.00000000
0.00009600	1.31640077	1.04159248	1.05581856	1.09849906	0.00000000	0.00000000	0.00000000	0.00000000
0.00010240	1.30187762	1.04168177	1.05577779	1.09799695	0.00000000	0.00000000	0.00000000	0.00000000
0.00011520	1.28659630	1.04241383	1.05776346	1.09973729	0.00000000	0.00000000	0.00000000	0.00000000
0.00012800	1.26831174	1.04221642	1.05737412	1.10024667	0.00000000	0.00000000	0.00000000	0.00000000
0.00014080	1.25902176	1.04254007	1.05748582	1.10087645	0.00000000	0.00000000	0.00000000	0.00000000
0.00015360	1.24437499	1.04224372	1.05687642	1.10063565	0.00000000	0.00000000	0.00000000	0.00000000
0.00016640	1.22663796	1.04245794	1.05726302	1.10020554	0.00000000	0.00000000	0.00000000	0.00000000
0.00017920	1.21088541	1.04268837	1.05663657	1.09957230	0.00000000	0.00000000	0.00000000	0.00000000
0.00019200	1.19860923	1.04243684	1.05763757	1.10063481	0.00000000	0.00000000	0.00000000	0.00000000
0.00020480	1.19260144	1.04292154	1.05708623	1.09991145	0.00000000	0.00000000	0.00000000	0.00000000
0.00023040	1.17142963	1.04363704	1.05811930	1.10231507	0.00000000	0.00000000	0.00000000	0.00000000
0.00025600	1.15160191	1.04340875	1.05820286	1.10250401	0.00000000	0.00000000	0.00000000	0.00000000
0.00028160	1.13269305	1.04343927	1.05820644	1.10239661	0.00000000	0.00000000	0.00000000	0.00000000
0.00030720	1.12420082	1.04365301	1.05804145	1.10176790	0.00000000	0.00000000	0.00000000	0.00000000
0.00033280	1.11072469	1.04334366	1.05827546	1.10224366	0.00000000	0.00000000	0.00000000	0.00000000
0.00035840	1.09331346	1.04357231	1.05837023	1.10184669	0.00000000	0.00000000	0.00000000	0.00000000
0.00038400	1.08449578	1.04342186	1.05844116	1.10167336	0.00000000	0.00000000	0.00000000	0.00000000
0.00040960	1.07526255	1.04304075	1.05811107	1.10251510	0.00000000	0.00000000	0.00000000	0.00000000
0.00046080	1.06145680	1.04415500	1.05917966	1.10396397	0.00000000	0.00000000	0.00000000	0.00000000
0.00051200	1.04825461	1.04447842	1.05903757	1.10432565	0.00000000	0.00000000	0.00000000	0.00000000
0.00056320	1.03925049	1.04449630	1.05917728	1.10407782	0.00000000	0.00000000	0.00000000	0.00000000
0.00061440	1.03286839	1.04446232	1.05912387	1.10386515	0.00000000	0.00000000	0.00000000	0.00000000
0.00066560	1.02254629	1.04437256	1.05911708	1.10397482	0.00000000	0.00000000	0.00000000	0.00000000
0.00071680	1.02110517	1.04440999	1.05930376	1.10391641	0.00000000	0.00000000	0.00000000	0.00000000
0.00076800	1.01592171	1.04440999	1.05926299	1.10386193	0.00000000	0.00000000	0.00000000	0.00000000
0.00081920	1.01486075	1.04424298	1.05917633	1.10407662	0.00000000	0.00000000	0.00000000	0.00000000
0.00092160	1.00456691	1.04545116	1.06032062	1.10561609	0.00000000	0.00000000	0.00000000	0.00000000
0.00102400	1.00213301	1.04536557	1.06015122	1.10567451	0.00000000	0.00000000	0.00000000	0.00000000
0.00112640	0.99976355	1.04531407	1.06028056	1.10559356	0.00000000	0.00000000	0.00000000	0.00000000
0.00122880	0.99876940	1.04533851	1.06030428	1.10534048	0.00000000	0.00000000	0.00000000	0.00000000
0.00133120	0.99653298	1.04537737	1.06014383	1.10556889	0.00000000	0.00000000	0.00000000	0.00000000
0.00143360	0.99654365	1.04552674	1.06021929	1.10557497	0.00000000	0.00000000	0.00000000	0.00000000
0.00153600	0.99673325	1.04525936	1.06008875	1.10529447	0.00000000	0.00000000	0.00000000	0.00000000
0.00163840	0.99914432	1.04529500	1.06027997	1.10549879	0.00000000	0.00000000	0.00000000	0.00000000
0.00184320	0.99896675	1.04609478	1.06124938	1.10726035	0.00000000	0.00000000	0.00000000	0.00000000
0.00204800	0.99871641	1.04615331	1.06114471	1.10721719	0.00000000	0.00000000	0.00000000	0.00000000
0.00225280	0.99832284	1.04614425	1.06124723	1.10733759	0.00000000	0.00000000	0.00000000	0.00000000
0.00245760	1.00051439	1.04612815	1.06112969	1.10709631	0.00000000	0.00000000	0.00000000	0.00000000
0.00266240	0.99771506	1.04625225	1.06121600	1.10722005	0.00000000	0.00000000	0.00000000	0.00000000
0.00286720	1.00274491	1.04620826	1.06123745	1.10706532	0.00000000	0.00000000	0.00000000	0.00000000
0.00307200	1.00356162	1.04625249	1.06122851	1.10705447	0.00000000	0.00000000	0.00000000	0.00000000
0.00327680	0.99888802	1.04605055	1.06116784	1.10710990	0.00000000	0.00000000	0.00000000	0.00000000
0.00368640	0.99827045	1.04714394	1.06220973	1.10897720	0.00000000	0.00000000	0.00000000	0.00000000
0.00409600	1.00073969	1.04715121	1.06218386	1.10887086	0.00000000	0.00000000	0.00000000	0.00000000
0.00450560	1.00857437	1.04707241	1.06214690	1.10878861	0.00000000	0.00000000	0.00000000	0.00000000
0.00491520	0.99878335	1.04709744	1.06222868	1.10881531	0.00000000	0.00000000	0.00000000	0.00000000
0.00532480	0.99826783	1.04712474	1.06214786	1.10877061	0.00000000	0.00000000	0.00000000	0.00000000
0.00573440	0.99893039	1.04706752	1.06217980	1.10867739	0.00000000	0.00000000	0.00000000	0.00000000
0.00614400	1.00057828	1.04704094	1.06209755	1.10869050	0.00000000	0.00000000	0.00000000	0.00000000
0.00655360	1.00211859	1.04697692	1.06212032	1.10867333	0.00000000	0.00000000	0.00000000	0.00000000
0.00737280	1.00122881	1.04791939	1.06304920	1.11023450	0.00000000	0.00000000	0.00000000	0.00000000
0.00819200	0.99738753	1.04792833	1.06303298	1.11019456	0.00000000	0.00000000	0.00000000	0.00000000
0.00901120	0.99413687	1.04785848	1.06296420	1.11014283	0.00000000	0.00000000	0.00000000	0.00000000
0.00983040	0.99647218	1.04783237	1.06296372	1.10999322	0.00000000	0.00000000	0.00000000	0.00000000
0.01064960	0.99743789	1.04776859	1.06295538	1.10997224	0.00000000	0.00000000	0.00000000	0.00000000
0.01146880	0.99486393	1.04779756	1.06283617	1.10998392	0.00000000	0.00000000	0.00000000	0.00000000
0.01228800	1.00575876	1.04769254	1.06287146	1.10997403	0.00000000	0.00000000	0.00000000	0.00000000
0.01310720	0.99992919	1.04772913	1.06278694	1.10992002	0.00000000	0.00000000	0.00000000	0.00000000
0.01474560	0.99976563	1.04859865	1.06377792	1.11126900	0.00000000	0.00000000	0.00000000	0.00000000
0.01638400	0.99570292	1.04854798	1.06364179	1.11114669	0.00000000	0.00000000	0.00000000	0.00000000
0.01802240	0.99770641	1.04845428	1.06364822	1.11108124	0.00000000	0.00000000	0.00000000	0.00000000
0.01966080	0.99811375	1.04840994	1.06355894	1.11094117	0.00000000	0.00000000	0.00000000	0.00000000
0.02129920	1.00173807	1.04828227	1.06350029	1.11080587	0.00000000	0.00000000	0.00000000	0.00000000
0.02293760	1.00166881	1.04826558	1.06343508	1.11073363	0.00000000	0.00000000	0.00000000	0.00000000
0.02457600	1.00125515	1.04819775	1.06336045	1.11058879	0.00000000	0.00000000	0.00000000	0.00000000
0.02621440	0.99789220	1.04817128	1.06324935	1.11052930	0.00000000	0.00000000	0.00000000	0.00000000
0.02949120	1.00035226	1.04887378	1.06405854	1.11175323	0.00000000	0.00000000	0.00000000	0.00000000
0.03276800	0.99951810	1.04874671	1.06392634	1.11153960	0.00000000	0.00000000	0.00000000	0.00000000
0.03604480	0.99738896	1.04860759	1.06373274	1.11132157	0.00000000	0.00000000	0.00000000	0.00000000
0.03932160	1.00044322	1.04847825	1.06364620	1.11107504	0.00000000	0.00000000	0.00000000	0.00000000
0.04259840	1.00107861	1.04834783	1.06352890	1.11080289	0.00000000	0.00000000	0.00000000	0.00000000
0.04587520	0.99999481	1.04820371	1.06335759	1.11061132	0.00000000	0.00000000	0.00000000	0.00000000
0.04915200	0.99977815	1.04806030	1.06320810	1.11037719	0.00000000	0.00000000	0.00000000	0.00000000
0.05242880	1.00183141	1.04792655	1.06305909	1.11012208	0.00000000	0.00000000	0.00000000	0.00000000
0.05898240	0.99908847	1.04836631	1.06355476	1.11091650	0.00000000	0.00000000	0.00000000	0.00000000
0.06553600	0.99943191	1.04811990	1.06326306	1.11042440	0.00000000	0.00000000	0.00000000	0.00000000
0.07208960	1.00300169	1.04786599	1.06296241	1.10993981	0.00000000	0.00000000	0.00000000	0.00000000
0.07864320	0.99936122	1.04757905	1.06263292	1.10947955	0.00000000	0.00000000	0.00000000	0.00000000
0.08519680	0.99842978	1.04729831	1.06238115	1.10905194	0.00000000	0.00000000	0.00000000	0.00000000
0.09175040	1.00086761	1.04705381	1.06207347	1.10858047	0.00000000	0.00000000	0.00000000	0.00000000
0.09830400	1.00071263	1.04675019	1.06176364	1.10805070	0.00000000	0.00000000	0.00000000	0.00000000
0.10485760	1.00034547	1.04648304	1.06151307	1.10753036	0.00000000	0.00000000	0.00000000	0.00000000
0.11796480	0.99961722	1.04544723	1.06038964	1.10562599	0.00000000	0.00000000	0.00000000	0.00000000
0.13107200	0.99980575	1.04492474	1.05979621	1.10468638	0.00000000	0.00000000	0.00000000	0.00000000
0.14417920	0.99861258	1.04443073	1.05917740	1.10364151	0.00000000	0.00000000	0.00000000	0.00000000
0.15728641	0.99898654	1.04388678	1.05859554	1.10263145	0.00000000	0.00000000	0.00000000	0.00000000
0.17039360	1.00060010	1.04337633	1.05801344	1.10170293	0.00000000	0.00000000	0.00000000	0.00000000
0.18350080	1.00004554	1.04287255	1.05737090	1.10076690	0.00000000	0.00000000	0.00000000	0.00000000
0.19660801	0.99993938	1.04227781	1.05676389	1.09966862	0.00000000	0.00000000	0.00000000	0.00000000
0.20971520	0.99950433	1.04178393	1.05614424	1.09867167	0.00000000	0.00000000	0.00000000	0.00000000
0.23592959	0.99993795	1.03979838	1.05393219	1.09488249	0.00000000	0.00000000	0.00000000	0.00000000
0.26214400	0.99957073	1.03863168	1.05267990	1.09267068	0.00000000	0.00000000	0.00000000	0.00000000
0.28835839	1.00074279	1.03738093	1.05135262	1.09032381	0.00000000	0.00000000	0.00000000	0.00000000
0.31457281	0.99929827	1.03614771	1.05000103	1.08802652	0.00000000	0.00000000	0.00000000	0.00000000
0.34078720	1.00072515	1.03485417	1.04864120	1.08564293	0.00000000	0.00000000	0.00000000	0.00000000
0.36700159	0.99900848	1.03355896	1.04712200	1.08319664	0.00000000	0.00000000	0.00000000	0.00000000
0.39321601	1.00044990	1.03230369	1.04568923	1.08071983	0.00000000	0.00000000	0.00000000	0.00000000
0.41943040	1.00005901	1.03091812	1.04421461	1.07818317	0.00000000	0.00000000	0.00000000	0.00000000
0.47185919	1.00036907	1.02667403	1.03912568	1.06990802	0.00000000	0.00000000	0.00000000	0.00000000
0.52428800	0.99981576	1.02387500	1.03594458	1.06459141	0.00000000	0.00000000	0.00000000	0.00000000
0.57671678	0.99956232	1.02099836	1.03252876	1.05928254	0.00000000	0.00000000	0.00000000	0.00000000
0.62914562	0.99999243	1.01829994	1.02906883	1.05368567	0.00000000	0.00000000	0.00000000	0.00000000
0.68157440	0.99982518	1.01540720	1.02560949	1.04803145	0.00000000	0.00000000	0.00000000	0.00000000
0.73400319	1.00114918	1.01265347	1.02219093	1.04257059	0.00000000	0.00000000	0.00000000	0.00000000
0.78643203	1.00007141	1.00981569	1.01879787	1.03722262	0.00000000	0.00000000	0.00000000	0.00000000
0.83886081	0.99997020	1.00721228	1.01548040	1.03232419	0.00000000	0.00000000	0.00000000	0.00000000
0.94371837	1.00002217	1.00028026	1.00710547	1.01881444	0.00000000	0.00000000	0.00000000	0.00000000
1.04857600	0.99963427	0.99625182	1.00247645	1.01085234	0.00000000	0.00000000	0.00000000	0.00000000
1.15343356	0.99955016	0.99327636	0.99859560	1.00404811	0.00000000	0.00000000	0.00000000	0.00000000
1.25829124	0.99993408	0.99130350	0.99584877	0.99837798	0.00000000	0.00000000	0.00000000	0.00000000
1.36314881	1.00011873	0.99039310	0.99410421	0.99392915	0.00000000	0.00000000	0.00000000	0.00000000
1.46800637	1.00035334	0.99029732	0.99313682	0.99114352	0.00000000	0.00000000	0.00000000	0.00000000
1.57286406	1.00005925	0.99062580	0.99249327	0.98937792	0.00000000	0.00000000	0.00000000	0.00000000
1.67772162	1.00013769	0.99131113	0.99235010	0.98859847	0.00000000	0.00000000	0.00000000	0.00000000
1.88743675	1.00030541	0.99358547	0.99359947	0.98948288	0.00000000	0.00000000	0.00000000	0.00000000
2.09715199	1.00000143	0.99375594	0.99366146	0.98990518	0.00000000	0.00000000	0.00000000	0.00000000
2.30686712	1.00044608	0.99389470	0.99410135	0.98999006	0.00000000	0.00000000	0.00000000	0.00000000
2.51658249	0.99981719	0.99488837	0.99496776	0.99130660	0.00000000	0.00000000	0.00000000	0.00000000
2.72629762	1.00014651	0.99678683	0.99638742	0.99404949	0.00000000	0.00000000	0.00000000	0.00000000
2.93601274	0.99990934	0.99847770	0.99840122	0.99758023	0.00000000	0.00000000	0.00000000	0.00000000
3.14572811	0.99982506	0.99981415	0.99991262	1.00051928	0.00000000	0.00000000	0.00000000	0.00000000
3.35544324	1.00016034	1.00097334	1.00100005	1.00225973	0.00000000	0.00000000	0.00000000	0.00000000
3.77487350	1.00019157	1.00278425	1.00311077	1.00395656	0.00000000	0.00000000	0.00000000	0.00000000
4.19430399	1.00016749	1.00310552	1.00292182	1.00406945	0.00000000	0.00000000	0.00000000	0.00000000
4.61373425	0.99996209	1.00182140	1.00149155	1.00267363	0.00000000	0.00000000	0.00000000	0.00000000
5.03316498	1.00000000	1.00000000	1.00000000	1.00000000	0.00000000	0.00000000	0.00000000	0.00000000
5.45259523	0.00000000	0.00000000	0.00000000	0.00000000	0.00000000	0.00000000	0.00000000	0.00000000
5.87202549	0.00000000	0.00000000	0.00000000	0.00000000	0.00000000	0.00000000	0.00000000	0.00000000
6.29145622	0.00000000	0.00000000	0.00000000	0.00000000	0.00000000	0.00000000	0.00000000	0.00000000
6.71088648	0.00000000	0.00000000	0.00000000	0.00000000	0.00000000	0.00000000	0.00000000	0.00000000
7.54974699	0.00000000	0.00000000	0.00000000	0.00000000	0.00000000	0.00000000	0.00000000	0.00000000
8.38860798	0.00000000	0.00000000	0.00000000	0.00000000	0.00000000	0.00000000	0.00000000	0.00000000
9.22746849	0.00000000	0.00000000	0.00000000	0.00000000	0.00000000	0.00000000	0.00000000	0.00000000
10.06632996	0.00000000	0.00000000	0.00000000	0.00000000	0.00000000	0.00000000	0.00000000	0.00000000
10.90519047	0.00000000	0.00000000	0.00000000	0.00000000	0.00000000	0.00000000	0.00000000	0.00000000
11.74405098	0.00000000	0.00000000	0.00000000	0.00000000	0.00000000	0.00000000	0.00000000	0.00000000
12.58291245	0.00000000	0.00000000	0.00000000	0.00000000	0.00000000	0.00000000	0.00000000	0.00000000
13.42177296	0.00000000	0.00000000	0.00000000	0.00000000	0.00000000	0.00000000	0.00000000	0.00000000
15.09949398	0.00000000	0.00000000	0.00000000	0.00000000	0.00000000	0.00000000	0.00000000	0.00000000
16.77721596	0.00000000	0.00000000	0.00000000	0.00000000	0.00000000	0.00000000	0.00000000	0.00000000
18.45493698	0.00000000	0.00000000	0.00000000	0.00000000	0.00000000	0.00000000	0.00000000	0.00000000
20.13265991	0.00000000	0.00000000	0.00000000	0.00000000	0.00000000	0.00000000	0.00000000	0.00000000
21.81038094	0.00000000	0.00000000	0.00000000	0.00000000	0.00000000	0.00000000	0.00000000	0.00000000
23.48810196	0.00000000	0.00000000	0.00000000	0.00000000	0.00000000	0.00000000	0.00000000	0.00000000
25.16582489	0.00000000	0.00000000	0.00000000	0.00000000	0.00000000	0.00000000	0.00000000	0.00000000
26.84354591	0.00000000	0.00000000	0.00000000	0.00000000	0.00000000	0.00000000	0.00000000	0.00000000
30.19898796	0.00000000	0.00000000	0.00000000	0.00000000	0.00000000	0.00000000	0.00000000	0.00000000
33.55443192	0.00000000	0.00000000	0.00000000	0.00000000	0.00000000	0.00000000	0.00000000	0.00000000
36.90987396	0.00000000	0.00000000	0.00000000	0.00000000	0.00000000	0.00000000	0.00000000	0.00000000
40.26531982	0.00000000	0.00000000	0.00000000	0.00000000	0.00000000	0.00000000	0.00000000	0.00000000
43.62076187	0.00000000	0.00000000	0.00000000	0.00000000	0.00000000	0.00000000	0.00000000	0.00000000
46.97620392	0.00000000	0.00000000	0.00000000	0.00000000	0.00000000	0.00000000	0.00000000	0.00000000
50.33164978	0.00000000	0.00000000	0.00000000	0.00000000	0.00000000	0.00000000	0.00000000	0.00000000
53.68709183	0.00000000	0.00000000	0.00000000	0.00000000	0.00000000	0.00000000	0.00000000	0.00000000
60.39797592	0.00000000	0.00000000	0.00000000	0.00000000	0.00000000	0.00000000	0.00000000	0.00000000
67.10886383	0.00000000	0.00000000	0.00000000	0.00000000	0.00000000	0.00000000	0.00000000	0.00000000
73.81974792	0.00000000	0.00000000	0.00000000	0.00000000	0.00000000	0.00000000	0.00000000	0.00000000
80.53063965	0.00000000	0.00000000	0.00000000	0.00000000	0.00000000	0.00000000	0.00000000	0.00000000
87.24152374	0.00000000	0.00000000	0.00000000	0.00000000	0.00000000	0.00000000	0.00000000	0.00000000
93.95240784	0.00000000	0.00000000	0.00000000	0.00000000	0.00000000	0.00000000	0.00000000	0.00000000
100.66329956	0.00000000	0.00000000	0.00000000	0.00000000	0.00000000	0.00000000	0.00000000	0.00000000
107.37418365	0.00000000	0.00000000	0.00000000	0.00000000	0.00000000	0.00000000	0.00000000	0.00000000
120.79595184	0.00000000	0.00000000	0.00000000	0.00000000	0.00000000	0.00000000	0.00000000	0.00000000
134.21772766	0.00000000	0.00000000	0.00000000	0.00000000	0.00000000	0.00000000	0.00000000	0.00000000
147.63949585	0.00000000	0.00000000	0.00000000	0.00000000	0.00000000	0.00000000	0.00000000	0.00000000
161.06127930	0.00000000	0.00000000	0.00000000	0.00000000	0.00000000	0.00000000	0.00000000	0.00000000
174.48304749	0.00000000	0.00000000	0.00000000	0.00000000	0.00000000	0.00000000	0.00000000	0.00000000
187.90481567	0.00000000	0.00000000	0.00000000	0.00000000	0.00000000	0.00000000	0.00000000	0.00000000
201.32659912	0.00000000	0.00000000	0.00000000	0.00000000	0.00000000	0.00000000	0.00000000	0.00000000
214.74836731	0.00000000	0.00000000	0.00000000	0.00000000	0.00000000	0.00000000	0.00000000	0.00000000
241.59190369	0.00000000	0.00000000	0.00000000	0.00000000	0.00000000	0.00000000	0.00000000	0.00000000
268.43545532	0.00000000	0.00000000	0.00000000	0.00000000	0.00000000	0.00000000	0.00000000	0.00000000
295.27899170	0.00000000	0.00000000	0.00000000	0.00000000	0.00000000	0.00000000	0.00000000	0.00000000
322.12255859	0.00000000	0.00000000	0.00000000	0.00000000	0.00000000	0.00000000	0.00000000	0.00000000
348.96609497	0.00000000	0.00000000	0.00000000	0.00000000	0.00000000	0.00000000	0.00000000	0.00000000
375.80963135	0.00000000	0.00000000	0.00000000	0.00000000	0.00000000	0.00000000	0.00000000	0.00000000
402.65319824	0.00000000	0.00000000	0.00000000	0.00000000	0.00000000	0.00000000	0.00000000	0.00000000
429.49673462	0.00000000	0.00000000	0.00000000	0.00000000	0.00000000	0.00000000	0.00000000	0.00000000
483.18380737	0.00000000	0.00000000	0.00000000	0.00000000	0.00000000	0.00000000	0.00000000	0.00000000
536.87091064	0.00000000	0.00000000	0.00000000	0.00000000	0.00000000	0.00000000	0.00000000	0.00000000
590.55798340	0.00000000	0.00000000	0.00000000	0.00000000	0.00000000	0.00000000	0.00000000	0.00000000
644.24511719	0.00000000	0.00000000	0.00000000	0.00000000	0.00000000	0.00000000	0.00000000	0.00000000
697.93218994	0.00000000	0.00000000	0.00000000	0.00000000	0.00000000	0.00000000	0.00000000	0.00000000
751.61926270	0.00000000	0.00000000	0.00000000	0.00000000	0.00000000	0.00000000	0.00000000	0.00000000
805.30639648	0.00000000	0.00000000	0.00000000	0.00000000	0.00000000	0.00000000	0.00000000	0.00000000
858.99346924	0.00000000	0.00000000	0.00000000	0.00000000	0.00000000	0.00000000	0.00000000	0.00000000
966.36761475	0.00000000	0.00000000	0.00000000	0.00000000	0.00000000	0.00000000	0.00000000	0.00000000
1073.74182129	0.00000000	0.00000000	0.00000000	0.00000000	0.00000000	0.00000000	0.00000000	0.00000000
1181.11596680	0.00000000	0.00000000	0.00000000	0.00000000	0.00000000	0.00000000	0.00000000	0.00000000
1288.49023437	0.00000000	0.00000000	0.00000000	0.00000000	0.00000000	0.00000000	0.00000000	0.00000000
1395.86437988	0.00000000	0.00000000	0.00000000	0.00000000	0.00000000	0.00000000	0.00000000	0.00000000
1503.23852539	0.00000000	0.00000000	0.00000000	0.00000000	0.00000000	0.00000000	0.00000000	0.00000000
1610.61279297	0.00000000	0.00000000	0.00000000	0.00000000	0.00000000	0.00000000	0.00000000	0.00000000
1717.98693848	0.00000000	0.00000000	0.00000000	0.00000000	0.00000000	0.00000000	0.00000000	0.00000000
1932.73522949	0.00000000	0.00000000	0.00000000	0.00000000	0.00000000	0.00000000	0.00000000	0.00000000
2147.48364258	0.00000000	0.00000000	0.00000000	0.00000000	0.00000000	0.00000000	0.00000000	0.00000000
2362.23193359	0.00000000	0.00000000	0.00000000	0.00000000	0.00000000	0.00000000	0.00000000	0.00000000
2576.98046875	0.00000000	0.00000000	0.00000000	0.00000000	0.00000000	0.00000000	0.00000000	0.00000000
2791.72875977	0.00000000	0.00000000	0.00000000	0.00000000	0.00000000	0.00000000	0.00000000	0.00000000
3006.47705078	0.00000000	0.00000000	0.00000000	0.00000000	0.00000000	0.00000000	0.00000000	0.00000000
3221.22558594	0.00000000	0.00000000	0.00000000	0.00000000	0.00000000	0.00000000	0.00000000	0.00000000
3435.97387695	0.00000000	0.00000000	0.00000000	0.00000000	0.00000000	0.00000000	0.00000000	0.00000000
0	0	0	0	0	0	0	0	0
