%4/4/2019 4:00:28 PM
%Duration	ID1		ID2		ID3		ID4		ID5		ID6		ID7		ID8
1000.000000	0.000000	0.400543	557.746887	335.912720	168.523788	60.548782	0.381470	0.219345
%Tau		Tau1		Tau2		Tau3		Tau4		Tau5		Tau6		Tau7		Tau8
%		0.000000	0.000001	0.000256	0.000166	0.000102	0.000077	0.000001	0.000001
%Delaytime	D1		D2		D3		D4		D5		D6		D7		D8
0.00000020	0.00000000	262.79916382	1.55378044	1.59464562	1.61107433	2.84002280	261.23693848	315.31906128
0.00000040	0.00000000	0.00000000	1.46786034	1.48987377	1.52152908	1.62086368	0.00000000	0.00000000
0.00000060	0.00000000	65.69979095	1.45961988	1.49849975	1.51116848	1.55906296	0.00000000	0.00000000
0.00000080	0.00000000	0.00000000	1.46067834	1.48696613	1.46972609	1.59558165	0.00000000	0.00000000
0.00000100	0.00000000	0.00000000	1.45704949	1.47921240	1.49044728	1.49445319	0.00000000	0.00000000
0.00000120	0.00000000	0.00000000	1.45342064	1.49685216	1.47934663	1.43546164	0.00000000	0.00000000
0.00000140	0.00000000	0.00000000	1.45629346	1.48434925	1.47490633	1.44107985	0.00000000	0.00000000
0.00000160	0.00000000	0.00000000	1.44355476	1.48842001	1.49895775	1.47478938	0.00000000	0.00000000
0.00000180	0.00000000	0.00000000	1.44998085	1.48289549	1.45307505	1.50568962	0.00000000	0.00000000
0.00000200	0.00000000	0.00000000	1.45848596	1.47271872	1.44641471	1.50568962	0.00000000	0.00000000
0.00000220	0.00000000	0.00000000	1.45194650	1.47262180	1.47823656	1.59277248	0.00000000	0.00000000
0.00000240	0.00000000	0.00000000	1.45039666	1.48066628	1.40312219	1.38208830	0.00000000	0.00000000
0.00000260	0.00000000	0.00000000	1.45682275	1.48279858	1.45973551	1.57029951	52.24738693	0.00000000
0.00000280	0.00000000	0.00000000	1.45054781	1.46971416	1.44678473	1.40737045	0.00000000	0.00000000
0.00000300	0.00000000	0.00000000	1.45599115	1.49568903	1.45344508	1.41860688	0.00000000	0.00000000
0.00000320	0.00000000	0.00000000	1.45353413	1.49946904	1.47305620	1.60681808	0.00000000	0.00000000
0.00000360	0.00000000	0.00000000	1.46111310	1.46511042	1.45103991	1.38770652	0.00000000	0.00000000
0.00000400	0.00000000	0.00000000	1.45232451	1.47834015	1.46713591	1.47900307	0.00000000	0.00000000
0.00000440	0.00000000	0.00000000	1.44652212	1.46985948	1.45844042	1.51130795	0.00000000	0.00000000
0.00000480	0.00000000	0.00000000	1.44245863	1.46288121	1.44326949	1.52113986	0.00000000	0.00000000
0.00000520	0.00000000	0.00000000	1.44884682	1.45425522	1.45973551	1.40315676	0.00000000	0.00000000
0.00000560	0.00000000	32.84989548	1.44155145	1.47034419	1.44696975	1.54642200	0.00000000	0.00000000
0.00000600	0.00000000	0.00000000	1.45081246	1.46225119	1.47065115	1.40877497	0.00000000	0.00000000
0.00000640	0.00000000	32.84989548	1.44417846	1.46564341	1.46806097	1.45091176	0.00000000	0.00000000
0.00000720	0.00000000	0.00000000	1.44635201	1.46918106	1.43559158	1.41228640	0.00000000	0.00000000
0.00000800	0.00000000	0.00000000	1.43707204	1.45251060	1.45464766	1.42703426	0.00000000	0.00000000
0.00000880	0.00000000	16.42494774	1.43763912	1.45146871	1.43142879	1.46846879	0.00000000	0.00000000
0.00000960	0.00000000	0.00000000	1.44011497	1.46118510	1.41801548	1.49445319	0.00000000	0.00000000
0.00001040	0.00000000	0.00000000	1.43934953	1.46077311	1.45585024	1.46285057	0.00000000	0.00000000
0.00001120	0.00000000	0.00000000	1.43496466	1.45774436	1.45103991	1.44529355	26.12369347	0.00000000
0.00001200	0.00000000	0.00000000	1.43086338	1.45379484	1.42800605	1.41088176	0.00000000	0.00000000
0.00001280	0.00000000	0.00000000	1.43599474	1.44725263	1.43725669	1.46636200	0.00000000	0.00000000
0.00001440	0.00000000	0.00000000	1.43294239	1.44671953	1.39331663	1.41298866	0.00000000	0.00000000
0.00001600	0.00000000	0.00000000	1.42845356	1.44138896	1.42504597	1.43019450	0.00000000	0.00000000
0.00001760	0.00000000	0.00000000	1.42654002	1.44072258	1.41181767	1.37436318	6.53092337	0.00000000
0.00001920	0.00000000	0.00000000	1.42844415	1.43459237	1.40423226	1.38384402	0.00000000	0.00000000
0.00002080	0.00000000	0.00000000	1.41948080	1.43742728	1.40265965	1.37155402	6.53092337	0.00000000
0.00002240	0.00000000	0.00000000	1.41819561	1.43244791	1.37430668	1.38489735	0.00000000	0.00000000
0.00002400	0.00000000	0.00000000	1.41715133	1.42228329	1.37856197	1.38279057	0.00000000	0.00000000
0.00002560	0.00000000	0.00000000	1.41872942	1.42530000	1.37333536	1.33152413	0.00000000	0.00000000
0.00002880	0.00000000	0.00000000	1.41467285	1.40361822	1.36740565	1.34729421	0.00000000	0.00000000
0.00003200	0.00000000	0.00000000	1.41188478	1.40091181	1.35085893	1.36214387	0.00000000	0.00000000
0.00003520	0.00000000	0.00000000	1.40334094	1.39342785	1.35171640	1.34362555	3.35965276	0.00000000
0.00003840	0.00000000	3.97924781	1.39858603	1.38358891	1.35662937	1.31916738	0.00000000	0.00000000
0.00004160	0.00000000	0.00000000	1.39795756	1.37615752	1.34168172	1.35480642	0.00000000	0.00000000
0.00004480	0.00000000	0.00000000	1.38859236	1.36878240	1.33187878	1.32405901	3.35965276	0.00000000
0.00004800	0.00000000	0.00000000	1.38713515	1.35935128	1.30742931	1.30536604	0.00000000	0.00000000
0.00005120	0.00000000	0.00000000	1.37939072	1.35499358	1.30777693	1.28280747	0.00000000	0.00000000
0.00005760	0.00000000	1.97932827	1.37603641	1.34089601	1.28543353	1.27115023	1.67982638	0.00000000
0.00006400	0.00000000	1.98446941	1.36454856	1.32752478	1.27267349	1.25704968	1.67982638	9.96863174
0.00007040	0.00000000	1.98446941	1.35783887	1.31480682	1.25682080	1.22543299	0.00000000	0.00000000
0.00007680	0.00000000	1.98446941	1.34437799	1.30175841	1.23713326	1.22499502	1.67982638	0.00000000
0.00008320	0.00000000	0.00000000	1.33730435	1.28945112	1.22698474	1.19948828	0.00000000	9.96863174
0.00008960	0.00000000	0.00000000	1.33141994	1.28267539	1.21514654	1.20316660	0.00000000	9.96863174
0.00009600	0.00000000	0.00000000	1.32123959	1.27232075	1.20570743	1.16795969	0.00000000	0.00000000
0.00010240	0.00000000	0.00000000	1.31376231	1.26493144	1.19009662	1.15988243	3.35965276	0.00000000
0.00011520	0.00000000	0.98966414	1.29598200	1.24127579	1.17658472	1.14141798	0.00000000	0.00000000
0.00012800	0.00000000	0.98966414	1.28091741	1.22245967	1.15513742	1.14450681	0.83195198	0.00000000
0.00014080	0.00000000	1.97932827	1.26712596	1.20679617	1.14433050	1.12710059	2.49585581	4.92686033
0.00015360	0.00000000	0.98966414	1.25247133	1.19041252	1.12819183	1.09724283	0.00000000	0.00000000
0.00016640	0.00000000	0.00000000	1.24027157	1.17823327	1.11205208	1.09031546	0.00000000	0.00000000
0.00017920	0.00000000	0.98966414	1.22784245	1.16157162	1.09878635	1.08018744	0.83195198	0.00000000
0.00019200	0.00000000	0.98966414	1.21327698	1.14939439	1.08375394	1.06186783	0.83195198	0.00000000
0.00020480	0.00000000	0.98966414	1.20384145	1.13872230	1.07472682	1.05537915	0.00000000	4.92686033
0.00023040	0.00000000	2.48702979	1.18078387	1.11660552	1.05715001	1.04187429	2.88436198	0.00000000
0.00025600	0.00000000	0.99481195	1.16171253	1.09719372	1.04243934	1.02916646	1.23615515	0.00000000
0.00028160	0.00000000	0.00000000	1.14503145	1.08290637	1.03392506	1.02262950	0.41205171	0.00000000
0.00030720	0.00000000	1.98962390	1.12639832	1.07323456	1.02588677	1.01422620	0.41205171	0.00000000
0.00033280	0.00000000	1.98962390	1.11318219	1.06058443	1.01983237	1.01209128	1.23615515	0.00000000
0.00035840	0.00000000	0.99481195	1.10137665	1.05187559	1.01626825	1.01984298	1.64820683	0.00000000
0.00038400	0.00000000	1.49221790	1.08967793	1.04531634	1.01361108	1.01058173	1.64820683	0.00000000
0.00040960	0.00000000	0.49740598	1.07836866	1.03910875	1.00810170	1.00805068	1.64820683	7.22233486
0.00046080	0.00000000	1.98962390	1.06149530	1.02727187	1.00508094	1.00546253	1.02527595	1.20372248
0.00051200	0.00000000	0.99481195	1.04931152	1.02141142	1.00451159	1.00388134	0.82022071	1.20372248
0.00056320	0.00000000	0.00000000	1.04008305	1.01748574	1.00237441	1.00380754	0.82022071	1.20372248
0.00061440	0.00000000	0.74610895	1.03107107	1.01403892	1.00040281	1.01307666	0.41011035	0.00000000
0.00066560	0.00000000	1.49221790	1.02533031	1.01110923	0.99649733	1.00723732	1.43538630	0.00000000
0.00071680	0.00000000	0.49740598	1.02202630	1.00850570	0.99633247	1.00502443	1.43538630	2.40744495
0.00076800	0.00000000	1.24351490	1.01769996	1.00282276	0.99624842	1.01174283	1.23033106	0.00000000
0.00081920	0.00000000	1.49221790	1.01522839	1.00245392	0.99527162	1.00600219	0.82022071	2.40744495
0.00092160	0.00000000	1.11337221	1.01102209	1.00155342	0.99289757	0.99908644	1.23615515	1.21759808
0.00102400	0.00000000	1.11337221	1.00836754	0.99805975	0.99209255	1.00409365	0.72109050	1.21759808
0.00112640	0.00000000	0.61854011	1.00608885	0.99742347	0.99432474	1.00224352	0.82410342	1.82639718
0.00122880	0.00000000	0.49483207	1.00329137	0.99888325	0.99150616	0.99986428	0.61807758	0.60879904
0.00133120	0.00000000	0.61854011	1.00363255	0.99967253	0.99446356	0.99942470	0.82410342	2.43519616
0.00143360	0.00000000	0.49483207	1.00602198	1.00081706	0.99910778	1.00277662	0.92711633	0.60879904
0.00153600	0.00000000	0.74224812	1.00849366	1.00638926	1.00029790	0.99232525	1.23615515	1.82639718
0.00163840	0.00000000	0.49483207	1.01026428	1.00379264	1.00229192	0.98920965	1.03012931	1.21759808
0.00184320	0.00000000	0.79995191	1.00584996	0.99945366	0.99404180	0.99888474	0.93594599	0.92915714
0.00204800	0.00000000	0.79995191	0.99615276	0.99508882	0.99545324	0.99559230	0.62396395	0.00000000
0.00225280	0.00000000	1.16916049	0.99173123	0.99442273	1.00083411	1.00027502	1.03994000	0.61943811
0.00245760	0.00000000	1.10762572	0.99261224	0.99222398	0.99796253	1.00579357	0.93594599	1.23887622
0.00266240	0.00000000	1.60404873	0.99733317	1.00012040	1.00196874	0.99908149	0.98794299	0.92915714
0.00286720	0.00000000	1.48450625	1.00198746	1.00186765	1.00124478	1.00133002	1.03994000	1.85831428
0.00307200	0.00000000	0.86596197	1.00508344	1.00288749	0.99988073	0.99571753	1.03994000	0.92915714
0.00327680	0.00000000	1.23708844	1.00394738	1.00476718	0.99659199	1.00146091	1.55990994	0.92915714
0.00368640	0.00000000	0.90625614	1.00146294	1.00446963	0.99610233	1.00687563	0.84985667	1.71335852
0.00409600	0.00000000	0.93750638	0.99598783	1.00342846	0.99853188	1.00223398	0.84985667	0.77879936
0.00450560	0.00000000	1.06250715	0.99866980	0.99153870	0.99770445	1.00223517	1.18185472	0.46727961
0.00491520	0.00000000	0.81250548	0.99946970	0.99839920	1.00585389	0.99911463	1.18185472	1.09031904
0.00532480	0.00000000	1.12500763	0.99795622	0.99767756	1.00230396	0.99841231	0.84785229	0.47001225
0.00573440	0.00000000	0.93750638	0.99608368	0.99936312	0.99915510	1.00555539	1.07908475	1.09669518
0.00614400	0.00000000	0.62338507	0.99347949	1.00100005	1.00279224	0.99510753	0.79835016	1.25336599
0.00655360	0.00000000	0.93507761	0.98715401	0.99460351	1.00389624	1.00579584	1.03012931	1.41003668
0.00737280	0.00000000	0.97636461	0.99255443	0.99234802	1.00184262	0.99682873	0.88848650	0.47276086
0.00819200	0.00000000	0.81888646	0.99920005	0.99424464	0.99472505	1.00146115	0.79835016	0.55155432
0.00901120	0.00000000	1.07085145	1.00067174	0.99879086	0.99702269	1.00021636	1.22327852	0.70501834
0.00983040	0.00000000	0.94486898	1.00448203	0.99951518	0.99627286	1.00147212	0.97862279	0.94002450
0.01064960	0.00000000	1.14959061	0.99918771	1.00229859	1.00386000	0.99543065	1.23615515	0.94002450
0.01146880	0.00000000	0.83463424	0.99808991	1.00133526	1.00476885	1.00131357	1.04300594	0.23500612
0.01228800	0.00000000	1.14658904	1.00243914	0.99843544	1.00112939	1.00224888	0.93999296	1.01835990
0.01310720	0.00000000	1.25653589	1.00351632	0.99896514	1.00145471	1.00324893	0.88848650	0.62668300
0.01474560	0.00000000	1.12598431	0.99609041	0.99940854	0.99782968	0.99678385	1.02611673	0.87698537
0.01638400	0.00000000	0.85708970	0.99628109	0.99730659	0.99844426	0.99918151	0.96803468	0.91684836
0.01802240	0.00000000	0.80153757	0.99373740	0.99920189	1.00066698	1.00149751	1.08419883	0.95671129
0.01966080	0.00000000	1.14770997	0.99905050	1.00072372	0.99665582	0.99580091	1.05193102	1.47492993
0.02129920	0.00000000	1.02106607	1.00004864	0.99868029	0.99906611	0.99788153	0.95512754	1.26819873
0.02293760	0.00000000	1.01315081	1.00332856	0.99637938	0.99962598	1.00452268	0.92285973	1.14930511
0.02457600	0.00000000	1.09734583	1.00000656	1.00506544	0.99811620	0.99910307	0.89059192	0.99078023
0.02621440	0.00000000	1.22047246	0.99457198	0.99951243	1.00056672	0.99600816	0.89059192	1.07004261
0.02949120	0.00000000	0.96387953	1.00068033	0.99916553	0.99906248	0.99667305	0.97492760	0.93459082
0.03276800	0.00000000	0.93343306	1.00089371	1.00046575	0.99940157	0.99891841	0.97812408	0.96787202
0.03604480	0.00000000	0.94293177	0.99858427	0.99956882	0.99813175	1.00186682	0.96214163	0.89044225
0.03932160	0.00000000	1.00000000	1.00294757	0.99762493	1.00273168	1.00119007	0.92698032	1.21951878
0.04259840	0.00000000	1.07772017	1.00014782	1.00086224	1.00072420	1.00033510	0.96214163	0.97353208
0.04587520	0.00000000	1.01060939	0.99783254	1.00204527	0.99788415	1.00110829	1.05803621	0.75935501
0.04915200	0.00000000	1.08281040	1.00038326	1.00234187	0.99995804	1.00087225	1.06627417	0.77429760
0.05242880	0.00000000	0.90241188	1.00243306	0.99654049	0.99969685	0.99949348	0.96992403	1.02001405
0.05898240	0.00000000	0.95960832	1.00218165	0.99893713	0.99991536	0.99996918	0.98598242	1.15176773
0.06553600	0.00000000	0.97049898	1.00050831	1.00110281	0.99986058	1.00085914	1.02127659	1.03328681
0.07208960	0.00000000	0.97976547	0.99243206	0.99982470	1.00039232	1.00106883	0.95415044	0.90890968
0.07864320	0.00000000	0.96744186	1.00060511	1.00145602	0.99961537	0.99879253	1.05075741	1.01415193
0.08519680	0.00000000	1.04063272	1.00105202	0.99715060	1.00052059	1.00070429	0.97581714	1.04640794
0.09175040	0.00000000	1.03794372	0.99574149	0.99913007	0.99969584	1.00129938	1.02205682	0.93225431
0.09830400	0.00000000	0.92915928	1.00142682	1.00068331	1.00072992	1.00041139	1.01328540	1.18909991
0.10485760	0.00000000	1.11720753	0.99930894	0.99807787	1.00086069	1.00032175	1.00849068	0.91947842
0.11796480	0.00000000	0.98136628	1.00149262	1.00052261	0.99994498	1.00025809	0.95501333	0.91947842
0.13107200	0.00000000	0.92245895	0.99887621	0.99991810	0.99881136	0.99854600	0.99619496	0.96753025
0.14417920	0.00000000	0.94865966	1.00125861	0.99920690	1.00002682	1.00009310	0.96759021	0.94833732
0.15728641	0.00000000	1.00938332	0.99840093	0.99986202	1.00053191	1.00152791	1.01191437	1.06773031
0.17039360	0.00000000	1.00831807	1.00016594	1.00034153	1.00003970	0.99791920	1.03941882	0.96530700
0.18350080	0.00000000	0.98882115	1.00162446	1.00013101	1.00022733	1.00060308	1.00220609	1.01389897
0.19660801	0.00000000	0.99966770	0.99889755	0.99890721	1.00052023	1.00028980	0.97631830	1.02901852
0.20971520	0.00000000	1.00739050	1.00054681	0.99960089	0.99870628	0.99885678	0.95627356	0.95252085
0.23592959	0.00000000	0.99810404	1.00027966	1.00031042	0.99958354	1.00001657	1.02176392	1.00709474
0.26214400	0.00000000	1.02989948	1.00154293	0.99996066	1.00027359	1.00001395	1.00745618	1.02526367
0.28835839	0.00000000	0.96954894	0.99805927	1.00000596	1.00027990	0.99926406	0.98804182	0.97930461
0.31457281	0.00000000	1.01196194	0.99953932	0.99950182	0.99907219	0.99979490	0.98666286	1.02837610
0.34078720	0.00000000	1.03673506	0.99848276	1.00035989	1.00015080	0.99970055	0.99940252	1.03884614
0.36700159	0.00000000	1.03510857	1.00073361	1.00041866	1.00016272	0.99993175	1.01049662	1.00785387
0.39321601	0.00000000	0.98995405	0.99866176	0.99907529	0.99997741	0.99990016	0.93371731	1.00774395
0.41943040	0.00000000	1.01307440	1.00156224	1.00011432	0.99902266	0.99990565	1.04577589	0.97803605
0.47185919	0.00000000	0.96409005	1.00071383	1.00019646	0.99989170	1.00008547	0.99000454	0.98461539
0.52428800	0.00000000	1.01212108	0.99874693	0.99974400	1.00005305	1.00029445	1.02146482	0.95669293
0.57671678	0.00000000	1.01210046	0.99931484	1.00009322	0.99988079	0.99977535	0.97476590	1.06171215
0.62914562	0.00000000	0.98671877	1.00060844	1.00049472	1.00011134	0.99992502	0.98714203	1.01052630
0.68157440	0.00000000	0.98277152	1.00071633	1.00027132	0.99982500	0.99979252	1.03592992	0.95632333
0.73400319	0.00000000	1.01071239	0.99864662	1.00045264	1.00072968	0.99970543	1.01990807	1.05553567
0.78643203	0.00000000	1.02233827	1.00084841	0.99986815	0.99991590	0.99952680	1.00177407	0.92222834
0.83886081	0.00000000	0.99481201	1.00004661	0.99995244	0.99984670	0.99914610	1.01083457	1.00503230
0.94371837	0.00000000	0.99583173	1.00006068	1.00008607	1.00010598	1.00032043	0.99529171	1.03243673
1.04857600	0.00000000	0.99182367	0.99996853	0.99958581	0.99988449	1.00032008	0.99265307	0.95984882
1.15343356	0.00000000	1.02382636	0.99982065	0.99997008	0.99973428	0.99946654	0.99406487	1.02924681
1.25829124	0.00000000	0.97046703	0.99998170	1.00035357	0.99993849	0.99869931	1.00640547	0.97039473
1.36314881	0.00000000	1.00443661	1.00049424	0.99972558	1.00004363	0.99964428	0.99488646	0.96370465
1.46800637	0.00000000	1.00084388	1.00032640	1.00046217	1.00014234	1.00011575	1.01352346	1.10801399
1.57286406	0.00000000	0.99524474	0.99984789	0.99982834	0.99987000	1.00059617	1.00988102	0.91428572
1.67772162	0.00000000	1.04472268	0.99986237	1.00010240	1.00009561	0.99975026	0.99588478	0.97882354
1.88743675	0.00000000	0.00000000	0.00000000	0.00000000	0.00000000	0.00000000	0.00000000	0.00000000
2.09715199	0.00000000	0.00000000	0.00000000	0.00000000	0.00000000	0.00000000	0.00000000	0.00000000
2.30686712	0.00000000	0.00000000	0.00000000	0.00000000	0.00000000	0.00000000	0.00000000	0.00000000
2.51658249	0.00000000	0.00000000	0.00000000	0.00000000	0.00000000	0.00000000	0.00000000	0.00000000
2.72629762	0.00000000	0.00000000	0.00000000	0.00000000	0.00000000	0.00000000	0.00000000	0.00000000
2.93601274	0.00000000	0.00000000	0.00000000	0.00000000	0.00000000	0.00000000	0.00000000	0.00000000
3.14572811	0.00000000	0.00000000	0.00000000	0.00000000	0.00000000	0.00000000	0.00000000	0.00000000
3.35544324	0.00000000	0.00000000	0.00000000	0.00000000	0.00000000	0.00000000	0.00000000	0.00000000
3.77487350	0.00000000	0.00000000	0.00000000	0.00000000	0.00000000	0.00000000	0.00000000	0.00000000
4.19430399	0.00000000	0.00000000	0.00000000	0.00000000	0.00000000	0.00000000	0.00000000	0.00000000
4.61373425	0.00000000	0.00000000	0.00000000	0.00000000	0.00000000	0.00000000	0.00000000	0.00000000
5.03316498	0.00000000	0.00000000	0.00000000	0.00000000	0.00000000	0.00000000	0.00000000	0.00000000
5.45259523	0.00000000	0.00000000	0.00000000	0.00000000	0.00000000	0.00000000	0.00000000	0.00000000
5.87202549	0.00000000	0.00000000	0.00000000	0.00000000	0.00000000	0.00000000	0.00000000	0.00000000
6.29145622	0.00000000	0.00000000	0.00000000	0.00000000	0.00000000	0.00000000	0.00000000	0.00000000
6.71088648	0.00000000	0.00000000	0.00000000	0.00000000	0.00000000	0.00000000	0.00000000	0.00000000
7.54974699	0.00000000	0.00000000	0.00000000	0.00000000	0.00000000	0.00000000	0.00000000	0.00000000
8.38860798	0.00000000	0.00000000	0.00000000	0.00000000	0.00000000	0.00000000	0.00000000	0.00000000
9.22746849	0.00000000	0.00000000	0.00000000	0.00000000	0.00000000	0.00000000	0.00000000	0.00000000
10.06632996	0.00000000	0.00000000	0.00000000	0.00000000	0.00000000	0.00000000	0.00000000	0.00000000
10.90519047	0.00000000	0.00000000	0.00000000	0.00000000	0.00000000	0.00000000	0.00000000	0.00000000
11.74405098	0.00000000	0.00000000	0.00000000	0.00000000	0.00000000	0.00000000	0.00000000	0.00000000
12.58291245	0.00000000	0.00000000	0.00000000	0.00000000	0.00000000	0.00000000	0.00000000	0.00000000
13.42177296	0.00000000	0.00000000	0.00000000	0.00000000	0.00000000	0.00000000	0.00000000	0.00000000
15.09949398	0.00000000	0.00000000	0.00000000	0.00000000	0.00000000	0.00000000	0.00000000	0.00000000
16.77721596	0.00000000	0.00000000	0.00000000	0.00000000	0.00000000	0.00000000	0.00000000	0.00000000
18.45493698	0.00000000	0.00000000	0.00000000	0.00000000	0.00000000	0.00000000	0.00000000	0.00000000
20.13265991	0.00000000	0.00000000	0.00000000	0.00000000	0.00000000	0.00000000	0.00000000	0.00000000
21.81038094	0.00000000	0.00000000	0.00000000	0.00000000	0.00000000	0.00000000	0.00000000	0.00000000
23.48810196	0.00000000	0.00000000	0.00000000	0.00000000	0.00000000	0.00000000	0.00000000	0.00000000
25.16582489	0.00000000	0.00000000	0.00000000	0.00000000	0.00000000	0.00000000	0.00000000	0.00000000
26.84354591	0.00000000	0.00000000	0.00000000	0.00000000	0.00000000	0.00000000	0.00000000	0.00000000
30.19898796	0.00000000	0.00000000	0.00000000	0.00000000	0.00000000	0.00000000	0.00000000	0.00000000
33.55443192	0.00000000	0.00000000	0.00000000	0.00000000	0.00000000	0.00000000	0.00000000	0.00000000
36.90987396	0.00000000	0.00000000	0.00000000	0.00000000	0.00000000	0.00000000	0.00000000	0.00000000
40.26531982	0.00000000	0.00000000	0.00000000	0.00000000	0.00000000	0.00000000	0.00000000	0.00000000
43.62076187	0.00000000	0.00000000	0.00000000	0.00000000	0.00000000	0.00000000	0.00000000	0.00000000
46.97620392	0.00000000	0.00000000	0.00000000	0.00000000	0.00000000	0.00000000	0.00000000	0.00000000
50.33164978	0.00000000	0.00000000	0.00000000	0.00000000	0.00000000	0.00000000	0.00000000	0.00000000
53.68709183	0.00000000	0.00000000	0.00000000	0.00000000	0.00000000	0.00000000	0.00000000	0.00000000
60.39797592	0.00000000	0.00000000	0.00000000	0.00000000	0.00000000	0.00000000	0.00000000	0.00000000
67.10886383	0.00000000	0.00000000	0.00000000	0.00000000	0.00000000	0.00000000	0.00000000	0.00000000
73.81974792	0.00000000	0.00000000	0.00000000	0.00000000	0.00000000	0.00000000	0.00000000	0.00000000
80.53063965	0.00000000	0.00000000	0.00000000	0.00000000	0.00000000	0.00000000	0.00000000	0.00000000
87.24152374	0.00000000	0.00000000	0.00000000	0.00000000	0.00000000	0.00000000	0.00000000	0.00000000
93.95240784	0.00000000	0.00000000	0.00000000	0.00000000	0.00000000	0.00000000	0.00000000	0.00000000
100.66329956	0.00000000	0.00000000	0.00000000	0.00000000	0.00000000	0.00000000	0.00000000	0.00000000
107.37418365	0.00000000	0.00000000	0.00000000	0.00000000	0.00000000	0.00000000	0.00000000	0.00000000
120.79595184	0.00000000	0.00000000	0.00000000	0.00000000	0.00000000	0.00000000	0.00000000	0.00000000
134.21772766	0.00000000	0.00000000	0.00000000	0.00000000	0.00000000	0.00000000	0.00000000	0.00000000
147.63949585	0.00000000	0.00000000	0.00000000	0.00000000	0.00000000	0.00000000	0.00000000	0.00000000
161.06127930	0.00000000	0.00000000	0.00000000	0.00000000	0.00000000	0.00000000	0.00000000	0.00000000
174.48304749	0.00000000	0.00000000	0.00000000	0.00000000	0.00000000	0.00000000	0.00000000	0.00000000
187.90481567	0.00000000	0.00000000	0.00000000	0.00000000	0.00000000	0.00000000	0.00000000	0.00000000
201.32659912	0.00000000	0.00000000	0.00000000	0.00000000	0.00000000	0.00000000	0.00000000	0.00000000
214.74836731	0.00000000	0.00000000	0.00000000	0.00000000	0.00000000	0.00000000	0.00000000	0.00000000
241.59190369	0.00000000	0.00000000	0.00000000	0.00000000	0.00000000	0.00000000	0.00000000	0.00000000
268.43545532	0.00000000	0.00000000	0.00000000	0.00000000	0.00000000	0.00000000	0.00000000	0.00000000
295.27899170	0.00000000	0.00000000	0.00000000	0.00000000	0.00000000	0.00000000	0.00000000	0.00000000
322.12255859	0.00000000	0.00000000	0.00000000	0.00000000	0.00000000	0.00000000	0.00000000	0.00000000
348.96609497	0.00000000	0.00000000	0.00000000	0.00000000	0.00000000	0.00000000	0.00000000	0.00000000
375.80963135	0.00000000	0.00000000	0.00000000	0.00000000	0.00000000	0.00000000	0.00000000	0.00000000
402.65319824	0.00000000	0.00000000	0.00000000	0.00000000	0.00000000	0.00000000	0.00000000	0.00000000
429.49673462	0.00000000	0.00000000	0.00000000	0.00000000	0.00000000	0.00000000	0.00000000	0.00000000
483.18380737	0.00000000	0.00000000	0.00000000	0.00000000	0.00000000	0.00000000	0.00000000	0.00000000
536.87091064	0.00000000	0.00000000	0.00000000	0.00000000	0.00000000	0.00000000	0.00000000	0.00000000
590.55798340	0.00000000	0.00000000	0.00000000	0.00000000	0.00000000	0.00000000	0.00000000	0.00000000
644.24511719	0.00000000	0.00000000	0.00000000	0.00000000	0.00000000	0.00000000	0.00000000	0.00000000
697.93218994	0.00000000	0.00000000	0.00000000	0.00000000	0.00000000	0.00000000	0.00000000	0.00000000
751.61926270	0.00000000	0.00000000	0.00000000	0.00000000	0.00000000	0.00000000	0.00000000	0.00000000
805.30639648	0.00000000	0.00000000	0.00000000	0.00000000	0.00000000	0.00000000	0.00000000	0.00000000
858.99346924	0.00000000	0.00000000	0.00000000	0.00000000	0.00000000	0.00000000	0.00000000	0.00000000
966.36761475	0.00000000	0.00000000	0.00000000	0.00000000	0.00000000	0.00000000	0.00000000	0.00000000
1073.74182129	0.00000000	0.00000000	0.00000000	0.00000000	0.00000000	0.00000000	0.00000000	0.00000000
1181.11596680	0.00000000	0.00000000	0.00000000	0.00000000	0.00000000	0.00000000	0.00000000	0.00000000
1288.49023437	0.00000000	0.00000000	0.00000000	0.00000000	0.00000000	0.00000000	0.00000000	0.00000000
1395.86437988	0.00000000	0.00000000	0.00000000	0.00000000	0.00000000	0.00000000	0.00000000	0.00000000
1503.23852539	0.00000000	0.00000000	0.00000000	0.00000000	0.00000000	0.00000000	0.00000000	0.00000000
1610.61279297	0.00000000	0.00000000	0.00000000	0.00000000	0.00000000	0.00000000	0.00000000	0.00000000
1717.98693848	0.00000000	0.00000000	0.00000000	0.00000000	0.00000000	0.00000000	0.00000000	0.00000000
1932.73522949	0.00000000	0.00000000	0.00000000	0.00000000	0.00000000	0.00000000	0.00000000	0.00000000
2147.48364258	0.00000000	0.00000000	0.00000000	0.00000000	0.00000000	0.00000000	0.00000000	0.00000000
2362.23193359	0.00000000	0.00000000	0.00000000	0.00000000	0.00000000	0.00000000	0.00000000	0.00000000
2576.98046875	0.00000000	0.00000000	0.00000000	0.00000000	0.00000000	0.00000000	0.00000000	0.00000000
2791.72875977	0.00000000	0.00000000	0.00000000	0.00000000	0.00000000	0.00000000	0.00000000	0.00000000
3006.47705078	0.00000000	0.00000000	0.00000000	0.00000000	0.00000000	0.00000000	0.00000000	0.00000000
3221.22558594	0.00000000	0.00000000	0.00000000	0.00000000	0.00000000	0.00000000	0.00000000	0.00000000
3435.97387695	0.00000000	0.00000000	0.00000000	0.00000000	0.00000000	0.00000000	0.00000000	0.00000000
0	0	0	0	0	0	0	0	0
