%4/4/2019 3:56:50 PM
%Duration	ID1		ID2		ID3		ID4		ID5		ID6		ID7		ID8
1000.000000	0.000000	0.371933	513.305664	354.671478	171.775818	64.849854	0.391006	0.133514
%Tau		Tau1		Tau2		Tau3		Tau4		Tau5		Tau6		Tau7		Tau8
%		0.000000	0.000001	0.000230	0.000154	0.000102	0.000070	0.000001	0.000001
%Delaytime	D1		D2		D3		D4		D5		D6		D7		D8
0.00000020	0.00000000	132.79743958	1.58168221	1.60031962	1.61167705	2.93481207	77.34255981	0.00000000
0.00000040	0.00000000	132.79743958	1.49718475	1.51738250	1.49717200	1.64371693	38.67127991	0.00000000
0.00000060	0.00000000	0.00000000	1.49027669	1.50727260	1.53159833	1.59096253	0.00000000	0.00000000
0.00000080	0.00000000	0.00000000	1.47240150	1.48830533	1.46686184	1.55486739	0.00000000	0.00000000
0.00000100	0.00000000	0.00000000	1.48973024	1.50924087	1.46835864	1.52987838	0.00000000	0.00000000
0.00000120	0.00000000	0.00000000	1.47353327	1.48365295	1.48295236	1.52154875	0.00000000	0.00000000
0.00000140	0.00000000	0.00000000	1.46139538	1.47452712	1.43318391	1.49933636	0.00000000	0.00000000
0.00000160	0.00000000	0.00000000	1.48894966	1.48544228	1.46237147	1.49100673	0.00000000	0.00000000
0.00000180	0.00000000	0.00000000	1.47177696	1.48741055	1.46985543	1.45768809	0.00000000	0.00000000
0.00000200	0.00000000	0.00000000	1.47513354	1.47264838	1.43131292	1.43825233	0.00000000	0.00000000
0.00000220	0.00000000	0.00000000	1.47962177	1.48231089	1.47210062	1.42436957	0.00000000	0.00000000
0.00000240	0.00000000	0.00000000	1.48083174	1.49331546	1.45600998	1.46324122	0.00000000	0.00000000
0.00000260	0.00000000	0.00000000	1.47286975	1.48025310	1.42719674	1.42159295	0.00000000	0.00000000
0.00000280	0.00000000	0.00000000	1.48227572	1.49286819	1.46985543	1.43547571	0.00000000	0.00000000
0.00000300	0.00000000	0.00000000	1.45655572	1.47381139	1.49530101	1.47712398	0.00000000	0.00000000
0.00000320	0.00000000	0.00000000	1.47774839	1.48928940	1.47546840	1.48267710	0.00000000	0.00000000
0.00000360	0.00000000	0.00000000	1.48465657	1.46866703	1.45937788	1.44380534	0.00000000	0.00000000
0.00000400	0.00000000	0.00000000	1.47181606	1.47761381	1.48482335	1.53820801	0.00000000	179.79698181
0.00000440	0.00000000	0.00000000	1.46324921	1.47609282	1.45862949	1.47851229	0.00000000	0.00000000
0.00000480	0.00000000	0.00000000	1.46623492	1.48002946	1.45844233	1.54376113	0.00000000	0.00000000
0.00000520	0.00000000	0.00000000	1.47296739	1.45605195	1.46704888	1.45907640	0.00000000	0.00000000
0.00000560	0.00000000	0.00000000	1.46539581	1.47081423	1.45488739	1.46740603	0.00000000	0.00000000
0.00000600	0.00000000	0.00000000	1.46953285	1.47117209	1.45020998	1.45491159	0.00000000	0.00000000
0.00000640	0.00000000	0.00000000	1.46851814	1.46540141	1.47341037	1.49794805	0.00000000	0.00000000
0.00000720	0.00000000	0.00000000	1.46296620	1.46437252	1.45572937	1.40840435	0.00000000	0.00000000
0.00000800	0.00000000	0.00000000	1.45773637	1.46587110	1.45853591	1.46671188	0.00000000	0.00000000
0.00000880	0.00000000	0.00000000	1.45707285	1.46991956	1.42831933	1.47434747	9.66781998	0.00000000
0.00000960	0.00000000	0.00000000	1.46245885	1.46640790	1.45133257	1.44935846	9.66781998	0.00000000
0.00001040	0.00000000	0.00000000	1.45596051	1.46649742	1.42420304	1.39452159	0.00000000	0.00000000
0.00001120	0.00000000	0.00000000	1.45449698	1.45817685	1.42710316	1.40076888	0.00000000	0.00000000
0.00001200	0.00000000	0.00000000	1.45179427	1.44511449	1.41662550	1.36675620	0.00000000	0.00000000
0.00001280	0.00000000	0.00000000	1.45555079	1.46039116	1.41746747	1.44658196	0.00000000	0.00000000
0.00001440	0.00000000	0.00000000	1.45321882	1.44952071	1.42392242	1.42263424	0.00000000	0.00000000
0.00001600	0.00000000	0.00000000	1.45021844	1.45057201	1.40942216	1.39139807	0.00000000	0.00000000
0.00001760	0.00000000	8.29983997	1.45028186	1.44028318	1.38804603	1.38723326	0.00000000	0.00000000
0.00001920	0.00000000	0.00000000	1.44765234	1.44568479	1.40217209	1.35113811	0.00000000	0.00000000
0.00002080	0.00000000	0.00000000	1.44515443	1.44543874	1.40572703	1.41673398	0.00000000	0.00000000
0.00002240	0.00000000	0.00000000	1.43582165	1.43035221	1.38392985	1.40111589	0.00000000	0.00000000
0.00002400	0.00000000	0.00000000	1.43863177	1.42233360	1.37667978	1.40458667	0.00000000	0.00000000
0.00002560	0.00000000	16.59967995	1.44134426	1.42083502	1.38238633	1.40042186	0.00000000	0.00000000
0.00002880	0.00000000	0.00000000	1.42220628	1.40571046	1.36456692	1.36735487	0.00000000	0.00000000
0.00003200	0.00000000	0.00000000	1.41339827	1.39989853	1.35059392	1.37418294	0.00000000	0.00000000
0.00003520	0.00000000	0.00000000	1.41272366	1.39052916	1.35385668	1.34862161	2.29459763	0.00000000
0.00003840	0.00000000	0.00000000	1.40475547	1.38937068	1.34237552	1.34336925	0.00000000	0.00000000
0.00004160	0.00000000	3.97924781	1.40415621	1.37980938	1.32538009	1.33216429	0.00000000	0.00000000
0.00004480	0.00000000	0.00000000	1.39621091	1.36868978	1.32449222	1.29382241	0.00000000	21.40455818
0.00004800	0.00000000	3.97924781	1.39375615	1.36309361	1.32309020	1.30240119	0.00000000	0.00000000
0.00005120	0.00000000	3.97924781	1.38435197	1.35558212	1.31282437	1.32656181	2.29459763	0.00000000
0.00005760	0.00000000	0.00000000	1.37835860	1.34579611	1.29507709	1.28416812	3.46921277	0.00000000
0.00006400	0.00000000	0.00000000	1.37047827	1.33114231	1.27696979	1.24539709	1.15640426	0.00000000
0.00007040	0.00000000	0.00000000	1.35772121	1.31785178	1.27070367	1.23358202	0.00000000	10.83239651
0.00007680	0.00000000	0.00000000	1.35203779	1.30563891	1.24356234	1.20058739	0.00000000	0.00000000
0.00008320	0.00000000	2.00000000	1.33855724	1.29390192	1.23466110	1.19314826	2.31280851	0.00000000
0.00008960	0.00000000	0.00000000	1.33287382	1.28157258	1.22489321	1.20487583	2.31280851	0.00000000
0.00009600	0.00000000	0.00000000	1.32487690	1.27133477	1.20808268	1.18063295	1.15640426	0.00000000
0.00010240	0.00000000	4.00000000	1.31516850	1.25780344	1.19470751	1.18212080	0.00000000	0.00000000
0.00011520	0.00000000	1.01049864	1.29723787	1.23860657	1.17675054	1.14322698	1.16099775	0.00000000
0.00012800	0.00000000	2.02099729	1.28029370	1.22068453	1.15445018	1.13308251	1.16099775	0.00000000
0.00014080	0.00000000	1.01049864	1.26557112	1.20109236	1.14035392	1.11865282	0.00000000	0.00000000
0.00015360	0.00000000	2.02099729	1.25144506	1.18690145	1.12501693	1.08410895	0.00000000	0.00000000
0.00016640	0.00000000	2.02099729	1.23594558	1.17000854	1.11906540	1.09895694	0.58049887	0.00000000
0.00017920	0.00000000	3.03149581	1.22365570	1.15532708	1.10417295	1.06793714	1.73804808	0.00000000
0.00019200	0.00000000	1.01049864	1.21146190	1.13959813	1.08636260	1.06443906	0.57934934	0.00000000
0.00020480	0.00000000	0.00000000	1.19953012	1.12985647	1.07537878	1.05633175	0.57934934	5.35113955
0.00023040	0.00000000	0.51874000	1.17718625	1.10730219	1.06128550	1.05386961	0.86902404	2.64362288
0.00025600	0.00000000	1.55622005	1.15847731	1.08690977	1.05068064	1.03329635	1.73804808	0.00000000
0.00028160	0.00000000	0.51874000	1.13916659	1.07380092	1.03665197	1.02976012	0.28967467	2.64362288
0.00030720	0.00000000	1.55622005	1.12211812	1.05849886	1.02982235	1.01265037	0.28967467	0.00000000
0.00033280	0.00000000	1.55622005	1.10695124	1.04743540	1.02292609	1.02404141	1.73804808	0.00000000
0.00035840	0.00000000	1.55622005	1.09399652	1.04011643	1.01638329	1.01063812	1.15869868	0.00000000
0.00038400	0.00000000	2.59370017	1.08340049	1.03129613	1.01805735	1.01504183	1.15869868	0.00000000
0.00040960	0.00000000	0.51874000	1.07365727	1.02351964	1.01487064	0.99829853	1.15869868	0.00000000
0.00046080	0.00000000	0.51599902	1.05769598	1.01671445	1.00773382	0.99031252	0.57591903	0.00000000
0.00051200	0.00000000	2.06399608	1.04340923	1.00780654	0.99799430	0.99181777	0.57705945	1.35404956
0.00056320	0.00000000	1.03199804	1.03253138	1.00251019	0.99611765	0.98939049	1.15411890	1.35404956
0.00061440	0.00000000	2.83799458	1.02400744	1.00183952	0.99795663	0.98907548	0.86558914	0.00000000
0.00066560	0.00000000	1.28999746	1.01781082	1.00012517	0.99601388	1.00116658	1.58691347	1.35404956
0.00071680	0.00000000	0.00000000	1.01254427	1.00262260	0.99878997	0.99345350	1.58691347	0.00000000
0.00076800	0.00000000	1.54799700	1.01014054	1.00196958	0.99908882	0.99007493	1.00985408	1.35404956
0.00081920	0.00000000	1.28999746	1.01001513	1.00074053	0.99696696	0.99683505	1.44264865	1.35404956
0.00092160	0.00000000	0.77605152	1.00991666	1.00463176	1.00055039	0.99452192	1.17964804	0.00000000
0.00102400	0.00000000	2.06947064	1.00845027	1.00461257	1.00297856	0.99957532	0.66355199	0.71108365
0.00112640	0.00000000	0.90539348	1.00615215	1.00809526	1.00164676	0.99958372	1.47456002	2.13325095
0.00122880	0.00000000	0.38802576	1.00198197	1.00696266	1.00344050	0.99121267	1.47456002	1.42216730
0.00133120	0.00000000	0.90539348	1.00058639	1.00908339	1.00501549	0.99207765	1.10591996	0.00000000
0.00143360	0.00000000	1.29341924	1.00009012	1.01303029	0.99923235	0.99505138	1.03219199	1.42216730
0.00153600	0.00000000	0.77605152	1.00007093	1.01158309	0.99701864	0.99625641	0.81263328	0.00000000
0.00163840	0.00000000	1.03473532	1.00102413	1.00909162	0.99794859	1.00543809	0.96038479	0.00000000
0.00184320	0.00000000	0.89823937	1.00779223	1.00173557	1.00032389	1.00199807	1.39524543	1.05349791
0.00204800	0.00000000	1.21903908	1.00955999	0.99835950	0.99220788	1.00233996	1.06479251	1.40466392
0.00225280	0.00000000	0.83407938	1.00489306	1.00025845	0.99559909	1.00085425	1.20924687	1.75582993
0.00245760	0.00000000	1.28319907	1.00186348	1.00165212	0.99655932	1.00173628	0.80616456	0.00000000
0.00266240	0.00000000	0.96239930	1.00039744	0.99895012	0.99836487	1.00053179	1.02602768	1.75582993
0.00286720	0.00000000	1.47567892	1.00621688	0.99554020	1.00144541	1.00811541	1.20924687	0.70233196
0.00307200	0.00000000	1.15487921	1.00581896	0.99773818	1.00339460	1.01182270	1.02602768	0.70233196
0.00327680	0.00000000	1.34735906	1.00316668	1.00181651	0.99925250	1.00507975	0.84280843	2.10699582
0.00368640	0.00000000	0.86820537	1.00033069	1.00142264	0.99768716	1.00557625	0.69762272	1.58024693
0.00409600	0.00000000	1.08525670	0.99952638	0.99383247	0.99361271	1.00298488	0.86284918	1.05349791
0.00450560	0.00000000	0.96122736	0.99768120	0.99414074	0.99745214	0.99952924	1.02807558	0.87791497
0.00491520	0.00000000	1.14727139	0.99571574	0.99598223	1.00338912	1.00091696	1.10150957	0.87791497
0.00532480	0.00000000	1.33678758	0.99357021	0.98956072	0.99925607	0.99841154	1.02807558	1.58024693
0.00573440	0.00000000	0.81252205	0.98935896	0.99165350	0.99653643	0.99985343	0.71598119	1.40466392
0.00614400	0.00000000	1.06252885	0.99903274	0.99506259	0.99530739	0.99537140	1.17494357	0.87791497
0.00655360	0.00000000	1.16236711	1.00302386	0.99685180	0.99953371	0.99590719	0.69762272	1.05349791
0.00737280	0.00000000	1.31049037	0.99627060	1.00261700	0.99555171	1.00250089	0.85127711	1.13428771
0.00819200	0.00000000	0.92912114	0.99821556	1.00205195	0.99997163	0.99733382	1.07334936	2.09406948
0.00901120	0.00000000	1.37005997	0.99925798	0.99920332	0.99980515	0.99528044	0.88828915	1.39604640
0.00983040	0.00000000	0.89762551	0.99857777	1.00558758	1.00416493	0.99852359	0.95115793	0.95978189
0.01064960	0.00000000	0.84596449	1.00531745	1.00204360	0.99347901	0.99905342	1.04350340	1.22154057
0.01146880	0.00000000	0.89064914	1.01220942	0.99909639	1.00106478	1.00368154	0.83110887	1.39604640
0.01228800	0.00000000	1.28128481	1.00288451	0.99690610	1.00059390	1.00204265	0.93268883	1.13428771
0.01310720	0.00000000	1.18446362	1.00157511	0.99911988	0.99993664	0.99698067	1.03633738	1.22154057
0.01474560	0.00000000	1.05272710	1.00971293	1.00559437	0.99855977	0.99716771	1.01524341	1.04061127
0.01638400	0.00000000	1.18728614	1.00386059	0.99808902	1.00040340	1.00416541	1.00597179	0.78527606
0.01802240	0.00000000	1.07366216	0.99772626	0.99859977	1.00085783	1.00054848	1.09624481	0.82890254
0.01966080	0.00000000	0.93399841	1.00091791	1.00003815	0.99914271	1.00142229	1.07550907	1.00340831
0.02129920	0.00000000	0.99471641	0.99648732	1.00170803	1.00185847	0.99977881	0.97815692	1.00340831
0.02293760	0.00000000	1.02096331	0.99737626	0.99844348	1.00210464	0.99918759	1.09649515	1.35241985
0.02457600	0.00000000	0.91648650	0.99759465	1.00184453	0.99638289	1.00383019	1.04097641	0.95978189
0.02621440	0.00000000	1.01568699	1.00311291	1.00246298	0.99778879	0.99713361	1.01524341	1.13428771
0.02949120	0.00000000	1.09123230	1.00111496	0.99984401	1.00071728	1.00177920	0.99743503	0.85071576
0.03276800	0.00000000	0.88885826	0.99781811	1.00229418	1.00110388	0.99979812	0.96506286	1.09066117
0.03604480	0.00000000	1.11031210	1.00106072	1.00184536	0.99923283	0.99913460	0.95147634	0.95978189
0.03932160	0.00000000	0.90951097	0.99512655	1.00070786	1.00107777	1.00010729	0.98179299	0.87252897
0.04259840	0.00000000	0.89118510	0.99896508	0.99872023	0.99928105	0.99879271	1.09839547	0.95978189
0.04587520	0.00000000	1.06105995	1.00285649	1.00109410	0.99934399	1.00018132	1.06129634	0.91615540
0.04915200	0.00000000	1.07868922	0.99944431	1.00411284	0.99914372	1.00218761	1.02143788	0.89434218
0.05242880	0.00000000	0.97843933	0.99748999	0.99952072	0.99979228	0.99939317	1.05198681	1.06884801
0.05898240	0.00000000	1.01251900	0.99947107	0.99984264	1.00002563	0.99752247	0.95111597	1.13031554
0.06553600	0.00000000	0.96603602	0.99728239	0.99838251	0.99872452	0.99996805	1.05469036	1.08212554
0.07208960	0.00000000	1.05167174	0.99948537	0.99987161	0.99794620	0.99983281	1.02516365	0.90545201
0.07864320	0.00000000	0.96805704	0.99931562	0.99841523	1.00093412	0.99928284	1.00802028	1.05794132
0.08519680	0.00000000	0.90982777	1.00016642	0.99978167	1.00106251	1.00012398	0.93481857	0.96969700
0.09175040	0.00000000	0.99004072	1.00117695	1.00140977	1.00089908	1.00121546	1.08035421	1.01740289
0.09830400	0.00000000	1.05649304	0.99718350	1.00096166	0.99899501	1.00005400	0.97316015	0.91550231
0.10485760	0.00000000	1.07032478	1.00099874	0.99920046	0.99987936	1.00112998	1.07031500	1.11776447
0.11796480	0.00000000	0.99469495	1.00061536	0.99998003	0.99998832	0.99974525	1.00148320	0.98047137
0.13107200	0.00000000	1.01099682	0.99910140	0.99978888	1.00053310	1.00111115	1.04246271	1.02454269
0.14417920	0.00000000	1.01737964	1.00084639	0.99952030	0.99919719	1.00042009	0.99520385	1.00114334
0.15728641	0.00000000	1.03629267	1.00397146	1.00055480	0.99909157	1.00008214	1.03336442	1.15715599
0.17039360	0.00000000	1.04186809	1.00315785	0.99971151	0.99981034	1.00079679	1.02994776	1.07751215
0.18350080	0.00000000	1.05252147	1.00066555	1.00100529	1.00038099	0.99960935	0.98908919	0.95743752
0.19660801	0.00000000	1.00978196	0.99888939	1.00132632	0.99885446	1.00005209	1.01592195	0.98413461
0.20971520	0.00000000	1.00959873	0.99984872	0.99914253	1.00169826	0.99886268	1.01111627	1.00524104
0.23592959	0.00000000	1.04306841	1.00043476	1.00169647	1.00005662	0.99984825	1.00578725	0.92278105
0.26214400	0.00000000	0.95231354	1.00049186	1.00014663	1.00057387	0.99993879	0.99931258	1.05451131
0.28835839	0.00000000	1.04143548	0.99957967	0.99937022	0.99976760	1.00119138	1.00793004	1.01771855
0.31457281	0.00000000	1.04089928	1.00192988	0.99903071	0.99859899	0.99974865	0.98297256	1.02810097
0.34078720	0.00000000	1.02887702	1.00087035	1.00022340	0.99985194	0.99972367	1.01773429	0.98193103
0.36700159	0.00000000	0.96314871	0.99740762	1.00037324	1.00018966	0.99963742	1.02021539	0.99631345
0.39321601	0.00000000	1.00100935	1.00048769	1.00079215	0.99977690	1.00025988	1.00223637	0.95177305
0.41943040	0.00000000	0.94795477	1.00064576	1.00018930	1.00012553	1.00005949	0.98779893	0.97102898
0.47185919	0.00000000	0.98649961	1.00012887	1.00005972	1.00022531	0.99984777	1.01928782	0.97966689
0.52428800	0.00000000	1.02916884	0.99860299	0.99956453	0.99964499	1.00034821	1.00939798	0.92974758
0.57671678	0.00000000	0.96081293	0.99896920	0.99958158	0.99993533	1.00070822	1.01440346	0.92513227
0.62914562	0.00000000	0.96313745	0.99960625	0.99953449	1.00044060	1.00008774	1.00490379	1.01190472
0.68157440	0.00000000	0.99055117	0.99893391	0.99994963	0.99934644	1.00006652	1.01600039	1.00607049
0.73400319	0.00000000	0.98647887	0.99751526	1.00008953	1.00039160	1.00016868	1.01294875	0.91763192
0.78643203	0.00000000	0.94665378	1.00024641	0.99964470	0.99973071	0.99926955	1.00265563	1.02712214
0.83886081	0.00000000	0.97310925	1.00003767	0.99936301	1.00028253	1.00026369	0.99696070	0.97777778
0.94371837	0.00000000	0.97718793	1.00009239	1.00006223	1.00004911	0.99983531	1.01744771	0.96883118
1.04857600	0.00000000	1.00526166	0.99989760	0.99994236	0.99972409	1.00008976	1.00648510	0.95620579
1.15343356	0.00000000	0.96310765	1.00025427	1.00024760	1.00047171	1.00046885	1.00184977	1.02830410
1.25829124	0.00000000	1.05852413	1.00070083	0.99981815	1.00014687	1.00004101	0.99813199	0.99180329
1.36314881	0.00000000	0.99002141	1.00001967	0.99999130	1.00020194	0.99927664	1.00200498	1.11170208
1.46800637	0.00000000	0.99080509	0.99990124	0.99999791	0.99950719	0.99956161	1.01439047	0.99568963
1.57286406	0.00000000	1.05599999	1.00023568	1.00005770	0.99980140	1.00027835	1.00262606	0.94816053
1.67772162	0.00000000	0.97883600	1.00001299	1.00000203	1.00014949	0.99999279	0.99872071	1.02422142
1.88743675	0.00000000	0.00000000	0.00000000	0.00000000	0.00000000	0.00000000	0.00000000	0.00000000
2.09715199	0.00000000	0.00000000	0.00000000	0.00000000	0.00000000	0.00000000	0.00000000	0.00000000
2.30686712	0.00000000	0.00000000	0.00000000	0.00000000	0.00000000	0.00000000	0.00000000	0.00000000
2.51658249	0.00000000	0.00000000	0.00000000	0.00000000	0.00000000	0.00000000	0.00000000	0.00000000
2.72629762	0.00000000	0.00000000	0.00000000	0.00000000	0.00000000	0.00000000	0.00000000	0.00000000
2.93601274	0.00000000	0.00000000	0.00000000	0.00000000	0.00000000	0.00000000	0.00000000	0.00000000
3.14572811	0.00000000	0.00000000	0.00000000	0.00000000	0.00000000	0.00000000	0.00000000	0.00000000
3.35544324	0.00000000	0.00000000	0.00000000	0.00000000	0.00000000	0.00000000	0.00000000	0.00000000
3.77487350	0.00000000	0.00000000	0.00000000	0.00000000	0.00000000	0.00000000	0.00000000	0.00000000
4.19430399	0.00000000	0.00000000	0.00000000	0.00000000	0.00000000	0.00000000	0.00000000	0.00000000
4.61373425	0.00000000	0.00000000	0.00000000	0.00000000	0.00000000	0.00000000	0.00000000	0.00000000
5.03316498	0.00000000	0.00000000	0.00000000	0.00000000	0.00000000	0.00000000	0.00000000	0.00000000
5.45259523	0.00000000	0.00000000	0.00000000	0.00000000	0.00000000	0.00000000	0.00000000	0.00000000
5.87202549	0.00000000	0.00000000	0.00000000	0.00000000	0.00000000	0.00000000	0.00000000	0.00000000
6.29145622	0.00000000	0.00000000	0.00000000	0.00000000	0.00000000	0.00000000	0.00000000	0.00000000
6.71088648	0.00000000	0.00000000	0.00000000	0.00000000	0.00000000	0.00000000	0.00000000	0.00000000
7.54974699	0.00000000	0.00000000	0.00000000	0.00000000	0.00000000	0.00000000	0.00000000	0.00000000
8.38860798	0.00000000	0.00000000	0.00000000	0.00000000	0.00000000	0.00000000	0.00000000	0.00000000
9.22746849	0.00000000	0.00000000	0.00000000	0.00000000	0.00000000	0.00000000	0.00000000	0.00000000
10.06632996	0.00000000	0.00000000	0.00000000	0.00000000	0.00000000	0.00000000	0.00000000	0.00000000
10.90519047	0.00000000	0.00000000	0.00000000	0.00000000	0.00000000	0.00000000	0.00000000	0.00000000
11.74405098	0.00000000	0.00000000	0.00000000	0.00000000	0.00000000	0.00000000	0.00000000	0.00000000
12.58291245	0.00000000	0.00000000	0.00000000	0.00000000	0.00000000	0.00000000	0.00000000	0.00000000
13.42177296	0.00000000	0.00000000	0.00000000	0.00000000	0.00000000	0.00000000	0.00000000	0.00000000
15.09949398	0.00000000	0.00000000	0.00000000	0.00000000	0.00000000	0.00000000	0.00000000	0.00000000
16.77721596	0.00000000	0.00000000	0.00000000	0.00000000	0.00000000	0.00000000	0.00000000	0.00000000
18.45493698	0.00000000	0.00000000	0.00000000	0.00000000	0.00000000	0.00000000	0.00000000	0.00000000
20.13265991	0.00000000	0.00000000	0.00000000	0.00000000	0.00000000	0.00000000	0.00000000	0.00000000
21.81038094	0.00000000	0.00000000	0.00000000	0.00000000	0.00000000	0.00000000	0.00000000	0.00000000
23.48810196	0.00000000	0.00000000	0.00000000	0.00000000	0.00000000	0.00000000	0.00000000	0.00000000
25.16582489	0.00000000	0.00000000	0.00000000	0.00000000	0.00000000	0.00000000	0.00000000	0.00000000
26.84354591	0.00000000	0.00000000	0.00000000	0.00000000	0.00000000	0.00000000	0.00000000	0.00000000
30.19898796	0.00000000	0.00000000	0.00000000	0.00000000	0.00000000	0.00000000	0.00000000	0.00000000
33.55443192	0.00000000	0.00000000	0.00000000	0.00000000	0.00000000	0.00000000	0.00000000	0.00000000
36.90987396	0.00000000	0.00000000	0.00000000	0.00000000	0.00000000	0.00000000	0.00000000	0.00000000
40.26531982	0.00000000	0.00000000	0.00000000	0.00000000	0.00000000	0.00000000	0.00000000	0.00000000
43.62076187	0.00000000	0.00000000	0.00000000	0.00000000	0.00000000	0.00000000	0.00000000	0.00000000
46.97620392	0.00000000	0.00000000	0.00000000	0.00000000	0.00000000	0.00000000	0.00000000	0.00000000
50.33164978	0.00000000	0.00000000	0.00000000	0.00000000	0.00000000	0.00000000	0.00000000	0.00000000
53.68709183	0.00000000	0.00000000	0.00000000	0.00000000	0.00000000	0.00000000	0.00000000	0.00000000
60.39797592	0.00000000	0.00000000	0.00000000	0.00000000	0.00000000	0.00000000	0.00000000	0.00000000
67.10886383	0.00000000	0.00000000	0.00000000	0.00000000	0.00000000	0.00000000	0.00000000	0.00000000
73.81974792	0.00000000	0.00000000	0.00000000	0.00000000	0.00000000	0.00000000	0.00000000	0.00000000
80.53063965	0.00000000	0.00000000	0.00000000	0.00000000	0.00000000	0.00000000	0.00000000	0.00000000
87.24152374	0.00000000	0.00000000	0.00000000	0.00000000	0.00000000	0.00000000	0.00000000	0.00000000
93.95240784	0.00000000	0.00000000	0.00000000	0.00000000	0.00000000	0.00000000	0.00000000	0.00000000
100.66329956	0.00000000	0.00000000	0.00000000	0.00000000	0.00000000	0.00000000	0.00000000	0.00000000
107.37418365	0.00000000	0.00000000	0.00000000	0.00000000	0.00000000	0.00000000	0.00000000	0.00000000
120.79595184	0.00000000	0.00000000	0.00000000	0.00000000	0.00000000	0.00000000	0.00000000	0.00000000
134.21772766	0.00000000	0.00000000	0.00000000	0.00000000	0.00000000	0.00000000	0.00000000	0.00000000
147.63949585	0.00000000	0.00000000	0.00000000	0.00000000	0.00000000	0.00000000	0.00000000	0.00000000
161.06127930	0.00000000	0.00000000	0.00000000	0.00000000	0.00000000	0.00000000	0.00000000	0.00000000
174.48304749	0.00000000	0.00000000	0.00000000	0.00000000	0.00000000	0.00000000	0.00000000	0.00000000
187.90481567	0.00000000	0.00000000	0.00000000	0.00000000	0.00000000	0.00000000	0.00000000	0.00000000
201.32659912	0.00000000	0.00000000	0.00000000	0.00000000	0.00000000	0.00000000	0.00000000	0.00000000
214.74836731	0.00000000	0.00000000	0.00000000	0.00000000	0.00000000	0.00000000	0.00000000	0.00000000
241.59190369	0.00000000	0.00000000	0.00000000	0.00000000	0.00000000	0.00000000	0.00000000	0.00000000
268.43545532	0.00000000	0.00000000	0.00000000	0.00000000	0.00000000	0.00000000	0.00000000	0.00000000
295.27899170	0.00000000	0.00000000	0.00000000	0.00000000	0.00000000	0.00000000	0.00000000	0.00000000
322.12255859	0.00000000	0.00000000	0.00000000	0.00000000	0.00000000	0.00000000	0.00000000	0.00000000
348.96609497	0.00000000	0.00000000	0.00000000	0.00000000	0.00000000	0.00000000	0.00000000	0.00000000
375.80963135	0.00000000	0.00000000	0.00000000	0.00000000	0.00000000	0.00000000	0.00000000	0.00000000
402.65319824	0.00000000	0.00000000	0.00000000	0.00000000	0.00000000	0.00000000	0.00000000	0.00000000
429.49673462	0.00000000	0.00000000	0.00000000	0.00000000	0.00000000	0.00000000	0.00000000	0.00000000
483.18380737	0.00000000	0.00000000	0.00000000	0.00000000	0.00000000	0.00000000	0.00000000	0.00000000
536.87091064	0.00000000	0.00000000	0.00000000	0.00000000	0.00000000	0.00000000	0.00000000	0.00000000
590.55798340	0.00000000	0.00000000	0.00000000	0.00000000	0.00000000	0.00000000	0.00000000	0.00000000
644.24511719	0.00000000	0.00000000	0.00000000	0.00000000	0.00000000	0.00000000	0.00000000	0.00000000
697.93218994	0.00000000	0.00000000	0.00000000	0.00000000	0.00000000	0.00000000	0.00000000	0.00000000
751.61926270	0.00000000	0.00000000	0.00000000	0.00000000	0.00000000	0.00000000	0.00000000	0.00000000
805.30639648	0.00000000	0.00000000	0.00000000	0.00000000	0.00000000	0.00000000	0.00000000	0.00000000
858.99346924	0.00000000	0.00000000	0.00000000	0.00000000	0.00000000	0.00000000	0.00000000	0.00000000
966.36761475	0.00000000	0.00000000	0.00000000	0.00000000	0.00000000	0.00000000	0.00000000	0.00000000
1073.74182129	0.00000000	0.00000000	0.00000000	0.00000000	0.00000000	0.00000000	0.00000000	0.00000000
1181.11596680	0.00000000	0.00000000	0.00000000	0.00000000	0.00000000	0.00000000	0.00000000	0.00000000
1288.49023437	0.00000000	0.00000000	0.00000000	0.00000000	0.00000000	0.00000000	0.00000000	0.00000000
1395.86437988	0.00000000	0.00000000	0.00000000	0.00000000	0.00000000	0.00000000	0.00000000	0.00000000
1503.23852539	0.00000000	0.00000000	0.00000000	0.00000000	0.00000000	0.00000000	0.00000000	0.00000000
1610.61279297	0.00000000	0.00000000	0.00000000	0.00000000	0.00000000	0.00000000	0.00000000	0.00000000
1717.98693848	0.00000000	0.00000000	0.00000000	0.00000000	0.00000000	0.00000000	0.00000000	0.00000000
1932.73522949	0.00000000	0.00000000	0.00000000	0.00000000	0.00000000	0.00000000	0.00000000	0.00000000
2147.48364258	0.00000000	0.00000000	0.00000000	0.00000000	0.00000000	0.00000000	0.00000000	0.00000000
2362.23193359	0.00000000	0.00000000	0.00000000	0.00000000	0.00000000	0.00000000	0.00000000	0.00000000
2576.98046875	0.00000000	0.00000000	0.00000000	0.00000000	0.00000000	0.00000000	0.00000000	0.00000000
2791.72875977	0.00000000	0.00000000	0.00000000	0.00000000	0.00000000	0.00000000	0.00000000	0.00000000
3006.47705078	0.00000000	0.00000000	0.00000000	0.00000000	0.00000000	0.00000000	0.00000000	0.00000000
3221.22558594	0.00000000	0.00000000	0.00000000	0.00000000	0.00000000	0.00000000	0.00000000	0.00000000
3435.97387695	0.00000000	0.00000000	0.00000000	0.00000000	0.00000000	0.00000000	0.00000000	0.00000000
0	0	0	0	0	0	0	0	0
