%4/4/2019 3:58:53 PM
%Duration	ID1		ID2		ID3		ID4		ID5		ID6		ID7		ID8
1000.000000	0.000000	0.410080	513.486877	340.471283	177.831650	60.472488	0.543594	0.181198
%Tau		Tau1		Tau2		Tau3		Tau4		Tau5		Tau6		Tau7		Tau8
%		0.000000	0.000001	0.000256	0.000166	0.000115	0.000077	0.000001	0.000001
%Delaytime	D1		D2		D3		D4		D5		D6		D7		D8
0.00000020	0.00000000	425.54748535	1.60411847	1.57056546	1.67639744	2.72527289	0.00000000	269.87286377
0.00000040	0.00000000	60.79249573	1.49796820	1.49041033	1.54222798	1.68275690	0.00000000	269.87286377
0.00000060	0.00000000	0.00000000	1.50213253	1.48565769	1.47225785	1.53261185	0.00000000	0.00000000
0.00000080	0.00000000	0.00000000	1.49922538	1.46235144	1.47333992	1.61193371	0.00000000	0.00000000
0.00000100	0.00000000	0.00000000	1.48233247	1.49534571	1.50760365	1.39379859	52.49412537	0.00000000
0.00000120	0.00000000	0.00000000	1.49961829	1.47057712	1.47153652	1.43912542	0.00000000	0.00000000
0.00000140	0.00000000	0.00000000	1.49073970	1.47414160	1.48055327	1.44762421	0.00000000	0.00000000
0.00000160	0.00000000	0.00000000	1.48103607	1.46920621	1.50255418	1.55527532	0.00000000	0.00000000
0.00000180	0.00000000	0.00000000	1.48386467	1.46737826	1.46829045	1.44762421	0.00000000	0.00000000
0.00000200	0.00000000	0.00000000	1.49596465	1.46774387	1.45206034	1.58927035	0.00000000	0.00000000
0.00000220	0.00000000	0.00000000	1.47227538	1.46975458	1.44556820	1.58360457	0.00000000	0.00000000
0.00000240	0.00000000	0.00000000	1.48406112	1.47386742	1.44520760	1.45895588	0.00000000	0.00000000
0.00000260	0.00000000	0.00000000	1.48406112	1.49031889	1.48163533	1.45612299	0.00000000	0.00000000
0.00000280	0.00000000	0.00000000	1.48068249	1.47752333	1.46251976	1.45612299	0.00000000	0.00000000
0.00000300	0.00000000	0.00000000	1.49183965	1.47423303	1.47333992	1.40229738	0.00000000	0.00000000
0.00000320	0.00000000	0.00000000	1.49266469	1.46408796	1.49966884	1.49578393	0.00000000	0.00000000
0.00000360	0.00000000	0.00000000	1.47909141	1.47647226	1.46414280	1.59493625	0.00000000	0.00000000
0.00000400	0.00000000	0.00000000	1.47877717	1.46381378	1.46197879	1.48586869	0.00000000	0.00000000
0.00000440	0.00000000	0.00000000	1.48335397	1.46925187	1.45891309	1.49861681	0.00000000	0.00000000
0.00000480	0.00000000	0.00000000	1.47728431	1.46486485	1.48091400	1.53261185	0.00000000	0.00000000
0.00000520	0.00000000	0.00000000	1.48419857	1.46829224	1.47243822	1.44904065	0.00000000	0.00000000
0.00000560	0.00000000	0.00000000	1.47964144	1.46093476	1.47117591	1.48445213	0.00000000	0.00000000
0.00000600	0.00000000	0.00000000	1.47942531	1.47587812	1.48938978	1.47736990	26.24706268	0.00000000
0.00000640	0.00000000	0.00000000	1.48836291	1.47025728	1.46396244	1.45612299	0.00000000	0.00000000
0.00000720	0.00000000	0.00000000	1.47612536	1.46746969	1.47036433	1.50286615	13.12353134	0.00000000
0.00000800	0.00000000	0.00000000	1.47847271	1.45398855	1.46098697	1.40017271	0.00000000	0.00000000
0.00000880	0.00000000	0.00000000	1.47992623	1.46541321	1.44502723	1.46037233	0.00000000	0.00000000
0.00000960	0.00000000	0.00000000	1.47915030	1.44857335	1.45602775	1.39025748	0.00000000	0.00000000
0.00001040	0.00000000	0.00000000	1.47640038	1.44811630	1.45016682	1.42425251	0.00000000	0.00000000
0.00001120	0.00000000	0.00000000	1.46521366	1.44663107	1.43880570	1.40867150	0.00000000	0.00000000
0.00001200	0.00000000	0.00000000	1.46368158	1.44921315	1.43447757	1.43133485	0.00000000	0.00000000
0.00001280	0.00000000	0.00000000	1.46663785	1.44274676	1.42618215	1.43133485	0.00000000	0.00000000
0.00001440	0.00000000	0.00000000	1.46850884	1.45022988	1.41459560	1.44266653	6.56176567	0.00000000
0.00001600	0.00000000	0.00000000	1.46505165	1.44585431	1.42514527	1.41398323	0.00000000	0.00000000
0.00001760	0.00000000	0.00000000	1.45908999	1.43698871	1.42207956	1.42319024	0.00000000	0.00000000
0.00001920	0.00000000	0.00000000	1.46636772	1.43566346	1.41414475	1.42141962	0.00000000	0.00000000
0.00002080	0.00000000	0.00000000	1.45117390	1.42822611	1.40634525	1.39946449	6.56176567	0.00000000
0.00002240	0.00000000	0.00000000	1.45042253	1.42009175	1.39737356	1.40265155	0.00000000	0.00000000
0.00002400	0.00000000	0.00000000	1.44444132	1.42798615	1.39683259	1.38565397	0.00000000	0.00000000
0.00002560	0.00000000	0.00000000	1.45006406	1.42159975	1.39714825	1.38636220	0.00000000	0.00000000
0.00002880	0.00000000	0.00000000	1.43234754	1.40734041	1.38117242	1.36194026	0.00000000	0.00000000
0.00003200	0.00000000	0.00000000	1.42843425	1.40465987	1.37281239	1.36391068	0.00000000	0.00000000
0.00003520	0.00000000	0.00000000	1.42227113	1.40023279	1.36446106	1.35329115	0.00000000	0.00000000
0.00003840	0.00000000	0.00000000	1.41856444	1.39059448	1.34200943	1.35134423	0.00000000	0.00000000
0.00004160	0.00000000	0.00000000	1.41230226	1.37860477	1.34724319	1.32815802	3.52594733	0.00000000
0.00004480	0.00000000	0.00000000	1.40876734	1.37976909	1.33941519	1.32674217	0.00000000	0.00000000
0.00004800	0.00000000	0.00000000	1.40760720	1.36806691	1.31593108	1.30709589	0.00000000	16.16797829
0.00005120	0.00000000	0.00000000	1.40029025	1.35649145	1.32563329	1.31789243	3.52594733	0.00000000
0.00005760	0.00000000	0.00000000	1.38994122	1.34537184	1.30407584	1.28477407	1.77162635	0.00000000
0.00006400	0.00000000	0.00000000	1.38178229	1.33734107	1.29059839	1.25839698	1.77162635	8.25598431
0.00007040	0.00000000	0.00000000	1.37165475	1.32168770	1.27871716	1.25777733	0.00000000	0.00000000
0.00007680	0.00000000	1.87116218	1.36488879	1.31523049	1.25963342	1.24089277	0.00000000	0.00000000
0.00008320	0.00000000	0.00000000	1.35584033	1.29777360	1.24668467	1.21584308	0.00000000	8.25598431
0.00008960	0.00000000	0.00000000	1.34659684	1.29163873	1.23165631	1.20672596	0.00000000	0.00000000
0.00009600	0.00000000	0.00000000	1.33741474	1.27704477	1.21910620	1.19466722	1.77162635	0.00000000
0.00010240	0.00000000	1.87116218	1.32996726	1.26723087	1.20816004	1.17607939	3.54325271	0.00000000
0.00011520	0.00000000	0.00000000	1.31284726	1.24801171	1.19168246	1.14872241	0.00000000	0.00000000
0.00012800	0.00000000	0.00000000	1.29594195	1.22745371	1.17079604	1.12720418	1.72898948	0.00000000
0.00014080	0.00000000	0.00000000	1.28172183	1.21248364	1.15983951	1.11788988	0.86449474	0.00000000
0.00015360	0.00000000	0.00000000	1.26821721	1.19534266	1.14174271	1.09651756	0.86449474	4.17202377
0.00016640	0.00000000	0.00000000	1.25555515	1.17701137	1.12356746	1.09414768	0.86449474	0.00000000
0.00017920	0.00000000	0.00000000	1.24331689	1.16765416	1.11624205	1.06733203	0.86449474	0.00000000
0.00019200	0.00000000	2.79265666	1.23072660	1.15452278	1.10333359	1.05757332	1.72898948	0.00000000
0.00020480	0.00000000	0.93088561	1.21847904	1.14208722	1.09749770	1.04965425	0.86449474	0.00000000
0.00023040	0.00000000	0.93088561	1.19548202	1.12081611	1.07735646	1.04781544	0.43016174	0.00000000
0.00025600	0.00000000	1.39632833	1.17521667	1.10307670	1.06183875	1.03473902	0.86032349	2.08601189
0.00028160	0.00000000	1.39632833	1.15702105	1.08988202	1.05245018	1.03593183	0.43016174	0.00000000
0.00030720	0.00000000	0.46544281	1.13996685	1.07753932	1.03890598	1.03986359	0.86032349	0.00000000
0.00033280	0.00000000	0.93088561	1.12512064	1.06576061	1.03046191	1.02048743	0.00000000	0.00000000
0.00035840	0.00000000	1.86177123	1.11068761	1.05852711	1.02225447	1.02035046	0.00000000	0.00000000
0.00038400	0.00000000	1.86177123	1.09737575	1.05182147	1.01839399	1.01494312	0.86032349	4.17202377
0.00040960	0.00000000	0.00000000	1.08440065	1.04257476	1.01141524	1.01143098	0.86032349	2.08601189
0.00046080	0.00000000	0.46779054	1.06405818	1.03271353	1.00461662	1.00733328	1.70414197	1.07710743
0.00051200	0.00000000	1.16947639	1.04911435	1.02156210	0.99828786	0.99829906	1.70414197	3.23132205
0.00056320	0.00000000	1.64140141	1.03698444	1.01406229	0.99564624	0.99096668	0.42603549	1.07710743
0.00061440	0.00000000	0.70345777	1.02751625	1.00733483	0.99652636	1.00264859	0.85207099	1.07710743
0.00066560	0.00000000	0.93794370	1.02060831	1.00436461	0.99923086	1.01086342	0.42603549	1.07710743
0.00071680	0.00000000	1.40691555	1.01536059	1.00329936	0.99724960	1.00056183	0.63905323	0.00000000
0.00076800	0.00000000	1.64140141	1.01111162	1.00134766	0.99467075	1.00155556	0.63905323	0.00000000
0.00081920	0.00000000	0.93794370	1.00734138	0.99954414	0.99674451	0.99957138	1.27810645	0.00000000
0.00092160	0.00000000	0.59217376	1.00144994	1.00203204	0.99570769	0.99825281	0.72969121	0.52709544
0.00102400	0.00000000	0.82904327	1.00033545	0.99896282	0.99653226	1.00279188	0.72969121	0.52709544
0.00112640	0.00000000	0.59217376	1.00105596	0.99445760	1.00141895	0.99466676	0.72969121	0.52709544
0.00122880	0.00000000	0.23686950	1.00217783	0.99482685	0.99616772	0.99954641	0.52120799	1.05419087
0.00133120	0.00000000	1.42121696	1.00349712	0.99877381	0.99413282	0.99264741	0.83393282	0.00000000
0.00143360	0.00000000	0.35530424	1.00461030	1.00014758	0.99501723	0.99214554	1.56362402	1.05419087
0.00153600	0.00000000	0.71060848	1.00249314	0.99806803	0.99204093	0.99267560	0.31347117	0.52709544
0.00163840	0.00000000	0.82904327	1.00064480	0.99918723	0.99474329	0.99802768	1.35837507	1.05419087
0.00184320	0.00000000	0.64974201	0.99862760	1.00010300	0.99654871	0.99500614	0.78741860	1.58128631
0.00204800	0.00000000	0.64974201	0.99500591	1.00285029	1.00517452	0.99516803	0.83991319	1.05419087
0.00225280	0.00000000	1.47668648	0.99222904	0.99683309	1.00738621	0.99752688	1.41735351	0.52709544
0.00245760	0.00000000	1.29948401	0.98955369	0.99610835	1.00689757	0.99213701	1.04989147	1.84483397
0.00266240	0.00000000	1.35855150	0.99009031	0.99446195	1.00439930	0.99556041	0.99739695	1.31773853
0.00286720	0.00000000	1.12228167	0.99495751	0.99907303	1.00268757	0.99311608	0.99739695	0.79064316
0.00307200	0.00000000	1.18134916	0.99974066	1.00188518	0.99831557	0.99711001	1.25687015	1.05419087
0.00327680	0.00000000	1.18134916	1.00386238	1.00172949	0.99505347	1.00084054	0.83791339	0.79064316
0.00368640	0.00000000	1.08998847	1.00197554	1.00011456	1.00330579	0.99962032	1.12060988	1.21174586
0.00409600	0.00000000	1.03107023	1.00244701	1.00123739	0.99522960	1.00029206	0.93818504	1.34638417
0.00450560	0.00000000	0.97215188	1.00240064	1.00093603	0.99565536	1.00242758	0.91212434	0.80783051
0.00491520	0.00000000	1.26674342	1.00681508	1.00196218	0.99401712	1.00386190	1.04242778	2.15421486
0.00532480	0.00000000	0.85431528	1.01002359	1.00440466	1.00025678	1.00154126	0.91429090	1.88493788
0.00573440	0.00000000	1.06321418	1.00773776	0.99623090	1.00255001	0.99625468	1.09714913	0.80783051
0.00614400	0.00000000	1.09274793	0.99774146	1.00012374	0.99940032	0.99711764	0.83592314	0.53855371
0.00655360	0.00000000	0.73834324	0.99783021	0.99501538	0.99659950	1.00599158	1.20450056	1.21174586
0.00737280	0.00000000	0.86249429	1.00346351	1.00150740	1.00302780	1.00217426	0.90136313	1.19875133
0.00819200	0.00000000	0.81863862	0.99788702	1.00028753	1.00380671	0.99905241	0.86477768	0.80348736
0.00901120	0.00000000	0.93558705	0.99328661	1.00010741	0.99932301	1.00460970	0.87768477	1.20523107
0.00983040	0.00000000	1.14024663	0.99190652	0.99346453	0.99997610	1.00100625	1.15146303	0.60261554
0.01064960	0.00000000	0.83536673	1.00422084	0.99481678	0.99657398	0.99621999	0.88396895	0.80348736
0.01146880	0.00000000	0.96726674	1.00501812	1.00006580	0.99880695	1.00018609	0.98561299	1.07131648
0.01228800	0.00000000	0.92330003	1.00231457	0.99881202	0.99631560	1.00552642	0.89483285	0.93740189
0.01310720	0.00000000	1.02588892	0.99603367	1.00169802	0.99381667	1.00287914	1.00096476	1.13827372
0.01474560	0.00000000	0.94289631	1.00070548	0.99773061	1.00482118	0.99847466	0.96306139	0.70687234
0.01638400	0.00000000	1.16948378	1.00164211	0.99877298	0.99709892	0.99538875	0.96306139	1.31985903
0.01802240	0.00000000	1.01122057	1.00106001	0.99636453	1.00028741	1.00278676	0.92698032	0.77837837
0.01966080	0.00000000	0.88154268	0.99414325	1.00055242	0.99955082	1.00354326	0.96533811	1.21178126
0.02129920	0.00000000	0.99908173	1.00093400	1.00215471	1.00055814	1.00110328	0.95480943	1.21833134
0.02293760	0.00000000	0.96478713	1.00567651	0.99976224	0.99926162	0.99794734	1.05200171	1.18448889
0.02457600	0.00000000	1.12681246	1.00667536	0.99664879	1.00014293	0.99955231	0.95291752	1.08296120
0.02621440	0.00000000	0.98438936	1.00071824	0.99921370	1.00227559	1.00035882	0.91001379	1.08296120
0.02949120	0.00000000	0.94031823	0.99850070	0.99872684	1.00179994	0.99833095	1.07013762	1.13827372
0.03276800	0.00000000	1.17100120	0.99634695	0.99954748	0.99689454	0.99985147	1.01165318	1.05457711
0.03604480	0.00000000	1.03368056	0.99817050	0.99939281	0.99927652	0.99787921	1.11327732	0.92066258
0.03932160	0.00000000	1.08630610	0.99724191	1.00315118	1.00142503	0.99724662	1.02615130	1.23870969
0.04259840	0.00000000	0.90077871	0.99856311	1.00113177	0.99858296	0.99921507	1.00439847	1.05457711
0.04587520	0.00000000	1.04475570	0.99730098	0.99755102	1.00017726	1.00060129	1.06625032	0.89906347
0.04915200	0.00000000	0.97830474	0.99913353	1.00047195	1.00175703	0.99890053	0.97452098	1.02673793
0.05242880	0.00000000	1.01153016	1.00003576	0.99886709	0.99831176	0.99970376	0.97452098	0.96049678
0.05898240	0.00000000	0.91745281	0.99760365	1.00167692	0.99883133	0.99875140	0.97706234	1.01581526
0.06553600	0.00000000	0.99896526	0.99988252	0.99699473	1.00071001	0.99970567	1.02696180	1.07315958
0.07208960	0.00000000	1.01138556	0.99856627	1.00032008	1.00139916	0.99845582	0.97955906	0.95027876
0.07864320	0.00000000	0.99139732	1.00175369	1.00051785	1.00132406	0.99791563	0.94067025	0.95847082
0.08519680	0.00000000	0.93509507	1.00016403	0.99910265	0.99939293	0.99895263	0.99381906	0.84462333
0.09175040	0.00000000	1.02600706	0.99995488	1.00269902	1.00023878	1.00039375	1.00186658	0.98304701
0.09830400	0.00000000	0.96605790	0.99758083	0.99893832	1.00048530	1.00051057	0.97815883	0.94522411
0.10485760	0.00000000	0.97531134	0.99702394	0.99835569	0.99991781	1.00064838	1.05418956	0.98885512
0.11796480	0.00000000	0.96203762	1.00050759	1.00113261	0.99997026	1.00071526	1.00638175	1.06340718
0.13107200	0.00000000	1.02016878	1.00053632	0.99970078	1.00013995	0.99979377	1.00421703	0.98723936
0.14417920	0.00000000	0.94533920	1.00034952	0.99937868	0.99972039	1.00212479	0.95453680	0.82841456
0.15728641	0.00000000	0.98047811	0.99774742	1.00138068	0.99912697	0.99855691	1.03043079	0.99193549
0.17039360	0.00000000	0.99682707	0.99946570	1.00089276	0.99925524	0.99883932	1.01534665	0.98217368
0.18350080	0.00000000	1.02481258	1.00043428	0.99907190	0.99979556	0.99944025	0.94295198	1.00448036
0.19660801	0.00000000	1.01933038	1.00189745	1.00154459	1.00025940	1.00018382	1.02917612	0.99867082
0.20971520	0.00000000	1.02158403	1.00096822	1.00126672	1.00007296	0.99912095	0.97425872	0.97611934
0.23592959	0.00000000	0.99124396	0.99968457	1.00060058	1.00009799	1.00004172	0.99349004	1.12631226
0.26214400	0.00000000	1.01660705	0.99873722	0.99951237	1.00017869	0.99996096	0.99749714	1.04536128
0.28835839	0.00000000	0.99006826	0.99902892	0.99960756	0.99931270	0.99969518	1.00684154	1.04507613
0.31457281	0.00000000	1.00906587	0.99901706	0.99961609	0.99973553	1.00049794	1.00628352	1.01625347
0.34078720	0.00000000	0.98376721	1.00018024	0.99908745	0.99963367	0.99967265	1.00873768	1.07489312
0.36700159	0.00000000	1.02469468	1.00106442	1.00086164	1.00034165	1.00084150	0.97927231	1.00039351
0.39321601	0.00000000	1.01968348	1.00006437	1.00037444	0.99989337	0.99956405	0.99178743	0.93308794
0.41943040	0.00000000	1.02139294	1.00126874	0.99889147	1.00008583	1.00035739	0.99205899	0.96149069
0.47185919	0.00000000	0.96766394	1.00009239	0.99997383	1.00027323	0.99977028	1.01840496	0.99500579
0.52428800	0.00000000	0.97766596	1.00043237	0.99972016	0.99974823	0.99990338	1.00790083	0.96428573
0.57671678	0.00000000	0.97141021	0.99991542	1.00014126	0.99989772	0.99965745	0.98413295	1.02142859
0.62914562	0.00000000	1.01852584	0.99825752	1.00037479	1.00051153	1.00080168	1.00748229	0.92869484
0.68157440	0.00000000	1.03561759	1.00096345	0.99976301	1.00060499	0.99976933	0.99538314	1.03160560
0.73400319	0.00000000	0.98506284	1.00058746	1.00027764	0.99941802	1.00036347	0.98964798	0.95715386
0.78643203	0.00000000	0.96512061	1.00035822	0.99991161	0.99996698	0.99904895	1.02113211	1.03948581
0.83886081	0.00000000	0.98857474	0.99951100	0.99937987	0.99969524	1.00046825	0.99820286	1.00845885
0.94371837	0.00000000	1.02601635	1.00007606	0.99976248	0.99997514	1.00007927	1.01544392	0.96032834
1.04857600	0.00000000	1.01068056	1.00016522	0.99985743	1.00000525	0.99963635	0.99195075	1.00615180
1.15343356	0.00000000	0.99363953	0.99954993	1.00021994	1.00011766	1.00005674	0.99437451	1.04358888
1.25829124	0.00000000	1.01223087	1.00048900	0.99996990	0.99989259	1.00042999	1.01326525	0.97146404
1.36314881	0.00000000	1.00502706	0.99979895	1.00056827	0.99986857	0.99987537	0.99487251	0.96842450
1.46800637	0.00000000	0.99055332	1.00019324	0.99973297	1.00005019	0.99971718	0.99690080	1.06349206
1.57286406	0.00000000	0.99785960	1.00006807	0.99983948	1.00052857	1.00014722	1.00084031	0.97948718
1.67772162	0.00000000	1.00000000	0.99974352	1.00024116	0.99975836	1.00003290	1.00000000	0.97835499
1.88743675	0.00000000	0.00000000	0.00000000	0.00000000	0.00000000	0.00000000	0.00000000	0.00000000
2.09715199	0.00000000	0.00000000	0.00000000	0.00000000	0.00000000	0.00000000	0.00000000	0.00000000
2.30686712	0.00000000	0.00000000	0.00000000	0.00000000	0.00000000	0.00000000	0.00000000	0.00000000
2.51658249	0.00000000	0.00000000	0.00000000	0.00000000	0.00000000	0.00000000	0.00000000	0.00000000
2.72629762	0.00000000	0.00000000	0.00000000	0.00000000	0.00000000	0.00000000	0.00000000	0.00000000
2.93601274	0.00000000	0.00000000	0.00000000	0.00000000	0.00000000	0.00000000	0.00000000	0.00000000
3.14572811	0.00000000	0.00000000	0.00000000	0.00000000	0.00000000	0.00000000	0.00000000	0.00000000
3.35544324	0.00000000	0.00000000	0.00000000	0.00000000	0.00000000	0.00000000	0.00000000	0.00000000
3.77487350	0.00000000	0.00000000	0.00000000	0.00000000	0.00000000	0.00000000	0.00000000	0.00000000
4.19430399	0.00000000	0.00000000	0.00000000	0.00000000	0.00000000	0.00000000	0.00000000	0.00000000
4.61373425	0.00000000	0.00000000	0.00000000	0.00000000	0.00000000	0.00000000	0.00000000	0.00000000
5.03316498	0.00000000	0.00000000	0.00000000	0.00000000	0.00000000	0.00000000	0.00000000	0.00000000
5.45259523	0.00000000	0.00000000	0.00000000	0.00000000	0.00000000	0.00000000	0.00000000	0.00000000
5.87202549	0.00000000	0.00000000	0.00000000	0.00000000	0.00000000	0.00000000	0.00000000	0.00000000
6.29145622	0.00000000	0.00000000	0.00000000	0.00000000	0.00000000	0.00000000	0.00000000	0.00000000
6.71088648	0.00000000	0.00000000	0.00000000	0.00000000	0.00000000	0.00000000	0.00000000	0.00000000
7.54974699	0.00000000	0.00000000	0.00000000	0.00000000	0.00000000	0.00000000	0.00000000	0.00000000
8.38860798	0.00000000	0.00000000	0.00000000	0.00000000	0.00000000	0.00000000	0.00000000	0.00000000
9.22746849	0.00000000	0.00000000	0.00000000	0.00000000	0.00000000	0.00000000	0.00000000	0.00000000
10.06632996	0.00000000	0.00000000	0.00000000	0.00000000	0.00000000	0.00000000	0.00000000	0.00000000
10.90519047	0.00000000	0.00000000	0.00000000	0.00000000	0.00000000	0.00000000	0.00000000	0.00000000
11.74405098	0.00000000	0.00000000	0.00000000	0.00000000	0.00000000	0.00000000	0.00000000	0.00000000
12.58291245	0.00000000	0.00000000	0.00000000	0.00000000	0.00000000	0.00000000	0.00000000	0.00000000
13.42177296	0.00000000	0.00000000	0.00000000	0.00000000	0.00000000	0.00000000	0.00000000	0.00000000
15.09949398	0.00000000	0.00000000	0.00000000	0.00000000	0.00000000	0.00000000	0.00000000	0.00000000
16.77721596	0.00000000	0.00000000	0.00000000	0.00000000	0.00000000	0.00000000	0.00000000	0.00000000
18.45493698	0.00000000	0.00000000	0.00000000	0.00000000	0.00000000	0.00000000	0.00000000	0.00000000
20.13265991	0.00000000	0.00000000	0.00000000	0.00000000	0.00000000	0.00000000	0.00000000	0.00000000
21.81038094	0.00000000	0.00000000	0.00000000	0.00000000	0.00000000	0.00000000	0.00000000	0.00000000
23.48810196	0.00000000	0.00000000	0.00000000	0.00000000	0.00000000	0.00000000	0.00000000	0.00000000
25.16582489	0.00000000	0.00000000	0.00000000	0.00000000	0.00000000	0.00000000	0.00000000	0.00000000
26.84354591	0.00000000	0.00000000	0.00000000	0.00000000	0.00000000	0.00000000	0.00000000	0.00000000
30.19898796	0.00000000	0.00000000	0.00000000	0.00000000	0.00000000	0.00000000	0.00000000	0.00000000
33.55443192	0.00000000	0.00000000	0.00000000	0.00000000	0.00000000	0.00000000	0.00000000	0.00000000
36.90987396	0.00000000	0.00000000	0.00000000	0.00000000	0.00000000	0.00000000	0.00000000	0.00000000
40.26531982	0.00000000	0.00000000	0.00000000	0.00000000	0.00000000	0.00000000	0.00000000	0.00000000
43.62076187	0.00000000	0.00000000	0.00000000	0.00000000	0.00000000	0.00000000	0.00000000	0.00000000
46.97620392	0.00000000	0.00000000	0.00000000	0.00000000	0.00000000	0.00000000	0.00000000	0.00000000
50.33164978	0.00000000	0.00000000	0.00000000	0.00000000	0.00000000	0.00000000	0.00000000	0.00000000
53.68709183	0.00000000	0.00000000	0.00000000	0.00000000	0.00000000	0.00000000	0.00000000	0.00000000
60.39797592	0.00000000	0.00000000	0.00000000	0.00000000	0.00000000	0.00000000	0.00000000	0.00000000
67.10886383	0.00000000	0.00000000	0.00000000	0.00000000	0.00000000	0.00000000	0.00000000	0.00000000
73.81974792	0.00000000	0.00000000	0.00000000	0.00000000	0.00000000	0.00000000	0.00000000	0.00000000
80.53063965	0.00000000	0.00000000	0.00000000	0.00000000	0.00000000	0.00000000	0.00000000	0.00000000
87.24152374	0.00000000	0.00000000	0.00000000	0.00000000	0.00000000	0.00000000	0.00000000	0.00000000
93.95240784	0.00000000	0.00000000	0.00000000	0.00000000	0.00000000	0.00000000	0.00000000	0.00000000
100.66329956	0.00000000	0.00000000	0.00000000	0.00000000	0.00000000	0.00000000	0.00000000	0.00000000
107.37418365	0.00000000	0.00000000	0.00000000	0.00000000	0.00000000	0.00000000	0.00000000	0.00000000
120.79595184	0.00000000	0.00000000	0.00000000	0.00000000	0.00000000	0.00000000	0.00000000	0.00000000
134.21772766	0.00000000	0.00000000	0.00000000	0.00000000	0.00000000	0.00000000	0.00000000	0.00000000
147.63949585	0.00000000	0.00000000	0.00000000	0.00000000	0.00000000	0.00000000	0.00000000	0.00000000
161.06127930	0.00000000	0.00000000	0.00000000	0.00000000	0.00000000	0.00000000	0.00000000	0.00000000
174.48304749	0.00000000	0.00000000	0.00000000	0.00000000	0.00000000	0.00000000	0.00000000	0.00000000
187.90481567	0.00000000	0.00000000	0.00000000	0.00000000	0.00000000	0.00000000	0.00000000	0.00000000
201.32659912	0.00000000	0.00000000	0.00000000	0.00000000	0.00000000	0.00000000	0.00000000	0.00000000
214.74836731	0.00000000	0.00000000	0.00000000	0.00000000	0.00000000	0.00000000	0.00000000	0.00000000
241.59190369	0.00000000	0.00000000	0.00000000	0.00000000	0.00000000	0.00000000	0.00000000	0.00000000
268.43545532	0.00000000	0.00000000	0.00000000	0.00000000	0.00000000	0.00000000	0.00000000	0.00000000
295.27899170	0.00000000	0.00000000	0.00000000	0.00000000	0.00000000	0.00000000	0.00000000	0.00000000
322.12255859	0.00000000	0.00000000	0.00000000	0.00000000	0.00000000	0.00000000	0.00000000	0.00000000
348.96609497	0.00000000	0.00000000	0.00000000	0.00000000	0.00000000	0.00000000	0.00000000	0.00000000
375.80963135	0.00000000	0.00000000	0.00000000	0.00000000	0.00000000	0.00000000	0.00000000	0.00000000
402.65319824	0.00000000	0.00000000	0.00000000	0.00000000	0.00000000	0.00000000	0.00000000	0.00000000
429.49673462	0.00000000	0.00000000	0.00000000	0.00000000	0.00000000	0.00000000	0.00000000	0.00000000
483.18380737	0.00000000	0.00000000	0.00000000	0.00000000	0.00000000	0.00000000	0.00000000	0.00000000
536.87091064	0.00000000	0.00000000	0.00000000	0.00000000	0.00000000	0.00000000	0.00000000	0.00000000
590.55798340	0.00000000	0.00000000	0.00000000	0.00000000	0.00000000	0.00000000	0.00000000	0.00000000
644.24511719	0.00000000	0.00000000	0.00000000	0.00000000	0.00000000	0.00000000	0.00000000	0.00000000
697.93218994	0.00000000	0.00000000	0.00000000	0.00000000	0.00000000	0.00000000	0.00000000	0.00000000
751.61926270	0.00000000	0.00000000	0.00000000	0.00000000	0.00000000	0.00000000	0.00000000	0.00000000
805.30639648	0.00000000	0.00000000	0.00000000	0.00000000	0.00000000	0.00000000	0.00000000	0.00000000
858.99346924	0.00000000	0.00000000	0.00000000	0.00000000	0.00000000	0.00000000	0.00000000	0.00000000
966.36761475	0.00000000	0.00000000	0.00000000	0.00000000	0.00000000	0.00000000	0.00000000	0.00000000
1073.74182129	0.00000000	0.00000000	0.00000000	0.00000000	0.00000000	0.00000000	0.00000000	0.00000000
1181.11596680	0.00000000	0.00000000	0.00000000	0.00000000	0.00000000	0.00000000	0.00000000	0.00000000
1288.49023437	0.00000000	0.00000000	0.00000000	0.00000000	0.00000000	0.00000000	0.00000000	0.00000000
1395.86437988	0.00000000	0.00000000	0.00000000	0.00000000	0.00000000	0.00000000	0.00000000	0.00000000
1503.23852539	0.00000000	0.00000000	0.00000000	0.00000000	0.00000000	0.00000000	0.00000000	0.00000000
1610.61279297	0.00000000	0.00000000	0.00000000	0.00000000	0.00000000	0.00000000	0.00000000	0.00000000
1717.98693848	0.00000000	0.00000000	0.00000000	0.00000000	0.00000000	0.00000000	0.00000000	0.00000000
1932.73522949	0.00000000	0.00000000	0.00000000	0.00000000	0.00000000	0.00000000	0.00000000	0.00000000
2147.48364258	0.00000000	0.00000000	0.00000000	0.00000000	0.00000000	0.00000000	0.00000000	0.00000000
2362.23193359	0.00000000	0.00000000	0.00000000	0.00000000	0.00000000	0.00000000	0.00000000	0.00000000
2576.98046875	0.00000000	0.00000000	0.00000000	0.00000000	0.00000000	0.00000000	0.00000000	0.00000000
2791.72875977	0.00000000	0.00000000	0.00000000	0.00000000	0.00000000	0.00000000	0.00000000	0.00000000
3006.47705078	0.00000000	0.00000000	0.00000000	0.00000000	0.00000000	0.00000000	0.00000000	0.00000000
3221.22558594	0.00000000	0.00000000	0.00000000	0.00000000	0.00000000	0.00000000	0.00000000	0.00000000
3435.97387695	0.00000000	0.00000000	0.00000000	0.00000000	0.00000000	0.00000000	0.00000000	0.00000000
0	0	0	0	0	0	0	0	0
