%4/4/2019 3:56:11 PM
%Duration	ID1		ID2		ID3		ID4		ID5		ID6		ID7		ID8
1000.000000	0.000000	0.305176	504.226685	341.520325	172.958374	59.814453	0.638962	0.190735
%Tau		Tau1		Tau2		Tau3		Tau4		Tau5		Tau6		Tau7		Tau8
%		0.000000	0.000001	0.000230	0.000154	0.000115	0.000058	0.000001	0.000001
%Delaytime	D1		D2		D3		D4		D5		D6		D7		D8
0.00000020	0.00000000	282.07577515	1.58615088	1.56054425	1.66861868	2.80487728	254.97927856	0.00000000
0.00000040	0.00000000	0.00000000	1.49414563	1.47037017	1.53206038	1.73952329	0.00000000	0.00000000
0.00000060	0.00000000	56.41515732	1.48387921	1.45570481	1.47567260	1.49537969	0.00000000	0.00000000
0.00000080	0.00000000	56.41515732	1.48752344	1.46364856	1.48411167	1.42324638	0.00000000	0.00000000
0.00000100	0.00000000	0.00000000	1.48654377	1.46940994	1.45879471	1.51480019	0.00000000	0.00000000
0.00000120	0.00000000	0.00000000	1.48548579	1.46251380	1.45649314	1.41214895	0.00000000	0.00000000
0.00000140	0.00000000	0.00000000	1.49093246	1.47194147	1.53090966	1.50925148	0.00000000	0.00000000
0.00000160	0.00000000	0.00000000	1.48470211	1.45666504	1.50559270	1.63132334	36.42561340	0.00000000
0.00000180	0.00000000	0.00000000	1.46628535	1.45422089	1.49715376	1.54809248	0.00000000	0.00000000
0.00000200	0.00000000	0.00000000	1.49159861	1.45910931	1.43424487	1.42324638	0.00000000	0.00000000
0.00000220	0.00000000	0.00000000	1.49210799	1.46443415	1.53129327	1.49537969	0.00000000	0.00000000
0.00000240	0.00000000	0.00000000	1.47494519	1.45090377	1.51441526	1.45376432	0.00000000	0.00000000
0.00000260	0.00000000	0.00000000	1.48301721	1.46530712	1.45534229	1.50925148	0.00000000	0.00000000
0.00000280	0.00000000	0.00000000	1.47670853	1.46303749	1.48718035	1.48428226	0.00000000	0.00000000
0.00000300	0.00000000	0.00000000	1.47141862	1.47360003	1.51518250	1.35943604	0.00000000	0.00000000
0.00000320	0.00000000	0.00000000	1.48611283	1.46425962	1.48411167	1.54531813	0.00000000	0.00000000
0.00000360	0.00000000	0.00000000	1.48340905	1.46391046	1.49024904	1.56057715	0.00000000	0.00000000
0.00000400	0.00000000	0.00000000	1.47686517	1.46482706	1.45649314	1.47734630	0.00000000	0.00000000
0.00000440	0.00000000	0.00000000	1.47860897	1.46923530	1.45802748	1.39411557	0.00000000	0.00000000
0.00000480	0.00000000	0.00000000	1.47414196	1.44230533	1.47106957	1.45237708	18.21280670	0.00000000
0.00000520	0.00000000	0.00000000	1.47856975	1.45339155	1.46493208	1.42185915	0.00000000	0.00000000
0.00000560	0.00000000	0.00000000	1.47519994	1.45522475	1.47202849	1.43156946	0.00000000	0.00000000
0.00000600	0.00000000	0.00000000	1.48197877	1.45950210	1.45745206	1.47873354	0.00000000	0.00000000
0.00000640	0.00000000	0.00000000	1.46838176	1.44335282	1.48775578	1.35527456	0.00000000	0.00000000
0.00000720	0.00000000	0.00000000	1.46701026	1.44998717	1.48248136	1.48497581	9.10640335	0.00000000
0.00000800	0.00000000	0.00000000	1.46734333	1.44254541	1.45754802	1.43226302	0.00000000	0.00000000
0.00000880	0.00000000	14.10378933	1.47251570	1.43870449	1.47778237	1.39064765	0.00000000	0.00000000
0.00000960	0.00000000	0.00000000	1.46540380	1.44023216	1.45860291	1.44127965	18.21280670	0.00000000
0.00001040	0.00000000	0.00000000	1.46554089	1.43272483	1.45927417	1.44682837	0.00000000	0.00000000
0.00001120	0.00000000	0.00000000	1.46836221	1.44590616	1.45553410	1.43295658	0.00000000	0.00000000
0.00001200	0.00000000	0.00000000	1.46733356	1.43294311	1.44287562	1.44336045	9.10640335	0.00000000
0.00001280	0.00000000	0.00000000	1.46748054	1.43161190	1.43251872	1.35735536	0.00000000	0.00000000
0.00001440	0.00000000	7.05189466	1.46203876	1.42627609	1.43213511	1.39272845	0.00000000	0.00000000
0.00001600	0.00000000	14.10378933	1.45341325	1.41880155	1.43434072	1.41596365	0.00000000	0.00000000
0.00001760	0.00000000	0.00000000	1.45763052	1.41970730	1.43242276	1.42498028	0.00000000	0.00000000
0.00001920	0.00000000	14.10378933	1.45292342	1.41919434	1.41166103	1.36706555	0.00000000	0.00000000
0.00002080	0.00000000	0.00000000	1.44752085	1.40903568	1.41952455	1.40590656	0.00000000	0.00000000
0.00002240	0.00000000	0.00000000	1.44461632	1.41335666	1.41214049	1.37573540	0.00000000	0.00000000
0.00002400	0.00000000	0.00000000	1.44579184	1.40572941	1.41544890	1.36082327	0.00000000	0.00000000
0.00002560	0.00000000	0.00000000	1.44563019	1.39479589	1.39636528	1.37920344	0.00000000	0.00000000
0.00002880	0.00000000	0.00000000	1.43318450	1.39256561	1.39454377	1.36325669	2.39750266	16.68809509
0.00003200	0.00000000	6.53092337	1.42668486	1.38373744	1.37825131	1.34811330	2.39750266	0.00000000
0.00003520	0.00000000	0.00000000	1.42105293	1.37542224	1.38064718	1.30113411	2.39750266	0.00000000
0.00003840	0.00000000	0.00000000	1.41968822	1.37060463	1.35819709	1.32367718	0.00000000	0.00000000
0.00004160	0.00000000	3.26546168	1.41236782	1.36190045	1.34993100	1.30268288	0.00000000	16.68809509
0.00004480	0.00000000	0.00000000	1.40629852	1.36067569	1.34360576	1.29115319	0.00000000	0.00000000
0.00004800	0.00000000	0.00000000	1.40072513	1.35192788	1.34357321	1.28788352	2.39750266	0.00000000
0.00005120	0.00000000	9.79638481	1.39862239	1.34395039	1.32222533	1.28650689	0.00000000	0.00000000
0.00005760	0.00000000	0.00000000	1.38622248	1.33077562	1.31427157	1.25255668	0.00000000	0.00000000
0.00006400	0.00000000	1.64820683	1.38201249	1.31555235	1.29126048	1.24019766	4.68106842	8.08398914
0.00007040	0.00000000	0.00000000	1.37146413	1.30697954	1.28759360	1.21711016	2.34053421	0.00000000
0.00007680	0.00000000	0.00000000	1.36157966	1.29167736	1.25917780	1.22895432	0.00000000	0.00000000
0.00008320	0.00000000	0.00000000	1.35138524	1.28324795	1.25296652	1.20286298	1.17026711	0.00000000
0.00008960	0.00000000	0.00000000	1.34302104	1.27112782	1.24264896	1.17608500	0.00000000	0.00000000
0.00009600	0.00000000	3.29641366	1.33471012	1.26100087	1.22782576	1.17018294	1.17026711	0.00000000
0.00010240	0.00000000	0.00000000	1.32590318	1.25045943	1.21501565	1.14220285	0.00000000	0.00000000
0.00011520	0.00000000	1.67183673	1.30861998	1.23216295	1.18656743	1.13657892	0.57820213	0.00000000
0.00012800	0.00000000	0.83591837	1.29306293	1.21133316	1.17404866	1.12938392	0.00000000	4.04199457
0.00014080	0.00000000	0.83591837	1.27960312	1.19436002	1.15219653	1.11904728	0.57820213	0.00000000
0.00015360	0.00000000	0.83591837	1.26435554	1.17806244	1.13352072	1.09826994	0.57820213	0.00000000
0.00016640	0.00000000	0.00000000	1.25072420	1.16442835	1.12027323	1.07956791	1.73460639	0.00000000
0.00017920	0.00000000	3.34367347	1.23771560	1.15057468	1.10967493	1.06986916	0.00000000	0.00000000
0.00019200	0.00000000	1.67183673	1.22577727	1.14061582	1.10037696	1.07790518	0.00000000	4.04199457
0.00020480	0.00000000	0.00000000	1.21396172	1.12633014	1.08841753	1.07523263	1.73460639	0.00000000
0.00023040	0.00000000	0.43016174	1.19072521	1.10590374	1.06933379	1.04759777	0.56915021	2.00000000
0.00025600	0.00000000	0.43016174	1.17055845	1.08772719	1.05304432	1.03425109	1.42287552	0.00000000
0.00028160	0.00000000	0.43016174	1.15096116	1.06895888	1.04278851	1.02783310	0.28457510	0.00000000
0.00030720	0.00000000	0.43016174	1.13414979	1.05387425	1.03631568	1.02536750	1.70745051	0.00000000
0.00033280	0.00000000	0.43016174	1.11962104	1.04201925	1.02787375	1.01963305	1.13830042	0.00000000
0.00035840	0.00000000	0.43016174	1.10709858	1.03453195	1.02401984	1.00996649	0.85372525	2.00000000
0.00038400	0.00000000	0.43016174	1.09320915	1.03090370	1.01603341	1.00900924	1.13830042	0.00000000
0.00040960	0.00000000	0.86032349	1.08233666	1.02252984	1.01178420	1.00922906	0.28457510	2.00000000
0.00046080	0.00000000	1.08061838	1.06435728	1.01175988	1.00787508	1.00296926	1.86436045	0.00000000
0.00051200	0.00000000	0.43224737	1.04995275	1.00610900	1.00375235	1.01080644	0.71706170	0.00000000
0.00056320	0.00000000	2.59348416	1.03949511	1.00093734	1.00339985	1.00499070	1.14729881	0.97948772
0.00061440	0.00000000	1.51286578	1.03147781	0.99795812	1.00043285	1.01659429	1.00388646	0.97948772
0.00066560	0.00000000	0.64837104	1.02253127	0.99905515	1.00108767	1.01115000	0.57364941	0.00000000
0.00071680	0.00000000	0.43224737	1.01644373	1.00117660	1.00358248	1.00710988	0.86047405	0.00000000
0.00076800	0.00000000	0.86449474	1.00972533	1.00293028	1.00180233	1.00485861	1.14729881	0.97948772
0.00081920	0.00000000	0.64837104	1.00483429	0.99888396	1.00477660	1.00082934	1.14729881	3.91795087
0.00092160	0.00000000	0.65629339	0.99980772	1.00247777	0.99658269	1.00043702	0.86047405	0.49483207
0.00102400	0.00000000	1.20320451	0.99587619	1.00317287	0.99621135	0.99643916	1.43130040	0.98966414
0.00112640	0.00000000	0.87293392	0.99670482	1.00162005	0.99619418	0.99456191	1.21660531	0.98966414
0.00122880	0.00000000	1.20028412	0.99491507	1.00078440	0.99896419	0.99543035	1.14504027	0.98966414
0.00133120	0.00000000	1.08852541	0.99478495	1.00037110	1.00280392	0.99629480	0.78721523	0.98966414
0.00143360	0.00000000	1.63278806	0.99216682	0.99958986	1.00703633	1.00686753	1.50286543	1.48449624
0.00153600	0.00000000	1.52393556	0.99045873	0.99734920	1.00385249	1.00835037	0.71565020	0.49483207
0.00163840	0.00000000	1.08852541	0.99185479	0.99666286	1.00565243	1.00491428	0.93034524	0.98966414
0.00184320	0.00000000	1.00144887	0.99298286	0.99416870	0.99710375	0.99522746	0.91406602	1.95897543
0.00204800	0.00000000	0.66763258	1.00116026	0.99413633	0.99748993	0.99979734	0.94922239	1.46923161
0.00225280	0.00000000	1.39090121	1.00536406	0.99900979	0.99972707	0.99748588	1.01953518	0.97948772
0.00245760	0.00000000	1.33526516	1.00583124	1.00261605	0.99813122	0.99588042	1.05675960	1.46923161
0.00266240	0.00000000	1.16835701	1.00255632	0.99699557	0.99437273	1.00176501	1.54991400	1.46923161
0.00286720	0.00000000	1.05708492	1.00454295	0.99925679	0.99409163	0.99394357	0.66928107	1.22435963
0.00307200	0.00000000	1.11272097	1.00492358	1.00053513	1.00072777	0.99971020	0.84540766	0.97948772
0.00327680	0.00000000	1.33526516	1.00633669	1.00656724	0.99920458	0.99764121	1.37378740	1.46923161
0.00368640	0.00000000	1.09116101	0.99855500	1.00275791	1.00303149	1.00014269	0.91764355	0.61217982
0.00409600	0.00000000	0.73653364	0.99322492	1.00178850	1.00002992	0.99844736	0.93346381	0.61217982
0.00450560	0.00000000	1.03660285	0.99691266	1.00309241	0.99891073	1.00035143	1.21526420	0.73461580
0.00491520	0.00000000	1.09382236	1.00090897	0.99827445	1.00067389	1.00066566	1.02152646	1.10192370
0.00532480	0.00000000	0.82036674	1.00285685	0.99508584	0.99914706	0.99876750	1.24805164	0.61217982
0.00573440	0.00000000	0.93202221	0.99000579	0.99453390	1.00655746	1.00070751	1.19531703	0.73461580
0.00614400	0.00000000	0.79496014	0.99079126	0.99779010	1.00117731	1.00602365	0.86133140	0.73461580
0.00655360	0.00000000	0.74013525	1.00032413	1.00386429	0.99982446	1.00113666	0.98246360	0.36730790
0.00737280	0.00000000	0.80277795	1.01446307	1.00272381	1.00155246	1.00279403	1.08922243	0.92302763
0.00819200	0.00000000	0.90941656	1.00791812	1.00116467	1.00216722	1.00133228	1.10925782	0.67688692
0.00901120	0.00000000	0.91162920	0.99084681	0.99872822	1.00123990	0.99865973	1.15398598	1.16916835
0.00983040	0.00000000	0.88441640	0.99912751	0.99476904	1.00252366	1.00040233	0.95530158	0.86149246
0.01064960	0.00000000	1.00687408	0.99974841	0.99843061	1.00424945	0.99905521	0.96233904	0.73842210
0.01146880	0.00000000	1.33342779	0.99519920	1.00443697	0.99671817	0.99964333	0.99798119	0.98456281
0.01228800	0.00000000	0.99326766	1.00160587	1.00202513	1.00587249	1.00163949	0.87152469	0.98456281
0.01310720	0.00000000	0.74835235	0.99789762	0.99374479	0.99745458	0.99989533	0.98907065	1.04609799
0.01474560	0.00000000	0.94343293	0.99659520	0.99939424	1.00381815	0.99699682	1.05381715	0.95873713
0.01638400	0.00000000	0.92976004	0.99465674	0.99850833	1.00102973	1.00046551	0.89819014	1.02059114
0.01802240	0.00000000	0.81353998	0.99862140	1.00076389	0.99920851	0.99566603	1.07393968	1.36078823
0.01966080	0.00000000	0.96628773	1.00274241	0.99885082	0.99884325	0.99900204	1.09383547	1.26147103
0.02129920	0.00000000	1.04852498	1.00501931	0.99864691	1.00071204	0.99942970	1.00242877	0.70765448
0.02293760	0.00000000	1.15817463	0.99910420	1.00551605	0.99911755	0.99668372	0.97187102	0.76918966
0.02457600	0.00000000	1.08964360	1.00342512	1.00327528	0.99817616	0.99888587	1.05855083	1.16916835
0.02621440	0.00000000	1.00740635	0.99673426	1.00014663	0.99848634	0.99762082	1.06062639	1.19993591
0.02949120	0.00000000	0.95710588	1.00213265	0.99793714	1.00299764	0.99751616	1.01006103	1.15025902
0.03276800	0.00000000	1.02453911	1.00169635	0.99922192	0.99957877	0.99875873	0.96300292	0.92783505
0.03604480	0.00000000	1.00740635	0.99754506	0.99925035	1.00273383	1.00007236	0.97058451	0.89690721
0.03932160	0.00000000	1.03481877	0.99810582	1.00238931	0.99924690	1.00078166	0.98132843	0.80412370
0.04259840	0.00000000	1.03987896	1.00210571	0.99783146	0.99931860	1.00097549	1.05908608	1.11340201
0.04587520	0.00000000	1.05278301	1.00073290	0.99757999	1.00160837	1.00117779	1.10746455	1.05154634
0.04915200	0.00000000	1.03368783	0.99903733	1.00174510	0.99992323	1.00083220	1.04370511	0.98969072
0.05242880	0.00000000	0.87674385	0.99913967	0.99806583	0.99812979	0.99771976	1.02995276	0.71134019
0.05898240	0.00000000	0.98125172	0.99891949	1.00084627	0.99805832	0.99955362	0.99890351	1.11730874
0.06553600	0.00000000	0.99238926	1.00182700	1.00078917	0.99748814	1.00158751	1.01537895	1.04698861
0.07208960	0.00000000	1.04934382	0.99917507	0.99905223	0.99848855	1.00043523	0.94304734	0.98958278
0.07864320	0.00000000	1.01430774	1.00201511	0.99951053	0.99913359	0.99865288	0.99680746	0.95031363
0.08519680	0.00000000	0.96976042	0.99774104	1.00174642	0.99926376	0.99982435	0.98298818	0.97666848
0.09175040	0.00000000	0.94748676	0.99715692	1.00125635	1.00015593	0.99816334	0.91267294	0.90634835
0.09830400	0.00000000	1.07338965	0.99856001	0.99960029	0.99817681	1.00179255	0.98907173	1.17631578
0.10485760	0.00000000	1.05802310	0.99986041	0.99924004	1.00044942	1.00134075	1.05843198	0.81679845
0.11796480	0.00000000	0.97965980	0.99966770	0.99895328	0.99913001	1.00033033	1.01835489	1.13874340
0.13107200	0.00000000	1.03161108	0.99869567	0.99992138	1.00103009	1.00043023	1.03646719	1.04643965
0.14417920	0.00000000	1.07961619	1.00140965	0.99973762	1.00089765	1.00026858	1.02338731	0.93708044
0.15728641	0.00000000	0.94912481	0.99940044	0.99992424	1.00137150	0.99878842	1.02783298	1.07426250
0.17039360	0.00000000	1.01747131	0.99907184	0.99895227	0.99932319	1.00146484	1.03877175	0.98335069
0.18350080	0.00000000	1.03114963	1.00065315	0.99995953	1.00130582	1.00044942	1.02226400	0.91558117
0.19660801	0.00000000	0.90989959	0.99947602	1.00071228	0.99915940	0.99950361	0.99557209	1.03434062
0.20971520	0.00000000	1.01946890	1.00023770	0.99964845	0.99977243	1.00003576	1.02728224	0.97857141
0.23592959	0.00000000	0.99898767	0.99932790	0.99941969	0.99991035	0.99971467	0.99648863	1.00262034
0.26214400	0.00000000	1.01970661	0.99793911	0.99982929	0.99951351	1.00097775	1.01840937	0.95608681
0.28835839	0.00000000	0.97670412	1.00095940	0.99974835	0.99977505	1.00069511	1.01001251	0.93428707
0.31457281	0.00000000	0.98255312	1.00060916	0.99945039	1.00120187	0.99998838	1.02708602	1.06409633
0.34078720	0.00000000	0.98714012	1.00060785	0.99982083	1.00104773	0.99967992	0.99924862	0.92896354
0.36700159	0.00000000	1.00109470	1.00104618	1.00066388	1.00026178	1.00026345	0.97018325	1.06390536
0.39321601	0.00000000	1.02230859	1.00020599	1.00082076	0.99899352	0.99921334	1.01008797	0.99203604
0.41943040	0.00000000	0.98630816	0.99898088	1.00004363	0.99872881	1.00018895	1.02405119	0.97613382
0.47185919	0.00000000	0.99815398	0.99931079	0.99994022	1.00100386	1.00030696	0.99820405	0.99374998
0.52428800	0.00000000	0.99339932	0.99947530	0.99985200	1.00010729	1.00016177	1.00833750	0.97529477
0.57671678	0.00000000	1.00299990	0.99893939	0.99985164	0.99898726	1.00016880	1.02733529	0.96722645
0.62914562	0.00000000	1.01536644	1.00101125	1.00030529	1.00046360	0.99991673	0.97431701	0.98512596
0.68157440	0.00000000	1.01831186	0.99978417	0.99986666	1.00043547	1.00014722	1.00053668	0.96774191
0.73400319	0.00000000	1.00185478	1.00145352	0.99995065	0.99843019	0.99972492	0.99844342	0.99874860
0.78643203	0.00000000	1.01313984	0.99999034	1.00088012	1.00075686	1.00059557	0.98190391	1.04960072
0.83886081	0.00000000	1.00135946	0.99890745	1.00051403	1.00071824	0.99947655	1.00250292	1.01694918
0.94371837	0.00000000	0.98479795	1.00053751	0.99916559	1.00011599	1.00014722	1.00356174	1.03597832
1.04857600	0.00000000	0.98772705	0.99935079	0.99956495	0.99990261	1.00021493	0.99992323	0.98239487
1.15343356	0.00000000	1.00000000	0.99949533	0.99972492	0.99959558	0.99989212	0.97729677	1.02525258
1.25829124	0.00000000	1.00385606	0.99989402	1.00133383	0.99989766	0.99987167	1.02694321	1.01143789
1.36314881	0.00000000	1.00100684	1.00114334	1.00052738	1.00033212	0.99990416	0.98884141	0.99760097
1.46800637	0.00000000	1.00381887	1.00004745	0.99943888	0.99984199	1.00002003	1.01933980	0.99560440
1.57286406	0.00000000	0.99687010	0.99911606	0.99796343	0.99941373	1.00004184	0.97124517	1.00952387
1.67772162	0.00000000	0.99865592	1.00178599	1.00122476	0.99978673	0.99997938	1.02470589	0.99547511
1.88743675	0.00000000	0.00000000	0.00000000	0.00000000	0.00000000	0.00000000	0.00000000	0.00000000
2.09715199	0.00000000	0.00000000	0.00000000	0.00000000	0.00000000	0.00000000	0.00000000	0.00000000
2.30686712	0.00000000	0.00000000	0.00000000	0.00000000	0.00000000	0.00000000	0.00000000	0.00000000
2.51658249	0.00000000	0.00000000	0.00000000	0.00000000	0.00000000	0.00000000	0.00000000	0.00000000
2.72629762	0.00000000	0.00000000	0.00000000	0.00000000	0.00000000	0.00000000	0.00000000	0.00000000
2.93601274	0.00000000	0.00000000	0.00000000	0.00000000	0.00000000	0.00000000	0.00000000	0.00000000
3.14572811	0.00000000	0.00000000	0.00000000	0.00000000	0.00000000	0.00000000	0.00000000	0.00000000
3.35544324	0.00000000	0.00000000	0.00000000	0.00000000	0.00000000	0.00000000	0.00000000	0.00000000
3.77487350	0.00000000	0.00000000	0.00000000	0.00000000	0.00000000	0.00000000	0.00000000	0.00000000
4.19430399	0.00000000	0.00000000	0.00000000	0.00000000	0.00000000	0.00000000	0.00000000	0.00000000
4.61373425	0.00000000	0.00000000	0.00000000	0.00000000	0.00000000	0.00000000	0.00000000	0.00000000
5.03316498	0.00000000	0.00000000	0.00000000	0.00000000	0.00000000	0.00000000	0.00000000	0.00000000
5.45259523	0.00000000	0.00000000	0.00000000	0.00000000	0.00000000	0.00000000	0.00000000	0.00000000
5.87202549	0.00000000	0.00000000	0.00000000	0.00000000	0.00000000	0.00000000	0.00000000	0.00000000
6.29145622	0.00000000	0.00000000	0.00000000	0.00000000	0.00000000	0.00000000	0.00000000	0.00000000
6.71088648	0.00000000	0.00000000	0.00000000	0.00000000	0.00000000	0.00000000	0.00000000	0.00000000
7.54974699	0.00000000	0.00000000	0.00000000	0.00000000	0.00000000	0.00000000	0.00000000	0.00000000
8.38860798	0.00000000	0.00000000	0.00000000	0.00000000	0.00000000	0.00000000	0.00000000	0.00000000
9.22746849	0.00000000	0.00000000	0.00000000	0.00000000	0.00000000	0.00000000	0.00000000	0.00000000
10.06632996	0.00000000	0.00000000	0.00000000	0.00000000	0.00000000	0.00000000	0.00000000	0.00000000
10.90519047	0.00000000	0.00000000	0.00000000	0.00000000	0.00000000	0.00000000	0.00000000	0.00000000
11.74405098	0.00000000	0.00000000	0.00000000	0.00000000	0.00000000	0.00000000	0.00000000	0.00000000
12.58291245	0.00000000	0.00000000	0.00000000	0.00000000	0.00000000	0.00000000	0.00000000	0.00000000
13.42177296	0.00000000	0.00000000	0.00000000	0.00000000	0.00000000	0.00000000	0.00000000	0.00000000
15.09949398	0.00000000	0.00000000	0.00000000	0.00000000	0.00000000	0.00000000	0.00000000	0.00000000
16.77721596	0.00000000	0.00000000	0.00000000	0.00000000	0.00000000	0.00000000	0.00000000	0.00000000
18.45493698	0.00000000	0.00000000	0.00000000	0.00000000	0.00000000	0.00000000	0.00000000	0.00000000
20.13265991	0.00000000	0.00000000	0.00000000	0.00000000	0.00000000	0.00000000	0.00000000	0.00000000
21.81038094	0.00000000	0.00000000	0.00000000	0.00000000	0.00000000	0.00000000	0.00000000	0.00000000
23.48810196	0.00000000	0.00000000	0.00000000	0.00000000	0.00000000	0.00000000	0.00000000	0.00000000
25.16582489	0.00000000	0.00000000	0.00000000	0.00000000	0.00000000	0.00000000	0.00000000	0.00000000
26.84354591	0.00000000	0.00000000	0.00000000	0.00000000	0.00000000	0.00000000	0.00000000	0.00000000
30.19898796	0.00000000	0.00000000	0.00000000	0.00000000	0.00000000	0.00000000	0.00000000	0.00000000
33.55443192	0.00000000	0.00000000	0.00000000	0.00000000	0.00000000	0.00000000	0.00000000	0.00000000
36.90987396	0.00000000	0.00000000	0.00000000	0.00000000	0.00000000	0.00000000	0.00000000	0.00000000
40.26531982	0.00000000	0.00000000	0.00000000	0.00000000	0.00000000	0.00000000	0.00000000	0.00000000
43.62076187	0.00000000	0.00000000	0.00000000	0.00000000	0.00000000	0.00000000	0.00000000	0.00000000
46.97620392	0.00000000	0.00000000	0.00000000	0.00000000	0.00000000	0.00000000	0.00000000	0.00000000
50.33164978	0.00000000	0.00000000	0.00000000	0.00000000	0.00000000	0.00000000	0.00000000	0.00000000
53.68709183	0.00000000	0.00000000	0.00000000	0.00000000	0.00000000	0.00000000	0.00000000	0.00000000
60.39797592	0.00000000	0.00000000	0.00000000	0.00000000	0.00000000	0.00000000	0.00000000	0.00000000
67.10886383	0.00000000	0.00000000	0.00000000	0.00000000	0.00000000	0.00000000	0.00000000	0.00000000
73.81974792	0.00000000	0.00000000	0.00000000	0.00000000	0.00000000	0.00000000	0.00000000	0.00000000
80.53063965	0.00000000	0.00000000	0.00000000	0.00000000	0.00000000	0.00000000	0.00000000	0.00000000
87.24152374	0.00000000	0.00000000	0.00000000	0.00000000	0.00000000	0.00000000	0.00000000	0.00000000
93.95240784	0.00000000	0.00000000	0.00000000	0.00000000	0.00000000	0.00000000	0.00000000	0.00000000
100.66329956	0.00000000	0.00000000	0.00000000	0.00000000	0.00000000	0.00000000	0.00000000	0.00000000
107.37418365	0.00000000	0.00000000	0.00000000	0.00000000	0.00000000	0.00000000	0.00000000	0.00000000
120.79595184	0.00000000	0.00000000	0.00000000	0.00000000	0.00000000	0.00000000	0.00000000	0.00000000
134.21772766	0.00000000	0.00000000	0.00000000	0.00000000	0.00000000	0.00000000	0.00000000	0.00000000
147.63949585	0.00000000	0.00000000	0.00000000	0.00000000	0.00000000	0.00000000	0.00000000	0.00000000
161.06127930	0.00000000	0.00000000	0.00000000	0.00000000	0.00000000	0.00000000	0.00000000	0.00000000
174.48304749	0.00000000	0.00000000	0.00000000	0.00000000	0.00000000	0.00000000	0.00000000	0.00000000
187.90481567	0.00000000	0.00000000	0.00000000	0.00000000	0.00000000	0.00000000	0.00000000	0.00000000
201.32659912	0.00000000	0.00000000	0.00000000	0.00000000	0.00000000	0.00000000	0.00000000	0.00000000
214.74836731	0.00000000	0.00000000	0.00000000	0.00000000	0.00000000	0.00000000	0.00000000	0.00000000
241.59190369	0.00000000	0.00000000	0.00000000	0.00000000	0.00000000	0.00000000	0.00000000	0.00000000
268.43545532	0.00000000	0.00000000	0.00000000	0.00000000	0.00000000	0.00000000	0.00000000	0.00000000
295.27899170	0.00000000	0.00000000	0.00000000	0.00000000	0.00000000	0.00000000	0.00000000	0.00000000
322.12255859	0.00000000	0.00000000	0.00000000	0.00000000	0.00000000	0.00000000	0.00000000	0.00000000
348.96609497	0.00000000	0.00000000	0.00000000	0.00000000	0.00000000	0.00000000	0.00000000	0.00000000
375.80963135	0.00000000	0.00000000	0.00000000	0.00000000	0.00000000	0.00000000	0.00000000	0.00000000
402.65319824	0.00000000	0.00000000	0.00000000	0.00000000	0.00000000	0.00000000	0.00000000	0.00000000
429.49673462	0.00000000	0.00000000	0.00000000	0.00000000	0.00000000	0.00000000	0.00000000	0.00000000
483.18380737	0.00000000	0.00000000	0.00000000	0.00000000	0.00000000	0.00000000	0.00000000	0.00000000
536.87091064	0.00000000	0.00000000	0.00000000	0.00000000	0.00000000	0.00000000	0.00000000	0.00000000
590.55798340	0.00000000	0.00000000	0.00000000	0.00000000	0.00000000	0.00000000	0.00000000	0.00000000
644.24511719	0.00000000	0.00000000	0.00000000	0.00000000	0.00000000	0.00000000	0.00000000	0.00000000
697.93218994	0.00000000	0.00000000	0.00000000	0.00000000	0.00000000	0.00000000	0.00000000	0.00000000
751.61926270	0.00000000	0.00000000	0.00000000	0.00000000	0.00000000	0.00000000	0.00000000	0.00000000
805.30639648	0.00000000	0.00000000	0.00000000	0.00000000	0.00000000	0.00000000	0.00000000	0.00000000
858.99346924	0.00000000	0.00000000	0.00000000	0.00000000	0.00000000	0.00000000	0.00000000	0.00000000
966.36761475	0.00000000	0.00000000	0.00000000	0.00000000	0.00000000	0.00000000	0.00000000	0.00000000
1073.74182129	0.00000000	0.00000000	0.00000000	0.00000000	0.00000000	0.00000000	0.00000000	0.00000000
1181.11596680	0.00000000	0.00000000	0.00000000	0.00000000	0.00000000	0.00000000	0.00000000	0.00000000
1288.49023437	0.00000000	0.00000000	0.00000000	0.00000000	0.00000000	0.00000000	0.00000000	0.00000000
1395.86437988	0.00000000	0.00000000	0.00000000	0.00000000	0.00000000	0.00000000	0.00000000	0.00000000
1503.23852539	0.00000000	0.00000000	0.00000000	0.00000000	0.00000000	0.00000000	0.00000000	0.00000000
1610.61279297	0.00000000	0.00000000	0.00000000	0.00000000	0.00000000	0.00000000	0.00000000	0.00000000
1717.98693848	0.00000000	0.00000000	0.00000000	0.00000000	0.00000000	0.00000000	0.00000000	0.00000000
1932.73522949	0.00000000	0.00000000	0.00000000	0.00000000	0.00000000	0.00000000	0.00000000	0.00000000
2147.48364258	0.00000000	0.00000000	0.00000000	0.00000000	0.00000000	0.00000000	0.00000000	0.00000000
2362.23193359	0.00000000	0.00000000	0.00000000	0.00000000	0.00000000	0.00000000	0.00000000	0.00000000
2576.98046875	0.00000000	0.00000000	0.00000000	0.00000000	0.00000000	0.00000000	0.00000000	0.00000000
2791.72875977	0.00000000	0.00000000	0.00000000	0.00000000	0.00000000	0.00000000	0.00000000	0.00000000
3006.47705078	0.00000000	0.00000000	0.00000000	0.00000000	0.00000000	0.00000000	0.00000000	0.00000000
3221.22558594	0.00000000	0.00000000	0.00000000	0.00000000	0.00000000	0.00000000	0.00000000	0.00000000
3435.97387695	0.00000000	0.00000000	0.00000000	0.00000000	0.00000000	0.00000000	0.00000000	0.00000000
0	0	0	0	0	0	0	0	0
