%4/4/2019 3:59:32 PM
%Duration	ID1		ID2		ID3		ID4		ID5		ID6		ID7		ID8
1000.000000	0.000000	0.371933	548.105225	325.841919	171.489716	61.025620	0.391006	0.238419
%Tau		Tau1		Tau2		Tau3		Tau4		Tau5		Tau6		Tau7		Tau8
%		0.000000	0.000001	0.000230	0.000166	0.000115	0.000064	0.000001	0.000001
%Delaytime	D1		D2		D3		D4		D5		D6		D7		D8
0.00000020	0.00000000	60.79249573	1.57790291	1.60413742	1.60104322	2.71744037	204.15757751	0.00000000
0.00000040	0.00000000	60.79249573	1.47719979	1.50919652	1.50489986	1.68553627	0.00000000	0.00000000
0.00000060	0.00000000	0.00000000	1.46191800	1.51312041	1.52508259	1.48249316	51.03939438	0.00000000
0.00000080	0.00000000	0.00000000	1.46932387	1.48268580	1.49425805	1.47693026	0.00000000	0.00000000
0.00000100	0.00000000	0.00000000	1.47457445	1.51943707	1.49095535	1.48805594	0.00000000	0.00000000
0.00000120	0.00000000	0.00000000	1.46187890	1.49024665	1.48031354	1.60765672	0.00000000	0.00000000
0.00000140	0.00000000	0.00000000	1.47484875	1.48948097	1.43591154	1.52421427	0.00000000	0.00000000
0.00000160	0.00000000	0.00000000	1.47669041	1.48794961	1.49645984	1.55759132	0.00000000	0.00000000
0.00000180	0.00000000	0.00000000	1.46736467	1.47732627	1.48655188	1.48249316	0.00000000	0.00000000
0.00000200	0.00000000	0.00000000	1.46881449	1.48048449	1.45205772	1.49083734	51.03939438	0.00000000
0.00000220	0.00000000	0.00000000	1.46199644	1.50268841	1.47664404	1.53533995	0.00000000	0.00000000
0.00000240	0.00000000	0.00000000	1.46908867	1.47981453	1.49058843	1.46580458	0.00000000	0.00000000
0.00000260	0.00000000	0.00000000	1.45819557	1.48814106	1.44838810	1.51030719	0.00000000	0.00000000
0.00000280	0.00000000	0.00000000	1.46422994	1.47512496	1.53976095	1.57984257	0.00000000	0.00000000
0.00000300	0.00000000	0.00000000	1.46093845	1.48900247	1.47334135	1.51587009	0.00000000	0.00000000
0.00000320	0.00000000	0.00000000	1.45960617	1.47981453	1.47077262	1.53533995	0.00000000	0.00000000
0.00000360	0.00000000	0.00000000	1.46403396	1.47502923	1.45297515	1.37540877	25.51969719	0.00000000
0.00000400	0.00000000	0.00000000	1.46689439	1.47550774	1.51407385	1.47971165	0.00000000	0.00000000
0.00000440	0.00000000	30.39624786	1.45572698	1.47282803	1.48728585	1.44911611	0.00000000	133.50476074
0.00000480	0.00000000	0.00000000	1.45531547	1.48416924	1.47591007	1.47414887	0.00000000	0.00000000
0.00000520	0.00000000	0.00000000	1.46377933	1.48995948	1.45866299	1.44077194	0.00000000	0.00000000
0.00000560	0.00000000	0.00000000	1.45784295	1.48230290	1.47756135	1.50196302	0.00000000	0.00000000
0.00000600	0.00000000	0.00000000	1.46601272	1.47445500	1.45297515	1.38931572	0.00000000	0.00000000
0.00000640	0.00000000	0.00000000	1.45494330	1.47378504	1.46214914	1.47553957	0.00000000	0.00000000
0.00000720	0.00000000	15.19812393	1.45952785	1.46761203	1.45792902	1.42199743	0.00000000	0.00000000
0.00000800	0.00000000	0.00000000	1.45333672	1.46665490	1.45334208	1.35385275	0.00000000	0.00000000
0.00000880	0.00000000	0.00000000	1.45351303	1.46744454	1.46040606	1.44842076	0.00000000	0.00000000
0.00000960	0.00000000	0.00000000	1.44868362	1.46899974	1.42967319	1.42547417	0.00000000	0.00000000
0.00001040	0.00000000	0.00000000	1.45566821	1.46122360	1.43517756	1.49292338	12.75984859	0.00000000
0.00001120	0.00000000	0.00000000	1.45224941	1.46710956	1.44811296	1.49292338	0.00000000	0.00000000
0.00001200	0.00000000	0.00000000	1.44299209	1.45840025	1.45040643	1.46163249	0.00000000	0.00000000
0.00001280	0.00000000	0.00000000	1.45015299	1.45639038	1.45600247	1.42060661	0.00000000	0.00000000
0.00001440	0.00000000	0.00000000	1.44677830	1.45237076	1.43384731	1.41608691	0.00000000	0.00000000
0.00001600	0.00000000	0.00000000	1.44228196	1.45599556	1.43205845	1.42477882	6.37992430	0.00000000
0.00001760	0.00000000	0.00000000	1.43693328	1.43924701	1.42760909	1.38131917	0.00000000	0.00000000
0.00001920	0.00000000	0.00000000	1.43735456	1.43556225	1.42572844	1.39731228	6.37992430	0.00000000
0.00002080	0.00000000	0.00000000	1.43715370	1.43121958	1.41155457	1.40913332	0.00000000	0.00000000
0.00002240	0.00000000	7.59906197	1.43146718	1.42300081	1.41316009	1.37401795	0.00000000	0.00000000
0.00002400	0.00000000	0.00000000	1.42324340	1.43352854	1.40435302	1.34724689	0.00000000	0.00000000
0.00002560	0.00000000	15.19812393	1.43090880	1.42105079	1.38958287	1.37262726	6.37992430	0.00000000
0.00002880	0.00000000	3.72354245	1.42838037	1.41827798	1.39533913	1.34987414	0.00000000	0.00000000
0.00003200	0.00000000	0.00000000	1.42019916	1.41088104	1.38192749	1.31296074	3.04661155	0.00000000
0.00003520	0.00000000	0.00000000	1.41940784	1.40848148	1.36954391	1.34864950	0.00000000	0.00000000
0.00003840	0.00000000	7.44708490	1.40812612	1.39325070	1.35994196	1.29319203	0.00000000	0.00000000
0.00004160	0.00000000	0.00000000	1.40632844	1.39146817	1.35307312	1.32573175	0.00000000	0.00000000
0.00004480	0.00000000	3.72354245	1.40153825	1.37909603	1.34898329	1.27359819	3.04661155	16.68809509
0.00004800	0.00000000	3.72354245	1.39710093	1.37416494	1.34169471	1.27204561	0.00000000	0.00000000
0.00005120	0.00000000	0.00000000	1.38841105	1.36966169	1.32873976	1.29286444	0.00000000	16.68809509
0.00005760	0.00000000	1.82490528	1.38362324	1.35284591	1.30019498	1.25502443	3.10276914	0.00000000
0.00006400	0.00000000	0.00000000	1.37365413	1.33977449	1.28790569	1.22391176	0.00000000	0.00000000
0.00007040	0.00000000	0.00000000	1.36273324	1.32746518	1.28006947	1.22382414	1.55138457	0.00000000
0.00007680	0.00000000	0.00000000	1.35640788	1.31795979	1.25736284	1.20320761	0.00000000	0.00000000
0.00008320	0.00000000	0.00000000	1.34610677	1.30532825	1.25351357	1.19461894	0.00000000	0.00000000
0.00008960	0.00000000	3.64981055	1.33578205	1.29212677	1.22864163	1.18997407	0.00000000	0.00000000
0.00009600	0.00000000	0.00000000	1.32811713	1.27784121	1.22218788	1.16035175	1.55138457	0.00000000
0.00010240	0.00000000	0.00000000	1.32014441	1.27128756	1.20632064	1.18241668	3.10276914	0.00000000
0.00011520	0.00000000	0.94031221	1.30339742	1.25277412	1.18597972	1.14616096	0.75477570	0.00000000
0.00012800	0.00000000	0.00000000	1.28820825	1.22796524	1.17864347	1.12700677	0.75477570	4.17202377
0.00014080	0.00000000	1.88062441	1.27133477	1.21459353	1.16287768	1.10721552	0.00000000	0.00000000
0.00015360	0.00000000	2.82093668	1.25974751	1.19978929	1.14441276	1.08865023	1.50955141	0.00000000
0.00016640	0.00000000	0.00000000	1.24571502	1.18105769	1.12707889	1.08466578	1.50955141	4.17202377
0.00017920	0.00000000	0.94031221	1.23198211	1.16736484	1.11446178	1.06351709	0.75477570	0.00000000
0.00019200	0.00000000	0.00000000	1.21999741	1.15404773	1.10848832	1.06069660	1.50955141	0.00000000
0.00020480	0.00000000	0.00000000	1.20819378	1.14045215	1.09351420	1.05883932	0.75477570	0.00000000
0.00023040	0.00000000	0.47015610	1.18371773	1.11774635	1.07980645	1.04172182	0.77569228	0.00000000
0.00025600	0.00000000	0.47015610	1.16385472	1.09971583	1.06797683	1.02989519	1.93923068	0.00000000
0.00028160	0.00000000	0.94031221	1.14563978	1.08173180	1.05650485	1.01828289	0.77569228	6.32514524
0.00030720	0.00000000	0.94031221	1.12907755	1.06894839	1.04766834	1.01523113	0.00000000	0.00000000
0.00033280	0.00000000	0.47015610	1.11393547	1.05532742	1.03994656	1.02428126	1.93923068	0.00000000
0.00035840	0.00000000	0.00000000	1.10018015	1.04337287	1.03225672	1.00487399	0.38784614	2.10838175
0.00038400	0.00000000	0.47015610	1.08793008	1.03612268	1.03070855	1.01084173	0.38784614	0.00000000
0.00040960	0.00000000	2.35078049	1.07675791	1.02647591	1.02437437	1.00813103	0.38784614	4.21676350
0.00046080	0.00000000	2.10505748	1.05808616	1.01704681	1.01437342	1.00294638	0.38784614	1.04300594
0.00051200	0.00000000	1.16947639	1.04316115	1.01063073	1.00673783	1.00286984	1.16353846	1.04300594
0.00056320	0.00000000	1.63726687	1.03278625	1.00492859	1.00042462	0.99890482	0.77569228	0.00000000
0.00061440	0.00000000	0.46779054	1.02357423	1.00324249	0.99280280	0.99791008	1.16353846	1.04858351
0.00066560	0.00000000	0.70168585	1.01645625	1.00733531	0.99669397	1.00827956	1.93923068	0.00000000
0.00071680	0.00000000	0.70168585	1.01124525	1.00841916	0.99544287	1.00145757	0.77569228	1.04858351
0.00076800	0.00000000	2.10505748	1.00869060	1.00720596	0.99996406	1.00678480	0.19392307	3.14575028
0.00081920	0.00000000	1.16947639	1.00708973	1.00735867	1.00225341	1.00605249	2.32707691	1.04858351
0.00092160	0.00000000	0.71604216	1.00286865	1.00086498	1.00462282	1.00646806	1.37316549	2.63555241
0.00102400	0.00000000	0.47736147	1.00152671	0.99800432	1.00315940	1.01325893	0.98083246	3.68977356
0.00112640	0.00000000	0.95472294	0.99995911	1.00058317	1.00191545	1.00591147	1.66741526	0.52711052
0.00122880	0.00000000	0.83538258	1.00012803	0.99831188	1.00348926	0.99993324	1.07891572	0.52711052
0.00133120	0.00000000	1.19340360	0.99982595	0.99444342	1.00139606	0.99406141	0.58849949	0.52711052
0.00143360	0.00000000	0.59670180	0.99752969	0.99796188	1.00241160	0.99021274	1.17699897	2.10844207
0.00153600	0.00000000	0.95472294	0.99752373	0.99928516	0.99830437	0.99219370	0.98083246	1.05422103
0.00163840	0.00000000	1.07133722	0.99700260	0.99763864	1.00077295	1.01037157	1.27508223	1.05422103
0.00184320	0.00000000	0.64810127	0.99702209	0.99794847	0.99880177	1.00237298	1.37000144	0.26354772
0.00204800	0.00000000	1.11944759	1.00003242	1.00105631	0.99851215	1.00581372	1.37000144	0.79064316
0.00225280	0.00000000	0.70701957	1.00461543	1.00062561	0.99457908	1.00638902	0.97857249	0.52709544
0.00245760	0.00000000	1.23728418	1.00526416	0.99666291	0.99207389	1.00209701	1.22321558	2.37192941
0.00266240	0.00000000	1.35512078	1.00902855	0.99640280	0.98805672	0.99763644	1.07395518	1.58128631
0.00286720	0.00000000	0.94269276	1.00668406	0.99990004	0.99432373	0.99819565	0.73224217	1.05419087
0.00307200	0.00000000	0.82485616	1.00294971	1.00721633	0.99896127	0.99850756	1.26921976	0.26354772
0.00327680	0.00000000	0.70701957	1.00219095	1.00302553	0.99305218	0.99510568	0.63460988	1.31773853
0.00368640	0.00000000	1.07634330	0.99789053	0.99747044	0.99478149	0.99783570	1.31167829	1.19875133
0.00409600	0.00000000	0.87271076	1.00170064	1.00033617	1.00743711	1.00734651	1.13843775	0.52992928
0.00450560	0.00000000	1.25404418	1.00524282	0.99724144	1.00121510	0.99354601	1.23743236	0.52992928
0.00491520	0.00000000	1.10822511	1.00570381	0.99827170	1.00227070	1.00674415	1.08894050	1.32482314
0.00532480	0.00000000	1.13738894	0.99975842	1.00086999	0.99854511	0.99791133	1.08642554	1.45730555
0.00573440	0.00000000	0.61399066	0.99961972	1.00223017	0.99921930	1.00656414	0.76543617	0.39744696
0.00614400	0.00000000	0.99408013	1.00163388	1.00560725	0.99842942	0.99924582	0.76543617	0.79489392
0.00655360	0.00000000	0.72909546	0.99844527	0.99789852	1.00412953	0.99310511	0.96296811	1.58978784
0.00737280	0.00000000	0.81452489	1.00075996	0.99960732	0.99761033	0.99489528	0.98994589	0.46618107
0.00819200	0.00000000	0.73994029	0.99941474	0.99825585	1.00045538	1.00010073	0.93239087	1.26534855
0.00901120	0.00000000	1.04462159	0.99248213	0.99734354	1.00191748	0.99680418	0.86821240	0.99895942
0.00983040	0.00000000	1.03011298	0.99651593	1.00516903	0.99368423	1.00262225	0.91782451	0.93236214
0.01064960	0.00000000	0.92855251	0.99601328	0.99937010	0.99721658	1.00044620	1.05670965	0.66597295
0.01146880	0.00000000	1.22178733	0.99045235	0.99453729	1.00017595	0.99961323	0.83100325	0.93236214
0.01228800	0.00000000	1.04462159	0.99649900	0.99589431	0.99778765	1.00273705	1.25270641	0.53277838
0.01310720	0.00000000	1.14618206	1.00763011	1.00463998	0.99873304	0.99869394	0.88061541	1.79812694
0.01474560	0.00000000	1.20047569	0.99869019	1.00952041	0.99583960	0.99990511	1.01149428	0.80785412
0.01638400	0.00000000	1.04318547	1.00161183	0.99959785	1.00067246	1.00056994	1.06420326	1.00981772
0.01802240	0.00000000	1.02114630	0.99774164	1.00265324	1.00095141	0.99627644	1.13409960	1.27910233
0.01966080	0.00000000	0.80075502	0.99534720	0.99628633	1.00121176	0.99662566	1.10344827	1.31276298
0.02129920	0.00000000	0.91599560	0.99652094	1.00085735	1.00143373	0.99950415	1.01384115	1.11079943
0.02293760	0.00000000	1.09919465	1.00076461	0.99587119	1.00015163	1.00406301	1.08394551	1.04347825
0.02457600	0.00000000	0.95996338	1.00264645	0.99748641	1.00151694	0.99713260	0.90324026	1.00981772
0.02621440	0.00000000	1.03583908	1.00236368	0.99944210	0.99969637	0.99974650	1.10600853	0.63955116
0.02949120	0.00000000	1.01379991	0.99691898	1.00005960	0.99823701	0.99907690	1.01085269	1.05985856
0.03276800	0.00000000	0.86103582	1.00045657	1.00281012	0.99873251	1.00001073	0.96657854	0.84457481
0.03604480	0.00000000	1.01125908	0.99907529	0.99787700	0.99701679	0.99894172	1.18724442	0.82801449
0.03932160	0.00000000	1.03476584	0.99941438	0.99851352	0.99852532	0.99615014	1.01085269	1.02673793
0.04259840	0.00000000	0.99929321	1.00151145	0.99995977	1.00039375	0.99741364	0.92499059	0.95536047
0.04587520	0.00000000	1.02630365	1.00326157	0.99842864	1.00016439	1.00116301	0.95902038	0.92241699
0.04915200	0.00000000	0.92662668	1.00224125	0.99905872	1.00175142	1.00104022	1.04014575	0.84005833
0.05242880	0.00000000	0.98818994	1.00168920	1.00116122	1.00160491	0.99686205	1.05931032	0.98830390
0.05898240	0.00000000	1.00529349	0.99702543	1.00044060	0.99898404	0.99980074	1.08700156	1.05157840
0.06553600	0.00000000	0.98765177	1.00148046	1.00000012	0.99953049	1.00108206	0.95305097	1.16952646
0.07208960	0.00000000	1.07975650	1.00259185	0.99809366	0.99975777	1.00056005	1.03086972	1.02951264
0.07864320	0.00000000	1.02998877	1.00133991	1.00143802	1.00075042	0.99945617	1.04784513	1.10125923
0.08519680	0.00000000	1.05051172	0.99862880	0.99887848	0.99896997	0.99686360	1.02071142	1.08716536
0.09175040	0.00000000	0.98135787	1.00103760	1.00004864	1.00026643	1.00005949	0.99849743	1.00480437
0.09830400	0.00000000	1.10471809	1.00160265	1.00020337	0.99906778	0.99869984	0.97626597	0.96049678
0.10485760	0.00000000	0.97215188	0.99841720	0.99826092	1.00039589	1.00017476	0.98473561	0.86021507
0.11796480	0.00000000	0.98916584	0.99925292	0.99960798	0.99988425	1.00033057	0.94858116	0.98189229
0.13107200	0.00000000	0.96632743	1.00362992	0.99913794	1.00050688	1.00082052	0.95267230	1.11192369
0.14417920	0.00000000	0.99247712	1.00064492	0.99758869	0.99927372	1.00122857	0.92390317	0.97928172
0.15728641	0.00000000	0.99160874	0.99835181	0.99999386	0.99986982	0.99998295	0.94965118	1.09299076
0.17039360	0.00000000	0.97403336	1.00177205	1.00096536	0.99972242	1.00020766	0.97664660	0.84504503
0.18350080	0.00000000	1.01935589	1.00073552	1.00079072	0.99985635	0.99968511	0.97348052	0.98021799
0.19660801	0.00000000	0.95581812	1.00008070	1.00007546	1.00056672	0.99886853	0.97391742	1.02660823
0.20971520	0.00000000	0.98885882	0.99779654	1.00009620	1.00012851	1.00055516	0.97452831	1.03642106
0.23592959	0.00000000	0.99158835	1.00062168	1.00010848	1.00081193	0.99939907	0.99176568	1.04068053
0.26214400	0.00000000	0.96263212	0.99906951	1.00013363	0.99910259	0.99942470	1.05740440	1.07976878
0.28835839	0.00000000	1.00817192	1.00025558	0.99939680	0.99956262	1.00099790	1.01074362	0.88974786
0.31457281	0.00000000	0.99231970	1.00054073	0.99876785	1.00001800	0.99881732	1.05761325	1.04131877
0.34078720	0.00000000	0.97502404	0.99804801	0.99995363	1.00087988	1.00145447	0.95073372	1.02808535
0.36700159	0.00000000	0.95939219	0.99983150	1.00034833	0.99973631	0.99960303	1.01527989	0.94036627
0.39321601	0.00000000	1.01623702	0.99906462	1.00015783	0.99999374	0.99952716	0.97760910	1.02613103
0.41943040	0.00000000	0.98778832	1.00004029	1.00023699	1.00006533	1.00005627	0.98374134	0.91688311
0.47185919	0.00000000	0.98409683	0.99968779	0.99997562	1.00009012	1.00059342	1.00512826	0.98547804
0.52428800	0.00000000	1.03339148	0.99867678	0.99979603	1.00000095	1.00004530	1.00666916	0.98503822
0.57671678	0.00000000	0.99142188	1.00010860	1.00011003	0.99940103	0.99928969	1.05069339	1.02264416
0.62914562	0.00000000	1.00508344	0.99973708	0.99999732	0.99940056	1.00033748	1.00282621	0.98214287
0.68157440	0.00000000	0.98721230	0.99822414	0.99942648	1.00016165	1.00012589	0.98150635	1.00830567
0.73400319	0.00000000	0.99481648	1.00020051	0.99904412	0.99991560	0.99965078	0.96430844	1.00852835
0.78643203	0.00000000	0.99318796	0.99873716	1.00030100	1.00006235	1.00026298	0.93190974	0.97304279
0.83886081	0.00000000	0.99734581	1.00040865	0.99912876	1.00012004	1.00053823	0.99371254	0.99190283
0.94371837	0.00000000	1.01235068	1.00073349	0.99990940	1.00032556	1.00026751	1.02724111	0.98172414
1.04857600	0.00000000	1.00681865	1.00068974	1.00026512	0.99926633	0.99963129	0.99146879	0.96090013
1.15343356	0.00000000	0.99939615	1.00012088	0.99875647	0.99987602	1.00009120	1.00196075	0.95283359
1.25829124	0.00000000	0.99279058	1.00035810	1.00063729	1.00026608	1.00054765	0.98931301	0.98400003
1.36314881	0.00000000	0.99580330	1.00001466	0.99891573	0.99991947	0.99954617	0.98697150	1.02153850
1.46800637	0.00000000	1.00699306	0.99983078	1.00133777	0.99941319	0.99941522	1.03525639	1.06011403
1.57286406	0.00000000	0.99202263	1.00006366	0.99886268	0.99964690	1.00000024	1.00657892	1.02450979
1.67772162	0.00000000	0.99627328	1.00016928	1.00031292	1.00118566	0.99983364	0.99437147	1.00000000
1.88743675	0.00000000	0.00000000	0.00000000	0.00000000	0.00000000	0.00000000	0.00000000	0.00000000
2.09715199	0.00000000	0.00000000	0.00000000	0.00000000	0.00000000	0.00000000	0.00000000	0.00000000
2.30686712	0.00000000	0.00000000	0.00000000	0.00000000	0.00000000	0.00000000	0.00000000	0.00000000
2.51658249	0.00000000	0.00000000	0.00000000	0.00000000	0.00000000	0.00000000	0.00000000	0.00000000
2.72629762	0.00000000	0.00000000	0.00000000	0.00000000	0.00000000	0.00000000	0.00000000	0.00000000
2.93601274	0.00000000	0.00000000	0.00000000	0.00000000	0.00000000	0.00000000	0.00000000	0.00000000
3.14572811	0.00000000	0.00000000	0.00000000	0.00000000	0.00000000	0.00000000	0.00000000	0.00000000
3.35544324	0.00000000	0.00000000	0.00000000	0.00000000	0.00000000	0.00000000	0.00000000	0.00000000
3.77487350	0.00000000	0.00000000	0.00000000	0.00000000	0.00000000	0.00000000	0.00000000	0.00000000
4.19430399	0.00000000	0.00000000	0.00000000	0.00000000	0.00000000	0.00000000	0.00000000	0.00000000
4.61373425	0.00000000	0.00000000	0.00000000	0.00000000	0.00000000	0.00000000	0.00000000	0.00000000
5.03316498	0.00000000	0.00000000	0.00000000	0.00000000	0.00000000	0.00000000	0.00000000	0.00000000
5.45259523	0.00000000	0.00000000	0.00000000	0.00000000	0.00000000	0.00000000	0.00000000	0.00000000
5.87202549	0.00000000	0.00000000	0.00000000	0.00000000	0.00000000	0.00000000	0.00000000	0.00000000
6.29145622	0.00000000	0.00000000	0.00000000	0.00000000	0.00000000	0.00000000	0.00000000	0.00000000
6.71088648	0.00000000	0.00000000	0.00000000	0.00000000	0.00000000	0.00000000	0.00000000	0.00000000
7.54974699	0.00000000	0.00000000	0.00000000	0.00000000	0.00000000	0.00000000	0.00000000	0.00000000
8.38860798	0.00000000	0.00000000	0.00000000	0.00000000	0.00000000	0.00000000	0.00000000	0.00000000
9.22746849	0.00000000	0.00000000	0.00000000	0.00000000	0.00000000	0.00000000	0.00000000	0.00000000
10.06632996	0.00000000	0.00000000	0.00000000	0.00000000	0.00000000	0.00000000	0.00000000	0.00000000
10.90519047	0.00000000	0.00000000	0.00000000	0.00000000	0.00000000	0.00000000	0.00000000	0.00000000
11.74405098	0.00000000	0.00000000	0.00000000	0.00000000	0.00000000	0.00000000	0.00000000	0.00000000
12.58291245	0.00000000	0.00000000	0.00000000	0.00000000	0.00000000	0.00000000	0.00000000	0.00000000
13.42177296	0.00000000	0.00000000	0.00000000	0.00000000	0.00000000	0.00000000	0.00000000	0.00000000
15.09949398	0.00000000	0.00000000	0.00000000	0.00000000	0.00000000	0.00000000	0.00000000	0.00000000
16.77721596	0.00000000	0.00000000	0.00000000	0.00000000	0.00000000	0.00000000	0.00000000	0.00000000
18.45493698	0.00000000	0.00000000	0.00000000	0.00000000	0.00000000	0.00000000	0.00000000	0.00000000
20.13265991	0.00000000	0.00000000	0.00000000	0.00000000	0.00000000	0.00000000	0.00000000	0.00000000
21.81038094	0.00000000	0.00000000	0.00000000	0.00000000	0.00000000	0.00000000	0.00000000	0.00000000
23.48810196	0.00000000	0.00000000	0.00000000	0.00000000	0.00000000	0.00000000	0.00000000	0.00000000
25.16582489	0.00000000	0.00000000	0.00000000	0.00000000	0.00000000	0.00000000	0.00000000	0.00000000
26.84354591	0.00000000	0.00000000	0.00000000	0.00000000	0.00000000	0.00000000	0.00000000	0.00000000
30.19898796	0.00000000	0.00000000	0.00000000	0.00000000	0.00000000	0.00000000	0.00000000	0.00000000
33.55443192	0.00000000	0.00000000	0.00000000	0.00000000	0.00000000	0.00000000	0.00000000	0.00000000
36.90987396	0.00000000	0.00000000	0.00000000	0.00000000	0.00000000	0.00000000	0.00000000	0.00000000
40.26531982	0.00000000	0.00000000	0.00000000	0.00000000	0.00000000	0.00000000	0.00000000	0.00000000
43.62076187	0.00000000	0.00000000	0.00000000	0.00000000	0.00000000	0.00000000	0.00000000	0.00000000
46.97620392	0.00000000	0.00000000	0.00000000	0.00000000	0.00000000	0.00000000	0.00000000	0.00000000
50.33164978	0.00000000	0.00000000	0.00000000	0.00000000	0.00000000	0.00000000	0.00000000	0.00000000
53.68709183	0.00000000	0.00000000	0.00000000	0.00000000	0.00000000	0.00000000	0.00000000	0.00000000
60.39797592	0.00000000	0.00000000	0.00000000	0.00000000	0.00000000	0.00000000	0.00000000	0.00000000
67.10886383	0.00000000	0.00000000	0.00000000	0.00000000	0.00000000	0.00000000	0.00000000	0.00000000
73.81974792	0.00000000	0.00000000	0.00000000	0.00000000	0.00000000	0.00000000	0.00000000	0.00000000
80.53063965	0.00000000	0.00000000	0.00000000	0.00000000	0.00000000	0.00000000	0.00000000	0.00000000
87.24152374	0.00000000	0.00000000	0.00000000	0.00000000	0.00000000	0.00000000	0.00000000	0.00000000
93.95240784	0.00000000	0.00000000	0.00000000	0.00000000	0.00000000	0.00000000	0.00000000	0.00000000
100.66329956	0.00000000	0.00000000	0.00000000	0.00000000	0.00000000	0.00000000	0.00000000	0.00000000
107.37418365	0.00000000	0.00000000	0.00000000	0.00000000	0.00000000	0.00000000	0.00000000	0.00000000
120.79595184	0.00000000	0.00000000	0.00000000	0.00000000	0.00000000	0.00000000	0.00000000	0.00000000
134.21772766	0.00000000	0.00000000	0.00000000	0.00000000	0.00000000	0.00000000	0.00000000	0.00000000
147.63949585	0.00000000	0.00000000	0.00000000	0.00000000	0.00000000	0.00000000	0.00000000	0.00000000
161.06127930	0.00000000	0.00000000	0.00000000	0.00000000	0.00000000	0.00000000	0.00000000	0.00000000
174.48304749	0.00000000	0.00000000	0.00000000	0.00000000	0.00000000	0.00000000	0.00000000	0.00000000
187.90481567	0.00000000	0.00000000	0.00000000	0.00000000	0.00000000	0.00000000	0.00000000	0.00000000
201.32659912	0.00000000	0.00000000	0.00000000	0.00000000	0.00000000	0.00000000	0.00000000	0.00000000
214.74836731	0.00000000	0.00000000	0.00000000	0.00000000	0.00000000	0.00000000	0.00000000	0.00000000
241.59190369	0.00000000	0.00000000	0.00000000	0.00000000	0.00000000	0.00000000	0.00000000	0.00000000
268.43545532	0.00000000	0.00000000	0.00000000	0.00000000	0.00000000	0.00000000	0.00000000	0.00000000
295.27899170	0.00000000	0.00000000	0.00000000	0.00000000	0.00000000	0.00000000	0.00000000	0.00000000
322.12255859	0.00000000	0.00000000	0.00000000	0.00000000	0.00000000	0.00000000	0.00000000	0.00000000
348.96609497	0.00000000	0.00000000	0.00000000	0.00000000	0.00000000	0.00000000	0.00000000	0.00000000
375.80963135	0.00000000	0.00000000	0.00000000	0.00000000	0.00000000	0.00000000	0.00000000	0.00000000
402.65319824	0.00000000	0.00000000	0.00000000	0.00000000	0.00000000	0.00000000	0.00000000	0.00000000
429.49673462	0.00000000	0.00000000	0.00000000	0.00000000	0.00000000	0.00000000	0.00000000	0.00000000
483.18380737	0.00000000	0.00000000	0.00000000	0.00000000	0.00000000	0.00000000	0.00000000	0.00000000
536.87091064	0.00000000	0.00000000	0.00000000	0.00000000	0.00000000	0.00000000	0.00000000	0.00000000
590.55798340	0.00000000	0.00000000	0.00000000	0.00000000	0.00000000	0.00000000	0.00000000	0.00000000
644.24511719	0.00000000	0.00000000	0.00000000	0.00000000	0.00000000	0.00000000	0.00000000	0.00000000
697.93218994	0.00000000	0.00000000	0.00000000	0.00000000	0.00000000	0.00000000	0.00000000	0.00000000
751.61926270	0.00000000	0.00000000	0.00000000	0.00000000	0.00000000	0.00000000	0.00000000	0.00000000
805.30639648	0.00000000	0.00000000	0.00000000	0.00000000	0.00000000	0.00000000	0.00000000	0.00000000
858.99346924	0.00000000	0.00000000	0.00000000	0.00000000	0.00000000	0.00000000	0.00000000	0.00000000
966.36761475	0.00000000	0.00000000	0.00000000	0.00000000	0.00000000	0.00000000	0.00000000	0.00000000
1073.74182129	0.00000000	0.00000000	0.00000000	0.00000000	0.00000000	0.00000000	0.00000000	0.00000000
1181.11596680	0.00000000	0.00000000	0.00000000	0.00000000	0.00000000	0.00000000	0.00000000	0.00000000
1288.49023437	0.00000000	0.00000000	0.00000000	0.00000000	0.00000000	0.00000000	0.00000000	0.00000000
1395.86437988	0.00000000	0.00000000	0.00000000	0.00000000	0.00000000	0.00000000	0.00000000	0.00000000
1503.23852539	0.00000000	0.00000000	0.00000000	0.00000000	0.00000000	0.00000000	0.00000000	0.00000000
1610.61279297	0.00000000	0.00000000	0.00000000	0.00000000	0.00000000	0.00000000	0.00000000	0.00000000
1717.98693848	0.00000000	0.00000000	0.00000000	0.00000000	0.00000000	0.00000000	0.00000000	0.00000000
1932.73522949	0.00000000	0.00000000	0.00000000	0.00000000	0.00000000	0.00000000	0.00000000	0.00000000
2147.48364258	0.00000000	0.00000000	0.00000000	0.00000000	0.00000000	0.00000000	0.00000000	0.00000000
2362.23193359	0.00000000	0.00000000	0.00000000	0.00000000	0.00000000	0.00000000	0.00000000	0.00000000
2576.98046875	0.00000000	0.00000000	0.00000000	0.00000000	0.00000000	0.00000000	0.00000000	0.00000000
2791.72875977	0.00000000	0.00000000	0.00000000	0.00000000	0.00000000	0.00000000	0.00000000	0.00000000
3006.47705078	0.00000000	0.00000000	0.00000000	0.00000000	0.00000000	0.00000000	0.00000000	0.00000000
3221.22558594	0.00000000	0.00000000	0.00000000	0.00000000	0.00000000	0.00000000	0.00000000	0.00000000
3435.97387695	0.00000000	0.00000000	0.00000000	0.00000000	0.00000000	0.00000000	0.00000000	0.00000000
0	0	0	0	0	0	0	0	0
