%4/4/2019 4:00:16 PM
%Duration	ID1		ID2		ID3		ID4		ID5		ID6		ID7		ID8
1000.000000	0.000000	0.476837	507.612244	324.249268	166.091919	59.385300	0.476837	0.190735
%Tau		Tau1		Tau2		Tau3		Tau4		Tau5		Tau6		Tau7		Tau8
%		0.000000	0.000001	0.000230	0.000154	0.000115	0.000064	0.000001	0.000001
%Delaytime	D1		D2		D3		D4		D5		D6		D7		D8
0.00000020	0.00000000	109.06508636	1.56887901	1.59630990	1.71931469	2.72328925	133.79750061	0.00000000
0.00000040	0.00000000	0.00000000	1.47852409	1.49201703	1.57397211	1.64077461	0.00000000	0.00000000
0.00000060	0.00000000	0.00000000	1.46477020	1.48995471	1.48928428	1.53875756	0.00000000	0.00000000
0.00000080	0.00000000	0.00000000	1.47003019	1.49329364	1.50606930	1.54159141	0.00000000	0.00000000
0.00000100	0.00000000	0.00000000	1.46387410	1.48023248	1.49500644	1.47641385	0.00000000	0.00000000
0.00000120	0.00000000	0.00000000	1.47427714	1.46265399	1.50416195	1.49625051	0.00000000	0.00000000
0.00000140	0.00000000	0.00000000	1.45986092	1.45499408	1.48089182	1.53025615	0.00000000	0.00000000
0.00000160	0.00000000	0.00000000	1.45440614	1.47983968	1.48890281	1.44807577	0.00000000	0.00000000
0.00000180	0.00000000	0.00000000	1.46757555	1.47826838	1.49195468	1.54725897	0.00000000	0.00000000
0.00000200	0.00000000	0.00000000	1.46290004	1.47394741	1.42939246	1.47641385	0.00000000	0.00000000
0.00000220	0.00000000	0.00000000	1.46266627	1.45902038	1.50797665	1.61243653	0.00000000	0.00000000
0.00000240	0.00000000	0.00000000	1.45845830	1.45931506	1.50988400	1.54159141	0.00000000	0.00000000
0.00000260	0.00000000	0.00000000	1.44863963	1.45509219	1.47059202	1.56142807	0.00000000	0.00000000
0.00000280	0.00000000	0.00000000	1.45097744	1.45617247	1.49576938	1.55009282	0.00000000	0.00000000
0.00000300	0.00000000	0.00000000	1.44599009	1.45980608	1.44503307	1.45374334	0.00000000	0.00000000
0.00000320	0.00000000	0.00000000	1.46095192	1.47532237	1.47097349	1.49341667	0.00000000	0.00000000
0.00000360	0.00000000	0.00000000	1.45904267	1.47654986	1.49157321	1.45374334	0.00000000	0.00000000
0.00000400	0.00000000	0.00000000	1.45594513	1.46943009	1.50053787	1.40556860	0.00000000	0.00000000
0.00000440	0.00000000	0.00000000	1.45908165	1.45749819	1.46773088	1.43815744	0.00000000	0.00000000
0.00000480	0.00000000	0.00000000	1.45534122	1.46186829	1.48375297	1.48349833	0.00000000	0.00000000
0.00000520	0.00000000	0.00000000	1.44737327	1.45612335	1.49824905	1.40556860	0.00000000	0.00000000
0.00000560	0.00000000	0.00000000	1.45321774	1.46776056	1.44865704	1.42823911	0.00000000	0.00000000
0.00000600	0.00000000	0.00000000	1.44166529	1.46648395	1.48756766	1.45941103	0.00000000	0.00000000
0.00000640	0.00000000	0.00000000	1.44528878	1.45499408	1.47555113	1.45374334	0.00000000	0.00000000
0.00000720	0.00000000	0.00000000	1.45477629	1.45941317	1.47888911	1.42327988	0.00000000	0.00000000
0.00000800	0.00000000	0.00000000	1.45229244	1.45656526	1.45199502	1.40911090	0.00000000	0.00000000
0.00000880	0.00000000	0.00000000	1.45921803	1.44910181	1.46630037	1.48066449	0.00000000	0.00000000
0.00000960	0.00000000	0.00000000	1.44216204	1.45256352	1.45590508	1.47216308	0.00000000	0.00000000
0.00001040	0.00000000	0.00000000	1.44634080	1.44556642	1.46000600	1.45303488	0.00000000	0.00000000
0.00001120	0.00000000	0.00000000	1.44985723	1.44539452	1.46906602	1.41548693	0.00000000	0.00000000
0.00001200	0.00000000	0.00000000	1.44557130	1.44649935	1.44941998	1.44382501	11.14979172	0.00000000
0.00001280	0.00000000	0.00000000	1.43846059	1.43658078	1.43902481	1.44382501	0.00000000	0.00000000
0.00001440	0.00000000	0.00000000	1.43910348	1.44071758	1.44827557	1.40875661	0.00000000	34.84310150
0.00001600	0.00000000	0.00000000	1.43504155	1.43664217	1.43587756	1.38254392	0.00000000	34.84310150
0.00001760	0.00000000	6.81656790	1.43559194	1.43896222	1.43015552	1.38396084	0.00000000	0.00000000
0.00001920	0.00000000	6.81656790	1.43076050	1.43065166	1.42543471	1.45586872	0.00000000	0.00000000
0.00002080	0.00000000	0.00000000	1.43516338	1.42576599	1.41589773	1.37616789	0.00000000	34.84310150
0.00002240	0.00000000	0.00000000	1.42409790	1.41798329	1.41899729	1.35491431	0.00000000	0.00000000
0.00002400	0.00000000	0.00000000	1.42577815	1.41285217	1.39691937	1.38218975	0.00000000	0.00000000
0.00002560	0.00000000	6.81656790	1.42156529	1.41465664	1.39415359	1.39635873	0.00000000	0.00000000
0.00002880	0.00000000	0.00000000	1.42175984	1.40349472	1.39277172	1.38267124	0.00000000	0.00000000
0.00003200	0.00000000	0.00000000	1.41573799	1.39343762	1.38788497	1.34949136	2.82416487	0.00000000
0.00003520	0.00000000	0.00000000	1.41570604	1.39411581	1.37458301	1.32950103	0.00000000	0.00000000
0.00003840	0.00000000	0.00000000	1.40867615	1.38205457	1.36624849	1.32142544	0.00000000	0.00000000
0.00004160	0.00000000	0.00000000	1.40147221	1.37352943	1.36409914	1.31440306	0.00000000	0.00000000
0.00004480	0.00000000	0.00000000	1.40007615	1.36978841	1.34757328	1.30720520	0.00000000	0.00000000
0.00004800	0.00000000	0.00000000	1.39758444	1.36134863	1.33357882	1.30264068	0.00000000	0.00000000
0.00005120	0.00000000	0.00000000	1.38946414	1.35113859	1.33606255	1.29684722	2.82416487	0.00000000
0.00005760	0.00000000	0.00000000	1.37981391	1.34011328	1.31690085	1.27040350	0.00000000	0.00000000
0.00006400	0.00000000	0.00000000	1.37067521	1.33158779	1.30451775	1.21970332	0.00000000	8.08398914
0.00007040	0.00000000	0.00000000	1.36097240	1.31312954	1.28214586	1.23164308	0.00000000	16.16797829
0.00007680	0.00000000	0.00000000	1.35398531	1.30075395	1.26749182	1.18686891	1.41208243	0.00000000
0.00008320	0.00000000	0.00000000	1.34512842	1.29081225	1.25550318	1.19413507	1.41208243	0.00000000
0.00008960	0.00000000	1.67982638	1.33675683	1.28180575	1.24093282	1.16962111	0.00000000	0.00000000
0.00009600	0.00000000	0.00000000	1.32801485	1.26660287	1.22343814	1.17313278	1.41208243	0.00000000
0.00010240	0.00000000	0.00000000	1.31910777	1.25866807	1.21358919	1.15761399	0.00000000	0.00000000
0.00011520	0.00000000	0.84798926	1.30071950	1.23547399	1.19352853	1.11950827	2.09058595	0.00000000
0.00012800	0.00000000	0.84798926	1.28748834	1.21832561	1.17509651	1.12325132	0.00000000	4.12799215
0.00014080	0.00000000	0.84798926	1.27236581	1.20464599	1.16114712	1.09942818	1.39372396	0.00000000
0.00015360	0.00000000	0.00000000	1.25832593	1.18684065	1.14133263	1.07624710	1.39372396	0.00000000
0.00016640	0.00000000	1.69597852	1.24461496	1.17261899	1.12723196	1.07393181	1.39372396	0.00000000
0.00017920	0.00000000	1.69597852	1.23153186	1.15597332	1.11648595	1.07805252	1.39372396	0.00000000
0.00019200	0.00000000	0.84798926	1.21817660	1.14428318	1.10626483	1.05381525	2.09058595	0.00000000
0.00020480	0.00000000	0.00000000	1.20576036	1.13473856	1.08959222	1.03281116	0.69686198	0.00000000
0.00023040	0.00000000	1.27810645	1.18394101	1.11331534	1.07285058	1.03403127	1.06371188	2.10838175
0.00025600	0.00000000	1.27810645	1.16169953	1.09360886	1.05559111	1.02331781	1.41828251	0.00000000
0.00028160	0.00000000	0.85207099	1.14466953	1.07967687	1.04228830	1.01597261	0.70914125	0.00000000
0.00030720	0.00000000	1.27810645	1.12637258	1.06729853	1.03303933	1.00849485	0.70914125	0.00000000
0.00033280	0.00000000	2.13017750	1.11281264	1.05669427	1.02291954	1.00924897	1.41828251	0.00000000
0.00035840	0.00000000	1.27810645	1.09869397	1.04741359	1.01747668	1.01919985	1.06371188	0.00000000
0.00038400	0.00000000	1.27810645	1.08583093	1.04125011	1.01612985	1.01234365	1.06371188	0.00000000
0.00040960	0.00000000	2.55621290	1.07471478	1.03337169	1.00986564	1.00123250	1.06371188	0.00000000
0.00046080	0.00000000	0.42096129	1.05634189	1.02361536	1.00629461	0.99901658	1.57477891	3.12901759
0.00051200	0.00000000	0.84192258	1.04193223	1.01471913	1.00361335	1.00088835	1.04985261	1.04300594
0.00056320	0.00000000	1.47336447	1.03121102	1.00777006	1.00179005	0.99693376	1.39980352	4.17202377
0.00061440	0.00000000	0.42096129	1.02181911	1.00229728	0.99801713	1.00284970	1.04985261	0.00000000
0.00066560	0.00000000	1.68384516	1.01244247	0.99785930	1.00011027	1.00221741	1.39980352	1.04300594
0.00071680	0.00000000	1.05240321	1.00763834	0.99593711	1.00144005	1.00368655	2.79960704	2.08601189
0.00076800	0.00000000	0.63144189	1.00504613	0.99412346	1.00002968	1.00127995	1.22482800	0.00000000
0.00081920	0.00000000	0.63144189	1.00268126	0.99496222	0.99970949	1.00564003	0.69990176	2.08601189
0.00092160	0.00000000	1.47688925	1.00353479	0.99260056	0.99675423	1.00252867	0.86168689	0.51874369
0.00102400	0.00000000	1.26590514	1.00176609	0.99280638	0.99952507	0.99834669	0.77551824	0.51874369
0.00112640	0.00000000	0.52746046	1.00092494	0.99515194	0.99843001	1.00505447	1.20636165	1.03748739
0.00122880	0.00000000	1.05492091	0.99642634	0.99984950	0.99906379	1.00070989	1.29253042	0.51874369
0.00133120	0.00000000	1.26590514	0.99519402	1.00022101	0.99581826	0.99814391	1.37869906	1.55623102
0.00143360	0.00000000	1.26288378	0.99920458	1.00001109	0.99221331	0.99908990	0.86355609	0.51874369
0.00153600	0.00000000	1.26288378	1.00066340	1.00184059	0.99752867	0.99623907	0.94991171	0.00000000
0.00163840	0.00000000	0.73668224	1.00202405	1.00213289	0.99861979	0.99342448	0.77720046	0.51874369
0.00184320	0.00000000	1.37139714	1.00478089	1.00092113	0.99004972	0.98953491	1.19857872	0.25799951
0.00204800	0.00000000	1.37139714	1.00606179	1.00025809	0.99087059	0.99867868	0.94376999	0.77399850
0.00225280	0.00000000	1.31865108	1.00362337	1.00053763	0.99615878	0.99782020	1.15826321	0.25799951
0.00245760	0.00000000	0.84393674	1.00333476	0.99800235	0.99951965	1.00716984	0.98666865	1.02656639
0.00266240	0.00000000	0.79119068	1.00365949	1.00142109	1.00314772	1.00879323	0.72927684	0.51328319
0.00286720	0.00000000	1.10766697	1.00540948	0.99975711	0.99648547	0.99832588	0.77217549	0.76992482
0.00307200	0.00000000	1.21315908	1.00823975	0.99958700	1.00030518	0.99371421	0.81507409	0.76992482
0.00327680	0.00000000	0.94942880	1.00759685	1.00059652	1.00657225	1.00172257	1.11536455	1.79649127
0.00368640	0.00000000	0.99265307	1.00757194	1.00177276	1.00266147	1.00123894	1.04875147	0.66241157
0.00409600	0.00000000	0.96653062	1.00269926	0.99664730	1.00555742	1.00618494	1.30840838	0.66241157
0.00450560	0.00000000	0.86204082	0.99884081	1.00084448	1.00183666	1.00046408	1.11536455	0.79066575
0.00491520	0.00000000	1.17551017	0.99606848	1.00303376	0.99835461	0.99786460	1.07478726	1.05422103
0.00532480	0.00000000	1.06847644	0.99914509	1.00250232	0.99782586	0.99888617	0.83833408	0.79066575
0.00573440	0.00000000	1.09714282	1.00643373	1.00260627	1.00333536	1.00619042	1.11777878	0.65888810
0.00614400	0.00000000	0.75755101	1.00763237	1.00121856	1.00758612	0.99834251	1.17971253	1.18599868
0.00655360	0.00000000	0.91428572	1.00810254	1.00103307	1.00537062	0.99754775	1.02956724	1.31777620
0.00737280	0.00000000	1.00811458	1.00504458	1.00008214	0.99769807	1.00148261	0.99308950	1.14446008
0.00819200	0.00000000	0.88816828	0.98986715	1.00119352	1.00208914	0.99720347	0.96070611	0.60589063
0.00901120	0.00000000	0.96653610	0.99573410	0.99905688	1.00058639	1.00337398	1.15500629	1.14446008
0.00983040	0.00000000	1.24082339	0.99758506	1.00341749	1.00074887	1.00515807	1.02547288	0.53856945
0.01064960	0.00000000	1.00572002	0.99954963	1.00151169	0.99826336	0.99895483	1.11182845	1.41374469
0.01146880	0.00000000	0.94041348	1.00259256	0.99672627	1.00182319	1.00526023	1.01687467	0.80785412
0.01228800	0.00000000	1.15213096	1.00463486	0.99315929	1.00088024	1.00241637	0.88706088	0.53856945
0.01310720	0.00000000	0.86616045	0.99541032	1.00092852	1.00073183	1.00218225	1.19560182	1.48106587
0.01474560	0.00000000	1.04989743	1.00099206	0.99857825	0.99916619	1.00077939	0.98343039	0.94246894
0.01638400	0.00000000	1.01708817	0.99438840	1.00083292	0.99806637	0.99928254	0.94786447	0.87990600
0.01802240	0.00000000	0.83991796	1.00059998	0.99920756	1.00171387	0.99919558	0.99417824	1.42138660
0.01966080	0.00000000	0.92522216	0.99271047	0.99936497	0.99995404	0.99874896	0.94376999	0.87044466
0.02129920	0.00000000	1.03431106	0.99842817	0.99363214	1.00088501	0.99919891	1.04029191	1.27218831
0.02293760	0.00000000	1.01467228	1.00056863	0.99814206	1.00098479	0.99981868	0.98666865	0.83696598
0.02457600	0.00000000	1.10239232	1.00132561	0.99689758	0.99850893	1.00151014	0.99955219	0.77000874
0.02621440	0.00000000	1.14448845	0.99355507	1.00165761	1.00134575	0.99931335	0.95778835	0.63609415
0.02949120	0.00000000	0.98427886	0.99882007	0.99887431	0.99873883	0.99983221	0.94990724	0.97505343
0.03276800	0.00000000	0.96557522	1.00149488	0.99806827	1.00158393	0.99711400	1.07980144	0.87995768
0.03604480	0.00000000	0.97771704	1.00294447	0.99811792	1.00143933	0.99993569	1.03086519	0.99841356
0.03932160	0.00000000	0.84850007	0.99955070	1.00173116	1.00038421	1.00296128	0.99149126	1.09406507
0.04259840	0.00000000	0.94162679	0.99607939	1.00094724	0.99592984	0.99984246	1.01248217	0.98779213
0.04587520	0.00000000	0.98755980	1.00077319	0.99957681	0.99969614	0.99859244	0.99901825	0.95430762
0.04915200	0.00000000	0.85052997	0.99708331	1.00104249	0.99935871	1.00048220	1.10942185	1.01587307
0.05242880	0.00000000	0.94942880	1.00053108	1.00044894	0.99923766	0.99793124	1.01030004	0.99396032
0.05898240	0.00000000	1.04096389	0.99981147	0.99912721	0.99875659	0.99839956	0.95134038	0.88957530
0.06553600	0.00000000	0.98949677	1.00270414	0.99914414	0.99950570	1.00111997	0.98250961	1.04876244
0.07208960	0.00000000	0.93138874	0.99879014	0.99858582	0.99767506	1.00019836	1.00419259	0.93075931
0.07864320	0.00000000	0.95339072	0.99902648	1.00032365	1.00038147	1.00148249	0.97542596	0.90604889
0.08519680	0.00000000	0.91094691	0.99902719	0.99667573	0.99935567	0.99935901	0.99380583	1.00195515
0.09175040	0.00000000	0.93470919	0.99810356	1.00039995	1.00076103	1.00122046	0.99621606	0.92252254
0.09830400	0.00000000	0.97757185	0.99869567	1.00192499	0.99919862	1.00004435	0.98108017	1.08476138
0.10485760	0.00000000	1.06598699	1.00031948	1.00163615	1.00031281	0.99986190	1.00528562	0.92742956
0.11796480	0.00000000	0.99384981	1.00113940	0.99923342	0.99881488	0.99940354	1.00626016	0.99679631
0.13107200	0.00000000	0.97673529	0.99909616	0.99968821	1.00053370	1.00042152	1.00720143	0.97987682
0.14417920	0.00000000	0.98128349	1.00119722	1.00050724	1.00107014	0.99989533	0.99682117	1.01677573
0.15728641	0.00000000	0.96422219	1.00032294	1.00157249	1.00044000	0.99913889	1.01922977	0.99945939
0.17039360	0.00000000	1.13037038	1.00107551	0.99921423	1.00112820	1.00028169	1.02732706	1.02884912
0.18350080	0.00000000	0.99959695	0.99753731	0.99737132	1.00113344	0.99886400	0.94281852	1.01578236
0.19660801	0.00000000	1.02006245	0.99867493	1.00049829	0.99949872	0.99967855	0.99126738	1.00994313
0.20971520	0.00000000	0.96499896	1.00114059	1.00127804	0.99872267	0.99971098	1.02693748	0.97964090
0.23592959	0.00000000	0.96745306	1.00062716	0.99999666	0.99869871	0.99961573	0.98596424	1.01474869
0.26214400	0.00000000	0.96243089	0.99944830	0.99980956	0.99953765	0.99919331	1.00898349	0.99174225
0.28835839	0.00000000	1.02349257	1.00163889	0.99954641	1.00064135	0.99914026	0.99318075	0.96521193
0.31457281	0.00000000	0.99440145	0.99973094	1.00033486	1.00133908	0.99907488	0.94864422	1.00064254
0.34078720	0.00000000	0.99497592	1.00011325	0.99973285	1.00029790	1.00036728	1.00366795	1.06355512
0.36700159	0.00000000	1.00466609	0.99857193	1.00140190	0.99885088	0.99944323	1.00706470	1.03372049
0.39321601	0.00000000	1.03393126	0.99900013	0.99940246	0.99901712	0.99970275	0.99273950	0.96604162
0.41943040	0.00000000	0.99638563	1.00048339	1.00049591	0.99998671	1.00124705	1.01344419	0.94074076
0.47185919	0.00000000	0.95869625	0.99897861	1.00042689	1.00046301	1.00001991	0.97012120	1.04948497
0.52428800	0.00000000	1.04858935	1.00048101	0.99926269	0.99948722	0.99961418	0.98111153	0.98678935
0.57671678	0.00000000	1.01370192	1.00065422	1.00027633	0.99929452	1.00133395	0.98909599	1.03094780
0.62914562	0.00000000	0.94237953	0.99894053	1.00010228	1.00070131	0.99998516	0.99791884	0.97419393
0.68157440	0.00000000	1.00853884	1.00036311	0.99951130	0.99899334	0.99934441	0.99090916	0.97831357
0.73400319	0.00000000	1.02946746	0.99994385	1.00036705	1.00017691	0.99978429	0.99453336	1.01607084
0.78643203	0.00000000	0.96155268	0.99958748	0.99961650	1.00118542	0.99893343	1.03959417	0.97247708
0.83886081	0.00000000	1.00659060	1.00144112	0.99997008	0.99965644	1.00019836	1.02736461	1.00063956
0.94371837	0.00000000	0.99541664	1.00007820	0.99992269	1.00030589	1.00015664	0.98216760	1.01552057
1.04857600	0.00000000	0.99228609	1.00023007	1.00024319	1.00023961	1.00078070	1.03029704	1.01265824
1.15343356	0.00000000	1.00384903	1.00082004	0.99978083	0.99979961	0.99967557	0.99361873	1.00608075
1.25829124	0.00000000	1.00785029	0.99894911	0.99956554	1.00009263	0.99929464	1.00312698	0.99647218
1.36314881	0.00000000	1.00141466	1.00008714	1.00066245	1.00015402	0.99979579	0.99193180	1.00970507
1.46800637	0.00000000	0.99235958	0.99818951	0.99977547	0.99900132	1.00062573	0.99356389	1.00747561
1.57286406	0.00000000	1.00241542	1.00063801	1.00011075	1.00117636	1.00060725	1.01777339	0.98498499
1.67772162	0.00000000	1.00334454	0.99908340	0.99989128	0.99900109	1.00055981	0.97695476	1.00000000
1.88743675	0.00000000	0.00000000	0.00000000	0.00000000	0.00000000	0.00000000	0.00000000	0.00000000
2.09715199	0.00000000	0.00000000	0.00000000	0.00000000	0.00000000	0.00000000	0.00000000	0.00000000
2.30686712	0.00000000	0.00000000	0.00000000	0.00000000	0.00000000	0.00000000	0.00000000	0.00000000
2.51658249	0.00000000	0.00000000	0.00000000	0.00000000	0.00000000	0.00000000	0.00000000	0.00000000
2.72629762	0.00000000	0.00000000	0.00000000	0.00000000	0.00000000	0.00000000	0.00000000	0.00000000
2.93601274	0.00000000	0.00000000	0.00000000	0.00000000	0.00000000	0.00000000	0.00000000	0.00000000
3.14572811	0.00000000	0.00000000	0.00000000	0.00000000	0.00000000	0.00000000	0.00000000	0.00000000
3.35544324	0.00000000	0.00000000	0.00000000	0.00000000	0.00000000	0.00000000	0.00000000	0.00000000
3.77487350	0.00000000	0.00000000	0.00000000	0.00000000	0.00000000	0.00000000	0.00000000	0.00000000
4.19430399	0.00000000	0.00000000	0.00000000	0.00000000	0.00000000	0.00000000	0.00000000	0.00000000
4.61373425	0.00000000	0.00000000	0.00000000	0.00000000	0.00000000	0.00000000	0.00000000	0.00000000
5.03316498	0.00000000	0.00000000	0.00000000	0.00000000	0.00000000	0.00000000	0.00000000	0.00000000
5.45259523	0.00000000	0.00000000	0.00000000	0.00000000	0.00000000	0.00000000	0.00000000	0.00000000
5.87202549	0.00000000	0.00000000	0.00000000	0.00000000	0.00000000	0.00000000	0.00000000	0.00000000
6.29145622	0.00000000	0.00000000	0.00000000	0.00000000	0.00000000	0.00000000	0.00000000	0.00000000
6.71088648	0.00000000	0.00000000	0.00000000	0.00000000	0.00000000	0.00000000	0.00000000	0.00000000
7.54974699	0.00000000	0.00000000	0.00000000	0.00000000	0.00000000	0.00000000	0.00000000	0.00000000
8.38860798	0.00000000	0.00000000	0.00000000	0.00000000	0.00000000	0.00000000	0.00000000	0.00000000
9.22746849	0.00000000	0.00000000	0.00000000	0.00000000	0.00000000	0.00000000	0.00000000	0.00000000
10.06632996	0.00000000	0.00000000	0.00000000	0.00000000	0.00000000	0.00000000	0.00000000	0.00000000
10.90519047	0.00000000	0.00000000	0.00000000	0.00000000	0.00000000	0.00000000	0.00000000	0.00000000
11.74405098	0.00000000	0.00000000	0.00000000	0.00000000	0.00000000	0.00000000	0.00000000	0.00000000
12.58291245	0.00000000	0.00000000	0.00000000	0.00000000	0.00000000	0.00000000	0.00000000	0.00000000
13.42177296	0.00000000	0.00000000	0.00000000	0.00000000	0.00000000	0.00000000	0.00000000	0.00000000
15.09949398	0.00000000	0.00000000	0.00000000	0.00000000	0.00000000	0.00000000	0.00000000	0.00000000
16.77721596	0.00000000	0.00000000	0.00000000	0.00000000	0.00000000	0.00000000	0.00000000	0.00000000
18.45493698	0.00000000	0.00000000	0.00000000	0.00000000	0.00000000	0.00000000	0.00000000	0.00000000
20.13265991	0.00000000	0.00000000	0.00000000	0.00000000	0.00000000	0.00000000	0.00000000	0.00000000
21.81038094	0.00000000	0.00000000	0.00000000	0.00000000	0.00000000	0.00000000	0.00000000	0.00000000
23.48810196	0.00000000	0.00000000	0.00000000	0.00000000	0.00000000	0.00000000	0.00000000	0.00000000
25.16582489	0.00000000	0.00000000	0.00000000	0.00000000	0.00000000	0.00000000	0.00000000	0.00000000
26.84354591	0.00000000	0.00000000	0.00000000	0.00000000	0.00000000	0.00000000	0.00000000	0.00000000
30.19898796	0.00000000	0.00000000	0.00000000	0.00000000	0.00000000	0.00000000	0.00000000	0.00000000
33.55443192	0.00000000	0.00000000	0.00000000	0.00000000	0.00000000	0.00000000	0.00000000	0.00000000
36.90987396	0.00000000	0.00000000	0.00000000	0.00000000	0.00000000	0.00000000	0.00000000	0.00000000
40.26531982	0.00000000	0.00000000	0.00000000	0.00000000	0.00000000	0.00000000	0.00000000	0.00000000
43.62076187	0.00000000	0.00000000	0.00000000	0.00000000	0.00000000	0.00000000	0.00000000	0.00000000
46.97620392	0.00000000	0.00000000	0.00000000	0.00000000	0.00000000	0.00000000	0.00000000	0.00000000
50.33164978	0.00000000	0.00000000	0.00000000	0.00000000	0.00000000	0.00000000	0.00000000	0.00000000
53.68709183	0.00000000	0.00000000	0.00000000	0.00000000	0.00000000	0.00000000	0.00000000	0.00000000
60.39797592	0.00000000	0.00000000	0.00000000	0.00000000	0.00000000	0.00000000	0.00000000	0.00000000
67.10886383	0.00000000	0.00000000	0.00000000	0.00000000	0.00000000	0.00000000	0.00000000	0.00000000
73.81974792	0.00000000	0.00000000	0.00000000	0.00000000	0.00000000	0.00000000	0.00000000	0.00000000
80.53063965	0.00000000	0.00000000	0.00000000	0.00000000	0.00000000	0.00000000	0.00000000	0.00000000
87.24152374	0.00000000	0.00000000	0.00000000	0.00000000	0.00000000	0.00000000	0.00000000	0.00000000
93.95240784	0.00000000	0.00000000	0.00000000	0.00000000	0.00000000	0.00000000	0.00000000	0.00000000
100.66329956	0.00000000	0.00000000	0.00000000	0.00000000	0.00000000	0.00000000	0.00000000	0.00000000
107.37418365	0.00000000	0.00000000	0.00000000	0.00000000	0.00000000	0.00000000	0.00000000	0.00000000
120.79595184	0.00000000	0.00000000	0.00000000	0.00000000	0.00000000	0.00000000	0.00000000	0.00000000
134.21772766	0.00000000	0.00000000	0.00000000	0.00000000	0.00000000	0.00000000	0.00000000	0.00000000
147.63949585	0.00000000	0.00000000	0.00000000	0.00000000	0.00000000	0.00000000	0.00000000	0.00000000
161.06127930	0.00000000	0.00000000	0.00000000	0.00000000	0.00000000	0.00000000	0.00000000	0.00000000
174.48304749	0.00000000	0.00000000	0.00000000	0.00000000	0.00000000	0.00000000	0.00000000	0.00000000
187.90481567	0.00000000	0.00000000	0.00000000	0.00000000	0.00000000	0.00000000	0.00000000	0.00000000
201.32659912	0.00000000	0.00000000	0.00000000	0.00000000	0.00000000	0.00000000	0.00000000	0.00000000
214.74836731	0.00000000	0.00000000	0.00000000	0.00000000	0.00000000	0.00000000	0.00000000	0.00000000
241.59190369	0.00000000	0.00000000	0.00000000	0.00000000	0.00000000	0.00000000	0.00000000	0.00000000
268.43545532	0.00000000	0.00000000	0.00000000	0.00000000	0.00000000	0.00000000	0.00000000	0.00000000
295.27899170	0.00000000	0.00000000	0.00000000	0.00000000	0.00000000	0.00000000	0.00000000	0.00000000
322.12255859	0.00000000	0.00000000	0.00000000	0.00000000	0.00000000	0.00000000	0.00000000	0.00000000
348.96609497	0.00000000	0.00000000	0.00000000	0.00000000	0.00000000	0.00000000	0.00000000	0.00000000
375.80963135	0.00000000	0.00000000	0.00000000	0.00000000	0.00000000	0.00000000	0.00000000	0.00000000
402.65319824	0.00000000	0.00000000	0.00000000	0.00000000	0.00000000	0.00000000	0.00000000	0.00000000
429.49673462	0.00000000	0.00000000	0.00000000	0.00000000	0.00000000	0.00000000	0.00000000	0.00000000
483.18380737	0.00000000	0.00000000	0.00000000	0.00000000	0.00000000	0.00000000	0.00000000	0.00000000
536.87091064	0.00000000	0.00000000	0.00000000	0.00000000	0.00000000	0.00000000	0.00000000	0.00000000
590.55798340	0.00000000	0.00000000	0.00000000	0.00000000	0.00000000	0.00000000	0.00000000	0.00000000
644.24511719	0.00000000	0.00000000	0.00000000	0.00000000	0.00000000	0.00000000	0.00000000	0.00000000
697.93218994	0.00000000	0.00000000	0.00000000	0.00000000	0.00000000	0.00000000	0.00000000	0.00000000
751.61926270	0.00000000	0.00000000	0.00000000	0.00000000	0.00000000	0.00000000	0.00000000	0.00000000
805.30639648	0.00000000	0.00000000	0.00000000	0.00000000	0.00000000	0.00000000	0.00000000	0.00000000
858.99346924	0.00000000	0.00000000	0.00000000	0.00000000	0.00000000	0.00000000	0.00000000	0.00000000
966.36761475	0.00000000	0.00000000	0.00000000	0.00000000	0.00000000	0.00000000	0.00000000	0.00000000
1073.74182129	0.00000000	0.00000000	0.00000000	0.00000000	0.00000000	0.00000000	0.00000000	0.00000000
1181.11596680	0.00000000	0.00000000	0.00000000	0.00000000	0.00000000	0.00000000	0.00000000	0.00000000
1288.49023437	0.00000000	0.00000000	0.00000000	0.00000000	0.00000000	0.00000000	0.00000000	0.00000000
1395.86437988	0.00000000	0.00000000	0.00000000	0.00000000	0.00000000	0.00000000	0.00000000	0.00000000
1503.23852539	0.00000000	0.00000000	0.00000000	0.00000000	0.00000000	0.00000000	0.00000000	0.00000000
1610.61279297	0.00000000	0.00000000	0.00000000	0.00000000	0.00000000	0.00000000	0.00000000	0.00000000
1717.98693848	0.00000000	0.00000000	0.00000000	0.00000000	0.00000000	0.00000000	0.00000000	0.00000000
1932.73522949	0.00000000	0.00000000	0.00000000	0.00000000	0.00000000	0.00000000	0.00000000	0.00000000
2147.48364258	0.00000000	0.00000000	0.00000000	0.00000000	0.00000000	0.00000000	0.00000000	0.00000000
2362.23193359	0.00000000	0.00000000	0.00000000	0.00000000	0.00000000	0.00000000	0.00000000	0.00000000
2576.98046875	0.00000000	0.00000000	0.00000000	0.00000000	0.00000000	0.00000000	0.00000000	0.00000000
2791.72875977	0.00000000	0.00000000	0.00000000	0.00000000	0.00000000	0.00000000	0.00000000	0.00000000
3006.47705078	0.00000000	0.00000000	0.00000000	0.00000000	0.00000000	0.00000000	0.00000000	0.00000000
3221.22558594	0.00000000	0.00000000	0.00000000	0.00000000	0.00000000	0.00000000	0.00000000	0.00000000
3435.97387695	0.00000000	0.00000000	0.00000000	0.00000000	0.00000000	0.00000000	0.00000000	0.00000000
0	0	0	0	0	0	0	0	0
