%4/4/2019 3:59:27 PM
%Duration	ID1		ID2		ID3		ID4		ID5		ID6		ID7		ID8
1000.000000	0.000000	0.381470	535.964966	334.186554	160.551071	60.739517	0.448227	0.143051
%Tau		Tau1		Tau2		Tau3		Tau4		Tau5		Tau6		Tau7		Tau8
%		0.000000	0.000001	0.000230	0.000179	0.000115	0.000070	0.000001	0.000001
%Delaytime	D1		D2		D3		D4		D5		D6		D7		D8
0.00000020	0.00000000	0.00000000	1.58102107	1.60099816	1.68442297	2.69729090	188.08163452	0.00000000
0.00000040	0.00000000	0.00000000	1.46280515	1.50220120	1.53020501	1.71340859	0.00000000	0.00000000
0.00000060	0.00000000	0.00000000	1.46944129	1.48925531	1.50807023	1.38637948	0.00000000	0.00000000
0.00000080	0.00000000	0.00000000	1.46542883	1.49704230	1.50770736	1.44228196	0.00000000	0.00000000
0.00000100	0.00000000	0.00000000	1.47430265	1.46647847	1.51423895	1.53172576	0.00000000	288.06152344
0.00000120	0.00000000	0.00000000	1.47117746	1.48244178	1.53818810	1.39196980	0.00000000	0.00000000
0.00000140	0.00000000	0.00000000	1.46701062	1.49168873	1.48412108	1.54290628	0.00000000	0.00000000
0.00000160	0.00000000	0.00000000	1.46446419	1.47270799	1.43513417	1.47861850	0.00000000	0.00000000
0.00000180	0.00000000	0.00000000	1.46226501	1.49412215	1.50589299	1.46743798	0.00000000	0.00000000
0.00000200	0.00000000	64.00000000	1.46319103	1.48808730	1.50407875	1.41712582	0.00000000	0.00000000
0.00000220	0.00000000	0.00000000	1.45991147	1.48828197	1.50444150	1.45625758	0.00000000	0.00000000
0.00000240	0.00000000	0.00000000	1.46307528	1.48477781	1.45545471	1.38358438	0.00000000	0.00000000
0.00000260	0.00000000	0.00000000	1.45393133	1.49567962	1.49500704	1.50377452	0.00000000	0.00000000
0.00000280	0.00000000	0.00000000	1.46457994	1.48604321	1.47686374	1.41712582	0.00000000	0.00000000
0.00000300	0.00000000	0.00000000	1.45030451	1.48614049	1.48121810	1.41992092	0.00000000	0.00000000
0.00000320	0.00000000	0.00000000	1.45778954	1.46589446	1.49355555	1.48420870	0.00000000	0.00000000
0.00000360	0.00000000	0.00000000	1.45418203	1.47596884	1.50444150	1.52473795	0.00000000	0.00000000
0.00000400	0.00000000	0.00000000	1.45910132	1.46964192	1.48992693	1.47861850	0.00000000	0.00000000
0.00000440	0.00000000	0.00000000	1.45425928	1.48458314	1.50262725	1.45346236	0.00000000	144.03076172
0.00000480	0.00000000	0.00000000	1.46232295	1.47358406	1.47758949	1.52613556	0.00000000	0.00000000
0.00000520	0.00000000	0.00000000	1.45015025	1.48385310	1.50135720	1.45066726	0.00000000	0.00000000
0.00000560	0.00000000	0.00000000	1.44571328	1.47986233	1.47813380	1.45765507	0.00000000	0.00000000
0.00000600	0.00000000	0.00000000	1.44218302	1.47261071	1.49192274	1.40594542	0.00000000	144.03076172
0.00000640	0.00000000	0.00000000	1.45082545	1.46652710	1.48176241	1.43529415	0.00000000	0.00000000
0.00000720	0.00000000	0.00000000	1.44611835	1.47674751	1.47577512	1.39336729	0.00000000	0.00000000
0.00000800	0.00000000	16.00000000	1.44999588	1.47682059	1.48285103	1.40384901	0.00000000	0.00000000
0.00000880	0.00000000	0.00000000	1.43649209	1.46275532	1.47005999	1.47302830	0.00000000	0.00000000
0.00000960	0.00000000	0.00000000	1.44681287	1.46085727	1.45989978	1.41363192	0.00000000	0.00000000
0.00001040	0.00000000	0.00000000	1.45129800	1.46840084	1.47885954	1.44507706	0.00000000	0.00000000
0.00001120	0.00000000	0.00000000	1.43927002	1.46090591	1.45064676	1.39336729	0.00000000	0.00000000
0.00001200	0.00000000	0.00000000	1.44687068	1.45635545	1.47659159	1.43669164	0.00000000	0.00000000
0.00001280	0.00000000	0.00000000	1.44473910	1.45917821	1.47051358	1.46534169	0.00000000	0.00000000
0.00001440	0.00000000	0.00000000	1.43399394	1.45145214	1.45699680	1.41398132	0.00000000	0.00000000
0.00001600	0.00000000	0.00000000	1.43513691	1.44407880	1.46742928	1.43249905	5.87755108	0.00000000
0.00001760	0.00000000	8.00000000	1.43135107	1.44403017	1.44207394	1.41502953	5.87755108	0.00000000
0.00001920	0.00000000	0.00000000	1.43298113	1.43342042	1.43576920	1.35912716	0.00000000	0.00000000
0.00002080	0.00000000	0.00000000	1.42724693	1.43391931	1.41649199	1.35283804	0.00000000	0.00000000
0.00002240	0.00000000	0.00000000	1.42292082	1.43307972	1.43191373	1.36506677	0.00000000	0.00000000
0.00002400	0.00000000	0.00000000	1.41957378	1.42962432	1.42823970	1.38777709	11.75510216	0.00000000
0.00002560	0.00000000	0.00000000	1.42089522	1.42047465	1.41667342	1.36436796	0.00000000	0.00000000
0.00002880	0.00000000	3.91795087	1.42007649	1.43097556	1.40887010	1.37528276	0.00000000	0.00000000
0.00003200	0.00000000	0.00000000	1.41489875	1.41365492	1.39482403	1.32471836	2.87425995	0.00000000
0.00003520	0.00000000	3.91795087	1.41098547	1.40608621	1.38466835	1.31640637	0.00000000	0.00000000
0.00003840	0.00000000	0.00000000	1.40717781	1.40700388	1.37341237	1.31276989	0.00000000	0.00000000
0.00004160	0.00000000	0.00000000	1.39912152	1.39504015	1.36925995	1.31484783	0.00000000	0.00000000
0.00004480	0.00000000	3.91795087	1.39541543	1.39049900	1.35514665	1.28021467	2.87425995	0.00000000
0.00004800	0.00000000	0.00000000	1.39211690	1.38072765	1.33898818	1.29060471	2.87425995	0.00000000
0.00005120	0.00000000	0.00000000	1.38946176	1.37272930	1.33990514	1.28125370	2.87425995	0.00000000
0.00005760	0.00000000	0.00000000	1.38004792	1.36202300	1.32206750	1.27438724	0.00000000	0.00000000
0.00006400	0.00000000	1.96911240	1.36949944	1.34565008	1.31364310	1.24556744	2.89980865	0.00000000
0.00007040	0.00000000	0.00000000	1.35773361	1.33216381	1.28871262	1.23293173	2.89980865	0.00000000
0.00007680	0.00000000	1.96911240	1.34927487	1.32224023	1.27129865	1.22410405	2.89980865	0.00000000
0.00008320	0.00000000	1.96911240	1.34196925	1.31145394	1.26252031	1.20065022	0.00000000	0.00000000
0.00008960	0.00000000	3.93822479	1.33192718	1.30114806	1.25249803	1.18386030	0.00000000	0.00000000
0.00009600	0.00000000	0.00000000	1.32424951	1.28817821	1.23419821	1.19597673	0.00000000	8.71077538
0.00010240	0.00000000	3.93822479	1.31739318	1.28049469	1.22568333	1.16482019	0.00000000	0.00000000
0.00011520	0.00000000	1.95897543	1.30168128	1.25719440	1.19744301	1.13845563	1.44990432	4.35538769
0.00012800	0.00000000	0.97948772	1.28606415	1.23955750	1.17953110	1.12340367	0.72495216	0.00000000
0.00014080	0.00000000	2.93846321	1.27181518	1.21832585	1.16610265	1.13003182	0.00000000	0.00000000
0.00015360	0.00000000	0.00000000	1.25695062	1.20340347	1.14776957	1.09476840	2.17485666	0.00000000
0.00016640	0.00000000	2.93846321	1.24154687	1.19201875	1.13392794	1.07993400	0.72495216	0.00000000
0.00017920	0.00000000	0.97948772	1.22838950	1.17547584	1.11339641	1.07677162	2.89980865	4.35538769
0.00019200	0.00000000	0.00000000	1.21335089	1.16182363	1.10765588	1.05645442	0.00000000	8.71077538
0.00020480	0.00000000	1.95897543	1.20050716	1.15185046	1.09370482	1.04377937	0.00000000	0.00000000
0.00023040	0.00000000	0.49483207	1.18057847	1.13013053	1.07251072	1.04491103	1.09713745	0.00000000
0.00025600	0.00000000	0.49483207	1.15989947	1.11180568	1.05707228	1.03763652	1.09713745	0.00000000
0.00028160	0.00000000	1.48449624	1.14300895	1.09622657	1.04221630	1.02648699	1.09713745	2.17769384
0.00030720	0.00000000	0.00000000	1.12572289	1.08332002	1.03277373	1.02118993	2.19427490	0.00000000
0.00033280	0.00000000	0.98966414	1.10955048	1.07158184	1.02502358	1.00904953	1.82856238	2.17769384
0.00035840	0.00000000	0.49483207	1.09528589	1.06135774	1.01847053	1.01322079	1.46284986	0.00000000
0.00038400	0.00000000	0.00000000	1.08403146	1.05356514	1.01735365	1.00887573	1.09713745	2.17769384
0.00040960	0.00000000	0.49483207	1.07324839	1.04594731	1.01055861	1.00625575	0.36571246	0.00000000
0.00046080	0.00000000	0.74033016	1.05572140	1.03359139	1.00714087	0.99802065	0.91632199	0.00000000
0.00051200	0.00000000	1.72743702	1.04319322	1.02438307	1.00808525	1.00202203	0.91632199	1.08884692
0.00056320	0.00000000	0.49355343	1.03331888	1.01767993	1.00558555	0.99371958	1.09958637	1.08884692
0.00061440	0.00000000	0.98710686	1.02631938	1.01381290	1.00155389	0.99926531	0.36652878	1.08884692
0.00066560	0.00000000	0.98710686	1.01839006	1.01139712	0.99877638	0.99420565	1.09958637	1.08884692
0.00071680	0.00000000	0.98710686	1.01225972	1.00805366	0.99703151	0.99376601	1.09958637	1.08884692
0.00076800	0.00000000	0.98710686	1.00979364	1.00721848	1.00124037	0.99744010	2.01590848	1.08884692
0.00081920	0.00000000	0.74033016	1.00609601	1.00573301	0.99941480	0.99332798	0.36652878	1.08884692
0.00092160	0.00000000	1.37500000	1.00047946	1.00287700	1.00396657	0.99707597	0.73142493	0.00000000
0.00102400	0.00000000	0.75000000	0.99861819	0.99904579	1.00299668	1.00092518	0.73142493	0.00000000
0.00112640	0.00000000	0.50000000	0.99417448	1.00038087	1.00001824	1.00463414	0.54979318	1.07710743
0.00122880	0.00000000	0.87500000	0.99557287	1.00282764	1.00120771	1.00466156	2.01590848	1.61566103
0.00133120	0.00000000	0.87500000	0.99911666	1.00214636	1.00578904	1.00525653	0.73305756	1.61566103
0.00143360	0.00000000	0.50000000	1.00118518	0.99803782	1.00637281	1.00191760	0.54979318	0.53855371
0.00153600	0.00000000	0.62500000	1.00374961	0.99244815	1.00649083	0.99047214	0.82468981	1.07710743
0.00163840	0.00000000	0.50000000	1.00633907	0.99438095	1.00049663	0.99657798	0.82653475	0.53855371
0.00184320	0.00000000	1.11916339	1.00660002	0.99839884	0.99282342	1.00020409	0.90820402	0.55038971
0.00204800	0.00000000	0.93263620	1.00441539	1.00409627	0.99088770	1.00168502	0.81738359	1.10077941
0.00225280	0.00000000	1.36786640	1.00022256	1.00547194	1.00008392	0.99702060	1.27148557	1.10077941
0.00245760	0.00000000	0.68393320	0.99755830	1.00093591	1.00311756	0.99594647	0.77197337	1.10077941
0.00266240	0.00000000	0.80828470	0.99610639	0.99610126	1.00196779	0.98728192	0.90820402	0.82558453
0.00286720	0.00000000	1.36786640	0.99856555	0.99400061	0.99554443	0.98511821	0.95361418	0.82558453
0.00307200	0.00000000	1.30569065	0.99811953	1.00208068	0.99922889	0.99272954	0.81738359	1.65116906
0.00327680	0.00000000	0.68393320	0.99615723	1.00327528	1.00068665	1.00577784	0.68115300	1.10077941
0.00368640	0.00000000	1.27130067	1.00135076	0.99788702	1.00337780	0.99681103	1.42346942	1.08296120
0.00409600	0.00000000	1.05424941	1.00695932	0.99842966	1.00117016	0.99395525	1.21683669	1.08296120
0.00450560	0.00000000	1.39896369	1.00703919	0.99919349	0.99900323	1.00053060	0.75765306	0.81222093
0.00491520	0.00000000	1.05975461	1.00570619	0.99555236	0.99311781	0.99706924	1.14795923	0.54148060
0.00532480	0.00000000	0.90390831	1.00164843	0.99311954	0.99553531	1.00070024	0.78235859	0.94759107
0.00573440	0.00000000	0.84156984	1.00077069	0.99678022	0.99404520	1.00424409	0.82837969	1.48907173
0.00614400	0.00000000	0.99741608	1.00248075	0.99287879	1.00236058	0.99685764	0.80536914	0.67685074
0.00655360	0.00000000	0.87046629	1.00394309	0.99516153	0.99872822	1.00362563	0.92042184	0.94759107
0.00737280	0.00000000	1.26473069	0.99981618	1.00406957	0.99994415	1.00253332	1.04697990	1.07710743
0.00819200	0.00000000	1.06698167	0.99487734	1.00458944	0.99809659	1.00195849	1.00320303	1.07710743
0.00901120	0.00000000	1.11337221	1.00601780	0.99936879	0.99889576	0.99967241	0.87636131	0.47123447
0.00983040	0.00000000	0.80410212	0.99892253	0.99894595	0.99887949	0.99692500	0.83023703	0.94246894
0.01064960	0.00000000	0.91234666	1.00069976	0.99895978	1.00128436	0.99574476	1.17616916	1.21174586
0.01146880	0.00000000	1.06975305	1.00271201	1.00005519	1.00353169	0.99819487	1.14157593	1.14442658
0.01228800	0.00000000	0.97420067	1.00263166	0.99932086	1.00138557	1.00251770	1.04464281	0.74051130
0.01310720	0.00000000	0.80619073	0.99858040	1.00314069	0.99690384	0.99910957	0.99872446	0.94246894
0.01474560	0.00000000	1.17052686	0.99830920	0.99599284	1.00384438	0.99717361	1.15943873	1.15064633
0.01638400	0.00000000	0.94327998	1.00106966	1.00768137	0.99941617	1.00302482	0.98504615	1.01527619
0.01802240	0.00000000	0.95874357	1.00146031	0.99872094	0.99780792	0.99718624	0.94343239	0.67685074
0.01966080	0.00000000	0.95874357	0.99961704	1.00057471	0.99835938	0.99683058	1.04122722	0.77837837
0.02129920	0.00000000	1.01549017	1.00182247	1.00291193	1.00198364	1.00287414	0.87636131	0.77837837
0.02293760	0.00000000	1.12401593	1.00194860	1.00031531	1.00073802	1.00208640	0.98014092	0.87990600
0.02457600	0.00000000	0.98448288	1.00104892	0.99954855	1.00125766	0.99941701	1.01020408	0.77837837
0.02621440	0.00000000	0.91709226	0.99891084	1.00241232	1.00072765	0.99875295	0.96571428	0.84606344
0.02949120	0.00000000	1.03100777	1.00247252	0.99884760	0.99855214	0.99724269	0.93480343	0.94089693
0.03276800	0.00000000	0.97538859	1.00445294	0.99965972	0.99966776	1.00140512	1.02914798	0.83825362
0.03604480	0.00000000	1.04533684	0.99734503	1.00141490	1.00017238	0.99760818	1.02455354	0.95800418
0.03932160	0.00000000	1.02467537	0.99942797	1.00177276	0.99856937	1.00128698	0.96213806	1.16329074
0.04259840	0.00000000	1.04177547	0.99905187	0.99833995	1.00095606	1.00081491	1.00958776	1.15241277
0.04587520	0.00000000	1.02219319	0.99645960	0.99775392	1.00118876	1.00156331	0.82958508	0.89929742
0.04915200	0.00000000	0.95064932	1.00320780	0.99900109	1.00232637	1.00243556	1.07760537	1.10682762
0.05242880	0.00000000	1.01688313	1.00133264	1.00147045	0.99921316	0.99729377	0.98571426	1.03765082
0.05898240	0.00000000	1.01355231	1.00101030	0.99962407	0.99895835	0.99904251	0.94009352	1.03765082
0.06553600	0.00000000	0.95455837	1.00102162	0.99842691	0.99956703	0.99958432	1.03285205	0.92523867
0.07208960	0.00000000	0.97733158	0.99846721	1.00058401	1.00076103	0.99983335	0.95142382	1.00077224
0.07864320	0.00000000	1.05231142	0.99740887	0.99911660	0.99857217	1.00027871	0.94775635	1.00077224
0.08519680	0.00000000	1.02252412	0.99757344	1.00106537	1.00031877	1.00088072	1.05377030	0.92021024
0.09175040	0.00000000	1.04301727	1.00157213	0.99925876	0.99963605	0.99916995	0.96711588	0.96321070
0.09830400	0.00000000	0.99546295	1.00160778	1.00202787	0.99966764	1.00203645	0.99285221	0.98901099
0.10485760	0.00000000	1.01148438	0.99660981	1.00078833	0.99948090	0.99982703	0.94645882	0.86391449
0.11796480	0.00000000	0.98643410	0.99798679	0.99888760	1.00073588	1.00017810	0.96286029	1.00744653
0.13107200	0.00000000	1.06290865	0.99842876	0.99924040	0.99989337	0.99976069	0.99124146	1.04918480
0.14417920	0.00000000	1.02302122	0.99859297	0.99950081	0.99801737	0.99970913	0.99891424	0.89747190
0.15728641	0.00000000	1.04941094	0.99900633	1.00124753	0.99889004	1.00010455	1.01592886	0.98363996
0.17039360	0.00000000	1.00557542	1.00011241	1.00059152	0.99935436	0.99942213	0.99547511	1.11255980
0.18350080	0.00000000	1.03726876	1.00176609	1.00169766	1.00162828	1.00032198	1.00458694	0.96768856
0.19660801	0.00000000	0.94702333	1.00081384	0.99965119	0.99954665	0.99951136	0.97542262	1.03103447
0.20971520	0.00000000	0.99308902	0.99951708	1.00005770	1.00040972	1.00017095	1.00109339	1.03523099
0.23592959	0.00000000	1.02283347	0.99993795	0.99950504	1.00005078	1.00069714	1.01023805	0.98982418
0.26214400	0.00000000	1.05177343	0.99932301	1.00147164	0.99991274	0.99960530	0.97579718	1.01556671
0.28835839	0.00000000	0.99105859	0.99939984	0.99992663	0.99913305	1.00020289	0.99291414	0.96310711
0.31457281	0.00000000	1.01609802	0.99909353	0.99883932	1.00063181	0.99943560	1.01132917	1.05632293
0.34078720	0.00000000	1.01436341	1.00016487	0.99989736	0.99978477	0.99982607	1.00728571	1.01234221
0.36700159	0.00000000	0.96297908	1.00072885	0.99931532	0.99931777	0.99990243	1.00326860	1.01307189
0.39321601	0.00000000	0.99751174	0.99915534	0.99838322	0.99989283	0.99999970	0.97942889	0.94260484
0.41943040	0.00000000	0.99939376	1.00035417	0.99966288	0.99975306	0.99917746	1.00286889	1.02077925
0.47185919	0.00000000	0.96446091	1.00083649	1.00008357	0.99990141	0.99990290	1.01430178	0.99710321
0.52428800	0.00000000	0.98669940	1.00115335	1.00023258	1.00076103	1.00017440	1.00074625	1.01021898
0.57671678	0.00000000	1.01156831	0.99947387	0.99973911	0.99976701	1.00041211	0.98778933	1.01562500
0.62914562	0.00000000	0.96585149	0.99903351	0.99996877	0.99999231	0.99982595	0.99560446	0.97431928
0.68157440	0.00000000	1.00646913	1.00013971	1.00007343	0.99881047	0.99996161	1.01134348	1.01978850
0.73400319	0.00000000	0.96236008	0.99991715	0.99970132	1.00099349	0.99936539	1.00355840	0.96470588
0.78643203	0.00000000	0.98353803	0.99936104	1.00116968	1.00014257	0.99992865	1.00281143	0.99404359
0.83886081	0.00000000	0.98225254	0.99873161	1.00067866	1.00065160	0.99954253	0.98978329	1.00418186
0.94371837	0.00000000	0.97404385	1.00015295	0.99980068	0.99968010	0.99989516	1.01691890	1.03444600
1.04857600	0.00000000	0.98817968	1.00019050	0.99978435	1.00077999	1.00031161	0.99141449	0.97613639
1.15343356	0.00000000	1.00578701	1.00004387	0.99846506	1.00031078	1.00104713	0.98457515	1.00887513
1.25829124	0.00000000	0.99534881	0.99931979	1.00102007	0.99950725	0.99922484	1.00009191	0.99384618
1.36314881	0.00000000	1.01490831	1.00078964	0.99940276	0.99998868	1.00003362	1.00881886	0.98409176
1.46800637	0.00000000	0.99466246	1.00075972	1.00062501	0.99953508	0.99970812	0.98591012	1.04983389
1.57286406	0.00000000	0.99540758	0.99917936	0.99941611	1.00110590	0.99906826	1.01906741	0.96428573
1.67772162	0.00000000	1.01020408	1.00059295	1.00029337	0.99781823	1.00252545	1.02764368	1.00000000
1.88743675	0.00000000	0.00000000	0.00000000	0.00000000	0.00000000	0.00000000	0.00000000	0.00000000
2.09715199	0.00000000	0.00000000	0.00000000	0.00000000	0.00000000	0.00000000	0.00000000	0.00000000
2.30686712	0.00000000	0.00000000	0.00000000	0.00000000	0.00000000	0.00000000	0.00000000	0.00000000
2.51658249	0.00000000	0.00000000	0.00000000	0.00000000	0.00000000	0.00000000	0.00000000	0.00000000
2.72629762	0.00000000	0.00000000	0.00000000	0.00000000	0.00000000	0.00000000	0.00000000	0.00000000
2.93601274	0.00000000	0.00000000	0.00000000	0.00000000	0.00000000	0.00000000	0.00000000	0.00000000
3.14572811	0.00000000	0.00000000	0.00000000	0.00000000	0.00000000	0.00000000	0.00000000	0.00000000
3.35544324	0.00000000	0.00000000	0.00000000	0.00000000	0.00000000	0.00000000	0.00000000	0.00000000
3.77487350	0.00000000	0.00000000	0.00000000	0.00000000	0.00000000	0.00000000	0.00000000	0.00000000
4.19430399	0.00000000	0.00000000	0.00000000	0.00000000	0.00000000	0.00000000	0.00000000	0.00000000
4.61373425	0.00000000	0.00000000	0.00000000	0.00000000	0.00000000	0.00000000	0.00000000	0.00000000
5.03316498	0.00000000	0.00000000	0.00000000	0.00000000	0.00000000	0.00000000	0.00000000	0.00000000
5.45259523	0.00000000	0.00000000	0.00000000	0.00000000	0.00000000	0.00000000	0.00000000	0.00000000
5.87202549	0.00000000	0.00000000	0.00000000	0.00000000	0.00000000	0.00000000	0.00000000	0.00000000
6.29145622	0.00000000	0.00000000	0.00000000	0.00000000	0.00000000	0.00000000	0.00000000	0.00000000
6.71088648	0.00000000	0.00000000	0.00000000	0.00000000	0.00000000	0.00000000	0.00000000	0.00000000
7.54974699	0.00000000	0.00000000	0.00000000	0.00000000	0.00000000	0.00000000	0.00000000	0.00000000
8.38860798	0.00000000	0.00000000	0.00000000	0.00000000	0.00000000	0.00000000	0.00000000	0.00000000
9.22746849	0.00000000	0.00000000	0.00000000	0.00000000	0.00000000	0.00000000	0.00000000	0.00000000
10.06632996	0.00000000	0.00000000	0.00000000	0.00000000	0.00000000	0.00000000	0.00000000	0.00000000
10.90519047	0.00000000	0.00000000	0.00000000	0.00000000	0.00000000	0.00000000	0.00000000	0.00000000
11.74405098	0.00000000	0.00000000	0.00000000	0.00000000	0.00000000	0.00000000	0.00000000	0.00000000
12.58291245	0.00000000	0.00000000	0.00000000	0.00000000	0.00000000	0.00000000	0.00000000	0.00000000
13.42177296	0.00000000	0.00000000	0.00000000	0.00000000	0.00000000	0.00000000	0.00000000	0.00000000
15.09949398	0.00000000	0.00000000	0.00000000	0.00000000	0.00000000	0.00000000	0.00000000	0.00000000
16.77721596	0.00000000	0.00000000	0.00000000	0.00000000	0.00000000	0.00000000	0.00000000	0.00000000
18.45493698	0.00000000	0.00000000	0.00000000	0.00000000	0.00000000	0.00000000	0.00000000	0.00000000
20.13265991	0.00000000	0.00000000	0.00000000	0.00000000	0.00000000	0.00000000	0.00000000	0.00000000
21.81038094	0.00000000	0.00000000	0.00000000	0.00000000	0.00000000	0.00000000	0.00000000	0.00000000
23.48810196	0.00000000	0.00000000	0.00000000	0.00000000	0.00000000	0.00000000	0.00000000	0.00000000
25.16582489	0.00000000	0.00000000	0.00000000	0.00000000	0.00000000	0.00000000	0.00000000	0.00000000
26.84354591	0.00000000	0.00000000	0.00000000	0.00000000	0.00000000	0.00000000	0.00000000	0.00000000
30.19898796	0.00000000	0.00000000	0.00000000	0.00000000	0.00000000	0.00000000	0.00000000	0.00000000
33.55443192	0.00000000	0.00000000	0.00000000	0.00000000	0.00000000	0.00000000	0.00000000	0.00000000
36.90987396	0.00000000	0.00000000	0.00000000	0.00000000	0.00000000	0.00000000	0.00000000	0.00000000
40.26531982	0.00000000	0.00000000	0.00000000	0.00000000	0.00000000	0.00000000	0.00000000	0.00000000
43.62076187	0.00000000	0.00000000	0.00000000	0.00000000	0.00000000	0.00000000	0.00000000	0.00000000
46.97620392	0.00000000	0.00000000	0.00000000	0.00000000	0.00000000	0.00000000	0.00000000	0.00000000
50.33164978	0.00000000	0.00000000	0.00000000	0.00000000	0.00000000	0.00000000	0.00000000	0.00000000
53.68709183	0.00000000	0.00000000	0.00000000	0.00000000	0.00000000	0.00000000	0.00000000	0.00000000
60.39797592	0.00000000	0.00000000	0.00000000	0.00000000	0.00000000	0.00000000	0.00000000	0.00000000
67.10886383	0.00000000	0.00000000	0.00000000	0.00000000	0.00000000	0.00000000	0.00000000	0.00000000
73.81974792	0.00000000	0.00000000	0.00000000	0.00000000	0.00000000	0.00000000	0.00000000	0.00000000
80.53063965	0.00000000	0.00000000	0.00000000	0.00000000	0.00000000	0.00000000	0.00000000	0.00000000
87.24152374	0.00000000	0.00000000	0.00000000	0.00000000	0.00000000	0.00000000	0.00000000	0.00000000
93.95240784	0.00000000	0.00000000	0.00000000	0.00000000	0.00000000	0.00000000	0.00000000	0.00000000
100.66329956	0.00000000	0.00000000	0.00000000	0.00000000	0.00000000	0.00000000	0.00000000	0.00000000
107.37418365	0.00000000	0.00000000	0.00000000	0.00000000	0.00000000	0.00000000	0.00000000	0.00000000
120.79595184	0.00000000	0.00000000	0.00000000	0.00000000	0.00000000	0.00000000	0.00000000	0.00000000
134.21772766	0.00000000	0.00000000	0.00000000	0.00000000	0.00000000	0.00000000	0.00000000	0.00000000
147.63949585	0.00000000	0.00000000	0.00000000	0.00000000	0.00000000	0.00000000	0.00000000	0.00000000
161.06127930	0.00000000	0.00000000	0.00000000	0.00000000	0.00000000	0.00000000	0.00000000	0.00000000
174.48304749	0.00000000	0.00000000	0.00000000	0.00000000	0.00000000	0.00000000	0.00000000	0.00000000
187.90481567	0.00000000	0.00000000	0.00000000	0.00000000	0.00000000	0.00000000	0.00000000	0.00000000
201.32659912	0.00000000	0.00000000	0.00000000	0.00000000	0.00000000	0.00000000	0.00000000	0.00000000
214.74836731	0.00000000	0.00000000	0.00000000	0.00000000	0.00000000	0.00000000	0.00000000	0.00000000
241.59190369	0.00000000	0.00000000	0.00000000	0.00000000	0.00000000	0.00000000	0.00000000	0.00000000
268.43545532	0.00000000	0.00000000	0.00000000	0.00000000	0.00000000	0.00000000	0.00000000	0.00000000
295.27899170	0.00000000	0.00000000	0.00000000	0.00000000	0.00000000	0.00000000	0.00000000	0.00000000
322.12255859	0.00000000	0.00000000	0.00000000	0.00000000	0.00000000	0.00000000	0.00000000	0.00000000
348.96609497	0.00000000	0.00000000	0.00000000	0.00000000	0.00000000	0.00000000	0.00000000	0.00000000
375.80963135	0.00000000	0.00000000	0.00000000	0.00000000	0.00000000	0.00000000	0.00000000	0.00000000
402.65319824	0.00000000	0.00000000	0.00000000	0.00000000	0.00000000	0.00000000	0.00000000	0.00000000
429.49673462	0.00000000	0.00000000	0.00000000	0.00000000	0.00000000	0.00000000	0.00000000	0.00000000
483.18380737	0.00000000	0.00000000	0.00000000	0.00000000	0.00000000	0.00000000	0.00000000	0.00000000
536.87091064	0.00000000	0.00000000	0.00000000	0.00000000	0.00000000	0.00000000	0.00000000	0.00000000
590.55798340	0.00000000	0.00000000	0.00000000	0.00000000	0.00000000	0.00000000	0.00000000	0.00000000
644.24511719	0.00000000	0.00000000	0.00000000	0.00000000	0.00000000	0.00000000	0.00000000	0.00000000
697.93218994	0.00000000	0.00000000	0.00000000	0.00000000	0.00000000	0.00000000	0.00000000	0.00000000
751.61926270	0.00000000	0.00000000	0.00000000	0.00000000	0.00000000	0.00000000	0.00000000	0.00000000
805.30639648	0.00000000	0.00000000	0.00000000	0.00000000	0.00000000	0.00000000	0.00000000	0.00000000
858.99346924	0.00000000	0.00000000	0.00000000	0.00000000	0.00000000	0.00000000	0.00000000	0.00000000
966.36761475	0.00000000	0.00000000	0.00000000	0.00000000	0.00000000	0.00000000	0.00000000	0.00000000
1073.74182129	0.00000000	0.00000000	0.00000000	0.00000000	0.00000000	0.00000000	0.00000000	0.00000000
1181.11596680	0.00000000	0.00000000	0.00000000	0.00000000	0.00000000	0.00000000	0.00000000	0.00000000
1288.49023437	0.00000000	0.00000000	0.00000000	0.00000000	0.00000000	0.00000000	0.00000000	0.00000000
1395.86437988	0.00000000	0.00000000	0.00000000	0.00000000	0.00000000	0.00000000	0.00000000	0.00000000
1503.23852539	0.00000000	0.00000000	0.00000000	0.00000000	0.00000000	0.00000000	0.00000000	0.00000000
1610.61279297	0.00000000	0.00000000	0.00000000	0.00000000	0.00000000	0.00000000	0.00000000	0.00000000
1717.98693848	0.00000000	0.00000000	0.00000000	0.00000000	0.00000000	0.00000000	0.00000000	0.00000000
1932.73522949	0.00000000	0.00000000	0.00000000	0.00000000	0.00000000	0.00000000	0.00000000	0.00000000
2147.48364258	0.00000000	0.00000000	0.00000000	0.00000000	0.00000000	0.00000000	0.00000000	0.00000000
2362.23193359	0.00000000	0.00000000	0.00000000	0.00000000	0.00000000	0.00000000	0.00000000	0.00000000
2576.98046875	0.00000000	0.00000000	0.00000000	0.00000000	0.00000000	0.00000000	0.00000000	0.00000000
2791.72875977	0.00000000	0.00000000	0.00000000	0.00000000	0.00000000	0.00000000	0.00000000	0.00000000
3006.47705078	0.00000000	0.00000000	0.00000000	0.00000000	0.00000000	0.00000000	0.00000000	0.00000000
3221.22558594	0.00000000	0.00000000	0.00000000	0.00000000	0.00000000	0.00000000	0.00000000	0.00000000
3435.97387695	0.00000000	0.00000000	0.00000000	0.00000000	0.00000000	0.00000000	0.00000000	0.00000000
0	0	0	0	0	0	0	0	0
