%4/4/2019 3:57:59 PM
%Duration	ID1		ID2		ID3		ID4		ID5		ID6		ID7		ID8
1000.000000	0.000000	0.429153	537.281067	347.957611	167.779922	62.437057	0.505447	0.143051
%Tau		Tau1		Tau2		Tau3		Tau4		Tau5		Tau6		Tau7		Tau8
%		0.000000	0.000001	0.000256	0.000154	0.000115	0.000070	0.000001	0.000001
%Delaytime	D1		D2		D3		D4		D5		D6		D7		D8
0.00000020	0.00000000	185.18685913	1.58562768	1.59145248	1.66733015	2.79725695	232.96990967	308.15295410
0.00000040	0.00000000	0.00000000	1.49588037	1.49484372	1.52702725	1.63058949	38.82831955	308.15295410
0.00000060	0.00000000	0.00000000	1.48126674	1.49182761	1.49782896	1.52627563	0.00000000	0.00000000
0.00000080	0.00000000	0.00000000	1.45787680	1.47505069	1.49252021	1.44941282	0.00000000	0.00000000
0.00000100	0.00000000	0.00000000	1.47129917	1.47354269	1.50237942	1.41098142	0.00000000	0.00000000
0.00000120	0.00000000	0.00000000	1.47860599	1.46722782	1.49896657	1.49607956	0.00000000	0.00000000
0.00000140	0.00000000	0.00000000	1.48027396	1.48824608	1.53309441	1.51804042	0.00000000	0.00000000
0.00000160	0.00000000	0.00000000	1.47801042	1.47900927	1.48038590	1.53725612	0.00000000	0.00000000
0.00000180	0.00000000	0.00000000	1.48646891	1.48391044	1.49707067	1.58117771	0.00000000	0.00000000
0.00000200	0.00000000	0.00000000	1.47916198	1.49880230	1.48493636	1.36431479	0.00000000	0.00000000
0.00000220	0.00000000	0.00000000	1.46601760	1.48881161	1.48304033	1.45215797	0.00000000	0.00000000
0.00000240	0.00000000	0.00000000	1.47372162	1.44931984	1.46711409	1.52078545	0.00000000	0.00000000
0.00000260	0.00000000	0.00000000	1.47622335	1.46666229	1.45194614	1.53176582	0.00000000	0.00000000
0.00000280	0.00000000	0.00000000	1.46613669	1.47985756	1.45839250	1.44117761	0.00000000	0.00000000
0.00000300	0.00000000	0.00000000	1.47626305	1.45949900	1.41213048	1.49058938	0.00000000	0.00000000
0.00000320	0.00000000	0.00000000	1.47233164	1.45695424	1.47735238	1.46313834	0.00000000	0.00000000
0.00000360	0.00000000	0.00000000	1.47096169	1.47099781	1.47526681	1.50705993	0.00000000	0.00000000
0.00000400	0.00000000	0.00000000	1.47042549	1.46656799	1.44625819	1.50156975	38.82831955	0.00000000
0.00000440	0.00000000	0.00000000	1.47999597	1.46991396	1.45194614	1.44392264	0.00000000	0.00000000
0.00000480	0.00000000	30.86447716	1.47298694	1.46873581	1.47375000	1.57568753	0.00000000	0.00000000
0.00000520	0.00000000	0.00000000	1.47100139	1.45572901	1.43677831	1.44117761	0.00000000	0.00000000
0.00000560	0.00000000	0.00000000	1.47912228	1.46892428	1.44189739	1.39313829	0.00000000	0.00000000
0.00000600	0.00000000	0.00000000	1.47534978	1.45582318	1.45782375	1.46313834	0.00000000	0.00000000
0.00000640	0.00000000	0.00000000	1.47394001	1.46741629	1.48398829	1.44117761	0.00000000	0.00000000
0.00000720	0.00000000	0.00000000	1.46555102	1.46668577	1.45848727	1.40000105	0.00000000	0.00000000
0.00000800	0.00000000	0.00000000	1.46696079	1.44701064	1.44379342	1.45970702	0.00000000	77.03823853
0.00000880	0.00000000	0.00000000	1.46918452	1.44592667	1.43734705	1.43156970	0.00000000	0.00000000
0.00000960	0.00000000	0.00000000	1.46495533	1.45337260	1.46986318	1.39245200	0.00000000	0.00000000
0.00001040	0.00000000	0.00000000	1.46624589	1.45853293	1.44360387	1.42539322	0.00000000	0.00000000
0.00001120	0.00000000	0.00000000	1.45769811	1.44309914	1.44104421	1.45215797	9.70707989	0.00000000
0.00001200	0.00000000	15.43223858	1.45873058	1.42943251	1.44312978	1.40343249	9.70707989	0.00000000
0.00001280	0.00000000	0.00000000	1.45709252	1.43687844	1.46408045	1.44186389	9.70707989	0.00000000
0.00001440	0.00000000	0.00000000	1.45711732	1.44309914	1.42767751	1.43191290	0.00000000	0.00000000
0.00001600	0.00000000	7.71611929	1.45251083	1.44128478	1.43630421	1.41509914	0.00000000	0.00000000
0.00001760	0.00000000	0.00000000	1.45432270	1.43247223	1.43393433	1.44357955	4.85353994	0.00000000
0.00001920	0.00000000	0.00000000	1.44564581	1.42744148	1.41587508	1.43465793	0.00000000	0.00000000
0.00002080	0.00000000	0.00000000	1.44144630	1.42276418	1.41099286	1.42161870	0.00000000	0.00000000
0.00002240	0.00000000	0.00000000	1.43955505	1.42320013	1.40288746	1.39073634	4.85353994	0.00000000
0.00002400	0.00000000	0.00000000	1.44386375	1.41553032	1.40449905	1.33857942	0.00000000	0.00000000
0.00002560	0.00000000	7.71611929	1.43807089	1.41005182	1.39269662	1.39039326	4.85353994	0.00000000
0.00002880	0.00000000	0.00000000	1.43510449	1.39755762	1.39296377	1.37462747	2.39750266	0.00000000
0.00003200	0.00000000	0.00000000	1.43248785	1.39160156	1.37591839	1.34655964	0.00000000	0.00000000
0.00003520	0.00000000	0.00000000	1.42664552	1.38306451	1.36419332	1.34153521	0.00000000	0.00000000
0.00003840	0.00000000	0.00000000	1.41987967	1.36971772	1.35858238	1.32074428	4.79500532	0.00000000
0.00004160	0.00000000	0.00000000	1.41459882	1.36497509	1.34567988	1.30549765	2.39750266	0.00000000
0.00004480	0.00000000	0.00000000	1.41253388	1.36187780	1.35084939	1.29163694	0.00000000	0.00000000
0.00004800	0.00000000	0.00000000	1.40722656	1.35097599	1.33877540	1.30723023	0.00000000	0.00000000
0.00005120	0.00000000	0.00000000	1.40236998	1.34440017	1.32073534	1.26616812	2.39750266	0.00000000
0.00005760	0.00000000	0.00000000	1.39624524	1.33381402	1.29364121	1.24654138	1.20359969	0.00000000
0.00006400	0.00000000	0.00000000	1.38340557	1.32153988	1.28713000	1.24222982	3.61079884	0.00000000
0.00007040	0.00000000	0.00000000	1.37483072	1.30472708	1.26586485	1.22489846	3.61079884	0.00000000
0.00007680	0.00000000	1.87116218	1.36349368	1.29699373	1.25294077	1.20871425	0.00000000	0.00000000
0.00008320	0.00000000	0.00000000	1.35647988	1.28335977	1.24504232	1.21348047	0.00000000	0.00000000
0.00008960	0.00000000	0.00000000	1.34586477	1.27094412	1.22845912	1.17864370	2.40719938	0.00000000
0.00009600	0.00000000	0.00000000	1.33903944	1.26315200	1.22269011	1.17049778	1.20359969	0.00000000
0.00010240	0.00000000	0.00000000	1.33086419	1.24694836	1.21043336	1.14891982	0.00000000	0.00000000
0.00011520	0.00000000	2.87880039	1.31431448	1.23086691	1.18426335	1.13632238	0.59100604	0.00000000
0.00012800	0.00000000	1.91920030	1.29959607	1.21142828	1.16758585	1.11972034	0.59100604	4.70669365
0.00014080	0.00000000	0.00000000	1.28611135	1.19253588	1.15054345	1.09387171	0.59100604	0.00000000
0.00015360	0.00000000	0.95960015	1.27012920	1.17660844	1.13474131	1.07115650	0.00000000	0.00000000
0.00016640	0.00000000	0.00000000	1.25541222	1.16431236	1.12074482	1.06833124	1.18201208	0.00000000
0.00017920	0.00000000	0.00000000	1.24355638	1.14820659	1.10745096	1.06541967	1.77301800	4.70669365
0.00019200	0.00000000	0.00000000	1.22875714	1.13623941	1.09565508	1.04451895	1.18201208	0.00000000
0.00020480	0.00000000	0.95960015	1.21802557	1.12420344	1.08951366	1.03975093	1.18201208	0.00000000
0.00023040	0.00000000	0.96451491	1.19386995	1.10617125	1.07410073	1.03227043	0.29373589	2.32697892
0.00025600	0.00000000	0.48225746	1.17190123	1.08804595	1.06122315	1.01831627	0.29373589	0.00000000
0.00028160	0.00000000	0.96451491	1.15345538	1.07184446	1.04852712	1.01625359	0.58747178	0.00000000
0.00030720	0.00000000	1.44677234	1.13645446	1.05929768	1.03956056	1.01522648	0.29315075	0.00000000
0.00033280	0.00000000	1.44677234	1.12259877	1.05059469	1.03478205	1.01168859	2.63835669	0.00000000
0.00035840	0.00000000	0.00000000	1.10613883	1.04042673	1.03206778	1.00268030	0.87945223	0.00000000
0.00038400	0.00000000	0.96451491	1.09503198	1.03370833	1.02606046	1.02070475	1.17260301	2.32697892
0.00040960	0.00000000	0.00000000	1.08421063	1.02698350	1.02469039	1.00360394	1.17260301	0.00000000
0.00046080	0.00000000	1.45420122	1.06635237	1.01984441	1.01484144	1.00435507	1.01991630	1.15698957
0.00051200	0.00000000	0.48473373	1.05188000	1.01394653	1.01452315	1.00049388	1.01991630	1.15698957
0.00056320	0.00000000	0.48473373	1.03995061	1.01168096	1.01669788	1.00381613	1.31132090	2.31397915
0.00061440	0.00000000	1.45420122	1.02902019	1.01013792	1.01309085	0.99360746	0.72851163	3.47096848
0.00066560	0.00000000	0.72710061	1.02011800	1.00928164	1.01038206	0.99839109	0.87421393	1.15698957
0.00071680	0.00000000	1.21183431	1.01380873	1.00732160	1.00676668	0.99557358	0.87421393	0.00000000
0.00076800	0.00000000	1.21183431	1.00803518	1.00535154	1.00382411	0.99728727	1.74842787	0.00000000
0.00081920	0.00000000	0.96946746	1.00524032	1.00536895	1.00262547	1.00295830	0.43710697	2.31397915
0.00092160	0.00000000	1.06591272	1.00319934	1.00502598	0.99840504	1.00262272	0.58982402	1.74523413
0.00102400	0.00000000	1.53965175	1.00343823	1.00368679	0.99565405	1.00931704	0.88473600	2.90872359
0.00112640	0.00000000	0.59217376	1.00107944	1.00174034	0.99684697	1.01231205	0.81100798	0.00000000
0.00122880	0.00000000	0.94988889	0.99852264	0.99500299	0.99877042	0.99868721	1.03219199	0.00000000
0.00133120	0.00000000	1.54750705	0.99632633	0.99522644	1.00160432	0.99122900	0.58982402	0.58174473
0.00143360	0.00000000	0.95231205	0.99558043	0.99579233	1.00351155	0.99734682	1.32710397	1.74523413
0.00153600	0.00000000	0.95231205	0.99592608	0.99498188	1.00547397	0.99867445	0.81100798	0.58174473
0.00163840	0.00000000	0.71423405	0.99816447	0.99901932	1.00574660	0.99810809	0.73728001	0.58174473
0.00184320	0.00000000	0.93323040	1.00070560	0.99407274	1.00427759	0.99594545	0.66090572	0.29416835
0.00204800	0.00000000	1.28319180	1.00233960	0.99451023	1.00082099	0.99761868	1.17494357	1.17667341
0.00225280	0.00000000	0.75824970	1.00635147	0.99550337	0.99943322	0.99416095	0.91792464	0.88250500
0.00245760	0.00000000	1.39984560	1.00421417	1.00101566	0.99956614	0.99830043	1.61554730	0.58833671
0.00266240	0.00000000	1.16653800	1.00026119	0.99864531	1.00106835	1.00570023	1.39524543	0.29416835
0.00286720	0.00000000	1.04988420	0.99631697	1.00502980	0.99985063	1.00296307	1.02807558	2.63264132
0.00307200	0.00000000	0.87490350	0.99702030	1.00936258	0.99940348	0.99725032	1.43196237	1.17006290
0.00327680	0.00000000	0.75824970	1.00218475	1.00876546	0.99929994	1.00087261	0.91792464	0.29251572
0.00368640	0.00000000	0.96969700	1.00633657	1.00382817	0.99274385	0.99627239	1.09185541	0.73128927
0.00409600	0.00000000	0.85215795	1.00022948	0.99502850	0.99466240	0.99956471	0.96231323	1.31632066
0.00450560	0.00000000	1.17539024	0.99371207	0.99981201	0.98919678	0.99878579	1.12661421	1.17006290
0.00491520	0.00000000	0.82277316	0.99806130	1.00003541	0.99238843	0.99976134	0.86804706	1.46257854
0.00532480	0.00000000	0.94031221	0.99843484	1.00114143	0.99379474	1.00628364	0.92345428	1.02380502
0.00573440	0.00000000	0.94031221	1.01058912	0.99767977	1.00424504	1.00159788	0.97886157	0.29251572
0.00614400	0.00000000	1.05785120	1.00956631	0.99597263	1.00501251	1.00007629	1.05273795	0.58503145
0.00655360	0.00000000	0.73461890	1.00462532	1.00042832	1.00151527	1.00163877	0.97886157	0.73128927
0.00737280	0.00000000	0.82907522	1.00144982	1.00063396	0.99880731	0.99771136	1.04049933	1.17006290
0.00819200	0.00000000	1.08176565	0.99582648	0.99886954	0.99766904	0.99892700	1.24238837	1.17006290
0.00901120	0.00000000	0.84787035	0.99587852	0.99500865	0.99804300	0.99616009	0.96424174	1.31632066
0.00983040	0.00000000	0.83325189	0.99840355	0.99601638	0.99342656	1.00281203	1.03841412	1.17006290
0.01064960	0.00000000	1.08176565	0.99212283	1.00242758	0.99898374	1.00123584	0.98278487	1.17006290
0.01146880	0.00000000	1.05518663	1.00122082	1.00000274	1.00034893	1.00038326	1.08695018	1.17006290
0.01228800	0.00000000	0.86466682	0.99589705	1.00322509	1.00245285	0.99938917	0.94759762	1.46257854
0.01310720	0.00000000	1.11380816	0.99460876	1.00000095	0.99908048	1.00188971	0.93088651	1.46257854
0.01474560	0.00000000	1.05787826	0.99111313	1.00377691	0.99776310	1.00290024	1.12411547	0.81820822
0.01638400	0.00000000	1.04318547	0.99947613	1.00386906	1.00157952	1.00089490	1.00798786	1.00416470
0.01802240	0.00000000	0.96729130	1.00050795	1.00201368	1.00235784	1.00109279	1.15198612	1.25739968
0.01966080	0.00000000	1.02591503	1.00674081	0.99895465	1.00401032	0.99758923	0.92715549	1.03550565
0.02129920	0.00000000	0.90588039	0.99665397	0.99708998	0.99725211	1.00170135	1.01782727	1.33136439
0.02293760	0.00000000	0.89851552	1.00364244	0.99873811	0.99633741	1.00250077	1.06409216	0.81361157
0.02457600	0.00000000	1.11490536	1.00435054	0.99403536	1.00121462	0.99902588	1.10795081	1.14645267
0.02621440	0.00000000	1.01892018	0.99565297	0.99902463	1.00346804	0.99733013	1.06159306	1.48765135
0.02949120	0.00000000	1.00869894	1.00334156	1.00271356	1.00064194	1.00107443	1.01819015	1.13444400
0.03276800	0.00000000	0.95133758	0.99801326	0.99860162	1.00010073	1.00207353	0.98606932	0.91127467
0.03604480	0.00000000	0.92428076	0.99678659	0.99564099	1.00152826	1.00205827	1.02551091	0.94846958
0.03932160	0.00000000	0.94877106	0.99681425	0.99766272	0.99911362	1.00333905	0.96697724	1.17825830
0.04259840	0.00000000	0.97951669	1.00504529	1.00050771	1.00172567	0.99970227	0.98446023	0.93512565
0.04587520	0.00000000	1.00643432	1.00138450	0.99919397	0.99944746	0.99884254	0.91880161	0.99123317
0.04915200	0.00000000	1.09550285	1.00317144	0.99878281	1.00243008	1.00014138	0.91929501	1.06604326
0.05242880	0.00000000	1.09091604	1.00310433	0.99812710	0.99922365	1.00298893	1.04962540	0.92987216
0.05898240	0.00000000	1.03055120	1.00187123	0.99916536	0.99713123	1.00088322	1.02351391	0.96317941
0.06553600	0.00000000	0.99462491	1.00259876	0.99873984	1.00172079	1.00099540	1.04103982	0.86478108
0.07208960	0.00000000	1.06649315	0.99904889	1.00280082	1.00037873	0.99900299	0.98575610	0.97636575
0.07864320	0.00000000	1.00559187	0.99715376	0.99951845	1.00164223	1.00043619	1.01268291	0.99865150
0.08519680	0.00000000	1.02701211	1.00209999	1.00134397	0.99931508	1.00111437	1.05435681	0.95241767
0.09175040	0.00000000	0.95432580	0.99964118	1.00001192	1.00049603	1.00153708	0.99966055	1.08795035
0.09830400	0.00000000	1.11527359	1.00160420	0.99906850	0.99940854	1.00169647	1.02117717	0.93917084
0.10485760	0.00000000	0.94107127	1.00027490	0.99962389	1.00015688	1.00087905	1.04780483	0.98566449
0.11796480	0.00000000	1.03992224	0.99926549	1.00139081	0.99943084	1.00190103	0.95887887	0.99486685
0.13107200	0.00000000	1.05739570	0.99995404	0.99995881	0.99927175	0.99941564	0.99916452	1.00145352
0.14417920	0.00000000	0.98041344	0.99987048	1.00101590	1.00075722	1.00007200	1.01976705	1.01913881
0.15728641	0.00000000	1.01136863	0.99721324	1.00062275	0.99960160	1.00045002	1.02495682	0.85367346
0.17039360	0.00000000	0.98218489	1.00078738	0.99798346	0.99952394	0.99955726	1.02017117	0.93012047
0.18350080	0.00000000	1.07452071	1.00035536	0.99965799	0.99919772	1.00074768	1.01883090	0.90052247
0.19660801	0.00000000	1.01741850	0.99836099	1.00020170	0.99917710	0.99987072	1.03447723	0.97040147
0.20971520	0.00000000	0.97517496	0.99967235	1.00051582	0.99925137	0.99976528	0.98266476	1.03445017
0.23592959	0.00000000	0.99232799	0.99918556	1.00082707	0.99975514	0.99971789	0.99539584	1.04230845
0.26214400	0.00000000	1.03487349	1.00041628	0.99927157	1.00047648	0.99950045	1.01086175	1.04347825
0.28835839	0.00000000	0.97882837	0.99988127	0.99919438	1.00077331	0.99924248	0.99804372	1.04055202
0.31457281	0.00000000	1.03408158	1.00107217	1.00088525	0.99984580	0.99931562	0.97286379	1.04702902
0.34078720	0.00000000	0.99654543	0.99883443	1.00011241	0.99987125	0.99979228	1.00823665	1.08205581
0.36700159	0.00000000	1.01251066	1.00045848	1.00002706	1.00045514	0.99961430	1.00761354	0.98461539
0.39321601	0.00000000	1.01961362	1.00036442	0.99883431	0.99953723	1.00030780	0.98486811	0.92793572
0.41943040	0.00000000	0.97461098	1.00049222	1.00043964	0.99969888	0.99964899	1.02808571	0.92691624
0.47185919	0.00000000	0.98307151	0.99993509	0.99975657	0.99975359	1.00026071	0.98205066	0.92770600
0.52428800	0.00000000	1.02946055	0.99887800	1.00055051	1.00023484	0.99874800	0.99970883	1.05302656
0.57671678	0.00000000	1.01301789	0.99932086	0.99949092	1.00000525	0.99957043	0.98585325	0.97750980
0.62914562	0.00000000	0.98317534	0.99914324	0.99907249	1.00028431	0.99946600	0.96729487	0.98163843
0.68157440	0.00000000	1.00068617	1.00052357	1.00057638	0.99977022	0.99953914	0.96948534	0.98622549
0.73400319	0.00000000	1.00247896	1.00035822	0.99951750	0.99983197	0.99947393	0.97239000	1.03435242
0.78643203	0.00000000	0.99917775	1.00057435	0.99967790	0.99969214	0.99988532	0.99737626	0.95882297
0.83886081	0.00000000	0.97811651	0.99890864	0.99959040	1.00002182	1.00029624	0.98619932	0.96059406
0.94371837	0.00000000	0.98309523	0.99959660	1.00036716	1.00016809	0.99952108	0.99595219	0.99318182
1.04857600	0.00000000	1.00342965	1.00144994	0.99965310	1.00007200	0.99978071	0.98506117	0.99634147
1.15343356	0.00000000	0.98591548	1.00077009	0.99997294	0.99919814	1.00042784	1.00760520	0.96791446
1.25829124	0.00000000	0.99606192	0.99989706	1.00034904	1.00061691	1.00006711	1.00941050	1.08045399
1.36314881	0.00000000	1.03670192	0.99803823	1.00061619	1.00035882	0.99905831	0.99018407	1.00694442
1.46800637	0.00000000	0.95072216	1.00178528	1.00009906	0.99956709	0.99956542	0.99699700	0.98097253
1.57286406	0.00000000	1.00303602	0.99878293	0.99867243	1.00022733	1.00100327	0.99034882	1.05405402
1.67772162	0.00000000	1.07200003	1.00043011	0.99973226	1.00014532	1.00044239	1.02033901	0.96727270
1.88743675	0.00000000	0.00000000	0.00000000	0.00000000	0.00000000	0.00000000	0.00000000	0.00000000
2.09715199	0.00000000	0.00000000	0.00000000	0.00000000	0.00000000	0.00000000	0.00000000	0.00000000
2.30686712	0.00000000	0.00000000	0.00000000	0.00000000	0.00000000	0.00000000	0.00000000	0.00000000
2.51658249	0.00000000	0.00000000	0.00000000	0.00000000	0.00000000	0.00000000	0.00000000	0.00000000
2.72629762	0.00000000	0.00000000	0.00000000	0.00000000	0.00000000	0.00000000	0.00000000	0.00000000
2.93601274	0.00000000	0.00000000	0.00000000	0.00000000	0.00000000	0.00000000	0.00000000	0.00000000
3.14572811	0.00000000	0.00000000	0.00000000	0.00000000	0.00000000	0.00000000	0.00000000	0.00000000
3.35544324	0.00000000	0.00000000	0.00000000	0.00000000	0.00000000	0.00000000	0.00000000	0.00000000
3.77487350	0.00000000	0.00000000	0.00000000	0.00000000	0.00000000	0.00000000	0.00000000	0.00000000
4.19430399	0.00000000	0.00000000	0.00000000	0.00000000	0.00000000	0.00000000	0.00000000	0.00000000
4.61373425	0.00000000	0.00000000	0.00000000	0.00000000	0.00000000	0.00000000	0.00000000	0.00000000
5.03316498	0.00000000	0.00000000	0.00000000	0.00000000	0.00000000	0.00000000	0.00000000	0.00000000
5.45259523	0.00000000	0.00000000	0.00000000	0.00000000	0.00000000	0.00000000	0.00000000	0.00000000
5.87202549	0.00000000	0.00000000	0.00000000	0.00000000	0.00000000	0.00000000	0.00000000	0.00000000
6.29145622	0.00000000	0.00000000	0.00000000	0.00000000	0.00000000	0.00000000	0.00000000	0.00000000
6.71088648	0.00000000	0.00000000	0.00000000	0.00000000	0.00000000	0.00000000	0.00000000	0.00000000
7.54974699	0.00000000	0.00000000	0.00000000	0.00000000	0.00000000	0.00000000	0.00000000	0.00000000
8.38860798	0.00000000	0.00000000	0.00000000	0.00000000	0.00000000	0.00000000	0.00000000	0.00000000
9.22746849	0.00000000	0.00000000	0.00000000	0.00000000	0.00000000	0.00000000	0.00000000	0.00000000
10.06632996	0.00000000	0.00000000	0.00000000	0.00000000	0.00000000	0.00000000	0.00000000	0.00000000
10.90519047	0.00000000	0.00000000	0.00000000	0.00000000	0.00000000	0.00000000	0.00000000	0.00000000
11.74405098	0.00000000	0.00000000	0.00000000	0.00000000	0.00000000	0.00000000	0.00000000	0.00000000
12.58291245	0.00000000	0.00000000	0.00000000	0.00000000	0.00000000	0.00000000	0.00000000	0.00000000
13.42177296	0.00000000	0.00000000	0.00000000	0.00000000	0.00000000	0.00000000	0.00000000	0.00000000
15.09949398	0.00000000	0.00000000	0.00000000	0.00000000	0.00000000	0.00000000	0.00000000	0.00000000
16.77721596	0.00000000	0.00000000	0.00000000	0.00000000	0.00000000	0.00000000	0.00000000	0.00000000
18.45493698	0.00000000	0.00000000	0.00000000	0.00000000	0.00000000	0.00000000	0.00000000	0.00000000
20.13265991	0.00000000	0.00000000	0.00000000	0.00000000	0.00000000	0.00000000	0.00000000	0.00000000
21.81038094	0.00000000	0.00000000	0.00000000	0.00000000	0.00000000	0.00000000	0.00000000	0.00000000
23.48810196	0.00000000	0.00000000	0.00000000	0.00000000	0.00000000	0.00000000	0.00000000	0.00000000
25.16582489	0.00000000	0.00000000	0.00000000	0.00000000	0.00000000	0.00000000	0.00000000	0.00000000
26.84354591	0.00000000	0.00000000	0.00000000	0.00000000	0.00000000	0.00000000	0.00000000	0.00000000
30.19898796	0.00000000	0.00000000	0.00000000	0.00000000	0.00000000	0.00000000	0.00000000	0.00000000
33.55443192	0.00000000	0.00000000	0.00000000	0.00000000	0.00000000	0.00000000	0.00000000	0.00000000
36.90987396	0.00000000	0.00000000	0.00000000	0.00000000	0.00000000	0.00000000	0.00000000	0.00000000
40.26531982	0.00000000	0.00000000	0.00000000	0.00000000	0.00000000	0.00000000	0.00000000	0.00000000
43.62076187	0.00000000	0.00000000	0.00000000	0.00000000	0.00000000	0.00000000	0.00000000	0.00000000
46.97620392	0.00000000	0.00000000	0.00000000	0.00000000	0.00000000	0.00000000	0.00000000	0.00000000
50.33164978	0.00000000	0.00000000	0.00000000	0.00000000	0.00000000	0.00000000	0.00000000	0.00000000
53.68709183	0.00000000	0.00000000	0.00000000	0.00000000	0.00000000	0.00000000	0.00000000	0.00000000
60.39797592	0.00000000	0.00000000	0.00000000	0.00000000	0.00000000	0.00000000	0.00000000	0.00000000
67.10886383	0.00000000	0.00000000	0.00000000	0.00000000	0.00000000	0.00000000	0.00000000	0.00000000
73.81974792	0.00000000	0.00000000	0.00000000	0.00000000	0.00000000	0.00000000	0.00000000	0.00000000
80.53063965	0.00000000	0.00000000	0.00000000	0.00000000	0.00000000	0.00000000	0.00000000	0.00000000
87.24152374	0.00000000	0.00000000	0.00000000	0.00000000	0.00000000	0.00000000	0.00000000	0.00000000
93.95240784	0.00000000	0.00000000	0.00000000	0.00000000	0.00000000	0.00000000	0.00000000	0.00000000
100.66329956	0.00000000	0.00000000	0.00000000	0.00000000	0.00000000	0.00000000	0.00000000	0.00000000
107.37418365	0.00000000	0.00000000	0.00000000	0.00000000	0.00000000	0.00000000	0.00000000	0.00000000
120.79595184	0.00000000	0.00000000	0.00000000	0.00000000	0.00000000	0.00000000	0.00000000	0.00000000
134.21772766	0.00000000	0.00000000	0.00000000	0.00000000	0.00000000	0.00000000	0.00000000	0.00000000
147.63949585	0.00000000	0.00000000	0.00000000	0.00000000	0.00000000	0.00000000	0.00000000	0.00000000
161.06127930	0.00000000	0.00000000	0.00000000	0.00000000	0.00000000	0.00000000	0.00000000	0.00000000
174.48304749	0.00000000	0.00000000	0.00000000	0.00000000	0.00000000	0.00000000	0.00000000	0.00000000
187.90481567	0.00000000	0.00000000	0.00000000	0.00000000	0.00000000	0.00000000	0.00000000	0.00000000
201.32659912	0.00000000	0.00000000	0.00000000	0.00000000	0.00000000	0.00000000	0.00000000	0.00000000
214.74836731	0.00000000	0.00000000	0.00000000	0.00000000	0.00000000	0.00000000	0.00000000	0.00000000
241.59190369	0.00000000	0.00000000	0.00000000	0.00000000	0.00000000	0.00000000	0.00000000	0.00000000
268.43545532	0.00000000	0.00000000	0.00000000	0.00000000	0.00000000	0.00000000	0.00000000	0.00000000
295.27899170	0.00000000	0.00000000	0.00000000	0.00000000	0.00000000	0.00000000	0.00000000	0.00000000
322.12255859	0.00000000	0.00000000	0.00000000	0.00000000	0.00000000	0.00000000	0.00000000	0.00000000
348.96609497	0.00000000	0.00000000	0.00000000	0.00000000	0.00000000	0.00000000	0.00000000	0.00000000
375.80963135	0.00000000	0.00000000	0.00000000	0.00000000	0.00000000	0.00000000	0.00000000	0.00000000
402.65319824	0.00000000	0.00000000	0.00000000	0.00000000	0.00000000	0.00000000	0.00000000	0.00000000
429.49673462	0.00000000	0.00000000	0.00000000	0.00000000	0.00000000	0.00000000	0.00000000	0.00000000
483.18380737	0.00000000	0.00000000	0.00000000	0.00000000	0.00000000	0.00000000	0.00000000	0.00000000
536.87091064	0.00000000	0.00000000	0.00000000	0.00000000	0.00000000	0.00000000	0.00000000	0.00000000
590.55798340	0.00000000	0.00000000	0.00000000	0.00000000	0.00000000	0.00000000	0.00000000	0.00000000
644.24511719	0.00000000	0.00000000	0.00000000	0.00000000	0.00000000	0.00000000	0.00000000	0.00000000
697.93218994	0.00000000	0.00000000	0.00000000	0.00000000	0.00000000	0.00000000	0.00000000	0.00000000
751.61926270	0.00000000	0.00000000	0.00000000	0.00000000	0.00000000	0.00000000	0.00000000	0.00000000
805.30639648	0.00000000	0.00000000	0.00000000	0.00000000	0.00000000	0.00000000	0.00000000	0.00000000
858.99346924	0.00000000	0.00000000	0.00000000	0.00000000	0.00000000	0.00000000	0.00000000	0.00000000
966.36761475	0.00000000	0.00000000	0.00000000	0.00000000	0.00000000	0.00000000	0.00000000	0.00000000
1073.74182129	0.00000000	0.00000000	0.00000000	0.00000000	0.00000000	0.00000000	0.00000000	0.00000000
1181.11596680	0.00000000	0.00000000	0.00000000	0.00000000	0.00000000	0.00000000	0.00000000	0.00000000
1288.49023437	0.00000000	0.00000000	0.00000000	0.00000000	0.00000000	0.00000000	0.00000000	0.00000000
1395.86437988	0.00000000	0.00000000	0.00000000	0.00000000	0.00000000	0.00000000	0.00000000	0.00000000
1503.23852539	0.00000000	0.00000000	0.00000000	0.00000000	0.00000000	0.00000000	0.00000000	0.00000000
1610.61279297	0.00000000	0.00000000	0.00000000	0.00000000	0.00000000	0.00000000	0.00000000	0.00000000
1717.98693848	0.00000000	0.00000000	0.00000000	0.00000000	0.00000000	0.00000000	0.00000000	0.00000000
1932.73522949	0.00000000	0.00000000	0.00000000	0.00000000	0.00000000	0.00000000	0.00000000	0.00000000
2147.48364258	0.00000000	0.00000000	0.00000000	0.00000000	0.00000000	0.00000000	0.00000000	0.00000000
2362.23193359	0.00000000	0.00000000	0.00000000	0.00000000	0.00000000	0.00000000	0.00000000	0.00000000
2576.98046875	0.00000000	0.00000000	0.00000000	0.00000000	0.00000000	0.00000000	0.00000000	0.00000000
2791.72875977	0.00000000	0.00000000	0.00000000	0.00000000	0.00000000	0.00000000	0.00000000	0.00000000
3006.47705078	0.00000000	0.00000000	0.00000000	0.00000000	0.00000000	0.00000000	0.00000000	0.00000000
3221.22558594	0.00000000	0.00000000	0.00000000	0.00000000	0.00000000	0.00000000	0.00000000	0.00000000
3435.97387695	0.00000000	0.00000000	0.00000000	0.00000000	0.00000000	0.00000000	0.00000000	0.00000000
0	0	0	0	0	0	0	0	0
