%4/4/2019 3:59:37 PM
%Duration	ID1		ID2		ID3		ID4		ID5		ID6		ID7		ID8
1000.000000	0.000000	0.448227	528.144836	343.456268	167.045593	60.062408	0.381470	0.171661
%Tau		Tau1		Tau2		Tau3		Tau4		Tau5		Tau6		Tau7		Tau8
%		0.000000	0.000001	0.000230	0.000154	0.000102	0.000070	0.000001	0.000001
%Delaytime	D1		D2		D3		D4		D5		D6		D7		D8
0.00000020	0.00000000	134.93643188	1.58632624	1.60990667	1.63850141	2.95834899	389.44952393	0.00000000
0.00000040	0.00000000	0.00000000	1.48900855	1.48604572	1.51334834	1.63555658	0.00000000	0.00000000
0.00000060	0.00000000	0.00000000	1.47390747	1.49108768	1.52894604	1.48060918	0.00000000	0.00000000
0.00000080	0.00000000	0.00000000	1.48173761	1.47805476	1.52300406	1.48347855	0.00000000	0.00000000
0.00000100	0.00000000	0.00000000	1.47614467	1.48471391	1.48958039	1.52365005	0.00000000	0.00000000
0.00000120	0.00000000	0.00000000	1.47782254	1.48908997	1.52263272	1.46913159	0.00000000	0.00000000
0.00000140	0.00000000	0.00000000	1.48261654	1.49222922	1.45912778	1.42035174	0.00000000	0.00000000
0.00000160	0.00000000	0.00000000	1.47566533	1.47729361	1.55828464	1.48347855	0.00000000	0.00000000
0.00000180	0.00000000	0.00000000	1.46703613	1.50155210	1.49366558	1.49208677	0.00000000	0.00000000
0.00000200	0.00000000	0.00000000	1.49420202	1.48233557	1.47732508	1.60399318	0.00000000	0.00000000
0.00000220	0.00000000	0.00000000	1.46799493	1.47377384	1.49960756	1.36870265	0.00000000	0.00000000
0.00000240	0.00000000	0.00000000	1.47694373	1.48709214	1.54602921	1.50643373	0.00000000	0.00000000
0.00000260	0.00000000	0.00000000	1.47502613	1.49879336	1.46729803	1.41748238	0.00000000	0.00000000
0.00000280	0.00000000	0.00000000	1.48988736	1.47510564	1.48809493	1.54947472	0.00000000	0.00000000
0.00000300	0.00000000	0.00000000	1.47450674	1.48490417	1.49180865	1.40887415	0.00000000	0.00000000
0.00000320	0.00000000	0.00000000	1.47382760	1.46701944	1.49886477	1.46913159	0.00000000	0.00000000
0.00000360	0.00000000	0.00000000	1.47220957	1.49104011	1.43851650	1.48921728	0.00000000	0.00000000
0.00000400	0.00000000	0.00000000	1.47165036	1.48438096	1.48568106	1.46769691	0.00000000	0.00000000
0.00000440	0.00000000	0.00000000	1.47648430	1.46868432	1.47806787	1.45908868	0.00000000	0.00000000
0.00000480	0.00000000	0.00000000	1.47093117	1.47520077	1.48530960	1.44761109	21.63608360	154.07647705
0.00000520	0.00000000	0.00000000	1.47858167	1.46050298	1.48512399	1.46195805	0.00000000	0.00000000
0.00000560	0.00000000	0.00000000	1.45810735	1.46725726	1.45300007	1.37300670	0.00000000	0.00000000
0.00000600	0.00000000	0.00000000	1.47212970	1.47729361	1.50332129	1.46052337	0.00000000	0.00000000
0.00000640	0.00000000	0.00000000	1.47073150	1.47929144	1.45504272	1.44904578	0.00000000	154.07647705
0.00000720	0.00000000	0.00000000	1.46669650	1.46706700	1.45652819	1.49352145	10.81804180	0.00000000
0.00000800	0.00000000	0.00000000	1.46053433	1.47365487	1.46609104	1.45550191	0.00000000	0.00000000
0.00000880	0.00000000	0.00000000	1.45737827	1.46133542	1.46831930	1.40457010	0.00000000	0.00000000
0.00000960	0.00000000	0.00000000	1.46166289	1.47189498	1.47119749	1.41317832	10.81804180	0.00000000
0.00001040	0.00000000	0.00000000	1.46346056	1.45821989	1.46079898	1.42178655	0.00000000	0.00000000
0.00001120	0.00000000	0.00000000	1.46317101	1.46430826	1.46376991	1.40600479	0.00000000	0.00000000
0.00001200	0.00000000	0.00000000	1.46633697	1.45788693	1.44297302	1.43182933	0.00000000	0.00000000
0.00001280	0.00000000	0.00000000	1.45760798	1.45253575	1.43851650	1.40313542	0.00000000	0.00000000
0.00001440	0.00000000	0.00000000	1.45283902	1.44624519	1.43814516	1.39560318	5.40902090	0.00000000
0.00001600	0.00000000	8.43352699	1.45136082	1.44906342	1.44376218	1.40743947	0.00000000	0.00000000
0.00001760	0.00000000	0.00000000	1.44682658	1.44041836	1.42918575	1.39201653	0.00000000	0.00000000
0.00001920	0.00000000	0.00000000	1.44730091	1.43626833	1.41697681	1.33319378	0.00000000	0.00000000
0.00002080	0.00000000	0.00000000	1.44498384	1.43229651	1.42078340	1.35937715	0.00000000	0.00000000
0.00002240	0.00000000	0.00000000	1.44205749	1.42650545	1.42691112	1.33821523	0.00000000	0.00000000
0.00002400	0.00000000	0.00000000	1.44043458	1.42459095	1.39371955	1.34610617	0.00000000	0.00000000
0.00002560	0.00000000	0.00000000	1.43602514	1.43075073	1.40704262	1.39596188	0.00000000	0.00000000
0.00002880	0.00000000	0.00000000	1.42762446	1.40841460	1.39166141	1.37239301	0.00000000	0.00000000
0.00003200	0.00000000	0.00000000	1.42182875	1.40225744	1.37524951	1.31962228	0.00000000	0.00000000
0.00003520	0.00000000	8.25598431	1.41902757	1.38911581	1.37062931	1.33543575	0.00000000	0.00000000
0.00003840	0.00000000	4.12799215	1.40818536	1.38215351	1.36214745	1.32655180	0.00000000	0.00000000
0.00004160	0.00000000	0.00000000	1.40542185	1.38031113	1.35226357	1.30736244	2.62522030	0.00000000
0.00004480	0.00000000	0.00000000	1.40062499	1.36958432	1.34596539	1.31749022	2.62522030	39.41488266
0.00004800	0.00000000	0.00000000	1.39823651	1.36603880	1.33440340	1.28746247	0.00000000	0.00000000
0.00005120	0.00000000	0.00000000	1.39494240	1.36169422	1.32695603	1.27749026	0.00000000	0.00000000
0.00005760	0.00000000	2.07495999	1.38167107	1.34486794	1.30223048	1.26424813	0.00000000	0.00000000
0.00006400	0.00000000	2.07495999	1.37387013	1.33216393	1.29964256	1.25158036	1.32375753	9.85372066
0.00007040	0.00000000	2.07495999	1.36423743	1.31898344	1.27874279	1.23755944	1.32375753	0.00000000
0.00007680	0.00000000	0.00000000	1.35456514	1.30684149	1.26051927	1.19780421	1.32375753	0.00000000
0.00008320	0.00000000	2.07495999	1.34711325	1.29680431	1.24969852	1.20774305	0.00000000	0.00000000
0.00008960	0.00000000	2.07495999	1.33488119	1.28587687	1.24109209	1.18147624	2.64751506	0.00000000
0.00009600	0.00000000	4.14991999	1.32821119	1.27032232	1.22582853	1.16576934	5.29503012	0.00000000
0.00010240	0.00000000	0.00000000	1.32028651	1.26388514	1.21258342	1.15966642	0.00000000	9.85372066
0.00011520	0.00000000	0.00000000	1.30416834	1.24213386	1.19057775	1.13150001	0.65908307	0.00000000
0.00012800	0.00000000	0.00000000	1.28657770	1.22568798	1.17648578	1.13245523	0.00000000	0.00000000
0.00014080	0.00000000	1.03199804	1.27242887	1.20680881	1.15246308	1.10697985	1.97724926	4.92686033
0.00015360	0.00000000	1.03199804	1.25717330	1.18816829	1.14056039	1.08504415	0.65908307	0.00000000
0.00016640	0.00000000	2.06399608	1.24269104	1.17596233	1.12917435	1.07110131	2.63633227	4.92686033
0.00017920	0.00000000	1.03199804	1.23086524	1.16155910	1.11314607	1.08099043	1.31816614	0.00000000
0.00019200	0.00000000	0.00000000	1.21836174	1.14931095	1.09558785	1.06596005	0.00000000	0.00000000
0.00020480	0.00000000	1.03199804	1.20472717	1.13840568	1.08860934	1.06813526	1.31816614	0.00000000
0.00023040	0.00000000	1.03199804	1.18026268	1.11671674	1.07318795	1.04378498	0.66187876	0.00000000
0.00025600	0.00000000	1.54799700	1.16048312	1.09742832	1.05995476	1.03883457	0.99281818	2.49215794
0.00028160	0.00000000	1.03199804	1.14052141	1.08252847	1.04723465	1.02839875	1.65469694	2.49215794
0.00030720	0.00000000	0.51599902	1.12135684	1.06997538	1.03732359	1.02794838	0.99281818	0.00000000
0.00033280	0.00000000	1.03199804	1.10563231	1.06139147	1.03133273	1.01391745	0.00000000	0.00000000
0.00035840	0.00000000	0.00000000	1.09061265	1.05126727	1.02409339	1.01488101	0.99281818	2.49215794
0.00038400	0.00000000	1.03199804	1.07663631	1.04463995	1.02094197	1.01283419	0.66187876	0.00000000
0.00040960	0.00000000	2.06947064	1.06545568	1.03817987	1.01760483	1.01295030	1.65469694	0.00000000
0.00046080	0.00000000	0.51327962	1.04813588	1.02796018	1.00905192	0.99883032	0.82910502	0.00000000
0.00051200	0.00000000	1.28319907	1.03409767	1.02063215	1.00993025	1.00327563	0.66328400	3.78208685
0.00056320	0.00000000	1.28319907	1.02351820	1.01410234	1.00146019	1.00826252	1.16074705	1.26069558
0.00061440	0.00000000	1.53983891	1.01403618	1.01051092	1.00356865	1.00119889	1.16074705	0.00000000
0.00066560	0.00000000	0.51327962	1.00941300	1.00539076	0.99754035	1.00375831	0.99492604	1.26069558
0.00071680	0.00000000	1.53983891	1.00626659	1.00612926	0.99788499	0.99824351	1.32656801	0.00000000
0.00076800	0.00000000	0.76991946	1.00411379	1.00571096	0.99909395	0.99837554	1.16074705	0.00000000
0.00081920	0.00000000	0.76991946	1.00373614	1.00610876	0.99935913	0.99730623	0.82910502	2.52139115
0.00092160	0.00000000	1.17964804	1.00286376	1.00565195	0.99725932	0.99545753	1.00129020	0.00000000
0.00102400	0.00000000	0.78643203	1.00396359	1.00159812	0.99968928	0.99616569	1.00129020	0.00000000
0.00112640	0.00000000	1.04857600	1.00517082	0.99944019	1.00206673	0.99015421	0.91784936	0.63778549
0.00122880	0.00000000	0.78853476	1.00236249	1.00092232	1.00297678	0.99551558	0.58408594	1.27557099
0.00133120	0.00000000	0.78853476	0.99973327	1.00216520	0.99855345	0.98959750	0.58408594	0.00000000
0.00143360	0.00000000	0.65711230	0.99684000	1.00242710	0.99511814	1.00088692	1.16817188	0.63778549
0.00153600	0.00000000	0.78853476	0.99432784	0.99919677	0.99651682	0.99342752	1.08473098	0.00000000
0.00163840	0.00000000	1.05137968	0.99406636	0.99497503	0.99757421	0.99965018	1.00129020	2.55114198
0.00184320	0.00000000	0.72865278	0.99416691	0.99738568	1.00465584	0.99636143	0.94743192	0.62303948
0.00204800	0.00000000	0.66419709	1.00125730	0.99957335	1.00391948	1.01342881	1.15583909	0.93455923
0.00225280	0.00000000	1.32839417	1.00342345	0.99795341	1.00632930	1.00974751	1.27967894	0.62303948
0.00245760	0.00000000	0.86345619	1.00059319	0.99893272	1.00231171	1.00357807	0.78431934	0.93455923
0.00266240	0.00000000	1.19555473	1.00230968	1.00355172	1.00017858	1.00699639	0.90815926	1.24607897
0.00286720	0.00000000	0.59777737	1.00277650	1.00685179	1.00180876	1.00645947	0.82735217	1.24607897
0.00307200	0.00000000	1.26197445	0.99914318	1.00477731	0.99843287	1.01171136	0.91008741	1.24607897
0.00327680	0.00000000	0.73061675	0.99687856	1.00314415	0.99863762	1.00212967	0.95145500	1.88004899
0.00368640	0.00000000	0.76381564	0.99872410	1.00047529	0.99739957	1.00072134	0.76692218	1.24607897
0.00409600	0.00000000	0.86344373	1.00213170	0.99026757	1.00658834	1.00473011	0.74619454	2.02487826
0.00450560	0.00000000	1.09590936	1.00651872	0.99381369	1.00274730	0.99462825	1.20220232	1.40183878
0.00491520	0.00000000	1.09590936	1.01083612	0.99834025	1.00791609	0.99637747	0.84983265	0.62303948
0.00532480	0.00000000	1.12911880	1.00830269	0.99585313	1.00697005	0.99794048	1.05710888	0.15575987
0.00573440	0.00000000	0.89906996	1.00611806	1.00038624	0.99850106	1.00220954	0.76692218	0.77879936
0.00614400	0.00000000	1.06556439	0.99616039	1.00402570	1.00292909	1.00137186	0.78764981	0.93455923
0.00655360	0.00000000	0.83247221	0.99486005	1.00159419	1.00152445	1.00652528	1.07783651	0.46727961
0.00737280	0.00000000	1.40009725	0.99758881	0.99694580	1.00025558	0.99924755	1.01951921	1.01835990
0.00819200	0.00000000	0.84231049	0.99520904	0.99300170	1.00212681	0.99967009	1.14309728	1.25336599
0.00901120	0.00000000	1.12308073	1.00066578	1.00559366	1.00132000	1.00127292	1.06071186	0.94002450
0.00983040	0.00000000	1.02398527	0.99805802	1.00230050	0.99728525	0.99802852	1.02167916	1.16819906
0.01064960	0.00000000	0.94140583	1.00467324	1.00136626	0.99911290	1.00118649	1.11455905	0.77879936
0.01146880	0.00000000	0.87534231	1.00682235	1.00071025	0.99987984	1.00113916	0.94943923	1.24607897
0.01228800	0.00000000	1.12308073	1.00169981	0.99707693	1.00127518	0.99880123	1.00316453	1.01243913
0.01310720	0.00000000	0.82579464	1.00377023	0.99550861	1.00317419	1.00191414	0.95145500	0.77879936
0.01474560	0.00000000	0.97485495	0.99930191	0.99736744	1.00182545	1.00431955	0.97940677	1.28506231
0.01638400	0.00000000	1.04578722	0.99588788	0.99493152	1.00111544	1.00122058	1.06161690	0.77882570
0.01802240	0.00000000	0.98859572	0.99844593	1.00454795	0.99832273	0.99556893	1.04301059	0.97353208
0.01966080	0.00000000	0.92570257	0.99745989	1.00227523	1.00125015	1.00399208	1.00224936	0.66200185
0.02129920	0.00000000	1.00211060	0.99794155	1.00218189	0.99714035	0.99982274	1.04379344	1.01247334
0.02293760	0.00000000	1.01853859	1.00498390	1.00415993	0.99865609	1.00499785	1.03559685	1.31630599
0.02457600	0.00000000	1.00211060	0.99486893	1.00091410	1.00246716	0.99749869	1.05865574	0.92915714
0.02621440	0.00000000	1.01853859	0.99165416	0.99627036	0.99911070	0.99843663	1.01693535	0.81301248
0.02949120	0.00000000	0.98156148	0.99885565	0.99906200	1.00252700	0.99729705	0.99086010	0.94315791
0.03276800	0.00000000	0.92901891	0.99623173	1.00037718	0.99946421	0.99964875	1.01003885	0.96240604
0.03604480	0.00000000	0.98269558	0.99740642	1.00121379	0.99817806	0.99915659	1.05083323	0.86112958
0.03932160	0.00000000	1.04743838	0.99436754	1.00259888	0.99886525	0.99849397	0.98095477	0.97594684
0.04259840	0.00000000	0.97138822	0.99658227	0.99718070	0.99842948	0.99907744	1.06421888	1.45435214
0.04587520	0.00000000	0.93979645	0.99904323	0.99950832	0.99903727	0.99830359	1.00437284	0.93767440
0.04915200	0.00000000	1.01301157	1.00528431	0.99718243	0.99912941	0.99814361	1.05937243	0.76544851
0.05242880	0.00000000	1.01705182	1.00178599	0.99862814	0.99974632	0.99900734	1.08212352	1.05249166
0.05898240	0.00000000	0.95330149	0.99985009	0.99886769	0.99861979	1.00144660	1.07573092	0.88532478
0.06553600	0.00000000	0.99982750	0.99821877	1.00095785	0.99792415	0.99981856	1.01642382	0.87626773
0.07208960	0.00000000	0.92406416	1.00528753	1.00040901	0.99945736	0.99973124	1.01328588	0.95415819
0.07864320	0.00000000	1.00147915	1.00064027	0.99989128	0.99691969	1.00080454	1.02397776	1.08073020
0.08519680	0.00000000	1.01793349	0.99751151	0.99828124	1.00175798	0.99911678	1.01294518	1.10344827
0.09175040	0.00000000	1.01322830	0.99497014	0.99900693	0.99785310	0.99894065	1.02312791	1.07778668
0.09830400	0.00000000	1.01451492	0.99912149	1.00175929	1.00084150	1.00094914	1.00816345	0.97193265
0.10485760	0.00000000	0.99943113	0.99795753	0.99876666	1.00114775	1.00053978	1.00948131	0.99117881
0.11796480	0.00000000	1.02333367	1.00304019	0.99903190	0.99898952	0.99900466	1.00867414	1.09872830
0.13107200	0.00000000	0.94451511	1.00253248	0.99948311	0.99934089	0.99994242	1.01155019	1.03323698
0.14417920	0.00000000	1.04587102	0.99957228	1.00021613	0.99973077	0.99895269	1.01662385	0.85471958
0.15728641	0.00000000	0.98022521	0.99832165	0.99931842	0.99963903	1.00111675	0.99261665	1.01106930
0.17039360	0.00000000	0.95806670	1.00028586	1.00029743	1.00035763	0.99943972	1.01233578	1.04775834
0.18350080	0.00000000	0.96511608	1.00058329	1.00099230	1.00015926	1.00024176	1.01953518	0.94004929
0.19660801	0.00000000	0.98054147	1.00216973	0.99899131	1.00124526	1.00217462	0.99833280	0.94446427
0.20971520	0.00000000	0.99415201	0.99855489	1.00057030	0.99973494	1.00081575	1.01706588	1.05970633
0.23592959	0.00000000	1.00647295	1.00038517	1.00009620	1.00053787	0.99993712	1.01885092	0.97867370
0.26214400	0.00000000	1.01206636	0.99950749	0.99953246	0.99852318	1.00002146	1.01590908	1.03322840
0.28835839	0.00000000	1.03801823	1.00037968	0.99958932	0.99949199	1.00058377	1.03320992	1.08945823
0.31457281	0.00000000	0.98718005	1.00202560	1.00022423	0.99968356	0.99999380	1.03288817	0.95733333
0.34078720	0.00000000	1.01224220	0.99810398	0.99982721	0.99976397	1.00028491	1.01738167	0.98253441
0.36700159	0.00000000	0.99997157	0.99954683	1.00112033	1.00065124	0.99937856	1.01901662	1.06003869
0.39321601	0.00000000	0.98461050	0.99971932	0.99878395	1.00076616	0.99998897	0.99351025	1.03539181
0.41943040	0.00000000	0.99190366	1.00015378	1.00127971	1.00003445	0.99949771	1.00118554	1.04853284
0.47185919	0.00000000	0.96809036	1.00075936	1.00000858	0.99969995	1.00011802	1.01386821	1.00592542
0.52428800	0.00000000	1.02011418	1.00019121	0.99898326	1.00085139	1.00013483	0.99538338	1.00748575
0.57671678	0.00000000	0.98617572	0.99870998	0.99931258	0.99976510	0.99945223	1.01870799	1.00863457
0.62914562	0.00000000	0.99927378	1.00032830	1.00045085	1.00023603	0.99951982	1.00133383	0.92642140
0.68157440	0.00000000	0.99548191	0.99921358	1.00055861	0.99904823	0.99922609	1.00180089	1.05142856
0.73400319	0.00000000	1.01176488	1.00091541	1.00003135	1.00004697	1.00007606	1.02471602	1.00295079
0.78643203	0.00000000	1.02401304	0.99860632	1.00036883	0.99995589	0.99998045	1.00073135	1.02137065
0.83886081	0.00000000	0.98770392	1.00054240	1.00010085	0.99987566	0.99953973	1.01112795	0.98754889
0.94371837	0.00000000	0.99370116	1.00058877	0.99972272	1.00067604	0.99994200	0.99368566	1.01398027
1.04857600	0.00000000	1.00054717	1.00031865	1.00034404	0.99967134	1.00093567	0.99240315	0.98634183
1.15343356	0.00000000	0.98313493	1.00044489	1.00017834	1.00012326	0.99940944	0.99287808	0.97222221
1.25829124	0.00000000	1.01829970	0.99930030	1.00040543	1.00010383	0.99978954	1.00015712	1.00259566
1.36314881	0.00000000	1.00335038	1.00051510	1.00025117	0.99984181	1.00076938	0.98766428	1.03758168
1.46800637	0.00000000	1.00354612	1.00046360	1.00056028	1.00111318	0.99931121	1.03030300	0.99728996
1.57286406	0.00000000	1.01408446	0.99895322	0.99973577	0.99822873	1.00009418	0.99810117	0.95735294
1.67772162	0.00000000	0.99802762	0.99984622	1.00000215	1.00180674	1.00035441	0.97863245	1.05928850
1.88743675	0.00000000	0.00000000	0.00000000	0.00000000	0.00000000	0.00000000	0.00000000	0.00000000
2.09715199	0.00000000	0.00000000	0.00000000	0.00000000	0.00000000	0.00000000	0.00000000	0.00000000
2.30686712	0.00000000	0.00000000	0.00000000	0.00000000	0.00000000	0.00000000	0.00000000	0.00000000
2.51658249	0.00000000	0.00000000	0.00000000	0.00000000	0.00000000	0.00000000	0.00000000	0.00000000
2.72629762	0.00000000	0.00000000	0.00000000	0.00000000	0.00000000	0.00000000	0.00000000	0.00000000
2.93601274	0.00000000	0.00000000	0.00000000	0.00000000	0.00000000	0.00000000	0.00000000	0.00000000
3.14572811	0.00000000	0.00000000	0.00000000	0.00000000	0.00000000	0.00000000	0.00000000	0.00000000
3.35544324	0.00000000	0.00000000	0.00000000	0.00000000	0.00000000	0.00000000	0.00000000	0.00000000
3.77487350	0.00000000	0.00000000	0.00000000	0.00000000	0.00000000	0.00000000	0.00000000	0.00000000
4.19430399	0.00000000	0.00000000	0.00000000	0.00000000	0.00000000	0.00000000	0.00000000	0.00000000
4.61373425	0.00000000	0.00000000	0.00000000	0.00000000	0.00000000	0.00000000	0.00000000	0.00000000
5.03316498	0.00000000	0.00000000	0.00000000	0.00000000	0.00000000	0.00000000	0.00000000	0.00000000
5.45259523	0.00000000	0.00000000	0.00000000	0.00000000	0.00000000	0.00000000	0.00000000	0.00000000
5.87202549	0.00000000	0.00000000	0.00000000	0.00000000	0.00000000	0.00000000	0.00000000	0.00000000
6.29145622	0.00000000	0.00000000	0.00000000	0.00000000	0.00000000	0.00000000	0.00000000	0.00000000
6.71088648	0.00000000	0.00000000	0.00000000	0.00000000	0.00000000	0.00000000	0.00000000	0.00000000
7.54974699	0.00000000	0.00000000	0.00000000	0.00000000	0.00000000	0.00000000	0.00000000	0.00000000
8.38860798	0.00000000	0.00000000	0.00000000	0.00000000	0.00000000	0.00000000	0.00000000	0.00000000
9.22746849	0.00000000	0.00000000	0.00000000	0.00000000	0.00000000	0.00000000	0.00000000	0.00000000
10.06632996	0.00000000	0.00000000	0.00000000	0.00000000	0.00000000	0.00000000	0.00000000	0.00000000
10.90519047	0.00000000	0.00000000	0.00000000	0.00000000	0.00000000	0.00000000	0.00000000	0.00000000
11.74405098	0.00000000	0.00000000	0.00000000	0.00000000	0.00000000	0.00000000	0.00000000	0.00000000
12.58291245	0.00000000	0.00000000	0.00000000	0.00000000	0.00000000	0.00000000	0.00000000	0.00000000
13.42177296	0.00000000	0.00000000	0.00000000	0.00000000	0.00000000	0.00000000	0.00000000	0.00000000
15.09949398	0.00000000	0.00000000	0.00000000	0.00000000	0.00000000	0.00000000	0.00000000	0.00000000
16.77721596	0.00000000	0.00000000	0.00000000	0.00000000	0.00000000	0.00000000	0.00000000	0.00000000
18.45493698	0.00000000	0.00000000	0.00000000	0.00000000	0.00000000	0.00000000	0.00000000	0.00000000
20.13265991	0.00000000	0.00000000	0.00000000	0.00000000	0.00000000	0.00000000	0.00000000	0.00000000
21.81038094	0.00000000	0.00000000	0.00000000	0.00000000	0.00000000	0.00000000	0.00000000	0.00000000
23.48810196	0.00000000	0.00000000	0.00000000	0.00000000	0.00000000	0.00000000	0.00000000	0.00000000
25.16582489	0.00000000	0.00000000	0.00000000	0.00000000	0.00000000	0.00000000	0.00000000	0.00000000
26.84354591	0.00000000	0.00000000	0.00000000	0.00000000	0.00000000	0.00000000	0.00000000	0.00000000
30.19898796	0.00000000	0.00000000	0.00000000	0.00000000	0.00000000	0.00000000	0.00000000	0.00000000
33.55443192	0.00000000	0.00000000	0.00000000	0.00000000	0.00000000	0.00000000	0.00000000	0.00000000
36.90987396	0.00000000	0.00000000	0.00000000	0.00000000	0.00000000	0.00000000	0.00000000	0.00000000
40.26531982	0.00000000	0.00000000	0.00000000	0.00000000	0.00000000	0.00000000	0.00000000	0.00000000
43.62076187	0.00000000	0.00000000	0.00000000	0.00000000	0.00000000	0.00000000	0.00000000	0.00000000
46.97620392	0.00000000	0.00000000	0.00000000	0.00000000	0.00000000	0.00000000	0.00000000	0.00000000
50.33164978	0.00000000	0.00000000	0.00000000	0.00000000	0.00000000	0.00000000	0.00000000	0.00000000
53.68709183	0.00000000	0.00000000	0.00000000	0.00000000	0.00000000	0.00000000	0.00000000	0.00000000
60.39797592	0.00000000	0.00000000	0.00000000	0.00000000	0.00000000	0.00000000	0.00000000	0.00000000
67.10886383	0.00000000	0.00000000	0.00000000	0.00000000	0.00000000	0.00000000	0.00000000	0.00000000
73.81974792	0.00000000	0.00000000	0.00000000	0.00000000	0.00000000	0.00000000	0.00000000	0.00000000
80.53063965	0.00000000	0.00000000	0.00000000	0.00000000	0.00000000	0.00000000	0.00000000	0.00000000
87.24152374	0.00000000	0.00000000	0.00000000	0.00000000	0.00000000	0.00000000	0.00000000	0.00000000
93.95240784	0.00000000	0.00000000	0.00000000	0.00000000	0.00000000	0.00000000	0.00000000	0.00000000
100.66329956	0.00000000	0.00000000	0.00000000	0.00000000	0.00000000	0.00000000	0.00000000	0.00000000
107.37418365	0.00000000	0.00000000	0.00000000	0.00000000	0.00000000	0.00000000	0.00000000	0.00000000
120.79595184	0.00000000	0.00000000	0.00000000	0.00000000	0.00000000	0.00000000	0.00000000	0.00000000
134.21772766	0.00000000	0.00000000	0.00000000	0.00000000	0.00000000	0.00000000	0.00000000	0.00000000
147.63949585	0.00000000	0.00000000	0.00000000	0.00000000	0.00000000	0.00000000	0.00000000	0.00000000
161.06127930	0.00000000	0.00000000	0.00000000	0.00000000	0.00000000	0.00000000	0.00000000	0.00000000
174.48304749	0.00000000	0.00000000	0.00000000	0.00000000	0.00000000	0.00000000	0.00000000	0.00000000
187.90481567	0.00000000	0.00000000	0.00000000	0.00000000	0.00000000	0.00000000	0.00000000	0.00000000
201.32659912	0.00000000	0.00000000	0.00000000	0.00000000	0.00000000	0.00000000	0.00000000	0.00000000
214.74836731	0.00000000	0.00000000	0.00000000	0.00000000	0.00000000	0.00000000	0.00000000	0.00000000
241.59190369	0.00000000	0.00000000	0.00000000	0.00000000	0.00000000	0.00000000	0.00000000	0.00000000
268.43545532	0.00000000	0.00000000	0.00000000	0.00000000	0.00000000	0.00000000	0.00000000	0.00000000
295.27899170	0.00000000	0.00000000	0.00000000	0.00000000	0.00000000	0.00000000	0.00000000	0.00000000
322.12255859	0.00000000	0.00000000	0.00000000	0.00000000	0.00000000	0.00000000	0.00000000	0.00000000
348.96609497	0.00000000	0.00000000	0.00000000	0.00000000	0.00000000	0.00000000	0.00000000	0.00000000
375.80963135	0.00000000	0.00000000	0.00000000	0.00000000	0.00000000	0.00000000	0.00000000	0.00000000
402.65319824	0.00000000	0.00000000	0.00000000	0.00000000	0.00000000	0.00000000	0.00000000	0.00000000
429.49673462	0.00000000	0.00000000	0.00000000	0.00000000	0.00000000	0.00000000	0.00000000	0.00000000
483.18380737	0.00000000	0.00000000	0.00000000	0.00000000	0.00000000	0.00000000	0.00000000	0.00000000
536.87091064	0.00000000	0.00000000	0.00000000	0.00000000	0.00000000	0.00000000	0.00000000	0.00000000
590.55798340	0.00000000	0.00000000	0.00000000	0.00000000	0.00000000	0.00000000	0.00000000	0.00000000
644.24511719	0.00000000	0.00000000	0.00000000	0.00000000	0.00000000	0.00000000	0.00000000	0.00000000
697.93218994	0.00000000	0.00000000	0.00000000	0.00000000	0.00000000	0.00000000	0.00000000	0.00000000
751.61926270	0.00000000	0.00000000	0.00000000	0.00000000	0.00000000	0.00000000	0.00000000	0.00000000
805.30639648	0.00000000	0.00000000	0.00000000	0.00000000	0.00000000	0.00000000	0.00000000	0.00000000
858.99346924	0.00000000	0.00000000	0.00000000	0.00000000	0.00000000	0.00000000	0.00000000	0.00000000
966.36761475	0.00000000	0.00000000	0.00000000	0.00000000	0.00000000	0.00000000	0.00000000	0.00000000
1073.74182129	0.00000000	0.00000000	0.00000000	0.00000000	0.00000000	0.00000000	0.00000000	0.00000000
1181.11596680	0.00000000	0.00000000	0.00000000	0.00000000	0.00000000	0.00000000	0.00000000	0.00000000
1288.49023437	0.00000000	0.00000000	0.00000000	0.00000000	0.00000000	0.00000000	0.00000000	0.00000000
1395.86437988	0.00000000	0.00000000	0.00000000	0.00000000	0.00000000	0.00000000	0.00000000	0.00000000
1503.23852539	0.00000000	0.00000000	0.00000000	0.00000000	0.00000000	0.00000000	0.00000000	0.00000000
1610.61279297	0.00000000	0.00000000	0.00000000	0.00000000	0.00000000	0.00000000	0.00000000	0.00000000
1717.98693848	0.00000000	0.00000000	0.00000000	0.00000000	0.00000000	0.00000000	0.00000000	0.00000000
1932.73522949	0.00000000	0.00000000	0.00000000	0.00000000	0.00000000	0.00000000	0.00000000	0.00000000
2147.48364258	0.00000000	0.00000000	0.00000000	0.00000000	0.00000000	0.00000000	0.00000000	0.00000000
2362.23193359	0.00000000	0.00000000	0.00000000	0.00000000	0.00000000	0.00000000	0.00000000	0.00000000
2576.98046875	0.00000000	0.00000000	0.00000000	0.00000000	0.00000000	0.00000000	0.00000000	0.00000000
2791.72875977	0.00000000	0.00000000	0.00000000	0.00000000	0.00000000	0.00000000	0.00000000	0.00000000
3006.47705078	0.00000000	0.00000000	0.00000000	0.00000000	0.00000000	0.00000000	0.00000000	0.00000000
3221.22558594	0.00000000	0.00000000	0.00000000	0.00000000	0.00000000	0.00000000	0.00000000	0.00000000
3435.97387695	0.00000000	0.00000000	0.00000000	0.00000000	0.00000000	0.00000000	0.00000000	0.00000000
0	0	0	0	0	0	0	0	0
