%4/4/2019 3:56:27 PM
%Duration	ID1		ID2		ID3		ID4		ID5		ID6		ID7		ID8
1000.000000	0.000000	0.371933	527.420044	344.219208	160.207748	62.847137	0.600815	0.171661
%Tau		Tau1		Tau2		Tau3		Tau4		Tau5		Tau6		Tau7		Tau8
%		0.000000	0.000001	0.000230	0.000154	0.000115	0.000070	0.000002	0.000001
%Delaytime	D1		D2		D3		D4		D5		D6		D7		D8
0.00000020	0.00000000	425.54748535	1.57036769	1.58942294	1.63949215	2.72568846	119.37290192	253.35401917
0.00000040	0.00000000	0.00000000	1.47812819	1.49668539	1.52890050	1.62133801	0.00000000	0.00000000
0.00000060	0.00000000	0.00000000	1.47075069	1.49750209	1.50115764	1.65381896	0.00000000	0.00000000
0.00000080	0.00000000	0.00000000	1.45180297	1.48125935	1.49279678	1.56990993	0.00000000	0.00000000
0.00000100	0.00000000	0.00000000	1.46724331	1.50095022	1.45707297	1.46164024	0.00000000	0.00000000
0.00000120	0.00000000	0.00000000	1.45639873	1.51365399	1.48025548	1.43727958	0.00000000	0.00000000
0.00000140	0.00000000	0.00000000	1.46700144	1.48806500	1.44795203	1.45893359	0.00000000	0.00000000
0.00000160	0.00000000	0.00000000	1.45833385	1.48824644	1.48367584	1.43186617	0.00000000	0.00000000
0.00000180	0.00000000	0.00000000	1.44938409	1.47744823	1.45707297	1.40750551	0.00000000	0.00000000
0.00000200	0.00000000	0.00000000	1.45148039	1.47463524	1.45935321	1.60239089	0.00000000	0.00000000
0.00000220	0.00000000	0.00000000	1.45676160	1.46601486	1.44719195	1.58344364	0.00000000	0.00000000
0.00000240	0.00000000	0.00000000	1.44579613	1.49487054	1.50571811	1.43998635	0.00000000	0.00000000
0.00000260	0.00000000	0.00000000	1.46123648	1.47327411	1.52776039	1.53201556	0.00000000	0.00000000
0.00000280	0.00000000	0.00000000	1.46127677	1.48661315	1.44111133	1.57803023	0.00000000	0.00000000
0.00000300	0.00000000	0.00000000	1.45531023	1.48761129	1.47531497	1.44539988	0.00000000	0.00000000
0.00000320	0.00000000	0.00000000	1.46962190	1.49940765	1.47379482	1.48329425	0.00000000	0.00000000
0.00000360	0.00000000	0.00000000	1.44369972	1.47631395	1.44833207	1.45216668	0.00000000	0.00000000
0.00000400	0.00000000	0.00000000	1.45158124	1.48212147	1.46524382	1.61457121	0.00000000	0.00000000
0.00000440	0.00000000	0.00000000	1.44130099	1.49319184	1.45992327	1.51442170	0.00000000	0.00000000
0.00000480	0.00000000	0.00000000	1.45958364	1.46501672	1.46011329	1.45352006	0.00000000	0.00000000
0.00000520	0.00000000	0.00000000	1.45067418	1.46637785	1.47816527	1.46705377	0.00000000	0.00000000
0.00000560	0.00000000	0.00000000	1.45535064	1.46351945	1.44225144	1.46028697	0.00000000	0.00000000
0.00000600	0.00000000	0.00000000	1.45543122	1.47667694	1.46277356	1.49412119	0.00000000	126.67700958
0.00000640	0.00000000	0.00000000	1.45827341	1.46556115	1.47778523	1.45758021	0.00000000	0.00000000
0.00000720	0.00000000	15.19812393	1.44731796	1.47855985	1.46163344	1.35269392	0.00000000	0.00000000
0.00000800	0.00000000	0.00000000	1.44623959	1.46297503	1.46153843	1.44539988	0.00000000	0.00000000
0.00000880	0.00000000	0.00000000	1.43928528	1.45297086	1.44415164	1.37231779	0.00000000	0.00000000
0.00000960	0.00000000	0.00000000	1.44300425	1.45805228	1.43674088	1.42442262	0.00000000	0.00000000
0.00001040	0.00000000	0.00000000	1.44244993	1.47096026	1.44795203	1.36622763	0.00000000	0.00000000
0.00001120	0.00000000	0.00000000	1.43429637	1.45866477	1.42933011	1.40750551	0.00000000	0.00000000
0.00001200	0.00000000	0.00000000	1.43890226	1.44881940	1.42952013	1.42577600	0.00000000	0.00000000
0.00001280	0.00000000	0.00000000	1.44327641	1.46118295	1.42077923	1.42306924	0.00000000	0.00000000
0.00001440	0.00000000	0.00000000	1.42976606	1.45150757	1.42918754	1.38855827	0.00000000	0.00000000
0.00001600	0.00000000	0.00000000	1.43498170	1.44323885	1.42272687	1.37874639	0.00000000	0.00000000
0.00001760	0.00000000	0.00000000	1.43418050	1.44330692	1.41379595	1.41122723	0.00000000	0.00000000
0.00001920	0.00000000	0.00000000	1.42370880	1.44449782	1.41180074	1.37468624	0.00000000	0.00000000
0.00002080	0.00000000	0.00000000	1.42329061	1.44019902	1.39621913	1.39295673	4.97387075	0.00000000
0.00002240	0.00000000	7.59906197	1.42764950	1.42750657	1.39930689	1.41088891	0.00000000	0.00000000
0.00002400	0.00000000	0.00000000	1.42051899	1.42748392	1.40225232	1.36825776	4.97387075	0.00000000
0.00002560	0.00000000	0.00000000	1.41699147	1.42580521	1.39773929	1.35675406	0.00000000	0.00000000
0.00002880	0.00000000	0.00000000	1.41511631	1.40980017	1.38679636	1.36826944	0.00000000	0.00000000
0.00003200	0.00000000	0.00000000	1.41214335	1.40267682	1.37029815	1.33262587	0.00000000	0.00000000
0.00003520	0.00000000	0.00000000	1.40414369	1.39574575	1.36456549	1.34354067	0.00000000	0.00000000
0.00003840	0.00000000	0.00000000	1.39992571	1.38884008	1.35843766	1.31695831	2.47675347	0.00000000
0.00004160	0.00000000	3.95865655	1.39604723	1.38156450	1.33885837	1.31561637	0.00000000	15.19812393
0.00004480	0.00000000	0.00000000	1.38936281	1.37734509	1.33739936	1.28031266	2.47675347	0.00000000
0.00004800	0.00000000	0.00000000	1.38533354	1.36622310	1.31766295	1.29941416	0.00000000	0.00000000
0.00005120	0.00000000	0.00000000	1.37830174	1.35402060	1.30861413	1.29378605	2.47675347	0.00000000
0.00005760	0.00000000	3.95865655	1.37189162	1.34573841	1.29660141	1.27046227	1.22828817	0.00000000
0.00006400	0.00000000	0.00000000	1.36155438	1.33365631	1.28202558	1.23290539	0.00000000	0.00000000
0.00007040	0.00000000	1.97932827	1.35271811	1.32299888	1.27028131	1.24182642	1.22828817	0.00000000
0.00007680	0.00000000	0.00000000	1.34327257	1.31084383	1.25154757	1.19113505	1.22828817	0.00000000
0.00008320	0.00000000	0.00000000	1.33594906	1.29642713	1.23606884	1.21310627	1.22828817	0.00000000
0.00008960	0.00000000	3.95865655	1.32843101	1.28583574	1.23100042	1.17853129	3.68486452	7.59906197
0.00009600	0.00000000	0.00000000	1.31913412	1.27483714	1.21842742	1.16324198	1.22828817	0.00000000
0.00010240	0.00000000	0.00000000	1.31008840	1.26157200	1.20395398	1.16486013	1.22828817	7.59906197
0.00011520	0.00000000	0.98455620	1.29576898	1.24501586	1.18710244	1.13891983	0.62429506	0.00000000
0.00012800	0.00000000	0.00000000	1.28152812	1.22499144	1.16894376	1.12945306	1.87288523	0.00000000
0.00014080	0.00000000	0.00000000	1.26833296	1.20715332	1.14988148	1.09590125	0.62429506	0.00000000
0.00015360	0.00000000	0.00000000	1.25206065	1.18877852	1.13722563	1.09692430	0.62429506	3.79953098
0.00016640	0.00000000	0.00000000	1.23675239	1.17425203	1.11376750	1.09144402	0.00000000	0.00000000
0.00017920	0.00000000	0.00000000	1.22802949	1.16288602	1.10450053	1.07111049	0.62429506	0.00000000
0.00019200	0.00000000	0.98455620	1.21509886	1.15027416	1.08840406	1.05808437	2.49718022	0.00000000
0.00020480	0.00000000	0.98455620	1.20391202	1.13700819	1.08113647	1.05561185	0.62429506	0.00000000
0.00023040	0.00000000	0.00000000	1.18353963	1.11445498	1.06414068	1.03705275	1.55433464	0.00000000
0.00025600	0.00000000	2.46139050	1.16164243	1.09301639	1.05222857	1.03226888	0.93260080	1.89976549
0.00028160	0.00000000	0.98455620	1.14426816	1.08168304	1.03778565	1.03246009	1.55433464	3.79953098
0.00030720	0.00000000	2.46139050	1.12967777	1.06743050	1.02698088	1.03793705	1.24346769	0.00000000
0.00033280	0.00000000	0.49227810	1.11659968	1.05816901	1.02383351	1.02608728	1.55433464	0.00000000
0.00035840	0.00000000	0.49227810	1.10462844	1.04757309	1.01749074	1.02762651	0.93260080	1.89976549
0.00038400	0.00000000	1.96911240	1.09267366	1.03759599	1.01193392	1.01834691	0.93260080	0.00000000
0.00040960	0.00000000	0.00000000	1.08337176	1.03245056	1.00580657	1.01101792	0.62173384	0.00000000
0.00046080	0.00000000	1.71410346	1.06325209	1.02107608	1.00200200	1.00509369	1.54797101	1.89976549
0.00051200	0.00000000	0.24487193	1.04934049	1.01488411	1.00252998	1.00040889	0.92688322	0.94988275
0.00056320	0.00000000	0.48974386	1.04074693	1.00980890	1.00161791	0.99610031	0.77240270	1.89976549
0.00061440	0.00000000	0.48974386	1.03457189	1.00588608	1.00421894	0.99823546	1.85376644	0.94988275
0.00066560	0.00000000	1.22435963	1.02767801	1.00185072	1.00007546	0.99090838	1.08136380	0.00000000
0.00071680	0.00000000	1.95897543	1.02283752	0.99754727	0.99848706	0.99710786	2.16272759	0.00000000
0.00076800	0.00000000	0.00000000	1.01730824	0.99373680	1.00077832	0.99894762	1.69928598	1.89976549
0.00081920	0.00000000	0.97948772	1.01375759	0.99223179	1.00581717	0.98193878	0.92688322	0.94988275
0.00092160	0.00000000	0.85484856	1.00952029	0.99400735	1.01126087	0.98966599	1.00207007	1.42482412
0.00102400	0.00000000	0.97696978	1.00550377	0.99738508	1.00870740	0.99615681	1.07695007	1.42482412
0.00112640	0.00000000	1.46545470	1.00286043	0.99513179	1.00470316	0.99360585	0.84617501	2.37470698
0.00122880	0.00000000	1.70969713	1.00280297	0.99630225	1.00266469	0.99647331	0.53847504	0.47494137
0.00133120	0.00000000	0.97696978	1.00296545	1.00124967	1.00650620	0.99671501	1.23080003	0.47494137
0.00143360	0.00000000	1.58757591	1.00273049	1.00483549	1.00595856	0.99846518	0.92310005	0.47494137
0.00153600	0.00000000	1.09909093	1.00078893	1.00871277	1.00049341	0.99543929	0.53847504	1.42482412
0.00163840	0.00000000	0.97696978	1.00126433	1.00658655	1.00302553	1.00144553	0.92310005	0.00000000
0.00184320	0.00000000	0.73084372	1.00251853	1.00220191	1.00562084	0.99845171	0.89008331	0.74224812
0.00204800	0.00000000	1.09626555	1.00076711	0.99929404	1.00453889	0.99887788	0.65788764	0.49483207
0.00225280	0.00000000	0.54813278	0.99875861	1.00036860	1.00754118	0.99700356	0.96550339	0.49483207
0.00245760	0.00000000	0.97445828	0.99849534	0.99708527	1.00228453	0.99494487	1.27446449	0.74224812
0.00266240	0.00000000	1.03536189	0.99659657	0.99596071	1.00398326	1.00094008	0.73378259	1.97932827
0.00286720	0.00000000	0.97445828	1.00024676	0.99759936	0.99945283	0.99755085	0.81435353	0.00000000
0.00307200	0.00000000	1.09626555	0.99995255	1.00313473	0.99690270	1.00401986	1.43481338	0.98966414
0.00327680	0.00000000	1.15716922	1.00169289	1.00279438	0.99726397	1.00226831	1.12458348	0.74224812
0.00368640	0.00000000	1.18153846	1.00183225	1.00022840	0.99997997	1.00376785	0.86540627	0.61854011
0.00409600	0.00000000	0.99976331	1.00019813	0.99271160	0.99719799	0.99644405	0.84617501	0.36921105
0.00450560	0.00000000	1.06035507	1.00192595	0.99939704	1.00075173	1.00355232	1.40388131	0.24614070
0.00491520	0.00000000	0.90887576	1.00053978	0.99816543	1.00213265	1.00341165	1.05771875	0.98456281
0.00532480	0.00000000	0.78769231	1.00209105	0.99711812	1.00089991	1.00688589	0.90386879	0.61535174
0.00573440	0.00000000	1.18153846	0.99997145	0.99540818	1.00334549	0.99796891	1.09842753	0.98456281
0.00614400	0.00000000	0.96946746	1.00283957	0.99826217	0.99983245	0.99292594	1.27186346	0.73842210
0.00655360	0.00000000	1.06035507	1.00198328	0.99951684	0.99871945	0.99820071	0.96353292	1.23070347
0.00737280	0.00000000	1.26593411	0.99950349	1.00427341	0.99906540	1.00227809	0.95782316	0.75000000
0.00819200	0.00000000	1.07001567	1.00061655	1.00301754	1.00022852	1.00219476	1.18034768	1.25000000
0.00901120	0.00000000	0.90192598	1.00326121	0.99589080	0.99776202	0.99573898	0.89794070	1.25000000
0.00983040	0.00000000	0.94702226	1.00779200	1.00200570	1.00010800	0.99455339	0.99449348	1.18750000
0.01064960	0.00000000	1.11237538	1.00999057	1.00291181	0.99574172	1.00199449	1.00414872	0.68750000
0.01146880	0.00000000	0.99211860	1.00070357	0.99976522	0.99862826	0.99998331	1.02345932	0.87500000
0.01228800	0.00000000	0.87409735	0.99640292	1.00484908	0.99788523	1.00028980	0.95587236	1.30569947
0.01310720	0.00000000	1.17551017	0.99992251	1.00005770	0.99849379	0.99897283	0.84172338	1.24352336
0.01474560	0.00000000	0.97710556	0.99686569	0.99591327	1.00148237	1.00257337	1.03791606	0.96875000
0.01638400	0.00000000	0.91978139	1.00656235	0.99827749	0.99946153	0.99702114	0.86412549	1.43750000
0.01802240	0.00000000	0.98211634	1.00078380	1.00398886	1.00125444	0.99974984	1.17310631	1.09375000
0.01966080	0.00000000	0.93713391	1.00266254	1.00135970	0.99639732	1.00379908	0.98079377	0.93750000
0.02129920	0.00000000	1.01699400	0.99995100	0.99919796	0.99942690	1.00075853	0.94041210	1.00000000
0.02293760	0.00000000	0.97960454	1.00099766	0.99974930	0.99948728	1.00026703	1.01238239	0.87500000
0.02457600	0.00000000	0.98961341	1.00078177	1.00181639	1.00220561	0.99930072	1.06036258	1.05699480
0.02621440	0.00000000	0.89964855	1.00329602	1.00069284	1.00086164	0.99879038	1.06469941	1.39896369
0.02949120	0.00000000	1.00460756	1.00054610	1.00065422	0.99957097	0.99919933	1.02437317	1.04145074
0.03276800	0.00000000	0.96464878	1.00058603	1.00106597	1.00148845	1.00269127	0.97440457	1.04145074
0.03604480	0.00000000	0.91464269	1.00019264	0.99943411	0.99650651	0.99898833	0.94567519	1.15976262
0.03932160	0.00000000	0.98961341	0.99945688	0.99794841	1.00015402	0.99986899	1.02406406	0.98966414
0.04259840	0.00000000	1.04209292	0.99857885	1.00106966	1.00209689	1.00010312	1.03338909	0.78457350
0.04587520	0.00000000	0.95081753	1.00200701	1.00171041	0.99852896	0.99868524	0.95871526	1.08244514
0.04915200	0.00000000	0.98088288	1.00024915	1.00182319	1.00241804	0.99687105	0.96835059	1.31439769
0.05242880	0.00000000	1.05228817	0.99857825	0.99833590	0.99852890	0.99883980	0.98723549	0.81956565
0.05898240	0.00000000	0.99721944	1.00033343	1.00038481	0.99956393	1.00003779	0.93603867	0.93554187
0.06553600	0.00000000	0.95189130	0.99921536	0.99926990	0.99825650	1.00024283	1.02432144	0.95100540
0.07208960	0.00000000	0.99155343	0.99911296	1.00018167	0.99916649	1.00049341	1.00170970	1.06804132
0.07864320	0.00000000	1.01872504	1.00121796	0.99909204	0.99909496	1.00165474	0.95991969	0.92412090
0.08519680	0.00000000	0.96570587	0.99904877	0.99921095	0.99949849	0.99939424	0.94329482	0.93169564
0.09175040	0.00000000	0.93644917	0.99676365	0.99986845	1.00087321	0.99883330	0.99287826	0.73475182
0.09830400	0.00000000	0.93023258	1.00082076	0.99915594	0.99983966	1.00016093	1.00461173	1.15136373
0.10485760	0.00000000	0.97706711	0.99919862	0.99934638	0.99941415	1.00104308	1.05160904	0.88624710
0.11796480	0.00000000	1.02164590	1.00007296	1.00027490	0.99990362	0.99836975	0.95163226	0.97714418
0.13107200	0.00000000	1.02788854	1.00071919	0.99872279	0.99997437	0.99985403	0.97733635	0.89970392
0.14417920	0.00000000	0.99103361	1.00096977	1.00044477	1.00078607	0.99963421	1.01189852	1.00507474
0.15728641	0.00000000	0.95058137	0.99894255	1.00139427	0.99926877	1.00099444	1.01091135	0.93815446
0.17039360	0.00000000	1.02880490	0.99879807	1.00119162	1.00058067	0.99989629	1.03878069	1.09176087
0.18350080	0.00000000	0.98869753	1.00161970	1.00146258	1.00188446	1.00112665	0.94339269	1.06184924
0.19660801	0.00000000	0.96859813	0.99996340	1.00157964	1.00031805	1.00014532	1.01133561	1.06727612
0.20971520	0.00000000	1.01321244	0.99961704	1.00054014	0.99969244	0.99983174	1.03251171	1.04479313
0.23592959	0.00000000	0.98455793	1.00024641	1.00114310	1.00012827	1.00092781	0.99103123	1.00645065
0.26214400	0.00000000	1.01009345	1.00203800	0.99896008	0.99936301	0.99918085	0.99964172	0.95201945
0.28835839	0.00000000	0.97425240	1.00084496	0.99935311	0.99960023	0.99924338	0.95916605	0.96880132
0.31457281	0.00000000	0.97672480	0.99959892	0.99932003	0.99980718	0.99998838	1.03498578	0.97963476
0.34078720	0.00000000	1.00699568	0.99724537	0.99958122	0.99962431	0.99942845	0.94279408	0.92747855
0.36700159	0.00000000	0.98470950	1.00042737	0.99923956	1.00036252	0.99953204	1.05946684	1.02297413
0.39321601	0.00000000	0.97403133	1.00088227	0.99989241	1.00022113	1.00073373	1.01203454	1.03821313
0.41943040	0.00000000	0.99209911	1.00026608	0.99966109	1.00014710	1.00047517	0.99966997	1.06112242
0.47185919	0.00000000	1.01141167	1.00087488	0.99992430	1.00010610	1.00015402	0.98252130	0.99555558
0.52428800	0.00000000	1.01938641	0.99993128	1.00006914	0.99984545	0.99945456	1.01148736	0.94070601
0.57671678	0.00000000	1.01440430	1.00024736	0.99794036	1.00061107	0.99977481	1.01235878	1.01792574
0.62914562	0.00000000	1.00860882	0.99813867	0.99963003	0.99913698	1.00064468	0.98845732	1.03008497
0.68157440	0.00000000	1.00572860	0.99862045	1.00078595	0.99993169	0.99994820	0.99484926	0.95065218
0.73400319	0.00000000	0.98586512	1.00049579	0.99882096	1.00020349	0.99914920	1.03632522	0.93661690
0.78643203	0.00000000	0.99239695	0.99954414	0.99951017	1.00009143	0.99983793	0.98886299	1.03991592
0.83886081	0.00000000	0.99930137	0.99942404	1.00034726	0.99992621	1.00088966	0.97697842	1.07347143
0.94371837	0.00000000	0.99145210	0.99845761	1.00033295	1.00021350	0.99969351	0.98910111	0.97324932
1.04857600	0.00000000	1.01932776	0.99957180	1.00005460	0.99944270	1.00075030	0.99950618	1.04862154
1.15343356	0.00000000	1.00057876	0.99973428	1.00077546	0.99993104	0.99960685	0.99964464	0.96877056
1.25829124	0.00000000	1.02075303	1.00081217	0.99979913	0.99971545	1.00104439	1.00332594	1.01356852
1.36314881	0.00000000	0.98599863	0.99950755	1.00006616	0.99913913	0.99966502	0.99777037	0.99128538
1.46800637	0.00000000	1.00981915	0.99966711	1.00017321	1.00023997	1.00023794	0.99609178	1.03165543
1.57286406	0.00000000	0.96450305	0.99973375	0.99977779	0.99957049	0.99948275	1.00226784	0.92799187
1.67772162	0.00000000	1.01930499	1.00177085	1.00006330	1.00010681	1.00052595	1.00111604	1.08888888
1.88743675	0.00000000	0.00000000	0.00000000	0.00000000	0.00000000	0.00000000	0.00000000	0.00000000
2.09715199	0.00000000	0.00000000	0.00000000	0.00000000	0.00000000	0.00000000	0.00000000	0.00000000
2.30686712	0.00000000	0.00000000	0.00000000	0.00000000	0.00000000	0.00000000	0.00000000	0.00000000
2.51658249	0.00000000	0.00000000	0.00000000	0.00000000	0.00000000	0.00000000	0.00000000	0.00000000
2.72629762	0.00000000	0.00000000	0.00000000	0.00000000	0.00000000	0.00000000	0.00000000	0.00000000
2.93601274	0.00000000	0.00000000	0.00000000	0.00000000	0.00000000	0.00000000	0.00000000	0.00000000
3.14572811	0.00000000	0.00000000	0.00000000	0.00000000	0.00000000	0.00000000	0.00000000	0.00000000
3.35544324	0.00000000	0.00000000	0.00000000	0.00000000	0.00000000	0.00000000	0.00000000	0.00000000
3.77487350	0.00000000	0.00000000	0.00000000	0.00000000	0.00000000	0.00000000	0.00000000	0.00000000
4.19430399	0.00000000	0.00000000	0.00000000	0.00000000	0.00000000	0.00000000	0.00000000	0.00000000
4.61373425	0.00000000	0.00000000	0.00000000	0.00000000	0.00000000	0.00000000	0.00000000	0.00000000
5.03316498	0.00000000	0.00000000	0.00000000	0.00000000	0.00000000	0.00000000	0.00000000	0.00000000
5.45259523	0.00000000	0.00000000	0.00000000	0.00000000	0.00000000	0.00000000	0.00000000	0.00000000
5.87202549	0.00000000	0.00000000	0.00000000	0.00000000	0.00000000	0.00000000	0.00000000	0.00000000
6.29145622	0.00000000	0.00000000	0.00000000	0.00000000	0.00000000	0.00000000	0.00000000	0.00000000
6.71088648	0.00000000	0.00000000	0.00000000	0.00000000	0.00000000	0.00000000	0.00000000	0.00000000
7.54974699	0.00000000	0.00000000	0.00000000	0.00000000	0.00000000	0.00000000	0.00000000	0.00000000
8.38860798	0.00000000	0.00000000	0.00000000	0.00000000	0.00000000	0.00000000	0.00000000	0.00000000
9.22746849	0.00000000	0.00000000	0.00000000	0.00000000	0.00000000	0.00000000	0.00000000	0.00000000
10.06632996	0.00000000	0.00000000	0.00000000	0.00000000	0.00000000	0.00000000	0.00000000	0.00000000
10.90519047	0.00000000	0.00000000	0.00000000	0.00000000	0.00000000	0.00000000	0.00000000	0.00000000
11.74405098	0.00000000	0.00000000	0.00000000	0.00000000	0.00000000	0.00000000	0.00000000	0.00000000
12.58291245	0.00000000	0.00000000	0.00000000	0.00000000	0.00000000	0.00000000	0.00000000	0.00000000
13.42177296	0.00000000	0.00000000	0.00000000	0.00000000	0.00000000	0.00000000	0.00000000	0.00000000
15.09949398	0.00000000	0.00000000	0.00000000	0.00000000	0.00000000	0.00000000	0.00000000	0.00000000
16.77721596	0.00000000	0.00000000	0.00000000	0.00000000	0.00000000	0.00000000	0.00000000	0.00000000
18.45493698	0.00000000	0.00000000	0.00000000	0.00000000	0.00000000	0.00000000	0.00000000	0.00000000
20.13265991	0.00000000	0.00000000	0.00000000	0.00000000	0.00000000	0.00000000	0.00000000	0.00000000
21.81038094	0.00000000	0.00000000	0.00000000	0.00000000	0.00000000	0.00000000	0.00000000	0.00000000
23.48810196	0.00000000	0.00000000	0.00000000	0.00000000	0.00000000	0.00000000	0.00000000	0.00000000
25.16582489	0.00000000	0.00000000	0.00000000	0.00000000	0.00000000	0.00000000	0.00000000	0.00000000
26.84354591	0.00000000	0.00000000	0.00000000	0.00000000	0.00000000	0.00000000	0.00000000	0.00000000
30.19898796	0.00000000	0.00000000	0.00000000	0.00000000	0.00000000	0.00000000	0.00000000	0.00000000
33.55443192	0.00000000	0.00000000	0.00000000	0.00000000	0.00000000	0.00000000	0.00000000	0.00000000
36.90987396	0.00000000	0.00000000	0.00000000	0.00000000	0.00000000	0.00000000	0.00000000	0.00000000
40.26531982	0.00000000	0.00000000	0.00000000	0.00000000	0.00000000	0.00000000	0.00000000	0.00000000
43.62076187	0.00000000	0.00000000	0.00000000	0.00000000	0.00000000	0.00000000	0.00000000	0.00000000
46.97620392	0.00000000	0.00000000	0.00000000	0.00000000	0.00000000	0.00000000	0.00000000	0.00000000
50.33164978	0.00000000	0.00000000	0.00000000	0.00000000	0.00000000	0.00000000	0.00000000	0.00000000
53.68709183	0.00000000	0.00000000	0.00000000	0.00000000	0.00000000	0.00000000	0.00000000	0.00000000
60.39797592	0.00000000	0.00000000	0.00000000	0.00000000	0.00000000	0.00000000	0.00000000	0.00000000
67.10886383	0.00000000	0.00000000	0.00000000	0.00000000	0.00000000	0.00000000	0.00000000	0.00000000
73.81974792	0.00000000	0.00000000	0.00000000	0.00000000	0.00000000	0.00000000	0.00000000	0.00000000
80.53063965	0.00000000	0.00000000	0.00000000	0.00000000	0.00000000	0.00000000	0.00000000	0.00000000
87.24152374	0.00000000	0.00000000	0.00000000	0.00000000	0.00000000	0.00000000	0.00000000	0.00000000
93.95240784	0.00000000	0.00000000	0.00000000	0.00000000	0.00000000	0.00000000	0.00000000	0.00000000
100.66329956	0.00000000	0.00000000	0.00000000	0.00000000	0.00000000	0.00000000	0.00000000	0.00000000
107.37418365	0.00000000	0.00000000	0.00000000	0.00000000	0.00000000	0.00000000	0.00000000	0.00000000
120.79595184	0.00000000	0.00000000	0.00000000	0.00000000	0.00000000	0.00000000	0.00000000	0.00000000
134.21772766	0.00000000	0.00000000	0.00000000	0.00000000	0.00000000	0.00000000	0.00000000	0.00000000
147.63949585	0.00000000	0.00000000	0.00000000	0.00000000	0.00000000	0.00000000	0.00000000	0.00000000
161.06127930	0.00000000	0.00000000	0.00000000	0.00000000	0.00000000	0.00000000	0.00000000	0.00000000
174.48304749	0.00000000	0.00000000	0.00000000	0.00000000	0.00000000	0.00000000	0.00000000	0.00000000
187.90481567	0.00000000	0.00000000	0.00000000	0.00000000	0.00000000	0.00000000	0.00000000	0.00000000
201.32659912	0.00000000	0.00000000	0.00000000	0.00000000	0.00000000	0.00000000	0.00000000	0.00000000
214.74836731	0.00000000	0.00000000	0.00000000	0.00000000	0.00000000	0.00000000	0.00000000	0.00000000
241.59190369	0.00000000	0.00000000	0.00000000	0.00000000	0.00000000	0.00000000	0.00000000	0.00000000
268.43545532	0.00000000	0.00000000	0.00000000	0.00000000	0.00000000	0.00000000	0.00000000	0.00000000
295.27899170	0.00000000	0.00000000	0.00000000	0.00000000	0.00000000	0.00000000	0.00000000	0.00000000
322.12255859	0.00000000	0.00000000	0.00000000	0.00000000	0.00000000	0.00000000	0.00000000	0.00000000
348.96609497	0.00000000	0.00000000	0.00000000	0.00000000	0.00000000	0.00000000	0.00000000	0.00000000
375.80963135	0.00000000	0.00000000	0.00000000	0.00000000	0.00000000	0.00000000	0.00000000	0.00000000
402.65319824	0.00000000	0.00000000	0.00000000	0.00000000	0.00000000	0.00000000	0.00000000	0.00000000
429.49673462	0.00000000	0.00000000	0.00000000	0.00000000	0.00000000	0.00000000	0.00000000	0.00000000
483.18380737	0.00000000	0.00000000	0.00000000	0.00000000	0.00000000	0.00000000	0.00000000	0.00000000
536.87091064	0.00000000	0.00000000	0.00000000	0.00000000	0.00000000	0.00000000	0.00000000	0.00000000
590.55798340	0.00000000	0.00000000	0.00000000	0.00000000	0.00000000	0.00000000	0.00000000	0.00000000
644.24511719	0.00000000	0.00000000	0.00000000	0.00000000	0.00000000	0.00000000	0.00000000	0.00000000
697.93218994	0.00000000	0.00000000	0.00000000	0.00000000	0.00000000	0.00000000	0.00000000	0.00000000
751.61926270	0.00000000	0.00000000	0.00000000	0.00000000	0.00000000	0.00000000	0.00000000	0.00000000
805.30639648	0.00000000	0.00000000	0.00000000	0.00000000	0.00000000	0.00000000	0.00000000	0.00000000
858.99346924	0.00000000	0.00000000	0.00000000	0.00000000	0.00000000	0.00000000	0.00000000	0.00000000
966.36761475	0.00000000	0.00000000	0.00000000	0.00000000	0.00000000	0.00000000	0.00000000	0.00000000
1073.74182129	0.00000000	0.00000000	0.00000000	0.00000000	0.00000000	0.00000000	0.00000000	0.00000000
1181.11596680	0.00000000	0.00000000	0.00000000	0.00000000	0.00000000	0.00000000	0.00000000	0.00000000
1288.49023437	0.00000000	0.00000000	0.00000000	0.00000000	0.00000000	0.00000000	0.00000000	0.00000000
1395.86437988	0.00000000	0.00000000	0.00000000	0.00000000	0.00000000	0.00000000	0.00000000	0.00000000
1503.23852539	0.00000000	0.00000000	0.00000000	0.00000000	0.00000000	0.00000000	0.00000000	0.00000000
1610.61279297	0.00000000	0.00000000	0.00000000	0.00000000	0.00000000	0.00000000	0.00000000	0.00000000
1717.98693848	0.00000000	0.00000000	0.00000000	0.00000000	0.00000000	0.00000000	0.00000000	0.00000000
1932.73522949	0.00000000	0.00000000	0.00000000	0.00000000	0.00000000	0.00000000	0.00000000	0.00000000
2147.48364258	0.00000000	0.00000000	0.00000000	0.00000000	0.00000000	0.00000000	0.00000000	0.00000000
2362.23193359	0.00000000	0.00000000	0.00000000	0.00000000	0.00000000	0.00000000	0.00000000	0.00000000
2576.98046875	0.00000000	0.00000000	0.00000000	0.00000000	0.00000000	0.00000000	0.00000000	0.00000000
2791.72875977	0.00000000	0.00000000	0.00000000	0.00000000	0.00000000	0.00000000	0.00000000	0.00000000
3006.47705078	0.00000000	0.00000000	0.00000000	0.00000000	0.00000000	0.00000000	0.00000000	0.00000000
3221.22558594	0.00000000	0.00000000	0.00000000	0.00000000	0.00000000	0.00000000	0.00000000	0.00000000
3435.97387695	0.00000000	0.00000000	0.00000000	0.00000000	0.00000000	0.00000000	0.00000000	0.00000000
0	0	0	0	0	0	0	0	0
