%4/4/2019 3:59:22 PM
%Duration	ID1		ID2		ID3		ID4		ID5		ID6		ID7		ID8
1000.000000	0.000000	0.419617	539.684326	316.953674	169.792175	64.182281	0.410080	0.286102
%Tau		Tau1		Tau2		Tau3		Tau4		Tau5		Tau6		Tau7		Tau8
%		0.000000	0.000001	0.000230	0.000166	0.000115	0.000070	0.000001	0.000001
%Delaytime	D1		D2		D3		D4		D5		D6		D7		D8
0.00000020	0.00000000	131.39958191	1.56804204	1.59850788	1.66434383	2.75469398	198.57722473	0.00000000
0.00000040	0.00000000	0.00000000	1.48488891	1.49213636	1.50381768	1.51522100	49.64430618	0.00000000
0.00000060	0.00000000	0.00000000	1.47676265	1.49913943	1.48523831	1.51243567	0.00000000	0.00000000
0.00000080	0.00000000	0.00000000	1.46203887	1.46242034	1.50456083	1.51522100	0.00000000	0.00000000
0.00000100	0.00000000	0.00000000	1.47092950	1.48361897	1.50084496	1.51800632	0.00000000	0.00000000
0.00000120	0.00000000	65.69979095	1.47149277	1.49535394	1.47929287	1.59042490	0.00000000	0.00000000
0.00000140	0.00000000	0.00000000	1.46485496	1.49213636	1.49638593	1.44837296	0.00000000	0.00000000
0.00000160	0.00000000	0.00000000	1.47125137	1.49866629	1.49081206	1.40102232	0.00000000	0.00000000
0.00000180	0.00000000	0.00000000	1.45399320	1.47699440	1.50939155	1.53750360	0.00000000	0.00000000
0.00000200	0.00000000	0.00000000	1.46191823	1.48276722	1.47780645	1.38431036	0.00000000	0.00000000
0.00000220	0.00000000	0.00000000	1.46819389	1.46270430	1.46480095	1.38431036	0.00000000	0.00000000
0.00000240	0.00000000	0.00000000	1.47121108	1.47396612	1.48077917	1.55143023	0.00000000	0.00000000
0.00000260	0.00000000	0.00000000	1.47559607	1.48163164	1.44696462	1.52636230	0.00000000	0.00000000
0.00000280	0.00000000	0.00000000	1.47000420	1.46592200	1.46108496	1.48458230	0.00000000	0.00000000
0.00000300	0.00000000	0.00000000	1.45503914	1.45683682	1.46963155	1.50407958	0.00000000	0.00000000
0.00000320	0.00000000	0.00000000	1.46807325	1.47510171	1.49155521	1.55700099	0.00000000	0.00000000
0.00000360	0.00000000	0.00000000	1.45904183	1.48163164	1.47241843	1.43444633	0.00000000	0.00000000
0.00000400	0.00000000	0.00000000	1.46139526	1.47500706	1.46572983	1.47204828	0.00000000	0.00000000
0.00000440	0.00000000	0.00000000	1.46672559	1.47136354	1.47204685	1.45255101	0.00000000	0.00000000
0.00000480	0.00000000	0.00000000	1.46475434	1.47046447	1.49434221	1.41634166	0.00000000	0.00000000
0.00000520	0.00000000	0.00000000	1.46256185	1.46696293	1.47799230	1.39266634	0.00000000	0.00000000
0.00000560	0.00000000	0.00000000	1.45996714	1.46762538	1.45644021	1.46926296	0.00000000	0.00000000
0.00000600	0.00000000	0.00000000	1.46495557	1.48191559	1.47594857	1.42330503	0.00000000	0.00000000
0.00000640	0.00000000	0.00000000	1.46485496	1.47694707	1.45458221	1.40798569	0.00000000	0.00000000
0.00000720	0.00000000	0.00000000	1.44794869	1.47285414	1.47130370	1.43305361	0.00000000	0.00000000
0.00000800	0.00000000	0.00000000	1.44889414	1.46040940	1.46684468	1.46717393	0.00000000	0.00000000
0.00000880	0.00000000	0.00000000	1.45211244	1.45463657	1.47056055	1.42539394	24.82215309	0.00000000
0.00000960	0.00000000	0.00000000	1.44848180	1.45068550	1.45653307	1.44976568	0.00000000	0.00000000
0.00001040	0.00000000	0.00000000	1.44822025	1.46391094	1.44733620	1.46021068	0.00000000	0.00000000
0.00001120	0.00000000	0.00000000	1.44727492	1.46454966	1.46368611	1.44140959	0.00000000	0.00000000
0.00001200	0.00000000	0.00000000	1.45062399	1.46760178	1.44640732	1.45115829	12.41107655	0.00000000
0.00001280	0.00000000	0.00000000	1.44688272	1.46147406	1.44436359	1.40171862	12.41107655	0.00000000
0.00001440	0.00000000	8.21247387	1.44119024	1.45024776	1.42225409	1.35959053	0.00000000	0.00000000
0.00001600	0.00000000	0.00000000	1.43724787	1.44439209	1.43456292	1.41286004	0.00000000	0.00000000
0.00001760	0.00000000	8.21247387	1.43974209	1.43301201	1.42518032	1.41947520	0.00000000	0.00000000
0.00001920	0.00000000	0.00000000	1.43421054	1.44678164	1.42262566	1.38048053	0.00000000	0.00000000
0.00002080	0.00000000	0.00000000	1.43414521	1.43593395	1.40269923	1.38674748	0.00000000	0.00000000
0.00002240	0.00000000	0.00000000	1.42901599	1.43150973	1.40139866	1.39405894	0.00000000	0.00000000
0.00002400	0.00000000	0.00000000	1.42721081	1.42326450	1.40720475	1.33695972	0.00000000	0.00000000
0.00002560	0.00000000	0.00000000	1.42720068	1.42959332	1.39178383	1.36376846	0.00000000	0.00000000
0.00002880	0.00000000	0.00000000	1.41921139	1.41694176	1.38614130	1.38785386	0.00000000	0.00000000
0.00003200	0.00000000	0.00000000	1.41039324	1.40019071	1.37313449	1.34062278	0.00000000	0.00000000
0.00003520	0.00000000	0.00000000	1.40996540	1.39637101	1.36721802	1.34608614	0.00000000	0.00000000
0.00003840	0.00000000	0.00000000	1.40799868	1.39026535	1.35691118	1.31330633	3.14591265	0.00000000
0.00004160	0.00000000	4.19430399	1.39914715	1.38274646	1.34848261	1.30149853	0.00000000	0.00000000
0.00004480	0.00000000	0.00000000	1.39726901	1.37250102	1.33981919	1.28264141	0.00000000	0.00000000
0.00004800	0.00000000	0.00000000	1.39034629	1.37099075	1.33270538	1.26695645	0.00000000	19.70744133
0.00005120	0.00000000	4.19430399	1.38622046	1.35962737	1.31910336	1.24743736	0.00000000	19.70744133
0.00005760	0.00000000	4.19430399	1.37421417	1.34804773	1.31063366	1.25109732	0.00000000	0.00000000
0.00006400	0.00000000	4.19430399	1.36501288	1.33768284	1.29169655	1.22975469	0.00000000	0.00000000
0.00007040	0.00000000	0.00000000	1.35657549	1.32278872	1.27831399	1.20426714	1.58758831	0.00000000
0.00007680	0.00000000	2.09715199	1.34685230	1.31087935	1.26441956	1.21467376	1.58758831	0.00000000
0.00008320	0.00000000	0.00000000	1.34018481	1.29660928	1.25062323	1.18671679	1.58758831	0.00000000
0.00008960	0.00000000	2.09715199	1.33057988	1.28561759	1.23465097	1.17565215	0.00000000	0.00000000
0.00009600	0.00000000	2.09715199	1.32073736	1.27932870	1.22444832	1.15104723	4.76276493	9.41338730
0.00010240	0.00000000	2.09715199	1.31219149	1.26737761	1.21518683	1.15545678	0.00000000	0.00000000
0.00011520	0.00000000	1.05419087	1.29405105	1.24397290	1.19311655	1.13963902	0.78285801	0.00000000
0.00012800	0.00000000	1.05419087	1.27891874	1.22780430	1.17652023	1.12885106	0.78285801	4.70669365
0.00014080	0.00000000	3.16257262	1.26388204	1.21128273	1.16474199	1.10626519	0.78285801	0.00000000
0.00015360	0.00000000	0.00000000	1.24950886	1.19445598	1.14246941	1.08875239	0.00000000	0.00000000
0.00016640	0.00000000	1.05419087	1.23394704	1.17846334	1.12619472	1.07845545	0.78285801	0.00000000
0.00017920	0.00000000	1.05419087	1.22279930	1.16627657	1.11534381	1.07254434	0.78285801	4.70669365
0.00019200	0.00000000	3.16257262	1.20914769	1.15772915	1.10163987	1.05581820	0.78285801	0.00000000
0.00020480	0.00000000	0.00000000	1.19700515	1.14634287	1.09250474	1.06101620	0.00000000	0.00000000
0.00023040	0.00000000	3.17105126	1.17559052	1.12572086	1.07022595	1.03995359	0.00000000	0.00000000
0.00025600	0.00000000	1.05701709	1.15454066	1.10776901	1.05615556	1.03559649	0.00000000	4.70669365
0.00028160	0.00000000	0.00000000	1.13631308	1.09224248	1.04056537	1.01663208	1.93036568	2.35334682
0.00030720	0.00000000	1.05701709	1.12004352	1.07789361	1.03091049	1.00865865	0.77214628	0.00000000
0.00033280	0.00000000	1.05701709	1.10258770	1.06632459	1.02080727	1.00295389	0.38607314	0.00000000
0.00035840	0.00000000	0.00000000	1.09122896	1.05598831	1.01764560	1.00880826	0.00000000	2.35334682
0.00038400	0.00000000	0.00000000	1.07830477	1.04622316	1.01406705	0.99526203	1.54429257	0.00000000
0.00040960	0.00000000	0.52850854	1.06994772	1.03909457	1.00824177	1.00438094	2.70251203	0.00000000
0.00046080	0.00000000	0.52150297	1.05326319	1.02936852	1.00183105	0.99043155	0.56865197	2.25048065
0.00051200	0.00000000	1.56450880	1.03986108	1.02148712	0.99577892	1.00433064	0.37910131	0.00000000
0.00056320	0.00000000	1.30375731	1.02929246	1.01609015	0.99250466	0.99788892	0.75820261	1.12524033
0.00061440	0.00000000	1.56450880	1.02172303	1.01157629	0.99210739	1.00268579	1.89550650	1.12524033
0.00066560	0.00000000	0.52150297	1.01572001	1.00734031	0.99374425	1.00335050	1.70595586	0.00000000
0.00071680	0.00000000	0.78225440	1.01106000	1.00433302	0.99116141	1.00118887	0.56865197	4.50096130
0.00076800	0.00000000	0.26075149	1.00683641	1.00054753	0.98926020	1.00009155	0.75820261	0.00000000
0.00081920	0.00000000	1.30375731	1.00767255	0.99897313	0.99064201	1.00361848	0.56865197	3.37572122
0.00092160	0.00000000	0.91750401	1.00413394	0.99586356	0.99325764	1.00070107	1.24901485	1.66936362
0.00102400	0.00000000	1.17964804	0.99904382	0.99668604	0.99310803	0.99792272	1.34509289	2.22581816
0.00112640	0.00000000	0.65535998	0.99621528	0.99396086	0.99005318	0.99734253	0.86470258	0.00000000
0.00122880	0.00000000	1.17964804	0.99658757	0.99569166	0.99645382	1.00596964	1.15293682	2.22581816
0.00133120	0.00000000	0.78643203	0.99863648	0.99763393	1.00010967	1.00499272	0.86470258	1.11290908
0.00143360	0.00000000	0.78643203	1.00176907	0.99831897	0.99969232	0.99114037	0.67254645	1.66936362
0.00153600	0.00000000	2.10275936	1.00282741	0.99835330	0.99387026	0.99782425	1.34509289	0.55645454
0.00163840	0.00000000	1.05137968	1.00294030	0.99895996	0.99592954	0.99648517	1.05685866	0.55645454
0.00184320	0.00000000	0.92241699	1.00625968	0.99701101	0.99783087	0.99711239	0.91274160	1.08884692
0.00204800	0.00000000	1.44951248	1.00868118	0.99632865	0.99683529	1.00259459	1.29705381	1.36105859
0.00225280	0.00000000	1.18596470	1.00540376	0.99015635	1.00013220	0.99373913	1.15293682	0.54442346
0.00245760	0.00000000	1.44951248	1.00490904	0.98878837	0.99790400	0.99602079	0.81480324	1.08884692
0.00266240	0.00000000	0.98830390	1.00375724	1.00031769	0.99760973	0.99485928	0.67101443	0.54442346
0.00286720	0.00000000	0.92241699	1.00502658	1.00755298	0.99918145	1.00167918	1.15031052	0.27221173
0.00307200	0.00000000	0.85653007	1.00471282	1.00157881	0.99803835	1.00191414	0.62308484	1.08884692
0.00327680	0.00000000	0.85653007	1.00222230	0.99901730	0.99878395	0.99906468	1.43788815	0.54739845
0.00368640	0.00000000	1.22226405	1.00025451	0.99659771	1.00160110	0.99758494	0.73617810	1.07131648
0.00409600	0.00000000	0.90300453	0.99698693	0.99950504	1.00665390	0.99734235	1.13988864	0.93740189
0.00450560	0.00000000	1.29000652	1.00036991	0.99521303	0.99865305	1.00680041	0.92615956	0.66957277
0.00491520	0.00000000	1.06708586	0.99872303	0.99996185	1.00061965	1.00821579	0.97365493	0.66957277
0.00532480	0.00000000	1.29343736	0.99818915	1.00175500	1.00519741	1.00088596	1.23487937	0.53565824
0.00573440	0.00000000	1.29688656	0.99918675	1.00183725	0.99835968	1.00333786	1.11868346	0.40174368
0.00614400	0.00000000	1.06993139	0.99928987	0.99923009	0.99740863	1.00268650	0.99967456	0.66957277
0.00655360	0.00000000	1.00508702	1.00093520	0.99680042	0.99910766	0.99629372	1.07107997	0.40174368
0.00737280	0.00000000	1.04259920	0.99473476	1.00512397	0.99684298	1.00351918	0.96396697	1.40610290
0.00819200	0.00000000	1.05863929	1.00171280	0.99763614	1.00650418	1.00121713	0.97365493	1.19875133
0.00901120	0.00000000	1.18695915	0.99482477	0.99991214	1.00281823	1.00306141	0.96178108	0.73257023
0.00983040	0.00000000	1.05863929	1.00872874	0.99918813	0.99911439	0.99799764	0.96178108	0.86576486
0.01064960	0.00000000	1.02655923	0.99879009	1.00261176	1.00032651	1.00306773	0.86679035	0.86576486
0.01146880	0.00000000	1.28319907	0.99680787	1.00438404	1.00358284	1.00150836	0.97145206	0.86576486
0.01228800	0.00000000	0.86388004	1.00300848	1.00152063	1.00018919	1.00153923	1.02115023	1.13215399
0.01310720	0.00000000	1.09071922	0.99963659	1.00004363	0.99994445	1.00532281	0.84304267	1.06555676
0.01474560	0.00000000	1.13883924	0.99951684	1.00214207	0.99890703	1.00136137	0.95423484	0.83249027
0.01638400	0.00000000	0.93278050	0.99496818	1.00180662	0.99999237	1.00080633	1.10929799	0.79919064
0.01802240	0.00000000	0.92229933	0.99527603	0.99601495	0.99875665	0.99775934	0.97809070	0.86578983
0.01966080	0.00000000	1.08269918	0.99640846	1.00198293	1.00102592	0.99907470	0.93421489	1.03228796
0.02129920	0.00000000	1.05863929	0.99869341	1.00084329	0.99981540	1.00045347	1.21706867	0.96049678
0.02293760	0.00000000	0.93833935	0.99893910	1.00342357	1.00211763	1.00342047	1.11614096	1.05985856
0.02457600	0.00000000	1.07185113	1.00078213	1.00229263	0.99851739	0.99799907	1.22894251	0.86113507
0.02621440	0.00000000	0.98645931	1.00960755	1.00084019	0.99999273	0.99978840	1.03896105	0.96049678
0.02949120	0.00000000	1.01319265	1.00032413	0.99694532	0.99990445	0.99916065	0.99526256	0.97711331
0.03276800	0.00000000	1.00515139	1.00319695	1.00046587	0.99811745	1.00038898	0.91934359	1.03774881
0.03604480	0.00000000	0.93433583	1.00104129	1.00069213	0.99933159	0.99792975	1.11273301	0.84008235
0.03932160	0.00000000	0.95137316	0.99915963	0.99820101	1.00005257	0.99933970	1.00791049	1.14272571
0.04259840	0.00000000	0.91022223	0.99966168	0.99774867	1.00135326	0.99731958	1.08492589	0.97711331
0.04587520	0.00000000	0.95747387	0.99985611	1.00015390	1.00048506	0.99946582	1.01020646	1.34146059
0.04915200	0.00000000	1.03896105	0.99998027	1.00104773	1.00006485	1.00005746	0.92863607	1.16558743
0.05242880	0.00000000	0.93710214	1.00110233	1.00175822	1.00047457	0.99895084	0.93847585	1.18223870
0.05898240	0.00000000	0.96104300	0.99908906	0.99829227	1.00032139	0.99914396	1.08734453	1.07660460
0.06553600	0.00000000	1.01996529	1.00047207	1.00198448	0.99825978	1.00007045	1.00133443	0.88749343
0.07208960	0.00000000	1.00103426	0.99835253	1.00008547	0.99866349	1.00178850	1.01715744	1.14704347
0.07864320	0.00000000	0.95997304	1.00083864	1.00031662	1.00123632	0.99995518	1.03886569	0.83346486
0.08519680	0.00000000	0.97816199	1.00002789	1.00077844	0.99952757	1.00105238	0.96611124	0.94290978
0.09175040	0.00000000	0.96510661	0.99628931	0.99724507	1.00017798	0.99995720	0.98555934	1.10899472
0.09830400	0.00000000	1.09514201	1.00252497	0.99880469	0.99976641	1.00017846	1.04750907	1.00726390
0.10485760	0.00000000	1.00029004	0.99773550	0.99842483	0.99867517	1.00072265	0.99688578	1.04170024
0.11796480	0.00000000	0.97469127	0.99939317	1.00001872	1.00030637	1.00100315	0.99618977	1.00396681
0.13107200	0.00000000	1.00919938	1.00025165	0.99972200	1.00009787	1.00071371	0.99690813	1.05961752
0.14417920	0.00000000	0.97446764	0.99957031	1.00033939	1.00033414	0.99975157	0.97568625	0.94437194
0.15728641	0.00000000	1.01383257	1.00170755	1.00024974	1.00142395	1.00045609	1.03159559	1.00343120
0.17039360	0.00000000	1.04265189	0.99702811	0.99881077	1.00055039	1.00004947	1.03274238	1.01548266
0.18350080	0.00000000	1.02521193	1.00020373	1.00045907	1.00012219	0.99958903	1.02837396	0.93694580
0.19660801	0.00000000	1.03872669	0.99989873	1.00037622	0.99946547	0.99972934	1.04378116	0.98526025
0.20971520	0.00000000	0.97974658	1.00029480	0.99871707	1.00004554	0.99940389	0.96597129	1.00003350
0.23592959	0.00000000	0.99543107	1.00023437	0.99911559	0.99981701	1.00010002	1.00405121	0.96810126
0.26214400	0.00000000	0.99196428	0.99992174	1.00139582	0.99860221	0.99912411	1.01401937	1.02309322
0.28835839	0.00000000	1.00239372	0.99920887	1.00017452	0.99929953	0.99918056	0.94871348	1.01902366
0.31457281	0.00000000	1.01791906	0.99982160	1.00075579	1.00109434	1.00087309	0.96810424	0.99772418
0.34078720	0.00000000	1.05465114	1.00132191	1.00058293	1.00072014	0.99899703	1.00842702	1.01457059
0.36700159	0.00000000	1.01008904	0.99944025	1.00021946	1.00054061	0.99863553	0.98931414	0.95092022
0.39321601	0.00000000	0.97458243	1.00177598	0.99954021	0.99976480	1.00014484	1.03779721	1.00692785
0.41943040	0.00000000	0.91288346	0.99888790	1.00028205	0.99942666	1.00063229	0.99186844	0.96551722
0.47185919	0.00000000	0.97274029	0.99797767	0.99977422	1.00002337	1.00002897	1.01001394	0.94109344
0.52428800	0.00000000	0.97246182	0.99866468	0.99948740	1.00089240	0.99979770	0.98593724	0.97512275
0.57671678	0.00000000	0.98344153	0.99962538	1.00020385	0.99952722	1.00010026	1.04327643	1.02748871
0.62914562	0.00000000	0.98719513	1.00084972	0.99916369	0.99867684	1.00067317	1.00552142	1.00517130
0.68157440	0.00000000	0.99682945	0.99955249	1.00075817	1.00023019	0.99912661	0.97725308	1.04013908
0.73400319	0.00000000	0.94105786	1.00069463	1.00082421	0.99988568	1.00059664	1.02792275	1.02714384
0.78643203	0.00000000	1.00740051	1.00036788	0.99991858	0.99899048	1.00012195	0.97852516	1.01495802
0.83886081	0.00000000	0.96408534	0.99911839	1.00023735	1.00067210	0.99905920	0.97651798	1.04669368
0.94371837	0.00000000	1.00386095	1.00093317	0.99997818	1.00020134	1.00042462	0.99221045	1.05943513
1.04857600	0.00000000	1.01471639	0.99994147	0.99968839	0.99988329	1.00008655	0.99542797	0.98505604
1.15343356	0.00000000	1.04441667	1.00009441	1.00011158	0.99980170	1.00027037	0.99478459	0.96969700
1.25829124	0.00000000	1.02719998	1.00015569	0.99998522	1.00005066	1.00005555	0.95919192	1.02096772
1.36314881	0.00000000	1.01736462	0.99916309	0.99884391	1.00089121	1.00018454	1.01398599	0.99489796
1.46800637	0.00000000	1.01644564	0.99942082	1.00080085	1.00011313	0.99976856	1.03217864	0.96459097
1.57286406	0.00000000	0.99637681	1.00011718	0.99932778	0.99906236	0.99991912	0.97333336	1.02666664
1.67772162	0.00000000	1.00000000	0.99879718	0.99981797	0.99982864	1.00029302	1.00000000	1.01428568
1.88743675	0.00000000	0.00000000	0.00000000	0.00000000	0.00000000	0.00000000	0.00000000	0.00000000
2.09715199	0.00000000	0.00000000	0.00000000	0.00000000	0.00000000	0.00000000	0.00000000	0.00000000
2.30686712	0.00000000	0.00000000	0.00000000	0.00000000	0.00000000	0.00000000	0.00000000	0.00000000
2.51658249	0.00000000	0.00000000	0.00000000	0.00000000	0.00000000	0.00000000	0.00000000	0.00000000
2.72629762	0.00000000	0.00000000	0.00000000	0.00000000	0.00000000	0.00000000	0.00000000	0.00000000
2.93601274	0.00000000	0.00000000	0.00000000	0.00000000	0.00000000	0.00000000	0.00000000	0.00000000
3.14572811	0.00000000	0.00000000	0.00000000	0.00000000	0.00000000	0.00000000	0.00000000	0.00000000
3.35544324	0.00000000	0.00000000	0.00000000	0.00000000	0.00000000	0.00000000	0.00000000	0.00000000
3.77487350	0.00000000	0.00000000	0.00000000	0.00000000	0.00000000	0.00000000	0.00000000	0.00000000
4.19430399	0.00000000	0.00000000	0.00000000	0.00000000	0.00000000	0.00000000	0.00000000	0.00000000
4.61373425	0.00000000	0.00000000	0.00000000	0.00000000	0.00000000	0.00000000	0.00000000	0.00000000
5.03316498	0.00000000	0.00000000	0.00000000	0.00000000	0.00000000	0.00000000	0.00000000	0.00000000
5.45259523	0.00000000	0.00000000	0.00000000	0.00000000	0.00000000	0.00000000	0.00000000	0.00000000
5.87202549	0.00000000	0.00000000	0.00000000	0.00000000	0.00000000	0.00000000	0.00000000	0.00000000
6.29145622	0.00000000	0.00000000	0.00000000	0.00000000	0.00000000	0.00000000	0.00000000	0.00000000
6.71088648	0.00000000	0.00000000	0.00000000	0.00000000	0.00000000	0.00000000	0.00000000	0.00000000
7.54974699	0.00000000	0.00000000	0.00000000	0.00000000	0.00000000	0.00000000	0.00000000	0.00000000
8.38860798	0.00000000	0.00000000	0.00000000	0.00000000	0.00000000	0.00000000	0.00000000	0.00000000
9.22746849	0.00000000	0.00000000	0.00000000	0.00000000	0.00000000	0.00000000	0.00000000	0.00000000
10.06632996	0.00000000	0.00000000	0.00000000	0.00000000	0.00000000	0.00000000	0.00000000	0.00000000
10.90519047	0.00000000	0.00000000	0.00000000	0.00000000	0.00000000	0.00000000	0.00000000	0.00000000
11.74405098	0.00000000	0.00000000	0.00000000	0.00000000	0.00000000	0.00000000	0.00000000	0.00000000
12.58291245	0.00000000	0.00000000	0.00000000	0.00000000	0.00000000	0.00000000	0.00000000	0.00000000
13.42177296	0.00000000	0.00000000	0.00000000	0.00000000	0.00000000	0.00000000	0.00000000	0.00000000
15.09949398	0.00000000	0.00000000	0.00000000	0.00000000	0.00000000	0.00000000	0.00000000	0.00000000
16.77721596	0.00000000	0.00000000	0.00000000	0.00000000	0.00000000	0.00000000	0.00000000	0.00000000
18.45493698	0.00000000	0.00000000	0.00000000	0.00000000	0.00000000	0.00000000	0.00000000	0.00000000
20.13265991	0.00000000	0.00000000	0.00000000	0.00000000	0.00000000	0.00000000	0.00000000	0.00000000
21.81038094	0.00000000	0.00000000	0.00000000	0.00000000	0.00000000	0.00000000	0.00000000	0.00000000
23.48810196	0.00000000	0.00000000	0.00000000	0.00000000	0.00000000	0.00000000	0.00000000	0.00000000
25.16582489	0.00000000	0.00000000	0.00000000	0.00000000	0.00000000	0.00000000	0.00000000	0.00000000
26.84354591	0.00000000	0.00000000	0.00000000	0.00000000	0.00000000	0.00000000	0.00000000	0.00000000
30.19898796	0.00000000	0.00000000	0.00000000	0.00000000	0.00000000	0.00000000	0.00000000	0.00000000
33.55443192	0.00000000	0.00000000	0.00000000	0.00000000	0.00000000	0.00000000	0.00000000	0.00000000
36.90987396	0.00000000	0.00000000	0.00000000	0.00000000	0.00000000	0.00000000	0.00000000	0.00000000
40.26531982	0.00000000	0.00000000	0.00000000	0.00000000	0.00000000	0.00000000	0.00000000	0.00000000
43.62076187	0.00000000	0.00000000	0.00000000	0.00000000	0.00000000	0.00000000	0.00000000	0.00000000
46.97620392	0.00000000	0.00000000	0.00000000	0.00000000	0.00000000	0.00000000	0.00000000	0.00000000
50.33164978	0.00000000	0.00000000	0.00000000	0.00000000	0.00000000	0.00000000	0.00000000	0.00000000
53.68709183	0.00000000	0.00000000	0.00000000	0.00000000	0.00000000	0.00000000	0.00000000	0.00000000
60.39797592	0.00000000	0.00000000	0.00000000	0.00000000	0.00000000	0.00000000	0.00000000	0.00000000
67.10886383	0.00000000	0.00000000	0.00000000	0.00000000	0.00000000	0.00000000	0.00000000	0.00000000
73.81974792	0.00000000	0.00000000	0.00000000	0.00000000	0.00000000	0.00000000	0.00000000	0.00000000
80.53063965	0.00000000	0.00000000	0.00000000	0.00000000	0.00000000	0.00000000	0.00000000	0.00000000
87.24152374	0.00000000	0.00000000	0.00000000	0.00000000	0.00000000	0.00000000	0.00000000	0.00000000
93.95240784	0.00000000	0.00000000	0.00000000	0.00000000	0.00000000	0.00000000	0.00000000	0.00000000
100.66329956	0.00000000	0.00000000	0.00000000	0.00000000	0.00000000	0.00000000	0.00000000	0.00000000
107.37418365	0.00000000	0.00000000	0.00000000	0.00000000	0.00000000	0.00000000	0.00000000	0.00000000
120.79595184	0.00000000	0.00000000	0.00000000	0.00000000	0.00000000	0.00000000	0.00000000	0.00000000
134.21772766	0.00000000	0.00000000	0.00000000	0.00000000	0.00000000	0.00000000	0.00000000	0.00000000
147.63949585	0.00000000	0.00000000	0.00000000	0.00000000	0.00000000	0.00000000	0.00000000	0.00000000
161.06127930	0.00000000	0.00000000	0.00000000	0.00000000	0.00000000	0.00000000	0.00000000	0.00000000
174.48304749	0.00000000	0.00000000	0.00000000	0.00000000	0.00000000	0.00000000	0.00000000	0.00000000
187.90481567	0.00000000	0.00000000	0.00000000	0.00000000	0.00000000	0.00000000	0.00000000	0.00000000
201.32659912	0.00000000	0.00000000	0.00000000	0.00000000	0.00000000	0.00000000	0.00000000	0.00000000
214.74836731	0.00000000	0.00000000	0.00000000	0.00000000	0.00000000	0.00000000	0.00000000	0.00000000
241.59190369	0.00000000	0.00000000	0.00000000	0.00000000	0.00000000	0.00000000	0.00000000	0.00000000
268.43545532	0.00000000	0.00000000	0.00000000	0.00000000	0.00000000	0.00000000	0.00000000	0.00000000
295.27899170	0.00000000	0.00000000	0.00000000	0.00000000	0.00000000	0.00000000	0.00000000	0.00000000
322.12255859	0.00000000	0.00000000	0.00000000	0.00000000	0.00000000	0.00000000	0.00000000	0.00000000
348.96609497	0.00000000	0.00000000	0.00000000	0.00000000	0.00000000	0.00000000	0.00000000	0.00000000
375.80963135	0.00000000	0.00000000	0.00000000	0.00000000	0.00000000	0.00000000	0.00000000	0.00000000
402.65319824	0.00000000	0.00000000	0.00000000	0.00000000	0.00000000	0.00000000	0.00000000	0.00000000
429.49673462	0.00000000	0.00000000	0.00000000	0.00000000	0.00000000	0.00000000	0.00000000	0.00000000
483.18380737	0.00000000	0.00000000	0.00000000	0.00000000	0.00000000	0.00000000	0.00000000	0.00000000
536.87091064	0.00000000	0.00000000	0.00000000	0.00000000	0.00000000	0.00000000	0.00000000	0.00000000
590.55798340	0.00000000	0.00000000	0.00000000	0.00000000	0.00000000	0.00000000	0.00000000	0.00000000
644.24511719	0.00000000	0.00000000	0.00000000	0.00000000	0.00000000	0.00000000	0.00000000	0.00000000
697.93218994	0.00000000	0.00000000	0.00000000	0.00000000	0.00000000	0.00000000	0.00000000	0.00000000
751.61926270	0.00000000	0.00000000	0.00000000	0.00000000	0.00000000	0.00000000	0.00000000	0.00000000
805.30639648	0.00000000	0.00000000	0.00000000	0.00000000	0.00000000	0.00000000	0.00000000	0.00000000
858.99346924	0.00000000	0.00000000	0.00000000	0.00000000	0.00000000	0.00000000	0.00000000	0.00000000
966.36761475	0.00000000	0.00000000	0.00000000	0.00000000	0.00000000	0.00000000	0.00000000	0.00000000
1073.74182129	0.00000000	0.00000000	0.00000000	0.00000000	0.00000000	0.00000000	0.00000000	0.00000000
1181.11596680	0.00000000	0.00000000	0.00000000	0.00000000	0.00000000	0.00000000	0.00000000	0.00000000
1288.49023437	0.00000000	0.00000000	0.00000000	0.00000000	0.00000000	0.00000000	0.00000000	0.00000000
1395.86437988	0.00000000	0.00000000	0.00000000	0.00000000	0.00000000	0.00000000	0.00000000	0.00000000
1503.23852539	0.00000000	0.00000000	0.00000000	0.00000000	0.00000000	0.00000000	0.00000000	0.00000000
1610.61279297	0.00000000	0.00000000	0.00000000	0.00000000	0.00000000	0.00000000	0.00000000	0.00000000
1717.98693848	0.00000000	0.00000000	0.00000000	0.00000000	0.00000000	0.00000000	0.00000000	0.00000000
1932.73522949	0.00000000	0.00000000	0.00000000	0.00000000	0.00000000	0.00000000	0.00000000	0.00000000
2147.48364258	0.00000000	0.00000000	0.00000000	0.00000000	0.00000000	0.00000000	0.00000000	0.00000000
2362.23193359	0.00000000	0.00000000	0.00000000	0.00000000	0.00000000	0.00000000	0.00000000	0.00000000
2576.98046875	0.00000000	0.00000000	0.00000000	0.00000000	0.00000000	0.00000000	0.00000000	0.00000000
2791.72875977	0.00000000	0.00000000	0.00000000	0.00000000	0.00000000	0.00000000	0.00000000	0.00000000
3006.47705078	0.00000000	0.00000000	0.00000000	0.00000000	0.00000000	0.00000000	0.00000000	0.00000000
3221.22558594	0.00000000	0.00000000	0.00000000	0.00000000	0.00000000	0.00000000	0.00000000	0.00000000
3435.97387695	0.00000000	0.00000000	0.00000000	0.00000000	0.00000000	0.00000000	0.00000000	0.00000000
0	0	0	0	0	0	0	0	0
