%4/4/2019 3:57:48 PM
%Duration	ID1		ID2		ID3		ID4		ID5		ID6		ID7		ID8
1000.000000	0.000000	0.448227	499.601379	352.220551	164.070129	60.462952	0.562668	0.200272
%Tau		Tau1		Tau2		Tau3		Tau4		Tau5		Tau6		Tau7		Tau8
%		0.000000	0.000001	0.000256	0.000154	0.000102	0.000064	0.000001	0.000001
%Delaytime	D1		D2		D3		D4		D5		D6		D7		D8
0.00000020	0.00000000	61.72895432	1.55767858	1.59506166	1.70294952	2.71949482	84.00704956	0.00000000
0.00000040	0.00000000	0.00000000	1.46163487	1.47819364	1.55413723	1.68145418	42.00352478	0.00000000
0.00000060	0.00000000	0.00000000	1.45434964	1.47764444	1.47618794	1.58994651	0.00000000	0.00000000
0.00000080	0.00000000	0.00000000	1.45530319	1.49658859	1.48178244	1.42980802	0.00000000	0.00000000
0.00000100	0.00000000	0.00000000	1.46529663	1.47041464	1.49670088	1.50129843	0.00000000	0.00000000
0.00000120	0.00000000	0.00000000	1.44386029	1.47947478	1.50900865	1.60138500	0.00000000	0.00000000
0.00000140	0.00000000	0.00000000	1.46094835	1.47746146	1.48737681	1.51845610	0.00000000	0.00000000
0.00000160	0.00000000	0.00000000	1.45309091	1.48697925	1.49334419	1.57850802	0.00000000	0.00000000
0.00000180	0.00000000	0.00000000	1.45621860	1.47929180	1.48551202	1.31542337	0.00000000	0.00000000
0.00000200	0.00000000	0.00000000	1.45968962	1.47801054	1.50975466	1.43266761	0.00000000	0.00000000
0.00000220	0.00000000	0.00000000	1.45495987	1.47462440	1.46388018	1.32972145	0.00000000	0.00000000
0.00000240	0.00000000	0.00000000	1.45240426	1.50400162	1.48178244	1.54133296	0.00000000	0.00000000
0.00000260	0.00000000	0.00000000	1.44168615	1.46638775	1.43478906	1.42694843	0.00000000	0.00000000
0.00000280	0.00000000	0.00000000	1.44561493	1.47050607	1.48961461	1.47556186	0.00000000	0.00000000
0.00000300	0.00000000	0.00000000	1.45431149	1.48258638	1.53325129	1.37547529	0.00000000	0.00000000
0.00000320	0.00000000	0.00000000	1.44702613	1.48002398	1.50378716	1.49843872	0.00000000	0.00000000
0.00000360	0.00000000	0.00000000	1.45492172	1.47119248	1.48961461	1.43123782	0.00000000	0.00000000
0.00000400	0.00000000	0.00000000	1.45974684	1.46597600	1.49763334	1.40550125	0.00000000	0.00000000
0.00000440	0.00000000	0.00000000	1.45555115	1.47874272	1.50266826	1.42551851	0.00000000	0.00000000
0.00000480	0.00000000	0.00000000	1.45303369	1.46560991	1.46705031	1.47699165	0.00000000	0.00000000
0.00000520	0.00000000	30.86447716	1.45671439	1.47714114	1.48252833	1.43409741	0.00000000	0.00000000
0.00000560	0.00000000	0.00000000	1.44923842	1.48327279	1.47171235	1.48700035	0.00000000	145.63555908
0.00000600	0.00000000	0.00000000	1.44904768	1.47370923	1.46126938	1.40550125	0.00000000	0.00000000
0.00000640	0.00000000	0.00000000	1.43707085	1.46451175	1.49464965	1.45554459	0.00000000	0.00000000
0.00000720	0.00000000	15.43223858	1.44564342	1.46053064	1.46341395	1.48843014	0.00000000	0.00000000
0.00000800	0.00000000	0.00000000	1.44255388	1.46693695	1.45884514	1.45554459	0.00000000	0.00000000
0.00000880	0.00000000	0.00000000	1.44804645	1.47512770	1.48019731	1.41908443	0.00000000	0.00000000
0.00000960	0.00000000	0.00000000	1.44153357	1.45533705	1.45940459	1.40121186	0.00000000	0.00000000
0.00001040	0.00000000	0.00000000	1.44097102	1.44611669	1.46723688	1.40550125	0.00000000	0.00000000
0.00001120	0.00000000	0.00000000	1.44013178	1.45295763	1.45231831	1.47127247	0.00000000	0.00000000
0.00001200	0.00000000	0.00000000	1.43590748	1.45938671	1.44756305	1.42051423	0.00000000	0.00000000
0.00001280	0.00000000	15.43223858	1.44292581	1.44515574	1.47096646	1.43981659	0.00000000	0.00000000
0.00001440	0.00000000	0.00000000	1.44023192	1.44060266	1.44294763	1.38727117	0.00000000	0.00000000
0.00001600	0.00000000	0.00000000	1.43825805	1.44595647	1.43749297	1.36117721	0.00000000	0.00000000
0.00001760	0.00000000	7.71611929	1.43146384	1.44581926	1.41875160	1.39442027	0.00000000	0.00000000
0.00001920	0.00000000	0.00000000	1.42322981	1.43571794	1.42238796	1.38047957	0.00000000	0.00000000
0.00002080	0.00000000	0.00000000	1.42847919	1.42491889	1.40443921	1.39191806	0.00000000	0.00000000
0.00002240	0.00000000	0.00000000	1.41814721	1.43377316	1.41371655	1.32328725	0.00000000	0.00000000
0.00002400	0.00000000	0.00000000	1.41930580	1.42098355	1.41031337	1.35438561	0.00000000	0.00000000
0.00002560	0.00000000	0.00000000	1.41583955	1.41465747	1.40084934	1.37118590	0.00000000	0.00000000
0.00002880	0.00000000	0.00000000	1.42014515	1.40897262	1.38333559	1.34075916	0.00000000	0.00000000
0.00003200	0.00000000	3.95865655	1.41891742	1.40241492	1.36870682	1.34823442	2.68149352	0.00000000
0.00003520	0.00000000	3.95865655	1.41101348	1.39932466	1.36771309	1.30035663	2.68149352	0.00000000
0.00003840	0.00000000	0.00000000	1.40652680	1.38521111	1.35419357	1.32865620	0.00000000	0.00000000
0.00004160	0.00000000	0.00000000	1.40032232	1.38120830	1.34675205	1.32367253	8.04448032	0.00000000
0.00004480	0.00000000	0.00000000	1.39762437	1.37285757	1.33649111	1.29321468	0.00000000	0.00000000
0.00004800	0.00000000	7.91731310	1.39465714	1.36217964	1.33047593	1.30300367	0.00000000	0.00000000
0.00005120	0.00000000	0.00000000	1.38656938	1.35714078	1.31790376	1.27221286	2.68149352	0.00000000
0.00005760	0.00000000	0.00000000	1.38030994	1.34732926	1.30822718	1.24825633	0.00000000	0.00000000
0.00006400	0.00000000	0.00000000	1.37258899	1.33131790	1.28887510	1.25680494	1.34074676	9.41338730
0.00007040	0.00000000	1.98962390	1.35767806	1.32003605	1.27446187	1.21859550	1.34074676	0.00000000
0.00007680	0.00000000	1.98962390	1.35270989	1.30700850	1.25976026	1.19547343	0.00000000	0.00000000
0.00008320	0.00000000	1.98962390	1.34283054	1.29159033	1.25405967	1.17944515	0.00000000	0.00000000
0.00008960	0.00000000	1.98962390	1.33607566	1.27902019	1.22642195	1.17464459	0.00000000	0.00000000
0.00009600	0.00000000	0.00000000	1.32828987	1.26842892	1.22202528	1.15348542	4.02224016	0.00000000
0.00010240	0.00000000	0.00000000	1.31985009	1.25955367	1.20682347	1.13946867	2.68149352	0.00000000
0.00011520	0.00000000	0.00000000	1.30468619	1.23986423	1.18812513	1.11387074	0.65354460	4.81488991
0.00012800	0.00000000	0.00000000	1.29086244	1.22268331	1.17231858	1.11967385	0.00000000	4.81488991
0.00014080	0.00000000	0.98966414	1.27690828	1.21012163	1.15690577	1.11043358	0.00000000	0.00000000
0.00015360	0.00000000	0.98966414	1.26185608	1.18925786	1.14032161	1.08574831	0.65354460	0.00000000
0.00016640	0.00000000	1.97932827	1.24859095	1.17545152	1.12957990	1.07329416	1.96063375	4.81488991
0.00017920	0.00000000	0.00000000	1.23513687	1.16386366	1.11570239	1.06295645	0.65354460	0.00000000
0.00019200	0.00000000	1.97932827	1.22130501	1.15145671	1.09942234	1.04947531	0.65354460	0.00000000
0.00020480	0.00000000	1.97932827	1.20656288	1.14028847	1.09160173	1.04228830	0.65354460	0.00000000
0.00023040	0.00000000	0.99481195	1.18566954	1.11773145	1.07534444	1.04455209	1.28535008	0.00000000
0.00025600	0.00000000	0.99481195	1.16563928	1.09838235	1.05716133	1.02655256	1.28535008	0.00000000
0.00028160	0.00000000	0.99481195	1.14755034	1.08126211	1.05390561	1.02154326	0.96401256	0.00000000
0.00030720	0.00000000	0.00000000	1.13120258	1.06969333	1.03865945	1.02850187	0.32133752	0.00000000
0.00033280	0.00000000	1.99480522	1.11511815	1.05716765	1.03372097	1.01465142	1.92802513	0.00000000
0.00035840	0.00000000	0.99740261	1.10254776	1.04851735	1.02450407	1.01927280	1.28535008	0.00000000
0.00038400	0.00000000	0.49870130	1.08863699	1.04039192	1.02151096	1.00154185	1.92802513	0.00000000
0.00040960	0.00000000	1.49610388	1.07901096	1.03702629	1.01775372	0.99223644	0.00000000	2.40744495
0.00046080	0.00000000	0.00000000	1.05794406	1.03024173	1.01258671	1.00861931	0.96401256	1.19008267
0.00051200	0.00000000	1.23708022	1.04205596	1.02667260	1.00889122	0.99896127	1.28535008	0.00000000
0.00056320	0.00000000	0.74224812	1.02988470	1.02154064	1.00461638	1.00032473	0.96401256	1.19008267
0.00061440	0.00000000	0.49483207	1.02076387	1.01608860	1.00209522	1.00018942	0.96401256	0.00000000
0.00066560	0.00000000	0.98966414	1.01462328	1.01358831	1.00202096	1.00888562	1.28535008	3.57024789
0.00071680	0.00000000	0.74224812	1.00894105	1.00870585	1.00075555	0.99933338	0.64267504	0.00000000
0.00076800	0.00000000	0.49483207	1.00427663	1.00803792	0.99991101	0.99904805	0.80334377	1.19008267
0.00081920	0.00000000	0.98966414	1.00043285	1.00677967	0.99977708	1.00714231	1.44601882	0.00000000
0.00092160	0.00000000	0.98966414	0.99413198	1.00481927	1.00054574	0.99464023	1.28535008	0.58833671
0.00102400	0.00000000	2.22674441	0.99190563	1.00768936	0.99810636	0.99745238	1.20501566	0.00000000
0.00112640	0.00000000	0.98966414	0.99116856	1.00733542	1.00145113	0.99236095	1.04434693	0.58833671
0.00122880	0.00000000	1.48449624	0.99274439	1.00800395	1.00515723	1.00106382	0.64267504	0.00000000
0.00133120	0.00000000	0.86595613	0.99394137	1.00651765	0.99745804	1.00143397	1.04434693	0.58833671
0.00143360	0.00000000	0.98966414	0.99574512	1.00798941	0.99538916	0.99708009	1.04434693	0.58833671
0.00153600	0.00000000	0.74224812	0.99591565	1.00270009	0.99803680	0.98660004	1.44601882	0.58833671
0.00163840	0.00000000	0.24741603	0.99733722	0.99921012	0.99884629	1.00601554	0.80334377	1.17667341
0.00184320	0.00000000	1.09065092	0.99878186	0.99916041	0.99816072	0.99341273	1.13175964	2.04761004
0.00204800	0.00000000	1.39360952	1.00030220	0.99381286	0.99607325	0.99667317	0.92965972	0.58503145
0.00225280	0.00000000	0.90887576	1.00573325	0.99710554	0.99432117	1.00471342	1.41469955	1.46257854
0.00245760	0.00000000	0.72710061	1.00661111	0.99837893	0.99529845	1.00280929	0.72755980	0.87754714
0.00266240	0.00000000	0.90887576	1.00480294	0.99853951	0.99814618	0.99794847	1.09362757	1.17006290
0.00286720	0.00000000	1.03270710	0.99437988	1.00252819	0.99419898	0.98854059	0.89110398	0.58503145
0.00307200	0.00000000	0.78971720	0.99332070	1.00187004	0.99127513	1.00274026	1.09362757	2.04761004
0.00327680	0.00000000	1.09345460	0.99461544	1.00322652	0.99541110	0.99561381	0.85059929	0.87754714
0.00368640	0.00000000	0.86742485	0.98972970	0.99393421	1.00009084	0.99763238	0.91519362	1.92295837
0.00409600	0.00000000	0.80966264	0.99613655	0.99712074	0.99540186	0.99734437	0.91519362	1.33127892
0.00450560	0.00000000	1.07955015	1.00106442	1.00257242	0.99818140	1.00146198	0.87451839	1.03543913
0.00491520	0.00000000	0.86963767	1.00094390	1.00733781	0.99892539	1.00433600	1.32194638	1.18335903
0.00532480	0.00000000	1.01957512	0.99979162	1.00510538	0.99777865	1.00459123	1.30160868	1.03543913
0.00573440	0.00000000	0.75160497	0.99964875	1.00950348	1.00823164	1.00246084	0.95386082	0.73959941
0.00614400	0.00000000	0.78166920	0.99989992	1.00377095	0.99849427	0.99516267	1.09592521	0.89256197
0.00655360	0.00000000	0.87186182	1.00773692	1.00858009	1.00179207	1.00783002	1.35690832	1.33884299
0.00737280	0.00000000	0.84179759	1.00036848	1.00346601	0.99945313	0.99822611	0.95386082	0.96694213
0.00819200	0.00000000	0.86963767	0.99891549	0.99963146	0.99968195	1.00060213	1.12636757	0.44628099
0.00901120	0.00000000	1.04956269	1.00220132	1.00038338	0.99718428	0.99614370	0.77120662	1.11570251
0.00983040	0.00000000	1.07955015	0.99716187	1.00094092	1.00263977	0.99786353	0.95186108	1.62711859
0.01064960	0.00000000	1.01957512	0.99944431	1.00015318	0.99990535	0.99372125	1.08350146	0.81818181
0.01146880	0.00000000	1.19950020	1.00315964	1.00088501	1.00319016	0.99665672	1.11388004	0.96694213
0.01228800	0.00000000	1.21449399	1.00446677	0.99904597	1.00557172	0.99764955	1.06324911	0.96694213
0.01310720	0.00000000	1.04956269	0.99664283	0.99957442	0.99969023	0.99830765	1.06772590	0.81818181
0.01474560	0.00000000	0.96710336	0.99943447	0.99832010	0.99567097	1.00062728	0.96806723	1.28702760
0.01638400	0.00000000	0.91229165	0.99738079	1.00060248	1.00236046	0.99647588	0.98319328	0.95607764
0.01802240	0.00000000	0.98209721	0.99290901	1.00143075	1.00010538	0.99837518	1.04873955	1.36057198
0.01966080	0.00000000	0.98959410	0.99549145	0.99905002	0.99690336	1.00341773	1.07899165	0.99284983
0.02129920	0.00000000	0.91976941	1.00513637	0.99966699	0.99552238	0.99579918	1.04873955	1.28702760
0.02293760	0.00000000	1.04689205	0.99905920	1.00141895	0.99919349	1.00106490	0.99622643	0.84576100
0.02457600	0.00000000	1.01698089	0.99987286	1.00178432	1.00176144	0.99931890	1.00125790	1.02962208
0.02621440	0.00000000	1.03676939	0.99107039	1.00283170	1.00229871	1.00106573	0.99536842	0.88253319
0.02949120	0.00000000	0.96074724	1.00101113	0.99851012	0.99956530	1.00045907	0.96551967	1.09090912
0.03276800	0.00000000	1.00339270	0.99938041	0.99748909	1.00264299	1.00028896	0.92475897	0.90909094
0.03604480	0.00000000	1.06727910	0.99885613	0.99681342	0.99951363	1.00163937	1.07789469	0.80000001
0.03932160	0.00000000	1.08705413	0.99759227	1.00019932	0.99822873	1.00233197	0.92098600	0.95819211
0.04259840	0.00000000	1.07377636	1.00118434	0.99743527	1.00195837	0.99679631	0.96042460	1.23636365
0.04587520	0.00000000	1.13405848	0.99805319	0.99698645	1.00079358	0.99750119	0.92850035	1.12090397
0.04915200	0.00000000	1.00476098	1.00185204	0.99946773	0.99562895	0.99993432	0.97874874	1.06067419
0.05242880	0.00000000	1.06414902	1.00336874	0.99977189	1.00097048	0.99874192	1.02196622	0.90395480
0.05898240	0.00000000	0.99336195	0.99784017	1.00048220	0.99881107	1.00192547	1.01479912	1.06350207
0.06553600	0.00000000	1.00978601	1.00229049	1.00077522	1.00026357	1.00083756	0.99356908	1.09693396
0.07208960	0.00000000	1.01123059	1.00072241	0.99750781	1.00048971	1.00025868	1.07284820	0.92325270
0.07864320	0.00000000	1.03094471	0.99949521	0.99973619	1.00040793	1.00045359	0.98005444	1.02962208
0.08519680	0.00000000	1.05478549	0.99819732	1.00013185	1.00110590	1.00001037	0.98895252	0.96527070
0.09175040	0.00000000	0.96895289	1.00114596	0.99950927	0.99992853	1.00133848	1.01353061	1.02042902
0.09830400	0.00000000	1.00626278	1.00337982	0.99847096	1.00083911	0.99996680	0.99785054	0.93380415
0.10485760	0.00000000	0.98098105	1.00165081	0.99829423	1.00080705	1.00074697	0.97727716	1.01701450
0.11796480	0.00000000	1.00537419	0.99905264	0.99811590	1.00088906	0.99961275	0.98523659	0.92655367
0.13107200	0.00000000	1.02028370	0.99749541	1.00280607	0.99989301	0.99918789	1.01575089	1.00761759
0.14417920	0.00000000	0.96051812	0.99848777	1.00092125	0.99933791	1.00058877	1.01642513	0.95812750
0.15728641	0.00000000	1.05333769	0.99893564	1.00019348	1.00050831	0.99971914	0.99586678	1.04187191
0.17039360	0.00000000	0.98370373	1.00119185	0.99994761	0.99914163	0.99979538	0.96778899	1.02690649
0.18350080	0.00000000	1.02280211	1.00056338	0.99730194	0.99915439	1.00077271	0.97731793	1.09336531
0.19660801	0.00000000	0.98992991	1.00121689	1.00006211	1.00168550	0.99933773	1.00549710	1.01723421
0.20971520	0.00000000	0.94384217	0.99927402	1.00030482	1.00096393	1.00039673	0.97608864	1.05365944
0.23592959	0.00000000	0.95155495	0.99940866	0.99984932	0.99979722	0.99996382	0.99970955	1.05919123
0.26214400	0.00000000	0.96938825	1.00072670	1.00002944	0.99953634	1.00008035	1.04394996	0.98717946
0.28835839	0.00000000	0.96817946	0.99983621	1.00103438	1.00006330	0.99996179	0.97786689	0.92503303
0.31457281	0.00000000	0.97253966	0.99965042	0.99933046	1.00064743	1.00032437	1.01144755	1.01884341
0.34078720	0.00000000	1.00793147	0.99902576	1.00174606	1.00018954	1.00013888	0.98404258	1.04173434
0.36700159	0.00000000	0.98172170	1.00107670	1.00064969	0.99948990	0.99956936	1.01769412	0.99863946
0.39321601	0.00000000	0.97289205	1.00027585	0.99859953	0.99984103	1.00013292	1.02249432	1.02010369
0.41943040	0.00000000	1.01777697	1.00110126	0.99860966	1.00096476	1.00042105	0.97083104	1.02481282
0.47185919	0.00000000	1.02633941	1.00002789	0.99998039	0.99972969	1.00002766	0.97626942	0.92860055
0.52428800	0.00000000	1.03181100	0.99919170	1.00028896	1.00017869	0.99978727	0.99771869	1.00130236
0.57671678	0.00000000	1.00669813	1.00057292	1.00079894	1.00048447	0.99978697	0.98567390	0.99453551
0.62914562	0.00000000	1.00079572	1.00023174	0.99908030	0.99964845	0.99971467	1.01084721	0.90318179
0.68157440	0.00000000	1.00144422	1.00032818	0.99973994	1.00038159	0.99966514	0.97737336	0.94928819
0.73400319	0.00000000	0.96845323	0.99928218	1.00033820	0.99968934	1.00051558	0.98884338	0.99116236
0.78643203	0.00000000	0.95613134	1.00000393	0.99926656	1.00018358	1.00026846	1.00918925	0.95643741
0.83886081	0.00000000	0.97340804	1.00039601	1.00098598	0.99926192	1.00041449	0.99319780	0.92976493
0.94371837	0.00000000	1.01099169	0.99925369	1.00021100	0.99984777	0.99964005	0.99008793	1.10910523
1.04857600	0.00000000	1.02504337	0.99981469	0.99939626	1.00030601	0.99964291	0.99915284	0.93968254
1.15343356	0.00000000	1.00993788	1.00029302	1.00051236	1.00014699	1.00000060	1.02644277	1.07808220
1.25829124	0.00000000	0.98400003	1.00064945	1.00030255	1.00012863	0.99988854	0.99189872	1.04962778
1.36314881	0.00000000	0.98124444	0.99901462	0.99960357	0.99997646	0.99974072	0.99661517	1.00071609
1.46800637	0.00000000	0.98684210	1.00047767	0.99929690	0.99969655	1.00040126	1.00167429	1.00366306
1.57286406	0.00000000	1.03167427	1.00013649	1.00062644	0.99993223	1.00104773	1.01345086	0.90849674
1.67772162	0.00000000	1.00000000	1.00003195	1.00027192	1.00015962	0.99944383	0.98187202	1.06461537
1.88743675	0.00000000	0.00000000	0.00000000	0.00000000	0.00000000	0.00000000	0.00000000	0.00000000
2.09715199	0.00000000	0.00000000	0.00000000	0.00000000	0.00000000	0.00000000	0.00000000	0.00000000
2.30686712	0.00000000	0.00000000	0.00000000	0.00000000	0.00000000	0.00000000	0.00000000	0.00000000
2.51658249	0.00000000	0.00000000	0.00000000	0.00000000	0.00000000	0.00000000	0.00000000	0.00000000
2.72629762	0.00000000	0.00000000	0.00000000	0.00000000	0.00000000	0.00000000	0.00000000	0.00000000
2.93601274	0.00000000	0.00000000	0.00000000	0.00000000	0.00000000	0.00000000	0.00000000	0.00000000
3.14572811	0.00000000	0.00000000	0.00000000	0.00000000	0.00000000	0.00000000	0.00000000	0.00000000
3.35544324	0.00000000	0.00000000	0.00000000	0.00000000	0.00000000	0.00000000	0.00000000	0.00000000
3.77487350	0.00000000	0.00000000	0.00000000	0.00000000	0.00000000	0.00000000	0.00000000	0.00000000
4.19430399	0.00000000	0.00000000	0.00000000	0.00000000	0.00000000	0.00000000	0.00000000	0.00000000
4.61373425	0.00000000	0.00000000	0.00000000	0.00000000	0.00000000	0.00000000	0.00000000	0.00000000
5.03316498	0.00000000	0.00000000	0.00000000	0.00000000	0.00000000	0.00000000	0.00000000	0.00000000
5.45259523	0.00000000	0.00000000	0.00000000	0.00000000	0.00000000	0.00000000	0.00000000	0.00000000
5.87202549	0.00000000	0.00000000	0.00000000	0.00000000	0.00000000	0.00000000	0.00000000	0.00000000
6.29145622	0.00000000	0.00000000	0.00000000	0.00000000	0.00000000	0.00000000	0.00000000	0.00000000
6.71088648	0.00000000	0.00000000	0.00000000	0.00000000	0.00000000	0.00000000	0.00000000	0.00000000
7.54974699	0.00000000	0.00000000	0.00000000	0.00000000	0.00000000	0.00000000	0.00000000	0.00000000
8.38860798	0.00000000	0.00000000	0.00000000	0.00000000	0.00000000	0.00000000	0.00000000	0.00000000
9.22746849	0.00000000	0.00000000	0.00000000	0.00000000	0.00000000	0.00000000	0.00000000	0.00000000
10.06632996	0.00000000	0.00000000	0.00000000	0.00000000	0.00000000	0.00000000	0.00000000	0.00000000
10.90519047	0.00000000	0.00000000	0.00000000	0.00000000	0.00000000	0.00000000	0.00000000	0.00000000
11.74405098	0.00000000	0.00000000	0.00000000	0.00000000	0.00000000	0.00000000	0.00000000	0.00000000
12.58291245	0.00000000	0.00000000	0.00000000	0.00000000	0.00000000	0.00000000	0.00000000	0.00000000
13.42177296	0.00000000	0.00000000	0.00000000	0.00000000	0.00000000	0.00000000	0.00000000	0.00000000
15.09949398	0.00000000	0.00000000	0.00000000	0.00000000	0.00000000	0.00000000	0.00000000	0.00000000
16.77721596	0.00000000	0.00000000	0.00000000	0.00000000	0.00000000	0.00000000	0.00000000	0.00000000
18.45493698	0.00000000	0.00000000	0.00000000	0.00000000	0.00000000	0.00000000	0.00000000	0.00000000
20.13265991	0.00000000	0.00000000	0.00000000	0.00000000	0.00000000	0.00000000	0.00000000	0.00000000
21.81038094	0.00000000	0.00000000	0.00000000	0.00000000	0.00000000	0.00000000	0.00000000	0.00000000
23.48810196	0.00000000	0.00000000	0.00000000	0.00000000	0.00000000	0.00000000	0.00000000	0.00000000
25.16582489	0.00000000	0.00000000	0.00000000	0.00000000	0.00000000	0.00000000	0.00000000	0.00000000
26.84354591	0.00000000	0.00000000	0.00000000	0.00000000	0.00000000	0.00000000	0.00000000	0.00000000
30.19898796	0.00000000	0.00000000	0.00000000	0.00000000	0.00000000	0.00000000	0.00000000	0.00000000
33.55443192	0.00000000	0.00000000	0.00000000	0.00000000	0.00000000	0.00000000	0.00000000	0.00000000
36.90987396	0.00000000	0.00000000	0.00000000	0.00000000	0.00000000	0.00000000	0.00000000	0.00000000
40.26531982	0.00000000	0.00000000	0.00000000	0.00000000	0.00000000	0.00000000	0.00000000	0.00000000
43.62076187	0.00000000	0.00000000	0.00000000	0.00000000	0.00000000	0.00000000	0.00000000	0.00000000
46.97620392	0.00000000	0.00000000	0.00000000	0.00000000	0.00000000	0.00000000	0.00000000	0.00000000
50.33164978	0.00000000	0.00000000	0.00000000	0.00000000	0.00000000	0.00000000	0.00000000	0.00000000
53.68709183	0.00000000	0.00000000	0.00000000	0.00000000	0.00000000	0.00000000	0.00000000	0.00000000
60.39797592	0.00000000	0.00000000	0.00000000	0.00000000	0.00000000	0.00000000	0.00000000	0.00000000
67.10886383	0.00000000	0.00000000	0.00000000	0.00000000	0.00000000	0.00000000	0.00000000	0.00000000
73.81974792	0.00000000	0.00000000	0.00000000	0.00000000	0.00000000	0.00000000	0.00000000	0.00000000
80.53063965	0.00000000	0.00000000	0.00000000	0.00000000	0.00000000	0.00000000	0.00000000	0.00000000
87.24152374	0.00000000	0.00000000	0.00000000	0.00000000	0.00000000	0.00000000	0.00000000	0.00000000
93.95240784	0.00000000	0.00000000	0.00000000	0.00000000	0.00000000	0.00000000	0.00000000	0.00000000
100.66329956	0.00000000	0.00000000	0.00000000	0.00000000	0.00000000	0.00000000	0.00000000	0.00000000
107.37418365	0.00000000	0.00000000	0.00000000	0.00000000	0.00000000	0.00000000	0.00000000	0.00000000
120.79595184	0.00000000	0.00000000	0.00000000	0.00000000	0.00000000	0.00000000	0.00000000	0.00000000
134.21772766	0.00000000	0.00000000	0.00000000	0.00000000	0.00000000	0.00000000	0.00000000	0.00000000
147.63949585	0.00000000	0.00000000	0.00000000	0.00000000	0.00000000	0.00000000	0.00000000	0.00000000
161.06127930	0.00000000	0.00000000	0.00000000	0.00000000	0.00000000	0.00000000	0.00000000	0.00000000
174.48304749	0.00000000	0.00000000	0.00000000	0.00000000	0.00000000	0.00000000	0.00000000	0.00000000
187.90481567	0.00000000	0.00000000	0.00000000	0.00000000	0.00000000	0.00000000	0.00000000	0.00000000
201.32659912	0.00000000	0.00000000	0.00000000	0.00000000	0.00000000	0.00000000	0.00000000	0.00000000
214.74836731	0.00000000	0.00000000	0.00000000	0.00000000	0.00000000	0.00000000	0.00000000	0.00000000
241.59190369	0.00000000	0.00000000	0.00000000	0.00000000	0.00000000	0.00000000	0.00000000	0.00000000
268.43545532	0.00000000	0.00000000	0.00000000	0.00000000	0.00000000	0.00000000	0.00000000	0.00000000
295.27899170	0.00000000	0.00000000	0.00000000	0.00000000	0.00000000	0.00000000	0.00000000	0.00000000
322.12255859	0.00000000	0.00000000	0.00000000	0.00000000	0.00000000	0.00000000	0.00000000	0.00000000
348.96609497	0.00000000	0.00000000	0.00000000	0.00000000	0.00000000	0.00000000	0.00000000	0.00000000
375.80963135	0.00000000	0.00000000	0.00000000	0.00000000	0.00000000	0.00000000	0.00000000	0.00000000
402.65319824	0.00000000	0.00000000	0.00000000	0.00000000	0.00000000	0.00000000	0.00000000	0.00000000
429.49673462	0.00000000	0.00000000	0.00000000	0.00000000	0.00000000	0.00000000	0.00000000	0.00000000
483.18380737	0.00000000	0.00000000	0.00000000	0.00000000	0.00000000	0.00000000	0.00000000	0.00000000
536.87091064	0.00000000	0.00000000	0.00000000	0.00000000	0.00000000	0.00000000	0.00000000	0.00000000
590.55798340	0.00000000	0.00000000	0.00000000	0.00000000	0.00000000	0.00000000	0.00000000	0.00000000
644.24511719	0.00000000	0.00000000	0.00000000	0.00000000	0.00000000	0.00000000	0.00000000	0.00000000
697.93218994	0.00000000	0.00000000	0.00000000	0.00000000	0.00000000	0.00000000	0.00000000	0.00000000
751.61926270	0.00000000	0.00000000	0.00000000	0.00000000	0.00000000	0.00000000	0.00000000	0.00000000
805.30639648	0.00000000	0.00000000	0.00000000	0.00000000	0.00000000	0.00000000	0.00000000	0.00000000
858.99346924	0.00000000	0.00000000	0.00000000	0.00000000	0.00000000	0.00000000	0.00000000	0.00000000
966.36761475	0.00000000	0.00000000	0.00000000	0.00000000	0.00000000	0.00000000	0.00000000	0.00000000
1073.74182129	0.00000000	0.00000000	0.00000000	0.00000000	0.00000000	0.00000000	0.00000000	0.00000000
1181.11596680	0.00000000	0.00000000	0.00000000	0.00000000	0.00000000	0.00000000	0.00000000	0.00000000
1288.49023437	0.00000000	0.00000000	0.00000000	0.00000000	0.00000000	0.00000000	0.00000000	0.00000000
1395.86437988	0.00000000	0.00000000	0.00000000	0.00000000	0.00000000	0.00000000	0.00000000	0.00000000
1503.23852539	0.00000000	0.00000000	0.00000000	0.00000000	0.00000000	0.00000000	0.00000000	0.00000000
1610.61279297	0.00000000	0.00000000	0.00000000	0.00000000	0.00000000	0.00000000	0.00000000	0.00000000
1717.98693848	0.00000000	0.00000000	0.00000000	0.00000000	0.00000000	0.00000000	0.00000000	0.00000000
1932.73522949	0.00000000	0.00000000	0.00000000	0.00000000	0.00000000	0.00000000	0.00000000	0.00000000
2147.48364258	0.00000000	0.00000000	0.00000000	0.00000000	0.00000000	0.00000000	0.00000000	0.00000000
2362.23193359	0.00000000	0.00000000	0.00000000	0.00000000	0.00000000	0.00000000	0.00000000	0.00000000
2576.98046875	0.00000000	0.00000000	0.00000000	0.00000000	0.00000000	0.00000000	0.00000000	0.00000000
2791.72875977	0.00000000	0.00000000	0.00000000	0.00000000	0.00000000	0.00000000	0.00000000	0.00000000
3006.47705078	0.00000000	0.00000000	0.00000000	0.00000000	0.00000000	0.00000000	0.00000000	0.00000000
3221.22558594	0.00000000	0.00000000	0.00000000	0.00000000	0.00000000	0.00000000	0.00000000	0.00000000
3435.97387695	0.00000000	0.00000000	0.00000000	0.00000000	0.00000000	0.00000000	0.00000000	0.00000000
0	0	0	0	0	0	0	0	0
