%2/12/2019 3:14:11 PM
%Duration	ID1		ID2		ID3		ID4		ID5		ID6		ID7		ID8
3000.000000	0.000000	0.000000	0.000000	0.000000	74.815750	2499.103516	2597.351074	2551.946777
%Tau		Tau1		Tau2		Tau3		Tau4		Tau5		Tau6		Tau7		Tau8
%		0.000000	0.000000	0.000000	0.000000	0.000058	0.144179	0.393216	0.471859
%Delaytime	D1		D2		D3		D4		D5		D6		D7		D8
0.00000020	0.00000000	0.00000000	0.00000000	0.00000000	1.74133122	0.92867446	0.95790368	0.93597436
0.00000040	0.00000000	0.00000000	0.00000000	0.00000000	1.50940311	1.00376415	1.00331390	1.00243771
0.00000060	0.00000000	0.00000000	0.00000000	0.00000000	1.51563776	1.00213206	1.00108969	1.00128496
0.00000080	0.00000000	0.00000000	0.00000000	0.00000000	1.44705689	1.00154269	1.00221193	1.00184536
0.00000100	0.00000000	0.00000000	0.00000000	0.00000000	1.45266807	1.00010824	1.00130951	1.00155699
0.00000120	0.00000000	0.00000000	0.00000000	0.00000000	1.45765579	1.00178218	1.00166142	1.00190604
0.00000140	0.00000000	0.00000000	0.00000000	0.00000000	1.49444008	1.00062752	1.00190341	1.00238693
0.00000160	0.00000000	0.00000000	0.00000000	0.00000000	1.43708146	1.00132823	1.00083232	1.00138986
0.00000180	0.00000000	0.00000000	0.00000000	0.00000000	1.47635961	1.00078964	1.00085402	1.00253808
0.00000200	0.00000000	0.00000000	0.00000000	0.00000000	1.48508811	0.99994510	1.00110614	1.00022280
0.00000220	0.00000000	0.00000000	0.00000000	0.00000000	1.44082224	1.00070286	1.00156021	1.00110948
0.00000240	0.00000000	0.00000000	0.00000000	0.00000000	1.44269264	1.00108719	1.00129318	1.00143266
0.00000260	0.00000000	0.00000000	0.00000000	0.00000000	1.48384118	1.00116301	1.00045395	1.00085735
0.00000280	0.00000000	0.00000000	0.00000000	0.00000000	1.47947693	1.00043619	1.00165999	1.00160921
0.00000300	0.00000000	0.00000000	0.00000000	0.00000000	1.44206917	1.00157976	1.00047946	1.00192344
0.00000320	0.00000000	0.00000000	0.00000000	0.00000000	1.47635961	1.00074518	1.00101554	1.00168431
0.00000360	0.00000000	0.00000000	0.00000000	0.00000000	1.47386575	1.00173903	1.00113332	1.00045359
0.00000400	0.00000000	0.00000000	0.00000000	0.00000000	1.46170819	1.00068820	1.00105262	1.00139415
0.00000440	0.00000000	0.00000000	0.00000000	0.00000000	1.43832839	1.00070202	1.00077903	1.00193191
0.00000480	0.00000000	0.00000000	0.00000000	0.00000000	1.45578539	1.00035429	1.00052500	1.00058055
0.00000520	0.00000000	0.00000000	0.00000000	0.00000000	1.43084681	1.00000000	1.00098491	1.00081313
0.00000560	0.00000000	0.00000000	0.00000000	0.00000000	1.45360327	1.00101793	1.00039852	1.00092745
0.00000600	0.00000000	0.00000000	0.00000000	0.00000000	1.46513724	1.00064921	1.00117934	1.00116491
0.00000640	0.00000000	0.00000000	0.00000000	0.00000000	1.44456303	1.00122285	1.00074816	1.00029266
0.00000720	0.00000000	0.00000000	0.00000000	0.00000000	1.42570329	1.00020719	1.00139558	1.00110769
0.00000800	0.00000000	0.00000000	0.00000000	0.00000000	1.44051051	1.00040853	1.00031412	1.00093853
0.00000880	0.00000000	0.00000000	0.00000000	0.00000000	1.42258596	1.00104249	1.00101876	1.00077689
0.00000960	0.00000000	0.00000000	0.00000000	0.00000000	1.41261053	1.00046790	1.00070393	1.00077987
0.00001040	0.00000000	0.00000000	0.00000000	0.00000000	1.42024803	1.00080121	1.00080717	1.00118947
0.00001120	0.00000000	0.00000000	0.00000000	0.00000000	1.39406252	1.00074434	1.00081158	1.00150251
0.00001200	0.00000000	0.00000000	0.00000000	0.00000000	1.39702404	1.00003636	1.00072324	1.00101829
0.00001280	0.00000000	0.00000000	0.00000000	0.00000000	1.38096988	1.00087833	1.00118029	1.00103259
0.00001440	0.00000000	0.00000000	0.00000000	0.00000000	1.37231922	1.00062227	1.00139284	1.00191164
0.00001600	0.00000000	0.00000000	0.00000000	0.00000000	1.35377121	1.00084257	1.00106776	1.00150728
0.00001760	0.00000000	0.00000000	0.00000000	0.00000000	1.35190094	1.00110233	1.00130570	1.00152445
0.00001920	0.00000000	0.00000000	0.00000000	0.00000000	1.35805762	1.00121224	1.00118840	1.00176847
0.00002080	0.00000000	0.00000000	0.00000000	0.00000000	1.33491147	1.00089371	1.00111628	1.00158048
0.00002240	0.00000000	0.00000000	0.00000000	0.00000000	1.33272946	1.00060630	1.00106180	1.00162005
0.00002400	0.00000000	0.00000000	0.00000000	0.00000000	1.32384503	1.00057244	1.00071597	1.00121522
0.00002560	0.00000000	0.00000000	0.00000000	0.00000000	1.31628561	1.00087869	1.00095022	1.00116467
0.00002880	0.00000000	0.00000000	0.00000000	0.00000000	1.29255068	1.00111234	1.00154150	1.00164950
0.00003200	0.00000000	0.00000000	0.00000000	0.00000000	1.29430890	1.00114024	1.00134397	1.00175548
0.00003520	0.00000000	0.00000000	0.00000000	0.00000000	1.26661170	1.00147533	1.00139081	1.00197327
0.00003840	0.00000000	0.00000000	0.00000000	0.00000000	1.25457704	1.00143254	1.00180316	1.00197601
0.00004160	0.00000000	0.00000000	0.00000000	0.00000000	1.23812699	1.00135922	1.00183558	1.00189459
0.00004480	0.00000000	0.00000000	0.00000000	0.00000000	1.23609519	1.00120461	1.00149775	1.00173187
0.00004800	0.00000000	0.00000000	0.00000000	0.00000000	1.21272910	1.00140870	1.00140309	1.00185049
0.00005120	0.00000000	0.00000000	0.00000000	0.00000000	1.21581590	1.00123584	1.00182962	1.00216639
0.00005760	0.00000000	0.00000000	0.00000000	0.00000000	1.19063175	1.00113547	1.00171566	1.00215292
0.00006400	0.00000000	0.00000000	0.00000000	0.00000000	1.17678666	1.00114810	1.00164104	1.00179887
0.00007040	0.00000000	0.00000000	0.00000000	0.00000000	1.15188456	1.00122690	1.00157177	1.00190675
0.00007680	0.00000000	0.00000000	0.00000000	0.00000000	1.14149702	1.00138581	1.00159645	1.00203466
0.00008320	0.00000000	0.00000000	0.00000000	0.00000000	1.13862526	1.00147200	1.00168574	1.00186110
0.00008960	0.00000000	0.00000000	0.00000000	0.00000000	1.11561251	1.00126231	1.00150919	1.00192142
0.00009600	0.00000000	0.00000000	0.00000000	0.00000000	1.09818685	1.00144565	1.00188386	1.00212061
0.00010240	0.00000000	0.00000000	0.00000000	0.00000000	1.09641409	1.00121665	1.00173795	1.00199175
0.00011520	0.00000000	0.00000000	0.00000000	0.00000000	1.08588088	1.00142288	1.00162768	1.00208962
0.00012800	0.00000000	0.00000000	0.00000000	0.00000000	1.06440437	1.00139463	1.00156307	1.00197840
0.00014080	0.00000000	0.00000000	0.00000000	0.00000000	1.05032098	1.00139785	1.00161529	1.00197148
0.00015360	0.00000000	0.00000000	0.00000000	0.00000000	1.04012477	1.00146246	1.00169551	1.00196004
0.00016640	0.00000000	0.00000000	0.00000000	0.00000000	1.03154957	1.00119746	1.00168562	1.00191772
0.00017920	0.00000000	0.00000000	0.00000000	0.00000000	1.02921033	1.00138867	1.00168943	1.00198698
0.00019200	0.00000000	0.00000000	0.00000000	0.00000000	1.02304721	1.00143683	1.00157452	1.00185657
0.00020480	0.00000000	0.00000000	0.00000000	0.00000000	1.01516545	1.00131440	1.00174272	1.00189197
0.00023040	0.00000000	0.00000000	0.00000000	0.00000000	1.01485980	1.00131547	1.00155962	1.00194526
0.00025600	0.00000000	0.00000000	0.00000000	0.00000000	1.01120341	1.00130367	1.00156128	1.00189853
0.00028160	0.00000000	0.00000000	0.00000000	0.00000000	1.00870848	1.00127578	1.00153399	1.00184071
0.00030720	0.00000000	0.00000000	0.00000000	0.00000000	1.00656080	1.00128388	1.00147855	1.00173521
0.00033280	0.00000000	0.00000000	0.00000000	0.00000000	1.00507700	1.00117052	1.00144136	1.00180340
0.00035840	0.00000000	0.00000000	0.00000000	0.00000000	1.00185490	1.00126719	1.00138462	1.00176203
0.00038400	0.00000000	0.00000000	0.00000000	0.00000000	1.00018036	1.00123131	1.00149322	1.00172865
0.00040960	0.00000000	0.00000000	0.00000000	0.00000000	1.00046372	1.00105119	1.00138116	1.00171900
0.00046080	0.00000000	0.00000000	0.00000000	0.00000000	0.99990982	1.00107181	1.00133824	1.00167632
0.00051200	0.00000000	0.00000000	0.00000000	0.00000000	0.99779403	1.00097835	1.00123918	1.00165689
0.00056320	0.00000000	0.00000000	0.00000000	0.00000000	1.00562286	1.00095618	1.00122464	1.00163960
0.00061440	0.00000000	0.00000000	0.00000000	0.00000000	1.00700915	1.00097227	1.00121427	1.00161791
0.00066560	0.00000000	0.00000000	0.00000000	0.00000000	1.00466204	1.00096190	1.00120378	1.00159407
0.00071680	0.00000000	0.00000000	0.00000000	0.00000000	1.00644469	1.00091898	1.00122225	1.00159216
0.00076800	0.00000000	0.00000000	0.00000000	0.00000000	0.99991202	1.00093520	1.00115347	1.00155067
0.00081920	0.00000000	0.00000000	0.00000000	0.00000000	0.99715680	1.00092459	1.00115013	1.00154829
0.00092160	0.00000000	0.00000000	0.00000000	0.00000000	0.99845541	1.00092447	1.00117064	1.00157428
0.00102400	0.00000000	0.00000000	0.00000000	0.00000000	0.99615562	1.00093448	1.00114489	1.00152731
0.00112640	0.00000000	0.00000000	0.00000000	0.00000000	0.99871355	1.00094259	1.00116324	1.00158644
0.00122880	0.00000000	0.00000000	0.00000000	0.00000000	1.00187480	1.00093544	1.00116944	1.00155509
0.00133120	0.00000000	0.00000000	0.00000000	0.00000000	1.00147331	1.00096750	1.00118148	1.00157380
0.00143360	0.00000000	0.00000000	0.00000000	0.00000000	0.99664342	1.00095141	1.00116277	1.00153697
0.00153600	0.00000000	0.00000000	0.00000000	0.00000000	0.99722558	1.00098240	1.00123572	1.00158751
0.00163840	0.00000000	0.00000000	0.00000000	0.00000000	0.99799240	1.00101042	1.00117791	1.00153875
0.00184320	0.00000000	0.00000000	0.00000000	0.00000000	0.99934524	1.00097036	1.00119698	1.00155675
0.00204800	0.00000000	0.00000000	0.00000000	0.00000000	1.00125170	1.00099087	1.00118160	1.00155365
0.00225280	0.00000000	0.00000000	0.00000000	0.00000000	0.99974364	1.00097239	1.00118709	1.00154912
0.00245760	0.00000000	0.00000000	0.00000000	0.00000000	0.99611968	1.00095868	1.00118423	1.00155711
0.00266240	0.00000000	0.00000000	0.00000000	0.00000000	1.00005901	1.00098109	1.00117445	1.00155818
0.00286720	0.00000000	0.00000000	0.00000000	0.00000000	0.99825692	1.00096893	1.00116313	1.00154924
0.00307200	0.00000000	0.00000000	0.00000000	0.00000000	0.99752957	1.00095284	1.00117803	1.00160384
0.00327680	0.00000000	0.00000000	0.00000000	0.00000000	0.99559921	1.00095654	1.00120759	1.00157285
0.00368640	0.00000000	0.00000000	0.00000000	0.00000000	0.99947548	1.00097620	1.00115824	1.00157332
0.00409600	0.00000000	0.00000000	0.00000000	0.00000000	0.99766195	1.00094402	1.00120342	1.00155401
0.00450560	0.00000000	0.00000000	0.00000000	0.00000000	0.99940842	1.00096893	1.00116765	1.00155663
0.00491520	0.00000000	0.00000000	0.00000000	0.00000000	0.99649745	1.00095201	1.00116634	1.00155187
0.00532480	0.00000000	0.00000000	0.00000000	0.00000000	1.00136399	1.00095820	1.00118196	1.00159347
0.00573440	0.00000000	0.00000000	0.00000000	0.00000000	1.00157714	1.00096691	1.00117767	1.00157022
0.00614400	0.00000000	0.00000000	0.00000000	0.00000000	1.00168216	1.00095069	1.00121164	1.00156462
0.00655360	0.00000000	0.00000000	0.00000000	0.00000000	0.99974871	1.00096786	1.00119483	1.00158143
0.00737280	0.00000000	0.00000000	0.00000000	0.00000000	1.00008607	1.00096691	1.00119603	1.00156736
0.00819200	0.00000000	0.00000000	0.00000000	0.00000000	1.00029612	1.00129151	1.00150883	1.00184655
0.00901120	0.00000000	0.00000000	0.00000000	0.00000000	1.00053275	1.00107908	1.00129640	1.00165534
0.00983040	0.00000000	0.00000000	0.00000000	0.00000000	1.00117195	1.00095677	1.00117016	1.00154924
0.01064960	0.00000000	0.00000000	0.00000000	0.00000000	1.00176609	1.00095081	1.00118184	1.00156450
0.01146880	0.00000000	0.00000000	0.00000000	0.00000000	0.99894696	1.00094700	1.00118542	1.00157225
0.01228800	0.00000000	0.00000000	0.00000000	0.00000000	1.00313914	1.00096679	1.00117004	1.00156152
0.01310720	0.00000000	0.00000000	0.00000000	0.00000000	0.99980015	1.00094950	1.00115561	1.00156379
0.01474560	0.00000000	0.00000000	0.00000000	0.00000000	0.99908078	1.00095272	1.00119543	1.00155163
0.01638400	0.00000000	0.00000000	0.00000000	0.00000000	1.00024843	1.00113940	1.00135326	1.00171447
0.01802240	0.00000000	0.00000000	0.00000000	0.00000000	0.99871761	1.00099885	1.00122631	1.00159550
0.01966080	0.00000000	0.00000000	0.00000000	0.00000000	0.99874645	1.00095582	1.00118375	1.00155568
0.02129920	0.00000000	0.00000000	0.00000000	0.00000000	1.00030684	1.00095570	1.00118423	1.00155115
0.02293760	0.00000000	0.00000000	0.00000000	0.00000000	0.99908423	1.00095928	1.00117421	1.00156021
0.02457600	0.00000000	0.00000000	0.00000000	0.00000000	1.00088227	1.00110948	1.00133252	1.00169098
0.02621440	0.00000000	0.00000000	0.00000000	0.00000000	1.00005329	1.00102270	1.00124431	1.00162327
0.02949120	0.00000000	0.00000000	0.00000000	0.00000000	1.00113487	1.00095332	1.00116873	1.00155234
0.03276800	0.00000000	0.00000000	0.00000000	0.00000000	0.99986672	1.00104558	1.00127113	1.00164068
0.03604480	0.00000000	0.00000000	0.00000000	0.00000000	0.99925858	1.00097895	1.00120032	1.00157177
0.03932160	0.00000000	0.00000000	0.00000000	0.00000000	0.99922585	1.00097680	1.00120592	1.00158381
0.04259840	0.00000000	0.00000000	0.00000000	0.00000000	0.99975860	1.00103986	1.00126684	1.00162172
0.04587520	0.00000000	0.00000000	0.00000000	0.00000000	0.99918282	1.00094879	1.00117052	1.00156116
0.04915200	0.00000000	0.00000000	0.00000000	0.00000000	1.00058293	1.00102854	1.00125992	1.00162196
0.05242880	0.00000000	0.00000000	0.00000000	0.00000000	0.99936092	1.00098789	1.00120938	1.00158834
0.05898240	0.00000000	0.00000000	0.00000000	0.00000000	1.00044560	1.00100076	1.00122416	1.00159705
0.06553600	0.00000000	0.00000000	0.00000000	0.00000000	1.00015724	1.00099421	1.00121307	1.00158858
0.07208960	0.00000000	0.00000000	0.00000000	0.00000000	0.99966198	1.00098360	1.00121880	1.00158572
0.07864320	0.00000000	0.00000000	0.00000000	0.00000000	1.00003767	1.00098324	1.00121891	1.00158584
0.08519680	0.00000000	0.00000000	0.00000000	0.00000000	0.99988145	1.00099373	1.00121450	1.00158584
0.09175040	0.00000000	0.00000000	0.00000000	0.00000000	0.99954826	1.00100565	1.00122344	1.00160158
0.09830400	0.00000000	0.00000000	0.00000000	0.00000000	1.00046134	1.00098920	1.00120938	1.00158131
0.10485760	0.00000000	0.00000000	0.00000000	0.00000000	1.00021327	1.00098646	1.00121009	1.00158322
0.11796480	0.00000000	0.00000000	0.00000000	0.00000000	0.99990338	1.00099123	1.00121331	1.00158858
0.13107200	0.00000000	0.00000000	0.00000000	0.00000000	0.99992466	1.00098419	1.00120652	1.00157976
0.14417920	0.00000000	0.00000000	0.00000000	0.00000000	1.00040913	1.00097966	1.00120234	1.00157142
0.15728641	0.00000000	0.00000000	0.00000000	0.00000000	0.99966890	1.00097609	1.00120068	1.00156641
0.17039360	0.00000000	0.00000000	0.00000000	0.00000000	1.00088656	1.00096309	1.00119638	1.00155210
0.18350080	0.00000000	0.00000000	0.00000000	0.00000000	0.99992079	1.00096643	1.00118852	1.00155151
0.19660801	0.00000000	0.00000000	0.00000000	0.00000000	1.00010908	1.00095809	1.00118256	1.00153863
0.20971520	0.00000000	0.00000000	0.00000000	0.00000000	0.99978447	1.00095463	1.00117469	1.00153685
0.23592959	0.00000000	0.00000000	0.00000000	0.00000000	1.00013328	1.00094151	1.00116253	1.00151670
0.26214400	0.00000000	0.00000000	0.00000000	0.00000000	1.00009370	1.00093067	1.00114715	1.00149727
0.28835839	0.00000000	0.00000000	0.00000000	0.00000000	1.00001931	1.00091815	1.00113285	1.00147605
0.31457281	0.00000000	0.00000000	0.00000000	0.00000000	1.00011098	1.00090277	1.00111818	1.00146103
0.34078720	0.00000000	0.00000000	0.00000000	0.00000000	0.99996012	1.00088787	1.00110197	1.00143898
0.36700159	0.00000000	0.00000000	0.00000000	0.00000000	1.00034678	1.00087523	1.00108504	1.00141907
0.39321601	0.00000000	0.00000000	0.00000000	0.00000000	1.00008190	1.00086081	1.00106931	1.00139248
0.41943040	0.00000000	0.00000000	0.00000000	0.00000000	0.99973482	1.00084519	1.00105274	1.00137436
0.47185919	0.00000000	0.00000000	0.00000000	0.00000000	0.99992675	1.00081897	1.00101817	1.00132966
0.52428800	0.00000000	0.00000000	0.00000000	0.00000000	0.99994737	1.00079131	1.00098908	1.00128877
0.57671678	0.00000000	0.00000000	0.00000000	0.00000000	0.99998945	1.00076866	1.00095737	1.00125217
0.62914562	0.00000000	0.00000000	0.00000000	0.00000000	0.99979651	1.00074291	1.00092745	1.00121069
0.68157440	0.00000000	0.00000000	0.00000000	0.00000000	0.99995691	1.00072038	1.00089872	1.00117600
0.73400319	0.00000000	0.00000000	0.00000000	0.00000000	0.99993742	1.00069928	1.00086617	1.00113559
0.78643203	0.00000000	0.00000000	0.00000000	0.00000000	1.00006604	1.00067639	1.00083518	1.00109696
0.83886081	0.00000000	0.00000000	0.00000000	0.00000000	0.99990398	1.00064754	1.00080061	1.00105166
0.94371837	0.00000000	0.00000000	0.00000000	0.00000000	0.99989331	1.00059283	1.00074077	1.00096643
1.04857600	0.00000000	0.00000000	0.00000000	0.00000000	1.00018716	1.00053859	1.00067127	1.00086653
1.15343356	0.00000000	0.00000000	0.00000000	0.00000000	0.99995488	1.00048113	1.00060058	1.00076842
1.25829124	0.00000000	0.00000000	0.00000000	0.00000000	1.00001633	1.00042582	1.00052953	1.00066853
1.36314881	0.00000000	0.00000000	0.00000000	0.00000000	1.00007463	1.00036550	1.00046206	1.00056624
1.46800637	0.00000000	0.00000000	0.00000000	0.00000000	1.00001025	1.00030899	1.00038981	1.00047421
1.57286406	0.00000000	0.00000000	0.00000000	0.00000000	1.00014007	1.00024867	1.00030887	1.00036812
1.67772162	0.00000000	0.00000000	0.00000000	0.00000000	0.99983484	1.00017536	1.00022125	1.00025225
1.88743675	0.00000000	0.00000000	0.00000000	0.00000000	0.99991149	0.99996853	0.99997509	0.99993044
2.09715199	0.00000000	0.00000000	0.00000000	0.00000000	0.99998498	0.99987286	0.99986124	0.99979919
2.30686712	0.00000000	0.00000000	0.00000000	0.00000000	0.99989927	0.99987561	0.99986398	0.99981380
2.51658249	0.00000000	0.00000000	0.00000000	0.00000000	1.00015199	0.99989706	0.99989909	0.99985480
2.72629762	0.00000000	0.00000000	0.00000000	0.00000000	0.99997854	0.99992365	0.99993026	0.99988335
2.93601274	0.00000000	0.00000000	0.00000000	0.00000000	1.00013137	0.99996531	0.99998426	0.99994272
3.14572811	0.00000000	0.00000000	0.00000000	0.00000000	0.99993008	1.00001168	1.00003123	1.00000703
3.35544324	0.00000000	0.00000000	0.00000000	0.00000000	0.99981505	1.00002337	1.00003302	1.00002551
3.77487350	0.00000000	0.00000000	0.00000000	0.00000000	0.99999231	1.00000298	1.00000787	1.00000548
4.19430399	0.00000000	0.00000000	0.00000000	0.00000000	0.99993426	0.99999756	0.99999750	0.99999511
4.61373425	0.00000000	0.00000000	0.00000000	0.00000000	1.00001359	0.99999964	0.99999630	1.00000024
5.03316498	0.00000000	0.00000000	0.00000000	0.00000000	1.00000000	1.00000000	1.00000000	1.00000000
5.45259523	0.00000000	0.00000000	0.00000000	0.00000000	0.00000000	0.00000000	0.00000000	0.00000000
5.87202549	0.00000000	0.00000000	0.00000000	0.00000000	0.00000000	0.00000000	0.00000000	0.00000000
6.29145622	0.00000000	0.00000000	0.00000000	0.00000000	0.00000000	0.00000000	0.00000000	0.00000000
6.71088648	0.00000000	0.00000000	0.00000000	0.00000000	0.00000000	0.00000000	0.00000000	0.00000000
7.54974699	0.00000000	0.00000000	0.00000000	0.00000000	0.00000000	0.00000000	0.00000000	0.00000000
8.38860798	0.00000000	0.00000000	0.00000000	0.00000000	0.00000000	0.00000000	0.00000000	0.00000000
9.22746849	0.00000000	0.00000000	0.00000000	0.00000000	0.00000000	0.00000000	0.00000000	0.00000000
10.06632996	0.00000000	0.00000000	0.00000000	0.00000000	0.00000000	0.00000000	0.00000000	0.00000000
10.90519047	0.00000000	0.00000000	0.00000000	0.00000000	0.00000000	0.00000000	0.00000000	0.00000000
11.74405098	0.00000000	0.00000000	0.00000000	0.00000000	0.00000000	0.00000000	0.00000000	0.00000000
12.58291245	0.00000000	0.00000000	0.00000000	0.00000000	0.00000000	0.00000000	0.00000000	0.00000000
13.42177296	0.00000000	0.00000000	0.00000000	0.00000000	0.00000000	0.00000000	0.00000000	0.00000000
15.09949398	0.00000000	0.00000000	0.00000000	0.00000000	0.00000000	0.00000000	0.00000000	0.00000000
16.77721596	0.00000000	0.00000000	0.00000000	0.00000000	0.00000000	0.00000000	0.00000000	0.00000000
18.45493698	0.00000000	0.00000000	0.00000000	0.00000000	0.00000000	0.00000000	0.00000000	0.00000000
20.13265991	0.00000000	0.00000000	0.00000000	0.00000000	0.00000000	0.00000000	0.00000000	0.00000000
21.81038094	0.00000000	0.00000000	0.00000000	0.00000000	0.00000000	0.00000000	0.00000000	0.00000000
23.48810196	0.00000000	0.00000000	0.00000000	0.00000000	0.00000000	0.00000000	0.00000000	0.00000000
25.16582489	0.00000000	0.00000000	0.00000000	0.00000000	0.00000000	0.00000000	0.00000000	0.00000000
26.84354591	0.00000000	0.00000000	0.00000000	0.00000000	0.00000000	0.00000000	0.00000000	0.00000000
30.19898796	0.00000000	0.00000000	0.00000000	0.00000000	0.00000000	0.00000000	0.00000000	0.00000000
33.55443192	0.00000000	0.00000000	0.00000000	0.00000000	0.00000000	0.00000000	0.00000000	0.00000000
36.90987396	0.00000000	0.00000000	0.00000000	0.00000000	0.00000000	0.00000000	0.00000000	0.00000000
40.26531982	0.00000000	0.00000000	0.00000000	0.00000000	0.00000000	0.00000000	0.00000000	0.00000000
43.62076187	0.00000000	0.00000000	0.00000000	0.00000000	0.00000000	0.00000000	0.00000000	0.00000000
46.97620392	0.00000000	0.00000000	0.00000000	0.00000000	0.00000000	0.00000000	0.00000000	0.00000000
50.33164978	0.00000000	0.00000000	0.00000000	0.00000000	0.00000000	0.00000000	0.00000000	0.00000000
53.68709183	0.00000000	0.00000000	0.00000000	0.00000000	0.00000000	0.00000000	0.00000000	0.00000000
60.39797592	0.00000000	0.00000000	0.00000000	0.00000000	0.00000000	0.00000000	0.00000000	0.00000000
67.10886383	0.00000000	0.00000000	0.00000000	0.00000000	0.00000000	0.00000000	0.00000000	0.00000000
73.81974792	0.00000000	0.00000000	0.00000000	0.00000000	0.00000000	0.00000000	0.00000000	0.00000000
80.53063965	0.00000000	0.00000000	0.00000000	0.00000000	0.00000000	0.00000000	0.00000000	0.00000000
87.24152374	0.00000000	0.00000000	0.00000000	0.00000000	0.00000000	0.00000000	0.00000000	0.00000000
93.95240784	0.00000000	0.00000000	0.00000000	0.00000000	0.00000000	0.00000000	0.00000000	0.00000000
100.66329956	0.00000000	0.00000000	0.00000000	0.00000000	0.00000000	0.00000000	0.00000000	0.00000000
107.37418365	0.00000000	0.00000000	0.00000000	0.00000000	0.00000000	0.00000000	0.00000000	0.00000000
120.79595184	0.00000000	0.00000000	0.00000000	0.00000000	0.00000000	0.00000000	0.00000000	0.00000000
134.21772766	0.00000000	0.00000000	0.00000000	0.00000000	0.00000000	0.00000000	0.00000000	0.00000000
147.63949585	0.00000000	0.00000000	0.00000000	0.00000000	0.00000000	0.00000000	0.00000000	0.00000000
161.06127930	0.00000000	0.00000000	0.00000000	0.00000000	0.00000000	0.00000000	0.00000000	0.00000000
174.48304749	0.00000000	0.00000000	0.00000000	0.00000000	0.00000000	0.00000000	0.00000000	0.00000000
187.90481567	0.00000000	0.00000000	0.00000000	0.00000000	0.00000000	0.00000000	0.00000000	0.00000000
201.32659912	0.00000000	0.00000000	0.00000000	0.00000000	0.00000000	0.00000000	0.00000000	0.00000000
214.74836731	0.00000000	0.00000000	0.00000000	0.00000000	0.00000000	0.00000000	0.00000000	0.00000000
241.59190369	0.00000000	0.00000000	0.00000000	0.00000000	0.00000000	0.00000000	0.00000000	0.00000000
268.43545532	0.00000000	0.00000000	0.00000000	0.00000000	0.00000000	0.00000000	0.00000000	0.00000000
295.27899170	0.00000000	0.00000000	0.00000000	0.00000000	0.00000000	0.00000000	0.00000000	0.00000000
322.12255859	0.00000000	0.00000000	0.00000000	0.00000000	0.00000000	0.00000000	0.00000000	0.00000000
348.96609497	0.00000000	0.00000000	0.00000000	0.00000000	0.00000000	0.00000000	0.00000000	0.00000000
375.80963135	0.00000000	0.00000000	0.00000000	0.00000000	0.00000000	0.00000000	0.00000000	0.00000000
402.65319824	0.00000000	0.00000000	0.00000000	0.00000000	0.00000000	0.00000000	0.00000000	0.00000000
429.49673462	0.00000000	0.00000000	0.00000000	0.00000000	0.00000000	0.00000000	0.00000000	0.00000000
483.18380737	0.00000000	0.00000000	0.00000000	0.00000000	0.00000000	0.00000000	0.00000000	0.00000000
536.87091064	0.00000000	0.00000000	0.00000000	0.00000000	0.00000000	0.00000000	0.00000000	0.00000000
590.55798340	0.00000000	0.00000000	0.00000000	0.00000000	0.00000000	0.00000000	0.00000000	0.00000000
644.24511719	0.00000000	0.00000000	0.00000000	0.00000000	0.00000000	0.00000000	0.00000000	0.00000000
697.93218994	0.00000000	0.00000000	0.00000000	0.00000000	0.00000000	0.00000000	0.00000000	0.00000000
751.61926270	0.00000000	0.00000000	0.00000000	0.00000000	0.00000000	0.00000000	0.00000000	0.00000000
805.30639648	0.00000000	0.00000000	0.00000000	0.00000000	0.00000000	0.00000000	0.00000000	0.00000000
858.99346924	0.00000000	0.00000000	0.00000000	0.00000000	0.00000000	0.00000000	0.00000000	0.00000000
966.36761475	0.00000000	0.00000000	0.00000000	0.00000000	0.00000000	0.00000000	0.00000000	0.00000000
1073.74182129	0.00000000	0.00000000	0.00000000	0.00000000	0.00000000	0.00000000	0.00000000	0.00000000
1181.11596680	0.00000000	0.00000000	0.00000000	0.00000000	0.00000000	0.00000000	0.00000000	0.00000000
1288.49023437	0.00000000	0.00000000	0.00000000	0.00000000	0.00000000	0.00000000	0.00000000	0.00000000
1395.86437988	0.00000000	0.00000000	0.00000000	0.00000000	0.00000000	0.00000000	0.00000000	0.00000000
1503.23852539	0.00000000	0.00000000	0.00000000	0.00000000	0.00000000	0.00000000	0.00000000	0.00000000
1610.61279297	0.00000000	0.00000000	0.00000000	0.00000000	0.00000000	0.00000000	0.00000000	0.00000000
1717.98693848	0.00000000	0.00000000	0.00000000	0.00000000	0.00000000	0.00000000	0.00000000	0.00000000
1932.73522949	0.00000000	0.00000000	0.00000000	0.00000000	0.00000000	0.00000000	0.00000000	0.00000000
2147.48364258	0.00000000	0.00000000	0.00000000	0.00000000	0.00000000	0.00000000	0.00000000	0.00000000
2362.23193359	0.00000000	0.00000000	0.00000000	0.00000000	0.00000000	0.00000000	0.00000000	0.00000000
2576.98046875	0.00000000	0.00000000	0.00000000	0.00000000	0.00000000	0.00000000	0.00000000	0.00000000
2791.72875977	0.00000000	0.00000000	0.00000000	0.00000000	0.00000000	0.00000000	0.00000000	0.00000000
3006.47705078	0.00000000	0.00000000	0.00000000	0.00000000	0.00000000	0.00000000	0.00000000	0.00000000
3221.22558594	0.00000000	0.00000000	0.00000000	0.00000000	0.00000000	0.00000000	0.00000000	0.00000000
3435.97387695	0.00000000	0.00000000	0.00000000	0.00000000	0.00000000	0.00000000	0.00000000	0.00000000
0	0	0	0	0	0	0	0	0
