%2/12/2019 3:08:39 PM
%Duration	ID1		ID2		ID3		ID4		ID5		ID6		ID7		ID8
1000.000000	0.000000	0.000000	0.000000	0.000000	101.871490	2508.716553	2617.445068	2566.967041
%Tau		Tau1		Tau2		Tau3		Tau4		Tau5		Tau6		Tau7		Tau8
%		0.000000	0.000000	0.000000	0.000000	0.000083	0.000001	0.000005	0.000002
%Delaytime	D1		D2		D3		D4		D5		D6		D7		D8
0.00000020	0.00000000	0.00000000	0.00000000	0.00000000	1.60260665	0.92844063	0.95714039	0.93541598
0.00000040	0.00000000	0.00000000	0.00000000	0.00000000	1.54939508	1.00304008	1.00106394	1.00354803
0.00000060	0.00000000	0.00000000	0.00000000	0.00000000	1.43879855	1.00019813	1.00058067	1.00052559
0.00000080	0.00000000	0.00000000	0.00000000	0.00000000	1.48992336	1.00262880	1.00009739	1.00105345
0.00000100	0.00000000	0.00000000	0.00000000	0.00000000	1.49096668	0.99806893	1.00062096	0.99994296
0.00000120	0.00000000	0.00000000	0.00000000	0.00000000	1.43253839	1.00056040	0.99861348	1.00029063
0.00000140	0.00000000	0.00000000	0.00000000	0.00000000	1.44192863	0.99908108	0.99903482	0.99937165
0.00000160	0.00000000	0.00000000	0.00000000	0.00000000	1.46801269	1.00035727	0.99861813	0.99889368
0.00000180	0.00000000	0.00000000	0.00000000	0.00000000	1.45236230	1.00067043	1.00070620	0.99917853
0.00000200	0.00000000	0.00000000	0.00000000	0.00000000	1.48783660	0.99868500	0.99997967	1.00096977
0.00000220	0.00000000	0.00000000	0.00000000	0.00000000	1.43045163	0.99995446	0.99868160	1.00062048
0.00000240	0.00000000	0.00000000	0.00000000	0.00000000	1.43984187	1.00257456	1.00028169	1.00082326
0.00000260	0.00000000	0.00000000	0.00000000	0.00000000	1.46383929	1.00005603	1.00047851	0.99940383
0.00000280	0.00000000	0.00000000	0.00000000	0.00000000	1.52644110	0.99930447	0.99905956	1.00185490
0.00000300	0.00000000	0.00000000	0.00000000	0.00000000	1.42314804	1.00028455	1.00052035	1.00028896
0.00000320	0.00000000	0.00000000	0.00000000	0.00000000	1.51705086	1.00143719	0.99903482	0.99925739
0.00000360	0.00000000	0.00000000	0.00000000	0.00000000	1.47844636	1.00051296	0.99781108	0.99979168
0.00000400	0.00000000	0.00000000	0.00000000	0.00000000	1.47740304	0.99993753	0.99992317	0.99948913
0.00000440	0.00000000	0.00000000	0.00000000	0.00000000	1.49722695	0.99939930	1.00014007	0.99944162
0.00000480	0.00000000	0.00000000	0.00000000	0.00000000	1.46123087	0.99899054	1.00046062	0.99926460
0.00000520	0.00000000	0.00000000	0.00000000	0.00000000	1.45236230	1.00000858	0.99912620	1.00017154
0.00000560	0.00000000	0.00000000	0.00000000	0.00000000	1.45027554	0.99960154	0.99878079	0.99984640
0.00000600	0.00000000	0.00000000	0.00000000	0.00000000	1.45862246	0.99956429	0.99959707	1.00043464
0.00000640	0.00000000	0.00000000	0.00000000	0.00000000	1.50922561	0.99907345	0.99977911	0.99899262
0.00000720	0.00000000	0.00000000	0.00000000	0.00000000	1.41714871	0.99905062	0.99869555	0.99907589
0.00000800	0.00000000	0.00000000	0.00000000	0.00000000	1.46566510	1.00048470	0.99958700	1.00013566
0.00000880	0.00000000	0.00000000	0.00000000	0.00000000	1.45340562	0.99960834	1.00009310	0.99825191
0.00000960	0.00000000	0.00000000	0.00000000	0.00000000	1.44297194	0.99875993	0.99936628	0.99882567
0.00001040	0.00000000	0.00000000	0.00000000	0.00000000	1.41584456	0.99921477	0.99851549	0.99968952
0.00001120	0.00000000	0.00000000	0.00000000	0.00000000	1.42027879	1.00013256	1.00034869	0.99961466
0.00001200	0.00000000	0.00000000	0.00000000	0.00000000	1.41975713	1.00037289	1.00055397	0.99997801
0.00001280	0.00000000	0.00000000	0.00000000	0.00000000	1.40045488	1.00116003	0.99996805	1.00022578
0.00001440	0.00000000	0.00000000	0.00000000	0.00000000	1.40475881	1.00013471	0.99998474	0.99947345
0.00001600	0.00000000	0.00000000	0.00000000	0.00000000	1.42432189	1.00019252	0.99936515	0.99980980
0.00001760	0.00000000	0.00000000	0.00000000	0.00000000	1.39849865	1.00005960	0.99981028	1.00045741
0.00001920	0.00000000	0.00000000	0.00000000	0.00000000	1.38271773	1.00033700	0.99934673	1.00060046
0.00002080	0.00000000	0.00000000	0.00000000	0.00000000	1.39980280	1.00016665	0.99955875	1.00023675
0.00002240	0.00000000	0.00000000	0.00000000	0.00000000	1.37867475	1.00048888	0.99961644	1.00050104
0.00002400	0.00000000	0.00000000	0.00000000	0.00000000	1.35976374	0.99993861	0.99967086	0.99969655
0.00002560	0.00000000	0.00000000	0.00000000	0.00000000	1.35650325	0.99912953	0.99957442	1.00014842
0.00002880	0.00000000	0.00000000	0.00000000	0.00000000	1.35925078	0.99928725	0.99959767	0.99987221
0.00003200	0.00000000	0.00000000	0.00000000	0.00000000	1.35192645	1.00036514	1.00016093	1.00014460
0.00003520	0.00000000	0.00000000	0.00000000	0.00000000	1.33250391	0.99959981	1.00001311	0.99997383
0.00003840	0.00000000	0.00000000	0.00000000	0.00000000	1.31046557	1.00007927	1.00044882	1.00060081
0.00004160	0.00000000	0.00000000	0.00000000	0.00000000	1.31417930	1.00029826	0.99994612	0.99991608
0.00004480	0.00000000	0.00000000	0.00000000	0.00000000	1.30639732	0.99995261	1.00036550	0.99964446
0.00004800	0.00000000	0.00000000	0.00000000	0.00000000	1.29403758	0.99993867	0.99983549	1.00004721
0.00005120	0.00000000	0.00000000	0.00000000	0.00000000	1.28101051	1.00029016	1.00004590	0.99991864
0.00005760	0.00000000	0.00000000	0.00000000	0.00000000	1.26431096	0.99992168	1.00048113	1.00062132
0.00006400	0.00000000	0.00000000	0.00000000	0.00000000	1.25600684	1.00006509	1.00011432	1.00003731
0.00007040	0.00000000	0.00000000	0.00000000	0.00000000	1.21926463	1.00018704	0.99996775	1.00018835
0.00007680	0.00000000	0.00000000	0.00000000	0.00000000	1.21261942	1.00010705	1.00019097	1.00026500
0.00008320	0.00000000	0.00000000	0.00000000	0.00000000	1.20614362	1.00017560	1.00033987	1.00019729
0.00008960	0.00000000	0.00000000	0.00000000	0.00000000	1.18782508	1.00024498	1.00004363	1.00024772
0.00009600	0.00000000	0.00000000	0.00000000	0.00000000	1.17258692	1.00019622	1.00000262	1.00040507
0.00010240	0.00000000	0.00000000	0.00000000	0.00000000	1.17023981	1.00072908	1.00048470	1.00059485
0.00011520	0.00000000	0.00000000	0.00000000	0.00000000	1.14179242	1.00015366	1.00047612	1.00020933
0.00012800	0.00000000	0.00000000	0.00000000	0.00000000	1.11911440	1.00008607	1.00010395	1.00030589
0.00014080	0.00000000	0.00000000	0.00000000	0.00000000	1.10462761	1.00008941	1.00000083	1.00039852
0.00015360	0.00000000	0.00000000	0.00000000	0.00000000	1.09466887	1.00053704	1.00049138	1.00032806
0.00016640	0.00000000	0.00000000	0.00000000	0.00000000	1.07755196	1.00026882	1.00040734	1.00026751
0.00017920	0.00000000	0.00000000	0.00000000	0.00000000	1.07735002	1.00028288	1.00038087	1.00026047
0.00019200	0.00000000	0.00000000	0.00000000	0.00000000	1.06281364	1.00040686	1.00023353	1.00018537
0.00020480	0.00000000	0.00000000	0.00000000	0.00000000	1.05342364	1.00019777	1.00006151	1.00022876
0.00023040	0.00000000	0.00000000	0.00000000	0.00000000	1.04017532	1.00025201	1.00032735	1.00020134
0.00025600	0.00000000	0.00000000	0.00000000	0.00000000	1.03749275	1.00027716	1.00017881	1.00010133
0.00028160	0.00000000	0.00000000	0.00000000	0.00000000	1.03570259	1.00009501	1.00020909	1.00012875
0.00030720	0.00000000	0.00000000	0.00000000	0.00000000	1.02691340	1.00016367	1.00018132	1.00008929
0.00033280	0.00000000	0.00000000	0.00000000	0.00000000	1.02528191	1.00005031	1.00004840	0.99984866
0.00035840	0.00000000	0.00000000	0.00000000	0.00000000	1.02412450	0.99999130	1.00008082	1.00012839
0.00038400	0.00000000	0.00000000	0.00000000	0.00000000	1.02353024	1.00015211	1.00001657	1.00001872
0.00040960	0.00000000	0.00000000	0.00000000	0.00000000	1.01720154	0.99992967	0.99996191	1.00009131
0.00046080	0.00000000	0.00000000	0.00000000	0.00000000	1.01191092	1.00004089	1.00007081	1.00002527
0.00051200	0.00000000	0.00000000	0.00000000	0.00000000	1.00532222	0.99998879	1.00000238	1.00001347
0.00056320	0.00000000	0.00000000	0.00000000	0.00000000	1.00096011	1.00007343	0.99990863	1.00007856
0.00061440	0.00000000	0.00000000	0.00000000	0.00000000	1.00236058	0.99992299	0.99997044	0.99995208
0.00066560	0.00000000	0.00000000	0.00000000	0.00000000	1.00277245	0.99990267	0.99995530	0.99999028
0.00071680	0.00000000	0.00000000	0.00000000	0.00000000	1.00300634	0.99990094	0.99997181	0.99997967
0.00076800	0.00000000	0.00000000	0.00000000	0.00000000	1.00307417	1.00003684	1.00002158	0.99996686
0.00081920	0.00000000	0.00000000	0.00000000	0.00000000	1.00432003	1.00004733	1.00002372	1.00001943
0.00092160	0.00000000	0.00000000	0.00000000	0.00000000	1.00218999	1.00004327	1.00000215	0.99994516
0.00102400	0.00000000	0.00000000	0.00000000	0.00000000	1.00330102	0.99995548	0.99996465	0.99996448
0.00112640	0.00000000	0.00000000	0.00000000	0.00000000	1.00171208	0.99996698	1.00000942	0.99993616
0.00122880	0.00000000	0.00000000	0.00000000	0.00000000	0.99561238	0.99992019	0.99996233	0.99999458
0.00133120	0.00000000	0.00000000	0.00000000	0.00000000	0.99803483	1.00000751	0.99998325	0.99994129
0.00143360	0.00000000	0.00000000	0.00000000	0.00000000	1.00002909	1.00004208	0.99989074	0.99996942
0.00153600	0.00000000	0.00000000	0.00000000	0.00000000	1.00245261	0.99993348	0.99996275	0.99989730
0.00163840	0.00000000	0.00000000	0.00000000	0.00000000	1.00298762	1.00007474	0.99992210	0.99994373
0.00184320	0.00000000	0.00000000	0.00000000	0.00000000	1.00207543	0.99997091	0.99998146	0.99998558
0.00204800	0.00000000	0.00000000	0.00000000	0.00000000	1.00709760	1.00000131	0.99996740	1.00001121
0.00225280	0.00000000	0.00000000	0.00000000	0.00000000	0.99863851	0.99999452	1.00001252	0.99998617
0.00245760	0.00000000	0.00000000	0.00000000	0.00000000	0.99708742	0.99995941	0.99997938	0.99997306
0.00266240	0.00000000	0.00000000	0.00000000	0.00000000	0.99983662	0.99996328	1.00001800	1.00001168
0.00286720	0.00000000	0.00000000	0.00000000	0.00000000	1.00235498	1.00002944	1.00000739	0.99998564
0.00307200	0.00000000	0.00000000	0.00000000	0.00000000	0.99807066	0.99991828	0.99999124	0.99995267
0.00327680	0.00000000	0.00000000	0.00000000	0.00000000	0.99660945	1.00003290	1.00002611	0.99993777
0.00368640	0.00000000	0.00000000	0.00000000	0.00000000	1.00305486	0.99999189	0.99998969	0.99997824
0.00409600	0.00000000	0.00000000	0.00000000	0.00000000	1.00223732	1.00001335	0.99997050	1.00001609
0.00450560	0.00000000	0.00000000	0.00000000	0.00000000	0.99505943	0.99996901	0.99998981	0.99996835
0.00491520	0.00000000	0.00000000	0.00000000	0.00000000	1.00453269	1.00002503	0.99998188	0.99996746
0.00532480	0.00000000	0.00000000	0.00000000	0.00000000	0.99825579	0.99995363	0.99997276	0.99996889
0.00573440	0.00000000	0.00000000	0.00000000	0.00000000	0.99920535	1.00000787	0.99996990	0.99997294
0.00614400	0.00000000	0.00000000	0.00000000	0.00000000	1.00216961	0.99998313	0.99998599	0.99998969
0.00655360	0.00000000	0.00000000	0.00000000	0.00000000	1.00358725	0.99998134	0.99996674	0.99997807
0.00737280	0.00000000	0.00000000	0.00000000	0.00000000	0.99658948	1.00000036	0.99999225	1.00000298
0.00819200	0.00000000	0.00000000	0.00000000	0.00000000	1.00007772	1.00016332	1.00019026	1.00018787
0.00901120	0.00000000	0.00000000	0.00000000	0.00000000	0.99884588	1.00005043	1.00005126	1.00006914
0.00983040	0.00000000	0.00000000	0.00000000	0.00000000	0.99510306	0.99995393	0.99998420	0.99996185
0.01064960	0.00000000	0.00000000	0.00000000	0.00000000	0.99711877	0.99997163	0.99997753	0.99999070
0.01146880	0.00000000	0.00000000	0.00000000	0.00000000	0.99839520	0.99998611	0.99997497	0.99997532
0.01228800	0.00000000	0.00000000	0.00000000	0.00000000	0.99551082	1.00000286	0.99999243	0.99998021
0.01310720	0.00000000	0.00000000	0.00000000	0.00000000	0.99895442	0.99999303	0.99998891	0.99997246
0.01474560	0.00000000	0.00000000	0.00000000	0.00000000	1.00006080	0.99995506	0.99997509	0.99997646
0.01638400	0.00000000	0.00000000	0.00000000	0.00000000	0.99951136	1.00007486	1.00007939	1.00010145
0.01802240	0.00000000	0.00000000	0.00000000	0.00000000	1.00114584	0.99999231	1.00001335	0.99999702
0.01966080	0.00000000	0.00000000	0.00000000	0.00000000	1.00019991	0.99996859	0.99999171	0.99998903
0.02129920	0.00000000	0.00000000	0.00000000	0.00000000	1.00241816	1.00000000	0.99997395	0.99997908
0.02293760	0.00000000	0.00000000	0.00000000	0.00000000	1.00140810	0.99997020	0.99998325	0.99998266
0.02457600	0.00000000	0.00000000	0.00000000	0.00000000	1.00282514	1.00007069	1.00008130	1.00009811
0.02621440	0.00000000	0.00000000	0.00000000	0.00000000	0.99856716	1.00003338	1.00002348	1.00001502
0.02949120	0.00000000	0.00000000	0.00000000	0.00000000	1.00184238	0.99999225	0.99998462	0.99998075
0.03276800	0.00000000	0.00000000	0.00000000	0.00000000	0.99919981	1.00002289	1.00004029	1.00003731
0.03604480	0.00000000	0.00000000	0.00000000	0.00000000	1.00315094	1.00000584	0.99998921	0.99998653
0.03932160	0.00000000	0.00000000	0.00000000	0.00000000	0.99915075	0.99999177	1.00000274	1.00000167
0.04259840	0.00000000	0.00000000	0.00000000	0.00000000	1.00144529	1.00002456	1.00003767	1.00003409
0.04587520	0.00000000	0.00000000	0.00000000	0.00000000	0.99714035	0.99999189	0.99998069	0.99998587
0.04915200	0.00000000	0.00000000	0.00000000	0.00000000	1.00012779	1.00001919	1.00003254	1.00002396
0.05242880	0.00000000	0.00000000	0.00000000	0.00000000	1.00158381	1.00000656	1.00001299	0.99999696
0.05898240	0.00000000	0.00000000	0.00000000	0.00000000	0.99980783	1.00001383	1.00000858	1.00001943
0.06553600	0.00000000	0.00000000	0.00000000	0.00000000	0.99887866	1.00000226	1.00000679	1.00000036
0.07208960	0.00000000	0.00000000	0.00000000	0.00000000	1.00079358	0.99999923	1.00001454	1.00000262
0.07864320	0.00000000	0.00000000	0.00000000	0.00000000	1.00026560	0.99999273	1.00001276	1.00000370
0.08519680	0.00000000	0.00000000	0.00000000	0.00000000	0.99887663	1.00000584	1.00000548	1.00000548
0.09175040	0.00000000	0.00000000	0.00000000	0.00000000	1.00017285	1.00002086	1.00002015	1.00001299
0.09830400	0.00000000	0.00000000	0.00000000	0.00000000	1.00089741	0.99999738	1.00000560	1.00001168
0.10485760	0.00000000	0.00000000	0.00000000	0.00000000	0.99872476	1.00000036	1.00000942	1.00000024
0.11796480	0.00000000	0.00000000	0.00000000	0.00000000	0.99991107	1.00001681	1.00001001	1.00000811
0.13107200	0.00000000	0.00000000	0.00000000	0.00000000	0.99916035	1.00000525	1.00001240	1.00000715
0.14417920	0.00000000	0.00000000	0.00000000	0.00000000	1.00059021	1.00000429	1.00001109	1.00000119
0.15728641	0.00000000	0.00000000	0.00000000	0.00000000	0.99880743	1.00000513	1.00001335	1.00000715
0.17039360	0.00000000	0.00000000	0.00000000	0.00000000	0.99962449	1.00000155	1.00000560	1.00000620
0.18350080	0.00000000	0.00000000	0.00000000	0.00000000	1.00017381	1.00000703	1.00001037	1.00000620
0.19660801	0.00000000	0.00000000	0.00000000	0.00000000	0.99984264	1.00000083	1.00002074	0.99999988
0.20971520	0.00000000	0.00000000	0.00000000	0.00000000	1.00054789	1.00000727	1.00001061	1.00000846
0.23592959	0.00000000	0.00000000	0.00000000	0.00000000	0.99968916	1.00000393	1.00001073	1.00000548
0.26214400	0.00000000	0.00000000	0.00000000	0.00000000	0.99971974	1.00000441	1.00000846	1.00000894
0.28835839	0.00000000	0.00000000	0.00000000	0.00000000	1.00039363	1.00000083	1.00000811	1.00000978
0.31457281	0.00000000	0.00000000	0.00000000	0.00000000	1.00021422	1.00000167	1.00001037	1.00000715
0.34078720	0.00000000	0.00000000	0.00000000	0.00000000	0.99960685	1.00000012	1.00000620	1.00000668
0.36700159	0.00000000	0.00000000	0.00000000	0.00000000	1.00038123	1.00000286	1.00000668	1.00000596
0.39321601	0.00000000	0.00000000	0.00000000	0.00000000	1.00055504	1.00000095	1.00000870	1.00000787
0.41943040	0.00000000	0.00000000	0.00000000	0.00000000	0.99976242	0.99999988	1.00000513	1.00000441
0.47185919	0.00000000	0.00000000	0.00000000	0.00000000	0.99946630	1.00000143	1.00000107	0.99999702
0.52428800	0.00000000	0.00000000	0.00000000	0.00000000	0.99981987	0.99999601	1.00000393	1.00000131
0.57671678	0.00000000	0.00000000	0.00000000	0.00000000	1.00055313	0.99999964	1.00000000	1.00000250
0.62914562	0.00000000	0.00000000	0.00000000	0.00000000	1.00013590	0.99999487	0.99999481	0.99999613
0.68157440	0.00000000	0.00000000	0.00000000	0.00000000	0.99987596	0.99999607	0.99999613	0.99999636
0.73400319	0.00000000	0.00000000	0.00000000	0.00000000	1.00011587	0.99999624	0.99999833	0.99999446
0.78643203	0.00000000	0.00000000	0.00000000	0.00000000	1.00004649	0.99999505	0.99999487	0.99999762
0.83886081	0.00000000	0.00000000	0.00000000	0.00000000	0.99985474	0.99999595	0.99999499	0.99999732
0.94371837	0.00000000	0.00000000	0.00000000	0.00000000	0.99943054	0.99999869	0.99999756	0.99999440
1.04857600	0.00000000	0.00000000	0.00000000	0.00000000	1.00035179	0.99999988	0.99999636	0.99999589
1.15343356	0.00000000	0.00000000	0.00000000	0.00000000	0.99977887	0.99999785	0.99999881	0.99999934
1.25829124	0.00000000	0.00000000	0.00000000	0.00000000	0.99968290	1.00000048	1.00000107	0.99999541
1.36314881	0.00000000	0.00000000	0.00000000	0.00000000	1.00079155	1.00000155	0.99999940	0.99999845
1.46800637	0.00000000	0.00000000	0.00000000	0.00000000	0.99979228	0.99999678	1.00000203	1.00000203
1.57286406	0.00000000	0.00000000	0.00000000	0.00000000	1.00012326	1.00000143	0.99999708	0.99999678
1.67772162	0.00000000	0.00000000	0.00000000	0.00000000	1.00006735	1.00000095	1.00000656	0.99999887
1.88743675	0.00000000	0.00000000	0.00000000	0.00000000	0.00000000	0.00000000	0.00000000	0.00000000
2.09715199	0.00000000	0.00000000	0.00000000	0.00000000	0.00000000	0.00000000	0.00000000	0.00000000
2.30686712	0.00000000	0.00000000	0.00000000	0.00000000	0.00000000	0.00000000	0.00000000	0.00000000
2.51658249	0.00000000	0.00000000	0.00000000	0.00000000	0.00000000	0.00000000	0.00000000	0.00000000
2.72629762	0.00000000	0.00000000	0.00000000	0.00000000	0.00000000	0.00000000	0.00000000	0.00000000
2.93601274	0.00000000	0.00000000	0.00000000	0.00000000	0.00000000	0.00000000	0.00000000	0.00000000
3.14572811	0.00000000	0.00000000	0.00000000	0.00000000	0.00000000	0.00000000	0.00000000	0.00000000
3.35544324	0.00000000	0.00000000	0.00000000	0.00000000	0.00000000	0.00000000	0.00000000	0.00000000
3.77487350	0.00000000	0.00000000	0.00000000	0.00000000	0.00000000	0.00000000	0.00000000	0.00000000
4.19430399	0.00000000	0.00000000	0.00000000	0.00000000	0.00000000	0.00000000	0.00000000	0.00000000
4.61373425	0.00000000	0.00000000	0.00000000	0.00000000	0.00000000	0.00000000	0.00000000	0.00000000
5.03316498	0.00000000	0.00000000	0.00000000	0.00000000	0.00000000	0.00000000	0.00000000	0.00000000
5.45259523	0.00000000	0.00000000	0.00000000	0.00000000	0.00000000	0.00000000	0.00000000	0.00000000
5.87202549	0.00000000	0.00000000	0.00000000	0.00000000	0.00000000	0.00000000	0.00000000	0.00000000
6.29145622	0.00000000	0.00000000	0.00000000	0.00000000	0.00000000	0.00000000	0.00000000	0.00000000
6.71088648	0.00000000	0.00000000	0.00000000	0.00000000	0.00000000	0.00000000	0.00000000	0.00000000
7.54974699	0.00000000	0.00000000	0.00000000	0.00000000	0.00000000	0.00000000	0.00000000	0.00000000
8.38860798	0.00000000	0.00000000	0.00000000	0.00000000	0.00000000	0.00000000	0.00000000	0.00000000
9.22746849	0.00000000	0.00000000	0.00000000	0.00000000	0.00000000	0.00000000	0.00000000	0.00000000
10.06632996	0.00000000	0.00000000	0.00000000	0.00000000	0.00000000	0.00000000	0.00000000	0.00000000
10.90519047	0.00000000	0.00000000	0.00000000	0.00000000	0.00000000	0.00000000	0.00000000	0.00000000
11.74405098	0.00000000	0.00000000	0.00000000	0.00000000	0.00000000	0.00000000	0.00000000	0.00000000
12.58291245	0.00000000	0.00000000	0.00000000	0.00000000	0.00000000	0.00000000	0.00000000	0.00000000
13.42177296	0.00000000	0.00000000	0.00000000	0.00000000	0.00000000	0.00000000	0.00000000	0.00000000
15.09949398	0.00000000	0.00000000	0.00000000	0.00000000	0.00000000	0.00000000	0.00000000	0.00000000
16.77721596	0.00000000	0.00000000	0.00000000	0.00000000	0.00000000	0.00000000	0.00000000	0.00000000
18.45493698	0.00000000	0.00000000	0.00000000	0.00000000	0.00000000	0.00000000	0.00000000	0.00000000
20.13265991	0.00000000	0.00000000	0.00000000	0.00000000	0.00000000	0.00000000	0.00000000	0.00000000
21.81038094	0.00000000	0.00000000	0.00000000	0.00000000	0.00000000	0.00000000	0.00000000	0.00000000
23.48810196	0.00000000	0.00000000	0.00000000	0.00000000	0.00000000	0.00000000	0.00000000	0.00000000
25.16582489	0.00000000	0.00000000	0.00000000	0.00000000	0.00000000	0.00000000	0.00000000	0.00000000
26.84354591	0.00000000	0.00000000	0.00000000	0.00000000	0.00000000	0.00000000	0.00000000	0.00000000
30.19898796	0.00000000	0.00000000	0.00000000	0.00000000	0.00000000	0.00000000	0.00000000	0.00000000
33.55443192	0.00000000	0.00000000	0.00000000	0.00000000	0.00000000	0.00000000	0.00000000	0.00000000
36.90987396	0.00000000	0.00000000	0.00000000	0.00000000	0.00000000	0.00000000	0.00000000	0.00000000
40.26531982	0.00000000	0.00000000	0.00000000	0.00000000	0.00000000	0.00000000	0.00000000	0.00000000
43.62076187	0.00000000	0.00000000	0.00000000	0.00000000	0.00000000	0.00000000	0.00000000	0.00000000
46.97620392	0.00000000	0.00000000	0.00000000	0.00000000	0.00000000	0.00000000	0.00000000	0.00000000
50.33164978	0.00000000	0.00000000	0.00000000	0.00000000	0.00000000	0.00000000	0.00000000	0.00000000
53.68709183	0.00000000	0.00000000	0.00000000	0.00000000	0.00000000	0.00000000	0.00000000	0.00000000
60.39797592	0.00000000	0.00000000	0.00000000	0.00000000	0.00000000	0.00000000	0.00000000	0.00000000
67.10886383	0.00000000	0.00000000	0.00000000	0.00000000	0.00000000	0.00000000	0.00000000	0.00000000
73.81974792	0.00000000	0.00000000	0.00000000	0.00000000	0.00000000	0.00000000	0.00000000	0.00000000
80.53063965	0.00000000	0.00000000	0.00000000	0.00000000	0.00000000	0.00000000	0.00000000	0.00000000
87.24152374	0.00000000	0.00000000	0.00000000	0.00000000	0.00000000	0.00000000	0.00000000	0.00000000
93.95240784	0.00000000	0.00000000	0.00000000	0.00000000	0.00000000	0.00000000	0.00000000	0.00000000
100.66329956	0.00000000	0.00000000	0.00000000	0.00000000	0.00000000	0.00000000	0.00000000	0.00000000
107.37418365	0.00000000	0.00000000	0.00000000	0.00000000	0.00000000	0.00000000	0.00000000	0.00000000
120.79595184	0.00000000	0.00000000	0.00000000	0.00000000	0.00000000	0.00000000	0.00000000	0.00000000
134.21772766	0.00000000	0.00000000	0.00000000	0.00000000	0.00000000	0.00000000	0.00000000	0.00000000
147.63949585	0.00000000	0.00000000	0.00000000	0.00000000	0.00000000	0.00000000	0.00000000	0.00000000
161.06127930	0.00000000	0.00000000	0.00000000	0.00000000	0.00000000	0.00000000	0.00000000	0.00000000
174.48304749	0.00000000	0.00000000	0.00000000	0.00000000	0.00000000	0.00000000	0.00000000	0.00000000
187.90481567	0.00000000	0.00000000	0.00000000	0.00000000	0.00000000	0.00000000	0.00000000	0.00000000
201.32659912	0.00000000	0.00000000	0.00000000	0.00000000	0.00000000	0.00000000	0.00000000	0.00000000
214.74836731	0.00000000	0.00000000	0.00000000	0.00000000	0.00000000	0.00000000	0.00000000	0.00000000
241.59190369	0.00000000	0.00000000	0.00000000	0.00000000	0.00000000	0.00000000	0.00000000	0.00000000
268.43545532	0.00000000	0.00000000	0.00000000	0.00000000	0.00000000	0.00000000	0.00000000	0.00000000
295.27899170	0.00000000	0.00000000	0.00000000	0.00000000	0.00000000	0.00000000	0.00000000	0.00000000
322.12255859	0.00000000	0.00000000	0.00000000	0.00000000	0.00000000	0.00000000	0.00000000	0.00000000
348.96609497	0.00000000	0.00000000	0.00000000	0.00000000	0.00000000	0.00000000	0.00000000	0.00000000
375.80963135	0.00000000	0.00000000	0.00000000	0.00000000	0.00000000	0.00000000	0.00000000	0.00000000
402.65319824	0.00000000	0.00000000	0.00000000	0.00000000	0.00000000	0.00000000	0.00000000	0.00000000
429.49673462	0.00000000	0.00000000	0.00000000	0.00000000	0.00000000	0.00000000	0.00000000	0.00000000
483.18380737	0.00000000	0.00000000	0.00000000	0.00000000	0.00000000	0.00000000	0.00000000	0.00000000
536.87091064	0.00000000	0.00000000	0.00000000	0.00000000	0.00000000	0.00000000	0.00000000	0.00000000
590.55798340	0.00000000	0.00000000	0.00000000	0.00000000	0.00000000	0.00000000	0.00000000	0.00000000
644.24511719	0.00000000	0.00000000	0.00000000	0.00000000	0.00000000	0.00000000	0.00000000	0.00000000
697.93218994	0.00000000	0.00000000	0.00000000	0.00000000	0.00000000	0.00000000	0.00000000	0.00000000
751.61926270	0.00000000	0.00000000	0.00000000	0.00000000	0.00000000	0.00000000	0.00000000	0.00000000
805.30639648	0.00000000	0.00000000	0.00000000	0.00000000	0.00000000	0.00000000	0.00000000	0.00000000
858.99346924	0.00000000	0.00000000	0.00000000	0.00000000	0.00000000	0.00000000	0.00000000	0.00000000
966.36761475	0.00000000	0.00000000	0.00000000	0.00000000	0.00000000	0.00000000	0.00000000	0.00000000
1073.74182129	0.00000000	0.00000000	0.00000000	0.00000000	0.00000000	0.00000000	0.00000000	0.00000000
1181.11596680	0.00000000	0.00000000	0.00000000	0.00000000	0.00000000	0.00000000	0.00000000	0.00000000
1288.49023437	0.00000000	0.00000000	0.00000000	0.00000000	0.00000000	0.00000000	0.00000000	0.00000000
1395.86437988	0.00000000	0.00000000	0.00000000	0.00000000	0.00000000	0.00000000	0.00000000	0.00000000
1503.23852539	0.00000000	0.00000000	0.00000000	0.00000000	0.00000000	0.00000000	0.00000000	0.00000000
1610.61279297	0.00000000	0.00000000	0.00000000	0.00000000	0.00000000	0.00000000	0.00000000	0.00000000
1717.98693848	0.00000000	0.00000000	0.00000000	0.00000000	0.00000000	0.00000000	0.00000000	0.00000000
1932.73522949	0.00000000	0.00000000	0.00000000	0.00000000	0.00000000	0.00000000	0.00000000	0.00000000
2147.48364258	0.00000000	0.00000000	0.00000000	0.00000000	0.00000000	0.00000000	0.00000000	0.00000000
2362.23193359	0.00000000	0.00000000	0.00000000	0.00000000	0.00000000	0.00000000	0.00000000	0.00000000
2576.98046875	0.00000000	0.00000000	0.00000000	0.00000000	0.00000000	0.00000000	0.00000000	0.00000000
2791.72875977	0.00000000	0.00000000	0.00000000	0.00000000	0.00000000	0.00000000	0.00000000	0.00000000
3006.47705078	0.00000000	0.00000000	0.00000000	0.00000000	0.00000000	0.00000000	0.00000000	0.00000000
3221.22558594	0.00000000	0.00000000	0.00000000	0.00000000	0.00000000	0.00000000	0.00000000	0.00000000
3435.97387695	0.00000000	0.00000000	0.00000000	0.00000000	0.00000000	0.00000000	0.00000000	0.00000000
0	0	0	0	0	0	0	0	0
