%2/12/2019 3:13:44 PM
%Duration	ID1		ID2		ID3		ID4		ID5		ID6		ID7		ID8
3000.000000	0.000000	0.000000	0.000000	0.000000	75.902939	2715.311035	2861.070801	2828.912842
%Tau		Tau1		Tau2		Tau3		Tau4		Tau5		Tau6		Tau7		Tau8
%		0.000000	0.000000	0.000000	0.000000	0.000058	0.000002	0.000006	0.000005
%Delaytime	D1		D2		D3		D4		D5		D6		D7		D8
0.00000020	0.00000000	0.00000000	0.00000000	0.00000000	1.73980987	0.92557043	0.95485204	0.93350929
0.00000040	0.00000000	0.00000000	0.00000000	0.00000000	1.47824109	1.00260174	1.00186753	1.00156367
0.00000060	0.00000000	0.00000000	0.00000000	0.00000000	1.44994628	1.00074458	0.99993658	1.00087464
0.00000080	0.00000000	0.00000000	0.00000000	0.00000000	1.49333155	1.00025165	1.00093806	1.00036812
0.00000100	0.00000000	0.00000000	0.00000000	0.00000000	1.43925726	1.00057220	1.00080013	0.99914569
0.00000120	0.00000000	0.00000000	0.00000000	0.00000000	1.50087678	0.99972171	1.00054538	0.99954087
0.00000140	0.00000000	0.00000000	0.00000000	0.00000000	1.44114351	1.00129533	1.00017548	1.00075769
0.00000160	0.00000000	0.00000000	0.00000000	0.00000000	1.44428742	1.00111890	1.00061870	1.00008571
0.00000180	0.00000000	0.00000000	0.00000000	0.00000000	1.45434773	1.00032997	1.00027597	0.99990410
0.00000200	0.00000000	0.00000000	0.00000000	0.00000000	1.45434773	1.00017285	0.99996865	1.00019503
0.00000220	0.00000000	0.00000000	0.00000000	0.00000000	1.50653577	0.99999732	1.00034773	1.00018692
0.00000240	0.00000000	0.00000000	0.00000000	0.00000000	1.44491613	0.99944234	1.00050318	0.99908572
0.00000260	0.00000000	0.00000000	0.00000000	0.00000000	1.40090215	1.00050879	1.00026596	1.00003254
0.00000280	0.00000000	0.00000000	0.00000000	0.00000000	1.39964461	1.00040030	0.99998575	1.00055146
0.00000300	0.00000000	0.00000000	0.00000000	0.00000000	1.48578632	1.00013816	0.99959344	1.00067687
0.00000320	0.00000000	0.00000000	0.00000000	0.00000000	1.49899054	1.00090897	1.00071669	0.99933285
0.00000360	0.00000000	0.00000000	0.00000000	0.00000000	1.50967956	1.00095439	1.00027871	1.00028384
0.00000400	0.00000000	0.00000000	0.00000000	0.00000000	1.45183265	1.00037837	1.00086164	1.00014305
0.00000440	0.00000000	0.00000000	0.00000000	0.00000000	1.45591962	1.00029171	1.00048947	1.00007915
0.00000480	0.00000000	0.00000000	0.00000000	0.00000000	1.45214701	0.99987966	1.00037265	0.99999338
0.00000520	0.00000000	0.00000000	0.00000000	0.00000000	1.45309019	1.00039732	1.00012231	0.99967271
0.00000560	0.00000000	0.00000000	0.00000000	0.00000000	1.39147067	0.99970406	0.99980962	1.00000703
0.00000600	0.00000000	0.00000000	0.00000000	0.00000000	1.44743121	1.00023735	0.99958360	0.99942386
0.00000640	0.00000000	0.00000000	0.00000000	0.00000000	1.40153098	0.99956441	0.99925691	0.99978751
0.00000720	0.00000000	0.00000000	0.00000000	0.00000000	1.44004321	1.00018716	1.00026953	0.99952662
0.00000800	0.00000000	0.00000000	0.00000000	0.00000000	1.45151830	1.00002408	0.99972767	1.00036860
0.00000880	0.00000000	0.00000000	0.00000000	0.00000000	1.42762494	0.99970698	0.99989778	1.00017023
0.00000960	0.00000000	0.00000000	0.00000000	0.00000000	1.41599274	0.99986887	1.00001681	0.99969280
0.00001040	0.00000000	0.00000000	0.00000000	0.00000000	1.41583550	1.00014949	1.00001490	0.99976832
0.00001120	0.00000000	0.00000000	0.00000000	0.00000000	1.42778218	0.99998897	0.99944675	0.99956000
0.00001200	0.00000000	0.00000000	0.00000000	0.00000000	1.40074503	1.00013041	0.99994665	0.99988389
0.00001280	0.00000000	0.00000000	0.00000000	0.00000000	1.38691199	0.99970526	1.00017428	1.00003088
0.00001440	0.00000000	0.00000000	0.00000000	0.00000000	1.38628328	1.00056636	0.99968851	1.00013351
0.00001600	0.00000000	0.00000000	0.00000000	0.00000000	1.38730502	0.99996096	1.00006676	1.00042117
0.00001760	0.00000000	0.00000000	0.00000000	0.00000000	1.36624122	1.00029445	1.00039029	1.00009525
0.00001920	0.00000000	0.00000000	0.00000000	0.00000000	1.36372614	1.00012946	1.00046265	1.00033391
0.00002080	0.00000000	0.00000000	0.00000000	0.00000000	1.34839976	1.00047183	1.00049579	1.00032353
0.00002240	0.00000000	0.00000000	0.00000000	0.00000000	1.34258366	1.00012040	1.00005078	1.00027931
0.00002400	0.00000000	0.00000000	0.00000000	0.00000000	1.33189452	1.00065637	1.00014067	1.00008500
0.00002560	0.00000000	0.00000000	0.00000000	0.00000000	1.31035912	1.00039661	1.00026727	1.00005066
0.00002880	0.00000000	0.00000000	0.00000000	0.00000000	1.30569935	1.00007951	1.00003040	0.99997365
0.00003200	0.00000000	0.00000000	0.00000000	0.00000000	1.29350126	0.99985945	1.00009859	1.00000179
0.00003520	0.00000000	0.00000000	0.00000000	0.00000000	1.26827896	1.00016928	1.00014138	1.00034082
0.00003840	0.00000000	0.00000000	0.00000000	0.00000000	1.25434959	1.00028670	1.00062335	1.00033736
0.00004160	0.00000000	0.00000000	0.00000000	0.00000000	1.23404002	1.00004148	1.00039470	1.00039697
0.00004480	0.00000000	0.00000000	0.00000000	0.00000000	1.24309015	1.00006187	1.00003326	1.00012612
0.00004800	0.00000000	0.00000000	0.00000000	0.00000000	1.22440541	1.00008428	1.00031757	1.00026715
0.00005120	0.00000000	0.00000000	0.00000000	0.00000000	1.20905948	1.00012469	1.00003839	0.99999905
0.00005760	0.00000000	0.00000000	0.00000000	0.00000000	1.19407713	1.00031376	1.00032115	1.00034189
0.00006400	0.00000000	0.00000000	0.00000000	0.00000000	1.17074144	1.00010538	1.00040591	1.00042641
0.00007040	0.00000000	0.00000000	0.00000000	0.00000000	1.15890622	1.00023961	1.00019813	1.00007367
0.00007680	0.00000000	0.00000000	0.00000000	0.00000000	1.15447545	1.00036561	1.00032210	1.00049341
0.00008320	0.00000000	0.00000000	0.00000000	0.00000000	1.13760424	1.00020945	1.00039458	1.00033605
0.00008960	0.00000000	0.00000000	0.00000000	0.00000000	1.11884749	1.00026810	1.00016499	1.00021195
0.00009600	0.00000000	0.00000000	0.00000000	0.00000000	1.11120665	1.00026643	1.00032878	1.00032246
0.00010240	0.00000000	0.00000000	0.00000000	0.00000000	1.10250247	1.00031388	1.00024378	1.00046766
0.00011520	0.00000000	0.00000000	0.00000000	0.00000000	1.07993901	1.00043070	1.00035644	1.00028646
0.00012800	0.00000000	0.00000000	0.00000000	0.00000000	1.07310867	1.00032687	1.00038338	1.00024784
0.00014080	0.00000000	0.00000000	0.00000000	0.00000000	1.05810869	1.00035155	1.00029778	1.00024438
0.00015360	0.00000000	0.00000000	0.00000000	0.00000000	1.04808736	1.00019717	1.00039077	1.00015914
0.00016640	0.00000000	0.00000000	0.00000000	0.00000000	1.03684473	1.00017893	1.00022089	1.00039959
0.00017920	0.00000000	0.00000000	0.00000000	0.00000000	1.03028524	1.00027084	1.00030828	1.00018668
0.00019200	0.00000000	0.00000000	0.00000000	0.00000000	1.02221859	1.00018930	1.00028145	1.00027311
0.00020480	0.00000000	0.00000000	0.00000000	0.00000000	1.01393545	1.00034201	1.00031769	1.00029135
0.00023040	0.00000000	0.00000000	0.00000000	0.00000000	1.01926410	1.00028372	1.00026786	1.00023139
0.00025600	0.00000000	0.00000000	0.00000000	0.00000000	1.01496863	1.00025177	1.00023484	1.00029087
0.00028160	0.00000000	0.00000000	0.00000000	0.00000000	1.01462460	1.00021136	1.00023007	1.00021684
0.00030720	0.00000000	0.00000000	0.00000000	0.00000000	1.01149511	1.00022590	1.00029194	1.00017238
0.00033280	0.00000000	0.00000000	0.00000000	0.00000000	1.00768614	1.00028038	1.00024617	1.00023031
0.00035840	0.00000000	0.00000000	0.00000000	0.00000000	1.00949097	1.00018394	1.00025737	1.00011849
0.00038400	0.00000000	0.00000000	0.00000000	0.00000000	1.00169146	1.00016701	1.00011623	1.00019383
0.00040960	0.00000000	0.00000000	0.00000000	0.00000000	0.99984044	1.00003672	1.00020099	1.00014043
0.00046080	0.00000000	0.00000000	0.00000000	0.00000000	0.99753702	1.00002241	1.00012541	1.00006855
0.00051200	0.00000000	0.00000000	0.00000000	0.00000000	0.99822861	0.99997908	1.00003493	1.00000811
0.00056320	0.00000000	0.00000000	0.00000000	0.00000000	1.00195205	0.99997956	0.99997640	0.99997985
0.00061440	0.00000000	0.00000000	0.00000000	0.00000000	1.00035882	0.99994099	0.99997681	0.99997324
0.00066560	0.00000000	0.00000000	0.00000000	0.00000000	0.99832600	0.99989504	0.99992806	0.99993354
0.00071680	0.00000000	0.00000000	0.00000000	0.00000000	0.99598092	0.99990600	0.99992698	0.99993962
0.00076800	0.00000000	0.00000000	0.00000000	0.00000000	0.99478585	0.99995047	0.99994588	1.00003982
0.00081920	0.00000000	0.00000000	0.00000000	0.00000000	0.99977994	0.99995136	0.99994588	0.99999380
0.00092160	0.00000000	0.00000000	0.00000000	0.00000000	1.00285542	0.99995953	0.99995595	0.99995202
0.00102400	0.00000000	0.00000000	0.00000000	0.00000000	0.99701387	0.99996424	0.99997997	0.99995142
0.00112640	0.00000000	0.00000000	0.00000000	0.00000000	0.99915349	1.00000584	0.99997509	0.99996448
0.00122880	0.00000000	0.00000000	0.00000000	0.00000000	0.99797207	0.99998647	1.00002778	0.99994588
0.00133120	0.00000000	0.00000000	0.00000000	0.00000000	0.99704129	1.00003552	0.99999022	0.99996686
0.00143360	0.00000000	0.00000000	0.00000000	0.00000000	0.99894875	0.99998182	0.99999768	0.99997985
0.00153600	0.00000000	0.00000000	0.00000000	0.00000000	1.00031030	0.99998462	0.99999994	1.00000823
0.00163840	0.00000000	0.00000000	0.00000000	0.00000000	1.00005448	0.99996221	0.99996108	0.99999857
0.00184320	0.00000000	0.00000000	0.00000000	0.00000000	1.00089383	0.99996907	0.99997681	0.99998325
0.00204800	0.00000000	0.00000000	0.00000000	0.00000000	1.00089180	0.99997896	0.99999839	0.99998569
0.00225280	0.00000000	0.00000000	0.00000000	0.00000000	0.99849427	0.99998838	1.00000751	0.99999934
0.00245760	0.00000000	0.00000000	0.00000000	0.00000000	0.99925697	0.99996626	0.99998254	0.99997026
0.00266240	0.00000000	0.00000000	0.00000000	0.00000000	0.99690467	0.99994683	0.99996984	0.99997950
0.00286720	0.00000000	0.00000000	0.00000000	0.00000000	0.99874127	0.99995983	0.99996859	0.99998736
0.00307200	0.00000000	0.00000000	0.00000000	0.00000000	0.99975878	0.99998897	0.99996811	1.00000036
0.00327680	0.00000000	0.00000000	0.00000000	0.00000000	1.00019956	0.99997050	0.99997133	0.99997973
0.00368640	0.00000000	0.00000000	0.00000000	0.00000000	1.00273371	0.99997377	0.99996698	0.99998266
0.00409600	0.00000000	0.00000000	0.00000000	0.00000000	1.00019693	0.99998909	0.99999100	0.99999070
0.00450560	0.00000000	0.00000000	0.00000000	0.00000000	1.00154710	0.99997950	0.99998856	0.99996936
0.00491520	0.00000000	0.00000000	0.00000000	0.00000000	0.99963188	0.99997157	0.99998146	0.99996597
0.00532480	0.00000000	0.00000000	0.00000000	0.00000000	0.99971086	0.99999541	0.99997312	0.99998325
0.00573440	0.00000000	0.00000000	0.00000000	0.00000000	1.00153744	0.99997789	0.99996251	0.99996245
0.00614400	0.00000000	0.00000000	0.00000000	0.00000000	1.00148654	0.99996889	0.99998415	0.99999505
0.00655360	0.00000000	0.00000000	0.00000000	0.00000000	1.00176489	0.99999005	0.99998701	0.99997878
0.00737280	0.00000000	0.00000000	0.00000000	0.00000000	1.00089097	1.00000560	0.99999064	0.99997926
0.00819200	0.00000000	0.00000000	0.00000000	0.00000000	1.00109971	1.00023031	1.00021946	1.00019586
0.00901120	0.00000000	0.00000000	0.00000000	0.00000000	1.00040090	1.00006413	1.00006115	1.00006366
0.00983040	0.00000000	0.00000000	0.00000000	0.00000000	1.00090158	0.99998045	0.99996930	0.99997127
0.01064960	0.00000000	0.00000000	0.00000000	0.00000000	0.99867535	0.99996835	0.99999821	0.99997407
0.01146880	0.00000000	0.00000000	0.00000000	0.00000000	0.99804842	0.99998325	0.99999440	0.99996918
0.01228800	0.00000000	0.00000000	0.00000000	0.00000000	1.00202703	0.99997199	0.99998105	0.99997514
0.01310720	0.00000000	0.00000000	0.00000000	0.00000000	0.99919248	0.99997365	1.00000262	0.99997884
0.01474560	0.00000000	0.00000000	0.00000000	0.00000000	1.00082290	0.99997467	0.99998295	0.99997306
0.01638400	0.00000000	0.00000000	0.00000000	0.00000000	1.00032818	1.00010216	1.00010645	1.00009489
0.01802240	0.00000000	0.00000000	0.00000000	0.00000000	1.00019276	1.00002563	1.00000978	1.00001383
0.01966080	0.00000000	0.00000000	0.00000000	0.00000000	1.00038099	0.99998611	0.99997354	0.99998540
0.02129920	0.00000000	0.00000000	0.00000000	0.00000000	1.00194287	0.99998331	0.99999976	0.99997967
0.02293760	0.00000000	0.00000000	0.00000000	0.00000000	0.99901801	0.99997211	0.99998385	0.99998176
0.02457600	0.00000000	0.00000000	0.00000000	0.00000000	1.00061512	1.00010121	1.00009704	1.00007486
0.02621440	0.00000000	0.00000000	0.00000000	0.00000000	1.00082505	1.00003004	1.00004077	1.00002682
0.02949120	0.00000000	0.00000000	0.00000000	0.00000000	0.99932688	0.99998838	0.99998778	0.99998611
0.03276800	0.00000000	0.00000000	0.00000000	0.00000000	1.00006294	1.00005579	1.00004518	1.00004351
0.03604480	0.00000000	0.00000000	0.00000000	0.00000000	0.99899662	0.99999732	1.00000083	0.99999464
0.03932160	0.00000000	0.00000000	0.00000000	0.00000000	0.99938327	0.99999857	1.00001252	0.99999571
0.04259840	0.00000000	0.00000000	0.00000000	0.00000000	0.99953437	1.00004745	1.00004816	1.00004172
0.04587520	0.00000000	0.00000000	0.00000000	0.00000000	0.99961573	0.99998224	0.99998522	0.99998629
0.04915200	0.00000000	0.00000000	0.00000000	0.00000000	0.99997461	1.00004625	1.00004399	1.00003910
0.05242880	0.00000000	0.00000000	0.00000000	0.00000000	1.00055301	1.00000751	1.00001466	1.00000155
0.05898240	0.00000000	0.00000000	0.00000000	0.00000000	0.99948210	1.00002575	1.00001931	1.00001490
0.06553600	0.00000000	0.00000000	0.00000000	0.00000000	0.99935496	1.00001645	1.00001633	1.00001311
0.07208960	0.00000000	0.00000000	0.00000000	0.00000000	1.00039685	1.00000632	1.00001264	1.00000989
0.07864320	0.00000000	0.00000000	0.00000000	0.00000000	0.99935788	1.00001121	1.00001371	1.00000775
0.08519680	0.00000000	0.00000000	0.00000000	0.00000000	1.00051212	1.00001788	1.00001371	1.00001037
0.09175040	0.00000000	0.00000000	0.00000000	0.00000000	1.00058222	1.00002778	1.00002778	1.00001585
0.09830400	0.00000000	0.00000000	0.00000000	0.00000000	0.99993962	1.00001395	1.00001466	1.00000930
0.10485760	0.00000000	0.00000000	0.00000000	0.00000000	1.00020134	1.00000751	1.00001550	1.00000596
0.11796480	0.00000000	0.00000000	0.00000000	0.00000000	0.99969798	1.00002193	1.00001752	1.00001454
0.13107200	0.00000000	0.00000000	0.00000000	0.00000000	1.00001991	1.00001144	1.00001717	1.00001252
0.14417920	0.00000000	0.00000000	0.00000000	0.00000000	1.00020456	1.00001693	1.00001407	1.00000942
0.15728641	0.00000000	0.00000000	0.00000000	0.00000000	0.99991095	1.00001478	1.00001693	1.00001168
0.17039360	0.00000000	0.00000000	0.00000000	0.00000000	0.99974930	1.00001287	1.00001538	1.00001204
0.18350080	0.00000000	0.00000000	0.00000000	0.00000000	1.00044966	1.00001562	1.00002062	1.00000882
0.19660801	0.00000000	0.00000000	0.00000000	0.00000000	0.99982601	1.00001323	1.00001359	1.00000918
0.20971520	0.00000000	0.00000000	0.00000000	0.00000000	0.99921381	1.00001764	1.00001740	1.00001252
0.23592959	0.00000000	0.00000000	0.00000000	0.00000000	0.99947852	1.00001502	1.00001681	1.00001121
0.26214400	0.00000000	0.00000000	0.00000000	0.00000000	0.99971795	1.00001550	1.00001526	1.00001049
0.28835839	0.00000000	0.00000000	0.00000000	0.00000000	1.00018990	1.00001574	1.00001538	1.00001216
0.31457281	0.00000000	0.00000000	0.00000000	0.00000000	1.00023341	1.00001657	1.00001574	1.00000918
0.34078720	0.00000000	0.00000000	0.00000000	0.00000000	0.99965048	1.00001359	1.00001764	1.00001144
0.36700159	0.00000000	0.00000000	0.00000000	0.00000000	0.99989039	1.00001466	1.00001800	1.00001168
0.39321601	0.00000000	0.00000000	0.00000000	0.00000000	1.00011003	1.00001228	1.00001574	1.00000954
0.41943040	0.00000000	0.00000000	0.00000000	0.00000000	1.00047898	1.00001407	1.00001538	1.00001097
0.47185919	0.00000000	0.00000000	0.00000000	0.00000000	1.00013769	1.00001323	1.00001538	1.00000966
0.52428800	0.00000000	0.00000000	0.00000000	0.00000000	0.99966234	1.00001335	1.00001407	1.00000882
0.57671678	0.00000000	0.00000000	0.00000000	0.00000000	0.99985999	1.00001156	1.00001466	1.00000954
0.62914562	0.00000000	0.00000000	0.00000000	0.00000000	0.99992514	1.00001180	1.00001335	1.00000811
0.68157440	0.00000000	0.00000000	0.00000000	0.00000000	0.99978244	1.00001025	1.00001407	1.00000823
0.73400319	0.00000000	0.00000000	0.00000000	0.00000000	0.99989355	1.00001121	1.00001347	1.00000930
0.78643203	0.00000000	0.00000000	0.00000000	0.00000000	1.00008214	1.00000870	1.00001216	1.00000727
0.83886081	0.00000000	0.00000000	0.00000000	0.00000000	1.00006628	1.00001061	1.00001156	1.00000644
0.94371837	0.00000000	0.00000000	0.00000000	0.00000000	1.00004804	1.00000870	1.00001013	1.00000560
1.04857600	0.00000000	0.00000000	0.00000000	0.00000000	1.00010109	1.00000763	1.00000989	1.00000525
1.15343356	0.00000000	0.00000000	0.00000000	0.00000000	0.99997133	1.00000739	1.00000691	1.00000489
1.25829124	0.00000000	0.00000000	0.00000000	0.00000000	1.00004590	1.00000632	1.00000644	1.00000429
1.36314881	0.00000000	0.00000000	0.00000000	0.00000000	0.99989051	1.00000668	1.00000548	1.00000370
1.46800637	0.00000000	0.00000000	0.00000000	0.00000000	0.99991965	1.00000477	1.00000477	1.00000381
1.57286406	0.00000000	0.00000000	0.00000000	0.00000000	0.99989665	1.00000608	1.00000215	1.00000310
1.67772162	0.00000000	0.00000000	0.00000000	0.00000000	1.00001538	1.00000429	1.00000083	1.00000274
1.88743675	0.00000000	0.00000000	0.00000000	0.00000000	1.00012279	1.00000238	0.99999803	1.00000024
2.09715199	0.00000000	0.00000000	0.00000000	0.00000000	1.00000048	0.99999988	0.99999595	0.99999964
2.30686712	0.00000000	0.00000000	0.00000000	0.00000000	0.99985355	0.99999774	0.99999523	0.99999815
2.51658249	0.00000000	0.00000000	0.00000000	0.00000000	0.99996197	0.99999839	0.99999613	0.99999785
2.72629762	0.00000000	0.00000000	0.00000000	0.00000000	1.00007927	0.99999863	0.99999535	0.99999881
2.93601274	0.00000000	0.00000000	0.00000000	0.00000000	1.00001097	1.00000012	0.99999762	0.99999875
3.14572811	0.00000000	0.00000000	0.00000000	0.00000000	0.99999189	1.00000024	0.99999809	0.99999964
3.35544324	0.00000000	0.00000000	0.00000000	0.00000000	0.99994320	1.00000000	0.99999869	0.99999988
3.77487350	0.00000000	0.00000000	0.00000000	0.00000000	1.00010538	1.00000131	1.00000036	1.00000000
4.19430399	0.00000000	0.00000000	0.00000000	0.00000000	0.99983823	0.99999923	1.00000012	0.99999988
4.61373425	0.00000000	0.00000000	0.00000000	0.00000000	1.00010407	1.00000048	0.99999988	0.99999982
5.03316498	0.00000000	0.00000000	0.00000000	0.00000000	1.00000000	1.00000000	1.00000000	1.00000000
5.45259523	0.00000000	0.00000000	0.00000000	0.00000000	0.00000000	0.00000000	0.00000000	0.00000000
5.87202549	0.00000000	0.00000000	0.00000000	0.00000000	0.00000000	0.00000000	0.00000000	0.00000000
6.29145622	0.00000000	0.00000000	0.00000000	0.00000000	0.00000000	0.00000000	0.00000000	0.00000000
6.71088648	0.00000000	0.00000000	0.00000000	0.00000000	0.00000000	0.00000000	0.00000000	0.00000000
7.54974699	0.00000000	0.00000000	0.00000000	0.00000000	0.00000000	0.00000000	0.00000000	0.00000000
8.38860798	0.00000000	0.00000000	0.00000000	0.00000000	0.00000000	0.00000000	0.00000000	0.00000000
9.22746849	0.00000000	0.00000000	0.00000000	0.00000000	0.00000000	0.00000000	0.00000000	0.00000000
10.06632996	0.00000000	0.00000000	0.00000000	0.00000000	0.00000000	0.00000000	0.00000000	0.00000000
10.90519047	0.00000000	0.00000000	0.00000000	0.00000000	0.00000000	0.00000000	0.00000000	0.00000000
11.74405098	0.00000000	0.00000000	0.00000000	0.00000000	0.00000000	0.00000000	0.00000000	0.00000000
12.58291245	0.00000000	0.00000000	0.00000000	0.00000000	0.00000000	0.00000000	0.00000000	0.00000000
13.42177296	0.00000000	0.00000000	0.00000000	0.00000000	0.00000000	0.00000000	0.00000000	0.00000000
15.09949398	0.00000000	0.00000000	0.00000000	0.00000000	0.00000000	0.00000000	0.00000000	0.00000000
16.77721596	0.00000000	0.00000000	0.00000000	0.00000000	0.00000000	0.00000000	0.00000000	0.00000000
18.45493698	0.00000000	0.00000000	0.00000000	0.00000000	0.00000000	0.00000000	0.00000000	0.00000000
20.13265991	0.00000000	0.00000000	0.00000000	0.00000000	0.00000000	0.00000000	0.00000000	0.00000000
21.81038094	0.00000000	0.00000000	0.00000000	0.00000000	0.00000000	0.00000000	0.00000000	0.00000000
23.48810196	0.00000000	0.00000000	0.00000000	0.00000000	0.00000000	0.00000000	0.00000000	0.00000000
25.16582489	0.00000000	0.00000000	0.00000000	0.00000000	0.00000000	0.00000000	0.00000000	0.00000000
26.84354591	0.00000000	0.00000000	0.00000000	0.00000000	0.00000000	0.00000000	0.00000000	0.00000000
30.19898796	0.00000000	0.00000000	0.00000000	0.00000000	0.00000000	0.00000000	0.00000000	0.00000000
33.55443192	0.00000000	0.00000000	0.00000000	0.00000000	0.00000000	0.00000000	0.00000000	0.00000000
36.90987396	0.00000000	0.00000000	0.00000000	0.00000000	0.00000000	0.00000000	0.00000000	0.00000000
40.26531982	0.00000000	0.00000000	0.00000000	0.00000000	0.00000000	0.00000000	0.00000000	0.00000000
43.62076187	0.00000000	0.00000000	0.00000000	0.00000000	0.00000000	0.00000000	0.00000000	0.00000000
46.97620392	0.00000000	0.00000000	0.00000000	0.00000000	0.00000000	0.00000000	0.00000000	0.00000000
50.33164978	0.00000000	0.00000000	0.00000000	0.00000000	0.00000000	0.00000000	0.00000000	0.00000000
53.68709183	0.00000000	0.00000000	0.00000000	0.00000000	0.00000000	0.00000000	0.00000000	0.00000000
60.39797592	0.00000000	0.00000000	0.00000000	0.00000000	0.00000000	0.00000000	0.00000000	0.00000000
67.10886383	0.00000000	0.00000000	0.00000000	0.00000000	0.00000000	0.00000000	0.00000000	0.00000000
73.81974792	0.00000000	0.00000000	0.00000000	0.00000000	0.00000000	0.00000000	0.00000000	0.00000000
80.53063965	0.00000000	0.00000000	0.00000000	0.00000000	0.00000000	0.00000000	0.00000000	0.00000000
87.24152374	0.00000000	0.00000000	0.00000000	0.00000000	0.00000000	0.00000000	0.00000000	0.00000000
93.95240784	0.00000000	0.00000000	0.00000000	0.00000000	0.00000000	0.00000000	0.00000000	0.00000000
100.66329956	0.00000000	0.00000000	0.00000000	0.00000000	0.00000000	0.00000000	0.00000000	0.00000000
107.37418365	0.00000000	0.00000000	0.00000000	0.00000000	0.00000000	0.00000000	0.00000000	0.00000000
120.79595184	0.00000000	0.00000000	0.00000000	0.00000000	0.00000000	0.00000000	0.00000000	0.00000000
134.21772766	0.00000000	0.00000000	0.00000000	0.00000000	0.00000000	0.00000000	0.00000000	0.00000000
147.63949585	0.00000000	0.00000000	0.00000000	0.00000000	0.00000000	0.00000000	0.00000000	0.00000000
161.06127930	0.00000000	0.00000000	0.00000000	0.00000000	0.00000000	0.00000000	0.00000000	0.00000000
174.48304749	0.00000000	0.00000000	0.00000000	0.00000000	0.00000000	0.00000000	0.00000000	0.00000000
187.90481567	0.00000000	0.00000000	0.00000000	0.00000000	0.00000000	0.00000000	0.00000000	0.00000000
201.32659912	0.00000000	0.00000000	0.00000000	0.00000000	0.00000000	0.00000000	0.00000000	0.00000000
214.74836731	0.00000000	0.00000000	0.00000000	0.00000000	0.00000000	0.00000000	0.00000000	0.00000000
241.59190369	0.00000000	0.00000000	0.00000000	0.00000000	0.00000000	0.00000000	0.00000000	0.00000000
268.43545532	0.00000000	0.00000000	0.00000000	0.00000000	0.00000000	0.00000000	0.00000000	0.00000000
295.27899170	0.00000000	0.00000000	0.00000000	0.00000000	0.00000000	0.00000000	0.00000000	0.00000000
322.12255859	0.00000000	0.00000000	0.00000000	0.00000000	0.00000000	0.00000000	0.00000000	0.00000000
348.96609497	0.00000000	0.00000000	0.00000000	0.00000000	0.00000000	0.00000000	0.00000000	0.00000000
375.80963135	0.00000000	0.00000000	0.00000000	0.00000000	0.00000000	0.00000000	0.00000000	0.00000000
402.65319824	0.00000000	0.00000000	0.00000000	0.00000000	0.00000000	0.00000000	0.00000000	0.00000000
429.49673462	0.00000000	0.00000000	0.00000000	0.00000000	0.00000000	0.00000000	0.00000000	0.00000000
483.18380737	0.00000000	0.00000000	0.00000000	0.00000000	0.00000000	0.00000000	0.00000000	0.00000000
536.87091064	0.00000000	0.00000000	0.00000000	0.00000000	0.00000000	0.00000000	0.00000000	0.00000000
590.55798340	0.00000000	0.00000000	0.00000000	0.00000000	0.00000000	0.00000000	0.00000000	0.00000000
644.24511719	0.00000000	0.00000000	0.00000000	0.00000000	0.00000000	0.00000000	0.00000000	0.00000000
697.93218994	0.00000000	0.00000000	0.00000000	0.00000000	0.00000000	0.00000000	0.00000000	0.00000000
751.61926270	0.00000000	0.00000000	0.00000000	0.00000000	0.00000000	0.00000000	0.00000000	0.00000000
805.30639648	0.00000000	0.00000000	0.00000000	0.00000000	0.00000000	0.00000000	0.00000000	0.00000000
858.99346924	0.00000000	0.00000000	0.00000000	0.00000000	0.00000000	0.00000000	0.00000000	0.00000000
966.36761475	0.00000000	0.00000000	0.00000000	0.00000000	0.00000000	0.00000000	0.00000000	0.00000000
1073.74182129	0.00000000	0.00000000	0.00000000	0.00000000	0.00000000	0.00000000	0.00000000	0.00000000
1181.11596680	0.00000000	0.00000000	0.00000000	0.00000000	0.00000000	0.00000000	0.00000000	0.00000000
1288.49023437	0.00000000	0.00000000	0.00000000	0.00000000	0.00000000	0.00000000	0.00000000	0.00000000
1395.86437988	0.00000000	0.00000000	0.00000000	0.00000000	0.00000000	0.00000000	0.00000000	0.00000000
1503.23852539	0.00000000	0.00000000	0.00000000	0.00000000	0.00000000	0.00000000	0.00000000	0.00000000
1610.61279297	0.00000000	0.00000000	0.00000000	0.00000000	0.00000000	0.00000000	0.00000000	0.00000000
1717.98693848	0.00000000	0.00000000	0.00000000	0.00000000	0.00000000	0.00000000	0.00000000	0.00000000
1932.73522949	0.00000000	0.00000000	0.00000000	0.00000000	0.00000000	0.00000000	0.00000000	0.00000000
2147.48364258	0.00000000	0.00000000	0.00000000	0.00000000	0.00000000	0.00000000	0.00000000	0.00000000
2362.23193359	0.00000000	0.00000000	0.00000000	0.00000000	0.00000000	0.00000000	0.00000000	0.00000000
2576.98046875	0.00000000	0.00000000	0.00000000	0.00000000	0.00000000	0.00000000	0.00000000	0.00000000
2791.72875977	0.00000000	0.00000000	0.00000000	0.00000000	0.00000000	0.00000000	0.00000000	0.00000000
3006.47705078	0.00000000	0.00000000	0.00000000	0.00000000	0.00000000	0.00000000	0.00000000	0.00000000
3221.22558594	0.00000000	0.00000000	0.00000000	0.00000000	0.00000000	0.00000000	0.00000000	0.00000000
3435.97387695	0.00000000	0.00000000	0.00000000	0.00000000	0.00000000	0.00000000	0.00000000	0.00000000
0	0	0	0	0	0	0	0	0
