%2/12/2019 3:08:58 PM
%Duration	ID1		ID2		ID3		ID4		ID5		ID6		ID7		ID8
1000.000000	0.000000	0.000000	0.000000	0.000000	105.113983	2555.780518	2681.560547	2623.491455
%Tau		Tau1		Tau2		Tau3		Tau4		Tau5		Tau6		Tau7		Tau8
%		0.000000	0.000000	0.000000	0.000000	0.000090	0.000003	0.000002	0.000003
%Delaytime	D1		D2		D3		D4		D5		D6		D7		D8
0.00000020	0.00000000	0.00000000	0.00000000	0.00000000	1.64724624	0.92871690	0.95627499	0.93455142
0.00000040	0.00000000	0.00000000	0.00000000	0.00000000	1.55017984	1.00217664	1.00310838	1.00209379
0.00000060	0.00000000	0.00000000	0.00000000	0.00000000	1.48578918	1.00156021	1.00089550	1.00034881
0.00000080	0.00000000	0.00000000	0.00000000	0.00000000	1.53384185	1.00174952	0.99966115	1.00108647
0.00000100	0.00000000	0.00000000	0.00000000	0.00000000	1.48290598	1.00120258	1.00156212	1.00071692
0.00000120	0.00000000	0.00000000	0.00000000	0.00000000	1.50981557	1.00093722	1.00173509	1.00038576
0.00000140	0.00000000	0.00000000	0.00000000	0.00000000	1.52999771	1.00136280	1.00005877	0.99936616
0.00000160	0.00000000	0.00000000	0.00000000	0.00000000	1.45984077	1.00025761	1.00079787	0.99926144
0.00000180	0.00000000	0.00000000	0.00000000	0.00000000	1.52423131	1.00011194	0.99783111	1.00125897
0.00000200	0.00000000	0.00000000	0.00000000	0.00000000	1.54153025	1.00042748	0.99936253	0.99929070
0.00000220	0.00000000	0.00000000	0.00000000	0.00000000	1.50212705	1.00139344	0.99958426	0.99819261
0.00000240	0.00000000	0.00000000	0.00000000	0.00000000	1.46080184	1.00029647	0.99955767	0.99915981
0.00000260	0.00000000	0.00000000	0.00000000	0.00000000	1.42428172	1.00059092	1.00001299	0.99986058
0.00000280	0.00000000	0.00000000	0.00000000	0.00000000	1.45023024	1.00067830	0.99890727	1.00122201
0.00000300	0.00000000	0.00000000	0.00000000	0.00000000	1.50693238	1.00104237	0.99993610	1.00086010
0.00000320	0.00000000	0.00000000	0.00000000	0.00000000	1.41755438	1.00028193	1.00029683	0.99923837
0.00000360	0.00000000	0.00000000	0.00000000	0.00000000	1.49684131	1.00051975	1.00032485	0.99983668
0.00000400	0.00000000	0.00000000	0.00000000	0.00000000	1.46176279	1.00075841	1.00019479	0.99878788
0.00000440	0.00000000	0.00000000	0.00000000	0.00000000	1.47713971	1.00010312	1.00003660	1.00053132
0.00000480	0.00000000	0.00000000	0.00000000	0.00000000	1.48530865	1.00022852	0.99980748	1.00068915
0.00000520	0.00000000	0.00000000	0.00000000	0.00000000	1.46416545	1.00006342	1.00029600	0.99886793
0.00000560	0.00000000	0.00000000	0.00000000	0.00000000	1.47089291	1.00047684	0.99995530	0.99932921
0.00000600	0.00000000	0.00000000	0.00000000	0.00000000	1.46897078	0.99932885	0.99981344	0.99974889
0.00000640	0.00000000	0.00000000	0.00000000	0.00000000	1.45984077	0.99933612	0.99950075	1.00063145
0.00000720	0.00000000	0.00000000	0.00000000	0.00000000	1.47041237	1.00002182	1.00075018	0.99971426
0.00000800	0.00000000	0.00000000	0.00000000	0.00000000	1.46128237	1.00040042	1.00016224	1.00007737
0.00000880	0.00000000	0.00000000	0.00000000	0.00000000	1.46056151	0.99976331	0.99970549	0.99955678
0.00000960	0.00000000	0.00000000	0.00000000	0.00000000	1.45071077	0.99978310	0.99970293	0.99961454
0.00001040	0.00000000	0.00000000	0.00000000	0.00000000	1.43413258	1.00026858	0.99992722	1.00012815
0.00001120	0.00000000	0.00000000	0.00000000	0.00000000	1.43653524	0.99984097	0.99975061	0.99968189
0.00001200	0.00000000	0.00000000	0.00000000	0.00000000	1.44566524	0.99985147	0.99969071	0.99930686
0.00001280	0.00000000	0.00000000	0.00000000	0.00000000	1.43100917	1.00029647	1.00070632	1.00013351
0.00001440	0.00000000	0.00000000	0.00000000	0.00000000	1.43401241	1.00030494	1.00029790	0.99981993
0.00001600	0.00000000	0.00000000	0.00000000	0.00000000	1.42308044	1.00027096	0.99987680	1.00082040
0.00001760	0.00000000	0.00000000	0.00000000	0.00000000	1.41875565	1.00065875	1.00030267	1.00029933
0.00001920	0.00000000	0.00000000	0.00000000	0.00000000	1.38680065	1.00029063	1.00022995	1.00095141
0.00002080	0.00000000	0.00000000	0.00000000	0.00000000	1.40938544	1.00015450	1.00037515	1.00028563
0.00002240	0.00000000	0.00000000	0.00000000	0.00000000	1.36818027	1.00069571	1.00059557	1.00051415
0.00002400	0.00000000	0.00000000	0.00000000	0.00000000	1.37142384	1.00065446	0.99997729	1.00048244
0.00002560	0.00000000	0.00000000	0.00000000	0.00000000	1.37118351	1.00052094	0.99967206	1.00014782
0.00002880	0.00000000	0.00000000	0.00000000	0.00000000	1.36307728	0.99987662	0.99987859	0.99984258
0.00003200	0.00000000	0.00000000	0.00000000	0.00000000	1.35012949	1.00042617	1.00004113	1.00015438
0.00003520	0.00000000	0.00000000	0.00000000	0.00000000	1.35302019	1.00044906	0.99996454	1.00026977
0.00003840	0.00000000	0.00000000	0.00000000	0.00000000	1.32933927	1.00060248	1.00027466	1.00003660
0.00004160	0.00000000	0.00000000	0.00000000	0.00000000	1.31651199	0.99968112	1.00048494	1.00027215
0.00004480	0.00000000	0.00000000	0.00000000	0.00000000	1.28947234	0.99990863	1.00036955	0.99986440
0.00004800	0.00000000	0.00000000	0.00000000	0.00000000	1.29983056	1.00012743	0.99994779	1.00016677
0.00005120	0.00000000	0.00000000	0.00000000	0.00000000	1.29356742	1.00013328	0.99990517	1.00002110
0.00005760	0.00000000	0.00000000	0.00000000	0.00000000	1.25609565	1.00000989	1.00025022	1.00034499
0.00006400	0.00000000	0.00000000	0.00000000	0.00000000	1.26313198	1.00018585	1.00047505	0.99991757
0.00007040	0.00000000	0.00000000	0.00000000	0.00000000	1.23916578	1.00021315	0.99996889	0.99995762
0.00007680	0.00000000	0.00000000	0.00000000	0.00000000	1.21631372	1.00028539	1.00010121	1.00011098
0.00008320	0.00000000	0.00000000	0.00000000	0.00000000	1.20573986	0.99989831	1.00025988	1.00007522
0.00008960	0.00000000	0.00000000	0.00000000	0.00000000	1.19538915	1.00033128	1.00003684	1.00014246
0.00009600	0.00000000	0.00000000	0.00000000	0.00000000	1.17265666	1.00007856	1.00020194	1.00020421
0.00010240	0.00000000	0.00000000	0.00000000	0.00000000	1.17572939	1.00010204	1.00038028	1.00004613
0.00011520	0.00000000	0.00000000	0.00000000	0.00000000	1.13871896	1.00008154	1.00003827	1.00027406
0.00012800	0.00000000	0.00000000	0.00000000	0.00000000	1.12079895	1.00031877	1.00026238	1.00043178
0.00014080	0.00000000	0.00000000	0.00000000	0.00000000	1.10979474	0.99986792	1.00010204	1.00021648
0.00015360	0.00000000	0.00000000	0.00000000	0.00000000	1.09954369	1.00022924	1.00028002	1.00011861
0.00016640	0.00000000	0.00000000	0.00000000	0.00000000	1.07583070	1.00032270	1.00039506	1.00019181
0.00017920	0.00000000	0.00000000	0.00000000	0.00000000	1.06405938	1.00007749	1.00023901	1.00019431
0.00019200	0.00000000	0.00000000	0.00000000	0.00000000	1.07078803	1.00030828	1.00012946	1.00010407
0.00020480	0.00000000	0.00000000	0.00000000	0.00000000	1.05867088	1.00046456	1.00024891	1.00021672
0.00023040	0.00000000	0.00000000	0.00000000	0.00000000	1.04203928	1.00013757	1.00027430	1.00012124
0.00025600	0.00000000	0.00000000	0.00000000	0.00000000	1.02982032	1.00027478	1.00016737	1.00019002
0.00028160	0.00000000	0.00000000	0.00000000	0.00000000	1.02813458	1.00027716	1.00012672	1.00015259
0.00030720	0.00000000	0.00000000	0.00000000	0.00000000	1.01667500	1.00008488	1.00012648	1.00008154
0.00033280	0.00000000	0.00000000	0.00000000	0.00000000	1.01071620	1.00026929	1.00016451	1.00028336
0.00035840	0.00000000	0.00000000	0.00000000	0.00000000	1.00828540	1.00020230	1.00010073	1.00021160
0.00038400	0.00000000	0.00000000	0.00000000	0.00000000	1.00599778	1.00009453	1.00022066	1.00012386
0.00040960	0.00000000	0.00000000	0.00000000	0.00000000	1.00757921	1.00019383	1.00006223	1.00022674
0.00046080	0.00000000	0.00000000	0.00000000	0.00000000	1.00440204	1.00000358	0.99997866	0.99995655
0.00051200	0.00000000	0.00000000	0.00000000	0.00000000	0.99752349	0.99995154	1.00005293	0.99990588
0.00056320	0.00000000	0.00000000	0.00000000	0.00000000	0.99603778	0.99998701	1.00006640	0.99996150
0.00061440	0.00000000	0.00000000	0.00000000	0.00000000	0.99304426	0.99989897	0.99990970	1.00000775
0.00066560	0.00000000	0.00000000	0.00000000	0.00000000	0.99699962	0.99990821	1.00000548	0.99997443
0.00071680	0.00000000	0.00000000	0.00000000	0.00000000	0.99481624	0.99993634	1.00005376	0.99994773
0.00076800	0.00000000	0.00000000	0.00000000	0.00000000	0.99865097	0.99995500	0.99997336	0.99998814
0.00081920	0.00000000	0.00000000	0.00000000	0.00000000	1.00022602	0.99992424	1.00006902	0.99990213
0.00092160	0.00000000	0.00000000	0.00000000	0.00000000	1.00458467	0.99994636	0.99994802	0.99994177
0.00102400	0.00000000	0.00000000	0.00000000	0.00000000	1.00548375	0.99994051	1.00001335	1.00000465
0.00112640	0.00000000	0.00000000	0.00000000	0.00000000	1.00511920	0.99998283	0.99994808	0.99995583
0.00122880	0.00000000	0.00000000	0.00000000	0.00000000	0.99714828	0.99996036	1.00006580	0.99995017
0.00133120	0.00000000	0.00000000	0.00000000	0.00000000	0.99335313	0.99994570	1.00001681	0.99993539
0.00143360	0.00000000	0.00000000	0.00000000	0.00000000	0.99304551	0.99999237	0.99990231	0.99989331
0.00153600	0.00000000	0.00000000	0.00000000	0.00000000	0.98903978	0.99985927	0.99995977	0.99988294
0.00163840	0.00000000	0.00000000	0.00000000	0.00000000	0.99619579	0.99995315	0.99997848	1.00000823
0.00184320	0.00000000	0.00000000	0.00000000	0.00000000	1.00416422	0.99995929	0.99997216	0.99997681
0.00204800	0.00000000	0.00000000	0.00000000	0.00000000	0.99930179	0.99995905	0.99996024	0.99996978
0.00225280	0.00000000	0.00000000	0.00000000	0.00000000	1.00278592	1.00000465	0.99997407	0.99999589
0.00245760	0.00000000	0.00000000	0.00000000	0.00000000	1.00538468	0.99989617	0.99997920	1.00003219
0.00266240	0.00000000	0.00000000	0.00000000	0.00000000	0.99594909	0.99997127	0.99998069	0.99998283
0.00286720	0.00000000	0.00000000	0.00000000	0.00000000	1.00035942	0.99996108	0.99996382	1.00001049
0.00307200	0.00000000	0.00000000	0.00000000	0.00000000	1.00313008	0.99996626	0.99995756	0.99997288
0.00327680	0.00000000	0.00000000	0.00000000	0.00000000	0.99570638	0.99995834	0.99997652	0.99993956
0.00368640	0.00000000	0.00000000	0.00000000	0.00000000	0.99841142	0.99993342	0.99994397	0.99997908
0.00409600	0.00000000	0.00000000	0.00000000	0.00000000	0.99753481	0.99994570	0.99999082	0.99996686
0.00450560	0.00000000	0.00000000	0.00000000	0.00000000	0.99474823	0.99994832	0.99993455	0.99998593
0.00491520	0.00000000	0.00000000	0.00000000	0.00000000	0.99704182	0.99994862	0.99994802	0.99998444
0.00532480	0.00000000	0.00000000	0.00000000	0.00000000	1.00621665	1.00001836	0.99994361	0.99997276
0.00573440	0.00000000	0.00000000	0.00000000	0.00000000	0.99993223	0.99997389	0.99997663	0.99995357
0.00614400	0.00000000	0.00000000	0.00000000	0.00000000	0.99829173	0.99997950	0.99996561	0.99996436
0.00655360	0.00000000	0.00000000	0.00000000	0.00000000	1.00388718	0.99998397	0.99994189	0.99996805
0.00737280	0.00000000	0.00000000	0.00000000	0.00000000	1.00403190	0.99999410	1.00002861	0.99999905
0.00819200	0.00000000	0.00000000	0.00000000	0.00000000	0.99837619	1.00017905	1.00015628	1.00016916
0.00901120	0.00000000	0.00000000	0.00000000	0.00000000	1.00031054	1.00003326	1.00003409	1.00006485
0.00983040	0.00000000	0.00000000	0.00000000	0.00000000	0.99302781	0.99995285	0.99998248	0.99996644
0.01064960	0.00000000	0.00000000	0.00000000	0.00000000	0.99601656	0.99997324	0.99998742	0.99994516
0.01146880	0.00000000	0.00000000	0.00000000	0.00000000	0.99779624	0.99999678	0.99996895	0.99996644
0.01228800	0.00000000	0.00000000	0.00000000	0.00000000	1.00189376	0.99996293	0.99997985	0.99999398
0.01310720	0.00000000	0.00000000	0.00000000	0.00000000	1.00260127	0.99994820	0.99999958	0.99997216
0.01474560	0.00000000	0.00000000	0.00000000	0.00000000	0.99953097	0.99995905	0.99995816	0.99995989
0.01638400	0.00000000	0.00000000	0.00000000	0.00000000	1.00437331	1.00010395	1.00007176	1.00008738
0.01802240	0.00000000	0.00000000	0.00000000	0.00000000	0.99818701	0.99998194	1.00000715	1.00001240
0.01966080	0.00000000	0.00000000	0.00000000	0.00000000	1.00153053	0.99997240	0.99996907	0.99995369
0.02129920	0.00000000	0.00000000	0.00000000	0.00000000	1.00166941	0.99997926	0.99996287	0.99999052
0.02293760	0.00000000	0.00000000	0.00000000	0.00000000	0.99865627	0.99997824	0.99997950	0.99995595
0.02457600	0.00000000	0.00000000	0.00000000	0.00000000	1.00455892	1.00008368	1.00006819	1.00008738
0.02621440	0.00000000	0.00000000	0.00000000	0.00000000	1.00026691	0.99999672	1.00003099	1.00004351
0.02949120	0.00000000	0.00000000	0.00000000	0.00000000	1.00105155	0.99995106	0.99996102	0.99996895
0.03276800	0.00000000	0.00000000	0.00000000	0.00000000	1.00315809	1.00003600	1.00003147	1.00002646
0.03604480	0.00000000	0.00000000	0.00000000	0.00000000	0.99998325	0.99997473	0.99998564	0.99997979
0.03932160	0.00000000	0.00000000	0.00000000	0.00000000	0.99959505	0.99997938	0.99997687	0.99999124
0.04259840	0.00000000	0.00000000	0.00000000	0.00000000	0.99894476	1.00004256	1.00003564	1.00002873
0.04587520	0.00000000	0.00000000	0.00000000	0.00000000	1.00195372	0.99997413	0.99996132	0.99996358
0.04915200	0.00000000	0.00000000	0.00000000	0.00000000	1.00249863	1.00002038	1.00002456	1.00001132
0.05242880	0.00000000	0.00000000	0.00000000	0.00000000	0.99968141	0.99998999	0.99999934	1.00000739
0.05898240	0.00000000	0.00000000	0.00000000	0.00000000	1.00167704	1.00001204	1.00000787	1.00000000
0.06553600	0.00000000	0.00000000	0.00000000	0.00000000	0.99959630	0.99999291	1.00000572	1.00000048
0.07208960	0.00000000	0.00000000	0.00000000	0.00000000	1.00239456	0.99999177	1.00000310	0.99999636
0.07864320	0.00000000	0.00000000	0.00000000	0.00000000	0.99915248	1.00000679	0.99999887	0.99999881
0.08519680	0.00000000	0.00000000	0.00000000	0.00000000	1.00168204	0.99999380	0.99998951	0.99999708
0.09175040	0.00000000	0.00000000	0.00000000	0.00000000	1.00057125	1.00000834	1.00000453	1.00000334
0.09830400	0.00000000	0.00000000	0.00000000	0.00000000	1.00057197	0.99999797	1.00000346	1.00000393
0.10485760	0.00000000	0.00000000	0.00000000	0.00000000	0.99931020	0.99999982	0.99999785	0.99999177
0.11796480	0.00000000	0.00000000	0.00000000	0.00000000	0.99891305	1.00000048	0.99999803	1.00000083
0.13107200	0.00000000	0.00000000	0.00000000	0.00000000	0.99991471	0.99999857	1.00000477	0.99999273
0.14417920	0.00000000	0.00000000	0.00000000	0.00000000	1.00026226	1.00000083	0.99999821	0.99999183
0.15728641	0.00000000	0.00000000	0.00000000	0.00000000	0.99971265	0.99999964	0.99999976	1.00000024
0.17039360	0.00000000	0.00000000	0.00000000	0.00000000	1.00017345	1.00000036	0.99999809	0.99999529
0.18350080	0.00000000	0.00000000	0.00000000	0.00000000	0.99909753	1.00000107	0.99999779	1.00000131
0.19660801	0.00000000	0.00000000	0.00000000	0.00000000	1.00016749	0.99999481	0.99999505	0.99999458
0.20971520	0.00000000	0.00000000	0.00000000	0.00000000	0.99966514	1.00000262	1.00000286	1.00000298
0.23592959	0.00000000	0.00000000	0.00000000	0.00000000	1.00022805	1.00000262	0.99999797	1.00000060
0.26214400	0.00000000	0.00000000	0.00000000	0.00000000	0.99972910	0.99999869	0.99999762	1.00000274
0.28835839	0.00000000	0.00000000	0.00000000	0.00000000	1.00024498	0.99999905	1.00000536	1.00000215
0.31457281	0.00000000	0.00000000	0.00000000	0.00000000	1.00001156	1.00000274	0.99999678	0.99999815
0.34078720	0.00000000	0.00000000	0.00000000	0.00000000	0.99990028	0.99999887	1.00000060	1.00000119
0.36700159	0.00000000	0.00000000	0.00000000	0.00000000	0.99996132	0.99999976	0.99999797	0.99999845
0.39321601	0.00000000	0.00000000	0.00000000	0.00000000	1.00030982	0.99999988	1.00000179	0.99999893
0.41943040	0.00000000	0.00000000	0.00000000	0.00000000	0.99933678	1.00000119	0.99999952	1.00000083
0.47185919	0.00000000	0.00000000	0.00000000	0.00000000	1.00049627	1.00000048	0.99999875	0.99999797
0.52428800	0.00000000	0.00000000	0.00000000	0.00000000	1.00016308	1.00000107	0.99999779	1.00000048
0.57671678	0.00000000	0.00000000	0.00000000	0.00000000	0.99935442	0.99999970	0.99999815	1.00000024
0.62914562	0.00000000	0.00000000	0.00000000	0.00000000	0.99961311	0.99999964	0.99999952	1.00000393
0.68157440	0.00000000	0.00000000	0.00000000	0.00000000	0.99998260	1.00000036	1.00000238	1.00000048
0.73400319	0.00000000	0.00000000	0.00000000	0.00000000	0.99948633	0.99999917	0.99999744	1.00000083
0.78643203	0.00000000	0.00000000	0.00000000	0.00000000	1.00023651	1.00000131	1.00000298	0.99999768
0.83886081	0.00000000	0.00000000	0.00000000	0.00000000	1.00029433	0.99999982	0.99999726	0.99999923
0.94371837	0.00000000	0.00000000	0.00000000	0.00000000	1.00034165	0.99999970	1.00000107	0.99999923
1.04857600	0.00000000	0.00000000	0.00000000	0.00000000	0.99973023	1.00000072	0.99999988	1.00000048
1.15343356	0.00000000	0.00000000	0.00000000	0.00000000	1.00016606	1.00000012	1.00000238	1.00000048
1.25829124	0.00000000	0.00000000	0.00000000	0.00000000	1.00050259	0.99999982	0.99999893	1.00000286
1.36314881	0.00000000	0.00000000	0.00000000	0.00000000	0.99993098	1.00000048	0.99999893	0.99999726
1.46800637	0.00000000	0.00000000	0.00000000	0.00000000	0.99987906	0.99999911	0.99999869	0.99999869
1.57286406	0.00000000	0.00000000	0.00000000	0.00000000	1.00005662	1.00000095	1.00000358	0.99999708
1.67772162	0.00000000	0.00000000	0.00000000	0.00000000	0.99999857	1.00000060	0.99999630	0.99999887
1.88743675	0.00000000	0.00000000	0.00000000	0.00000000	0.00000000	0.00000000	0.00000000	0.00000000
2.09715199	0.00000000	0.00000000	0.00000000	0.00000000	0.00000000	0.00000000	0.00000000	0.00000000
2.30686712	0.00000000	0.00000000	0.00000000	0.00000000	0.00000000	0.00000000	0.00000000	0.00000000
2.51658249	0.00000000	0.00000000	0.00000000	0.00000000	0.00000000	0.00000000	0.00000000	0.00000000
2.72629762	0.00000000	0.00000000	0.00000000	0.00000000	0.00000000	0.00000000	0.00000000	0.00000000
2.93601274	0.00000000	0.00000000	0.00000000	0.00000000	0.00000000	0.00000000	0.00000000	0.00000000
3.14572811	0.00000000	0.00000000	0.00000000	0.00000000	0.00000000	0.00000000	0.00000000	0.00000000
3.35544324	0.00000000	0.00000000	0.00000000	0.00000000	0.00000000	0.00000000	0.00000000	0.00000000
3.77487350	0.00000000	0.00000000	0.00000000	0.00000000	0.00000000	0.00000000	0.00000000	0.00000000
4.19430399	0.00000000	0.00000000	0.00000000	0.00000000	0.00000000	0.00000000	0.00000000	0.00000000
4.61373425	0.00000000	0.00000000	0.00000000	0.00000000	0.00000000	0.00000000	0.00000000	0.00000000
5.03316498	0.00000000	0.00000000	0.00000000	0.00000000	0.00000000	0.00000000	0.00000000	0.00000000
5.45259523	0.00000000	0.00000000	0.00000000	0.00000000	0.00000000	0.00000000	0.00000000	0.00000000
5.87202549	0.00000000	0.00000000	0.00000000	0.00000000	0.00000000	0.00000000	0.00000000	0.00000000
6.29145622	0.00000000	0.00000000	0.00000000	0.00000000	0.00000000	0.00000000	0.00000000	0.00000000
6.71088648	0.00000000	0.00000000	0.00000000	0.00000000	0.00000000	0.00000000	0.00000000	0.00000000
7.54974699	0.00000000	0.00000000	0.00000000	0.00000000	0.00000000	0.00000000	0.00000000	0.00000000
8.38860798	0.00000000	0.00000000	0.00000000	0.00000000	0.00000000	0.00000000	0.00000000	0.00000000
9.22746849	0.00000000	0.00000000	0.00000000	0.00000000	0.00000000	0.00000000	0.00000000	0.00000000
10.06632996	0.00000000	0.00000000	0.00000000	0.00000000	0.00000000	0.00000000	0.00000000	0.00000000
10.90519047	0.00000000	0.00000000	0.00000000	0.00000000	0.00000000	0.00000000	0.00000000	0.00000000
11.74405098	0.00000000	0.00000000	0.00000000	0.00000000	0.00000000	0.00000000	0.00000000	0.00000000
12.58291245	0.00000000	0.00000000	0.00000000	0.00000000	0.00000000	0.00000000	0.00000000	0.00000000
13.42177296	0.00000000	0.00000000	0.00000000	0.00000000	0.00000000	0.00000000	0.00000000	0.00000000
15.09949398	0.00000000	0.00000000	0.00000000	0.00000000	0.00000000	0.00000000	0.00000000	0.00000000
16.77721596	0.00000000	0.00000000	0.00000000	0.00000000	0.00000000	0.00000000	0.00000000	0.00000000
18.45493698	0.00000000	0.00000000	0.00000000	0.00000000	0.00000000	0.00000000	0.00000000	0.00000000
20.13265991	0.00000000	0.00000000	0.00000000	0.00000000	0.00000000	0.00000000	0.00000000	0.00000000
21.81038094	0.00000000	0.00000000	0.00000000	0.00000000	0.00000000	0.00000000	0.00000000	0.00000000
23.48810196	0.00000000	0.00000000	0.00000000	0.00000000	0.00000000	0.00000000	0.00000000	0.00000000
25.16582489	0.00000000	0.00000000	0.00000000	0.00000000	0.00000000	0.00000000	0.00000000	0.00000000
26.84354591	0.00000000	0.00000000	0.00000000	0.00000000	0.00000000	0.00000000	0.00000000	0.00000000
30.19898796	0.00000000	0.00000000	0.00000000	0.00000000	0.00000000	0.00000000	0.00000000	0.00000000
33.55443192	0.00000000	0.00000000	0.00000000	0.00000000	0.00000000	0.00000000	0.00000000	0.00000000
36.90987396	0.00000000	0.00000000	0.00000000	0.00000000	0.00000000	0.00000000	0.00000000	0.00000000
40.26531982	0.00000000	0.00000000	0.00000000	0.00000000	0.00000000	0.00000000	0.00000000	0.00000000
43.62076187	0.00000000	0.00000000	0.00000000	0.00000000	0.00000000	0.00000000	0.00000000	0.00000000
46.97620392	0.00000000	0.00000000	0.00000000	0.00000000	0.00000000	0.00000000	0.00000000	0.00000000
50.33164978	0.00000000	0.00000000	0.00000000	0.00000000	0.00000000	0.00000000	0.00000000	0.00000000
53.68709183	0.00000000	0.00000000	0.00000000	0.00000000	0.00000000	0.00000000	0.00000000	0.00000000
60.39797592	0.00000000	0.00000000	0.00000000	0.00000000	0.00000000	0.00000000	0.00000000	0.00000000
67.10886383	0.00000000	0.00000000	0.00000000	0.00000000	0.00000000	0.00000000	0.00000000	0.00000000
73.81974792	0.00000000	0.00000000	0.00000000	0.00000000	0.00000000	0.00000000	0.00000000	0.00000000
80.53063965	0.00000000	0.00000000	0.00000000	0.00000000	0.00000000	0.00000000	0.00000000	0.00000000
87.24152374	0.00000000	0.00000000	0.00000000	0.00000000	0.00000000	0.00000000	0.00000000	0.00000000
93.95240784	0.00000000	0.00000000	0.00000000	0.00000000	0.00000000	0.00000000	0.00000000	0.00000000
100.66329956	0.00000000	0.00000000	0.00000000	0.00000000	0.00000000	0.00000000	0.00000000	0.00000000
107.37418365	0.00000000	0.00000000	0.00000000	0.00000000	0.00000000	0.00000000	0.00000000	0.00000000
120.79595184	0.00000000	0.00000000	0.00000000	0.00000000	0.00000000	0.00000000	0.00000000	0.00000000
134.21772766	0.00000000	0.00000000	0.00000000	0.00000000	0.00000000	0.00000000	0.00000000	0.00000000
147.63949585	0.00000000	0.00000000	0.00000000	0.00000000	0.00000000	0.00000000	0.00000000	0.00000000
161.06127930	0.00000000	0.00000000	0.00000000	0.00000000	0.00000000	0.00000000	0.00000000	0.00000000
174.48304749	0.00000000	0.00000000	0.00000000	0.00000000	0.00000000	0.00000000	0.00000000	0.00000000
187.90481567	0.00000000	0.00000000	0.00000000	0.00000000	0.00000000	0.00000000	0.00000000	0.00000000
201.32659912	0.00000000	0.00000000	0.00000000	0.00000000	0.00000000	0.00000000	0.00000000	0.00000000
214.74836731	0.00000000	0.00000000	0.00000000	0.00000000	0.00000000	0.00000000	0.00000000	0.00000000
241.59190369	0.00000000	0.00000000	0.00000000	0.00000000	0.00000000	0.00000000	0.00000000	0.00000000
268.43545532	0.00000000	0.00000000	0.00000000	0.00000000	0.00000000	0.00000000	0.00000000	0.00000000
295.27899170	0.00000000	0.00000000	0.00000000	0.00000000	0.00000000	0.00000000	0.00000000	0.00000000
322.12255859	0.00000000	0.00000000	0.00000000	0.00000000	0.00000000	0.00000000	0.00000000	0.00000000
348.96609497	0.00000000	0.00000000	0.00000000	0.00000000	0.00000000	0.00000000	0.00000000	0.00000000
375.80963135	0.00000000	0.00000000	0.00000000	0.00000000	0.00000000	0.00000000	0.00000000	0.00000000
402.65319824	0.00000000	0.00000000	0.00000000	0.00000000	0.00000000	0.00000000	0.00000000	0.00000000
429.49673462	0.00000000	0.00000000	0.00000000	0.00000000	0.00000000	0.00000000	0.00000000	0.00000000
483.18380737	0.00000000	0.00000000	0.00000000	0.00000000	0.00000000	0.00000000	0.00000000	0.00000000
536.87091064	0.00000000	0.00000000	0.00000000	0.00000000	0.00000000	0.00000000	0.00000000	0.00000000
590.55798340	0.00000000	0.00000000	0.00000000	0.00000000	0.00000000	0.00000000	0.00000000	0.00000000
644.24511719	0.00000000	0.00000000	0.00000000	0.00000000	0.00000000	0.00000000	0.00000000	0.00000000
697.93218994	0.00000000	0.00000000	0.00000000	0.00000000	0.00000000	0.00000000	0.00000000	0.00000000
751.61926270	0.00000000	0.00000000	0.00000000	0.00000000	0.00000000	0.00000000	0.00000000	0.00000000
805.30639648	0.00000000	0.00000000	0.00000000	0.00000000	0.00000000	0.00000000	0.00000000	0.00000000
858.99346924	0.00000000	0.00000000	0.00000000	0.00000000	0.00000000	0.00000000	0.00000000	0.00000000
966.36761475	0.00000000	0.00000000	0.00000000	0.00000000	0.00000000	0.00000000	0.00000000	0.00000000
1073.74182129	0.00000000	0.00000000	0.00000000	0.00000000	0.00000000	0.00000000	0.00000000	0.00000000
1181.11596680	0.00000000	0.00000000	0.00000000	0.00000000	0.00000000	0.00000000	0.00000000	0.00000000
1288.49023437	0.00000000	0.00000000	0.00000000	0.00000000	0.00000000	0.00000000	0.00000000	0.00000000
1395.86437988	0.00000000	0.00000000	0.00000000	0.00000000	0.00000000	0.00000000	0.00000000	0.00000000
1503.23852539	0.00000000	0.00000000	0.00000000	0.00000000	0.00000000	0.00000000	0.00000000	0.00000000
1610.61279297	0.00000000	0.00000000	0.00000000	0.00000000	0.00000000	0.00000000	0.00000000	0.00000000
1717.98693848	0.00000000	0.00000000	0.00000000	0.00000000	0.00000000	0.00000000	0.00000000	0.00000000
1932.73522949	0.00000000	0.00000000	0.00000000	0.00000000	0.00000000	0.00000000	0.00000000	0.00000000
2147.48364258	0.00000000	0.00000000	0.00000000	0.00000000	0.00000000	0.00000000	0.00000000	0.00000000
2362.23193359	0.00000000	0.00000000	0.00000000	0.00000000	0.00000000	0.00000000	0.00000000	0.00000000
2576.98046875	0.00000000	0.00000000	0.00000000	0.00000000	0.00000000	0.00000000	0.00000000	0.00000000
2791.72875977	0.00000000	0.00000000	0.00000000	0.00000000	0.00000000	0.00000000	0.00000000	0.00000000
3006.47705078	0.00000000	0.00000000	0.00000000	0.00000000	0.00000000	0.00000000	0.00000000	0.00000000
3221.22558594	0.00000000	0.00000000	0.00000000	0.00000000	0.00000000	0.00000000	0.00000000	0.00000000
3435.97387695	0.00000000	0.00000000	0.00000000	0.00000000	0.00000000	0.00000000	0.00000000	0.00000000
0	0	0	0	0	0	0	0	0
