%2/12/2019 3:12:01 PM
%Duration	ID1		ID2		ID3		ID4		ID5		ID6		ID7		ID8
3000.000000	0.000000	0.000000	0.000000	0.000000	74.424744	1816.587524	1823.272705	1752.109619
%Tau		Tau1		Tau2		Tau3		Tau4		Tau5		Tau6		Tau7		Tau8
%		0.000000	0.000000	0.000000	0.000000	0.000058	0.000096	0.000384	0.001843
%Delaytime	D1		D2		D3		D4		D5		D6		D7		D8
0.00000020	0.00000000	0.00000000	0.00000000	0.00000000	1.69153225	0.93793237	0.96850193	0.94088483
0.00000040	0.00000000	0.00000000	0.00000000	0.00000000	1.54932380	1.00335956	1.00348711	1.00249195
0.00000060	0.00000000	0.00000000	0.00000000	0.00000000	1.48695159	1.00165105	1.00054681	1.00179136
0.00000080	0.00000000	0.00000000	0.00000000	0.00000000	1.52000892	1.00180221	1.00176454	1.00128567
0.00000100	0.00000000	0.00000000	0.00000000	0.00000000	1.46824002	1.00115454	0.99898618	1.00085938
0.00000120	0.00000000	0.00000000	0.00000000	0.00000000	1.54682887	1.00158596	1.00132418	1.00065064
0.00000140	0.00000000	0.00000000	0.00000000	0.00000000	1.51938510	1.00065291	1.00075328	1.00169086
0.00000160	0.00000000	0.00000000	0.00000000	0.00000000	1.42520320	1.00046432	0.99949259	1.00100875
0.00000180	0.00000000	0.00000000	0.00000000	0.00000000	1.49381256	1.00189817	1.00005031	1.00206733
0.00000200	0.00000000	0.00000000	0.00000000	0.00000000	1.46200275	1.00170279	1.00041127	1.00058246
0.00000220	0.00000000	0.00000000	0.00000000	0.00000000	1.44578600	1.00083315	1.00186610	1.00006008
0.00000240	0.00000000	0.00000000	0.00000000	0.00000000	1.49131775	1.00048351	0.99977434	1.00025487
0.00000260	0.00000000	0.00000000	0.00000000	0.00000000	1.44578600	1.00131643	1.00121105	1.00092840
0.00000280	0.00000000	0.00000000	0.00000000	0.00000000	1.44141996	1.00103271	1.00049722	1.00117469
0.00000300	0.00000000	0.00000000	0.00000000	0.00000000	1.45077586	1.00017631	1.00039482	0.99970549
0.00000320	0.00000000	0.00000000	0.00000000	0.00000000	1.53435445	1.00096250	0.99984622	1.00119126
0.00000360	0.00000000	0.00000000	0.00000000	0.00000000	1.43237603	1.00126004	1.00043726	1.00114155
0.00000400	0.00000000	0.00000000	0.00000000	0.00000000	1.45545375	1.00022650	1.00078142	1.00078166
0.00000440	0.00000000	0.00000000	0.00000000	0.00000000	1.48196185	1.00004160	0.99996310	0.99966925
0.00000480	0.00000000	0.00000000	0.00000000	0.00000000	1.45607746	0.99971986	1.00105858	1.00010204
0.00000520	0.00000000	0.00000000	0.00000000	0.00000000	1.42645073	1.00013959	1.00056994	1.00013959
0.00000560	0.00000000	0.00000000	0.00000000	0.00000000	1.44422674	1.00026822	1.00121641	1.00110221
0.00000600	0.00000000	0.00000000	0.00000000	0.00000000	1.43892515	1.00035918	1.00092065	1.00106025
0.00000640	0.00000000	0.00000000	0.00000000	0.00000000	1.46013165	1.00040209	1.00032330	1.00016582
0.00000720	0.00000000	0.00000000	0.00000000	0.00000000	1.43908107	1.00066435	1.00003994	1.00042021
0.00000800	0.00000000	0.00000000	0.00000000	0.00000000	1.43003702	1.00045180	1.00009608	1.00010073
0.00000880	0.00000000	0.00000000	0.00000000	0.00000000	1.43908107	1.00005937	1.00097740	1.00062811
0.00000960	0.00000000	0.00000000	0.00000000	0.00000000	1.43923700	1.00009143	1.00050318	1.00055540
0.00001040	0.00000000	0.00000000	0.00000000	0.00000000	1.41460001	1.00085056	1.00101888	1.00097489
0.00001120	0.00000000	0.00000000	0.00000000	0.00000000	1.42052531	1.00042677	1.00017810	0.99949563
0.00001200	0.00000000	0.00000000	0.00000000	0.00000000	1.40805089	1.00002992	1.00029588	1.00025821
0.00001280	0.00000000	0.00000000	0.00000000	0.00000000	1.41569149	1.00046790	1.00077605	1.00021625
0.00001440	0.00000000	0.00000000	0.00000000	0.00000000	1.38629866	1.00058031	1.00048280	1.00068879
0.00001600	0.00000000	0.00000000	0.00000000	0.00000000	1.35183799	1.00045919	1.00108254	1.00100207
0.00001760	0.00000000	0.00000000	0.00000000	0.00000000	1.38676643	1.00030577	1.00092161	1.00110507
0.00001920	0.00000000	0.00000000	0.00000000	0.00000000	1.36594975	1.00109744	1.00125575	1.00147140
0.00002080	0.00000000	0.00000000	0.00000000	0.00000000	1.35137022	1.00099778	1.00016403	1.00059867
0.00002240	0.00000000	0.00000000	0.00000000	0.00000000	1.34068894	1.00060749	1.00101769	1.00113928
0.00002400	0.00000000	0.00000000	0.00000000	0.00000000	1.31675363	1.00034583	1.00064361	1.00091588
0.00002560	0.00000000	0.00000000	0.00000000	0.00000000	1.31768930	1.00058150	1.00024652	1.00026608
0.00002880	0.00000000	0.00000000	0.00000000	0.00000000	1.30188918	1.00100875	1.00074482	1.00079834
0.00003200	0.00000000	0.00000000	0.00000000	0.00000000	1.29713392	1.00069630	1.00105834	1.00088561
0.00003520	0.00000000	0.00000000	0.00000000	0.00000000	1.26174235	1.00102127	1.00096869	1.00119269
0.00003840	0.00000000	0.00000000	0.00000000	0.00000000	1.25001013	1.00108588	1.00103319	1.00114012
0.00004160	0.00000000	0.00000000	0.00000000	0.00000000	1.25169194	1.00093162	1.00125873	1.00127411
0.00004480	0.00000000	0.00000000	0.00000000	0.00000000	1.24763823	1.00097144	1.00096357	1.00069869
0.00004800	0.00000000	0.00000000	0.00000000	0.00000000	1.21712422	1.00077331	1.00079226	1.00074732
0.00005120	0.00000000	0.00000000	0.00000000	0.00000000	1.20706797	1.00061274	1.00139236	1.00096703
0.00005760	0.00000000	0.00000000	0.00000000	0.00000000	1.19700563	1.00072908	1.00136197	1.00110388
0.00006400	0.00000000	0.00000000	0.00000000	0.00000000	1.17235267	1.00103879	1.00096941	1.00089431
0.00007040	0.00000000	0.00000000	0.00000000	0.00000000	1.16950321	1.00089383	1.00095713	1.00106394
0.00007680	0.00000000	0.00000000	0.00000000	0.00000000	1.13774085	1.00107205	1.00110996	1.00138521
0.00008320	0.00000000	0.00000000	0.00000000	0.00000000	1.12359869	1.00104332	1.00107086	1.00096476
0.00008960	0.00000000	0.00000000	0.00000000	0.00000000	1.11777425	1.00089538	1.00127184	1.00085008
0.00009600	0.00000000	0.00000000	0.00000000	0.00000000	1.10770333	1.00113547	1.00123310	1.00113821
0.00010240	0.00000000	0.00000000	0.00000000	0.00000000	1.09511459	1.00098038	1.00115311	1.00079119
0.00011520	0.00000000	0.00000000	0.00000000	0.00000000	1.07786846	1.00078309	1.00108254	1.00099790
0.00012800	0.00000000	0.00000000	0.00000000	0.00000000	1.06591332	1.00098157	1.00114632	1.00115144
0.00014080	0.00000000	0.00000000	0.00000000	0.00000000	1.05858636	1.00103557	1.00128877	1.00118864
0.00015360	0.00000000	0.00000000	0.00000000	0.00000000	1.04885757	1.00082564	1.00121510	1.00101233
0.00016640	0.00000000	0.00000000	0.00000000	0.00000000	1.04190075	1.00103474	1.00101185	1.00094616
0.00017920	0.00000000	0.00000000	0.00000000	0.00000000	1.02997458	1.00113261	1.00118101	1.00124967
0.00019200	0.00000000	0.00000000	0.00000000	0.00000000	1.03022313	1.00098133	1.00101662	1.00099111
0.00020480	0.00000000	0.00000000	0.00000000	0.00000000	1.01969552	1.00098491	1.00102615	1.00103223
0.00023040	0.00000000	0.00000000	0.00000000	0.00000000	1.01238573	1.00096583	1.00101066	1.00104201
0.00025600	0.00000000	0.00000000	0.00000000	0.00000000	1.01268756	1.00100577	1.00097132	1.00094140
0.00028160	0.00000000	0.00000000	0.00000000	0.00000000	1.00705624	1.00091136	1.00091207	1.00092459
0.00030720	0.00000000	0.00000000	0.00000000	0.00000000	1.00625753	1.00097024	1.00100017	1.00077200
0.00033280	0.00000000	0.00000000	0.00000000	0.00000000	1.00826943	1.00078356	1.00087631	1.00085270
0.00035840	0.00000000	0.00000000	0.00000000	0.00000000	1.00560033	1.00076485	1.00085950	1.00084186
0.00038400	0.00000000	0.00000000	0.00000000	0.00000000	1.00246775	1.00070369	1.00087762	1.00096667
0.00040960	0.00000000	0.00000000	0.00000000	0.00000000	1.00295973	1.00071442	1.00084722	1.00086069
0.00046080	0.00000000	0.00000000	0.00000000	0.00000000	1.00088310	1.00072038	1.00073278	1.00074494
0.00051200	0.00000000	0.00000000	0.00000000	0.00000000	0.99920487	1.00053346	1.00064480	1.00061631
0.00056320	0.00000000	0.00000000	0.00000000	0.00000000	1.00106275	1.00047147	1.00058544	1.00062048
0.00061440	0.00000000	0.00000000	0.00000000	0.00000000	1.00045133	1.00047278	1.00049198	1.00055790
0.00066560	0.00000000	0.00000000	0.00000000	0.00000000	0.99776495	1.00040913	1.00047636	1.00059164
0.00071680	0.00000000	0.00000000	0.00000000	0.00000000	0.99723136	1.00052702	1.00043929	1.00047719
0.00076800	0.00000000	0.00000000	0.00000000	0.00000000	1.00141430	1.00050199	1.00051284	1.00061822
0.00081920	0.00000000	0.00000000	0.00000000	0.00000000	1.00345278	1.00050569	1.00047326	1.00062537
0.00092160	0.00000000	0.00000000	0.00000000	0.00000000	1.00393760	1.00056005	1.00051105	1.00064611
0.00102400	0.00000000	0.00000000	0.00000000	0.00000000	1.00375366	1.00047493	1.00058198	1.00058568
0.00112640	0.00000000	0.00000000	0.00000000	0.00000000	0.99869996	1.00049734	1.00055659	1.00063992
0.00122880	0.00000000	0.00000000	0.00000000	0.00000000	1.00066924	1.00047779	1.00056434	1.00064480
0.00133120	0.00000000	0.00000000	0.00000000	0.00000000	0.99970800	1.00048578	1.00050890	1.00060773
0.00143360	0.00000000	0.00000000	0.00000000	0.00000000	1.00482583	1.00051153	1.00052929	1.00058389
0.00153600	0.00000000	0.00000000	0.00000000	0.00000000	0.99801135	1.00051451	1.00051391	1.00067902
0.00163840	0.00000000	0.00000000	0.00000000	0.00000000	0.99764115	1.00053406	1.00053012	1.00056863
0.00184320	0.00000000	0.00000000	0.00000000	0.00000000	1.00237489	1.00052452	1.00054359	1.00063455
0.00204800	0.00000000	0.00000000	0.00000000	0.00000000	1.00051236	1.00054264	1.00055003	1.00068343
0.00225280	0.00000000	0.00000000	0.00000000	0.00000000	0.99860704	1.00057030	1.00054765	1.00066054
0.00245760	0.00000000	0.00000000	0.00000000	0.00000000	0.99759746	1.00057828	1.00055027	1.00067842
0.00266240	0.00000000	0.00000000	0.00000000	0.00000000	0.99867529	1.00054789	1.00059938	1.00071299
0.00286720	0.00000000	0.00000000	0.00000000	0.00000000	0.99919885	1.00054693	1.00053954	1.00069356
0.00307200	0.00000000	0.00000000	0.00000000	0.00000000	0.99730492	1.00049937	1.00052655	1.00064015
0.00327680	0.00000000	0.00000000	0.00000000	0.00000000	0.99730963	1.00054479	1.00057828	1.00064671
0.00368640	0.00000000	0.00000000	0.00000000	0.00000000	0.99925727	1.00054657	1.00059938	1.00070560
0.00409600	0.00000000	0.00000000	0.00000000	0.00000000	1.00126708	1.00052571	1.00057650	1.00066876
0.00450560	0.00000000	0.00000000	0.00000000	0.00000000	1.00091147	1.00058019	1.00057280	1.00069499
0.00491520	0.00000000	0.00000000	0.00000000	0.00000000	1.00120425	1.00056183	1.00058293	1.00074673
0.00532480	0.00000000	0.00000000	0.00000000	0.00000000	1.00025010	1.00054324	1.00059116	1.00069082
0.00573440	0.00000000	0.00000000	0.00000000	0.00000000	1.00029492	1.00054443	1.00059688	1.00072205
0.00614400	0.00000000	0.00000000	0.00000000	0.00000000	0.99832636	1.00060010	1.00055277	1.00069892
0.00655360	0.00000000	0.00000000	0.00000000	0.00000000	0.99915266	1.00054359	1.00056040	1.00068045
0.00737280	0.00000000	0.00000000	0.00000000	0.00000000	0.99931788	1.00058532	1.00065517	1.00074291
0.00819200	0.00000000	0.00000000	0.00000000	0.00000000	0.99931180	1.00101805	1.00106025	1.00111413
0.00901120	0.00000000	0.00000000	0.00000000	0.00000000	0.99958831	1.00074017	1.00079024	1.00088811
0.00983040	0.00000000	0.00000000	0.00000000	0.00000000	0.99737209	1.00055981	1.00059974	1.00070751
0.01064960	0.00000000	0.00000000	0.00000000	0.00000000	1.00345159	1.00057697	1.00059104	1.00073195
0.01146880	0.00000000	0.00000000	0.00000000	0.00000000	1.00043035	1.00055897	1.00058639	1.00072050
0.01228800	0.00000000	0.00000000	0.00000000	0.00000000	0.99898446	1.00056756	1.00063086	1.00070953
0.01310720	0.00000000	0.00000000	0.00000000	0.00000000	0.99965417	1.00056458	1.00061953	1.00071108
0.01474560	0.00000000	0.00000000	0.00000000	0.00000000	1.00010085	1.00058627	1.00064397	1.00074911
0.01638400	0.00000000	0.00000000	0.00000000	0.00000000	0.99741238	1.00083399	1.00089848	1.00096154
0.01802240	0.00000000	0.00000000	0.00000000	0.00000000	0.99962360	1.00066471	1.00069141	1.00079966
0.01966080	0.00000000	0.00000000	0.00000000	0.00000000	0.99926823	1.00060022	1.00063241	1.00074220
0.02129920	0.00000000	0.00000000	0.00000000	0.00000000	0.99867666	1.00057817	1.00062823	1.00073075
0.02293760	0.00000000	0.00000000	0.00000000	0.00000000	1.00088048	1.00057554	1.00062096	1.00073361
0.02457600	0.00000000	0.00000000	0.00000000	0.00000000	0.99958569	1.00078237	1.00085223	1.00092196
0.02621440	0.00000000	0.00000000	0.00000000	0.00000000	1.00060225	1.00066531	1.00069416	1.00081527
0.02949120	0.00000000	0.00000000	0.00000000	0.00000000	0.99974364	1.00058913	1.00064564	1.00075364
0.03276800	0.00000000	0.00000000	0.00000000	0.00000000	1.00108540	1.00072539	1.00076938	1.00086200
0.03604480	0.00000000	0.00000000	0.00000000	0.00000000	0.99896187	1.00062323	1.00067031	1.00077951
0.03932160	0.00000000	0.00000000	0.00000000	0.00000000	1.00008154	1.00063396	1.00065899	1.00077868
0.04259840	0.00000000	0.00000000	0.00000000	0.00000000	1.00003028	1.00070739	1.00074780	1.00085771
0.04587520	0.00000000	0.00000000	0.00000000	0.00000000	1.00089681	1.00058067	1.00061941	1.00073099
0.04915200	0.00000000	0.00000000	0.00000000	0.00000000	1.00048554	1.00069141	1.00072944	1.00083613
0.05242880	0.00000000	0.00000000	0.00000000	0.00000000	0.99977273	1.00062501	1.00066018	1.00077367
0.05898240	0.00000000	0.00000000	0.00000000	0.00000000	0.99986267	1.00066614	1.00069714	1.00081372
0.06553600	0.00000000	0.00000000	0.00000000	0.00000000	0.99986905	1.00064814	1.00068057	1.00079250
0.07208960	0.00000000	0.00000000	0.00000000	0.00000000	1.00082529	1.00062978	1.00066793	1.00077188
0.07864320	0.00000000	0.00000000	0.00000000	0.00000000	1.00073373	1.00062943	1.00066435	1.00076759
0.08519680	0.00000000	0.00000000	0.00000000	0.00000000	0.99973971	1.00062191	1.00065434	1.00076258
0.09175040	0.00000000	0.00000000	0.00000000	0.00000000	0.99985927	1.00062644	1.00066936	1.00077093
0.09830400	0.00000000	0.00000000	0.00000000	0.00000000	0.99960762	1.00061381	1.00063789	1.00073564
0.10485760	0.00000000	0.00000000	0.00000000	0.00000000	1.00024748	1.00058854	1.00063717	1.00073576
0.11796480	0.00000000	0.00000000	0.00000000	0.00000000	0.99970353	1.00057459	1.00060165	1.00070989
0.13107200	0.00000000	0.00000000	0.00000000	0.00000000	1.00023282	1.00055838	1.00059545	1.00068092
0.14417920	0.00000000	0.00000000	0.00000000	0.00000000	0.99971646	1.00054407	1.00058115	1.00066125
0.15728641	0.00000000	0.00000000	0.00000000	0.00000000	1.00052655	1.00053525	1.00056839	1.00064647
0.17039360	0.00000000	0.00000000	0.00000000	0.00000000	0.99944121	1.00051570	1.00054312	1.00063241
0.18350080	0.00000000	0.00000000	0.00000000	0.00000000	0.99996710	1.00051200	1.00053847	1.00061822
0.19660801	0.00000000	0.00000000	0.00000000	0.00000000	0.99984926	1.00048590	1.00052345	1.00059593
0.20971520	0.00000000	0.00000000	0.00000000	0.00000000	0.99990588	1.00047600	1.00051236	1.00058770
0.23592959	0.00000000	0.00000000	0.00000000	0.00000000	1.00017273	1.00043142	1.00046849	1.00052297
0.26214400	0.00000000	0.00000000	0.00000000	0.00000000	1.00019670	1.00041306	1.00044107	1.00049686
0.28835839	0.00000000	0.00000000	0.00000000	0.00000000	1.00019753	1.00038409	1.00042188	1.00046217
0.31457281	0.00000000	0.00000000	0.00000000	0.00000000	1.00009918	1.00036299	1.00038803	1.00042927
0.34078720	0.00000000	0.00000000	0.00000000	0.00000000	0.99994779	1.00034297	1.00036430	1.00040483
0.36700159	0.00000000	0.00000000	0.00000000	0.00000000	1.00025916	1.00032175	1.00033808	1.00037634
0.39321601	0.00000000	0.00000000	0.00000000	0.00000000	0.99994040	1.00029624	1.00031030	1.00035453
0.41943040	0.00000000	0.00000000	0.00000000	0.00000000	1.00018167	1.00028086	1.00029778	1.00031590
0.47185919	0.00000000	0.00000000	0.00000000	0.00000000	1.00005102	1.00021815	1.00023830	1.00024736
0.52428800	0.00000000	0.00000000	0.00000000	0.00000000	1.00018084	1.00018513	1.00020730	1.00021446
0.57671678	0.00000000	0.00000000	0.00000000	0.00000000	0.99985218	1.00015986	1.00018167	1.00018585
0.62914562	0.00000000	0.00000000	0.00000000	0.00000000	0.99993426	1.00014067	1.00014901	1.00015473
0.68157440	0.00000000	0.00000000	0.00000000	0.00000000	1.00008082	1.00011671	1.00013471	1.00012684
0.73400319	0.00000000	0.00000000	0.00000000	0.00000000	1.00009477	1.00009668	1.00011873	1.00011110
0.78643203	0.00000000	0.00000000	0.00000000	0.00000000	1.00004089	1.00007951	1.00009501	1.00009143
0.83886081	0.00000000	0.00000000	0.00000000	0.00000000	1.00016856	1.00006747	1.00007319	1.00007558
0.94371837	0.00000000	0.00000000	0.00000000	0.00000000	1.00010741	1.00001693	1.00003350	1.00002444
1.04857600	0.00000000	0.00000000	0.00000000	0.00000000	0.99984008	1.00000775	1.00001764	1.00001109
1.15343356	0.00000000	0.00000000	0.00000000	0.00000000	1.00012302	1.00000083	1.00001252	1.00000668
1.25829124	0.00000000	0.00000000	0.00000000	0.00000000	0.99983531	1.00000072	0.99999791	1.00001371
1.36314881	0.00000000	0.00000000	0.00000000	0.00000000	1.00018120	1.00000012	0.99998814	1.00000560
1.46800637	0.00000000	0.00000000	0.00000000	0.00000000	0.99993491	0.99999058	0.99999261	1.00000417
1.57286406	0.00000000	0.00000000	0.00000000	0.00000000	1.00000417	0.99999177	0.99999332	0.99998891
1.67772162	0.00000000	0.00000000	0.00000000	0.00000000	0.99997663	0.99999475	0.99999744	0.99998498
1.88743675	0.00000000	0.00000000	0.00000000	0.00000000	0.99985778	0.99999863	0.99998581	0.99998575
2.09715199	0.00000000	0.00000000	0.00000000	0.00000000	0.99996394	0.99997789	0.99998558	0.99997789
2.30686712	0.00000000	0.00000000	0.00000000	0.00000000	0.99989450	0.99998796	0.99998528	0.99998420
2.51658249	0.00000000	0.00000000	0.00000000	0.00000000	0.99992269	0.99999672	0.99998903	1.00000656
2.72629762	0.00000000	0.00000000	0.00000000	0.00000000	0.99995720	1.00002003	0.99998760	1.00000274
2.93601274	0.00000000	0.00000000	0.00000000	0.00000000	0.99978715	1.00002456	0.99998707	1.00001431
3.14572811	0.00000000	0.00000000	0.00000000	0.00000000	1.00000918	1.00001693	0.99999213	1.00001419
3.35544324	0.00000000	0.00000000	0.00000000	0.00000000	0.99993587	1.00002086	0.99997240	0.99998361
3.77487350	0.00000000	0.00000000	0.00000000	0.00000000	1.00018299	0.99998796	0.99998206	0.99999982
4.19430399	0.00000000	0.00000000	0.00000000	0.00000000	1.00010359	1.00001085	0.99998063	0.99999225
4.61373425	0.00000000	0.00000000	0.00000000	0.00000000	0.99994189	0.99998522	0.99999297	0.99998796
5.03316498	0.00000000	0.00000000	0.00000000	0.00000000	1.00000000	1.00000000	1.00000000	1.00000000
5.45259523	0.00000000	0.00000000	0.00000000	0.00000000	0.00000000	0.00000000	0.00000000	0.00000000
5.87202549	0.00000000	0.00000000	0.00000000	0.00000000	0.00000000	0.00000000	0.00000000	0.00000000
6.29145622	0.00000000	0.00000000	0.00000000	0.00000000	0.00000000	0.00000000	0.00000000	0.00000000
6.71088648	0.00000000	0.00000000	0.00000000	0.00000000	0.00000000	0.00000000	0.00000000	0.00000000
7.54974699	0.00000000	0.00000000	0.00000000	0.00000000	0.00000000	0.00000000	0.00000000	0.00000000
8.38860798	0.00000000	0.00000000	0.00000000	0.00000000	0.00000000	0.00000000	0.00000000	0.00000000
9.22746849	0.00000000	0.00000000	0.00000000	0.00000000	0.00000000	0.00000000	0.00000000	0.00000000
10.06632996	0.00000000	0.00000000	0.00000000	0.00000000	0.00000000	0.00000000	0.00000000	0.00000000
10.90519047	0.00000000	0.00000000	0.00000000	0.00000000	0.00000000	0.00000000	0.00000000	0.00000000
11.74405098	0.00000000	0.00000000	0.00000000	0.00000000	0.00000000	0.00000000	0.00000000	0.00000000
12.58291245	0.00000000	0.00000000	0.00000000	0.00000000	0.00000000	0.00000000	0.00000000	0.00000000
13.42177296	0.00000000	0.00000000	0.00000000	0.00000000	0.00000000	0.00000000	0.00000000	0.00000000
15.09949398	0.00000000	0.00000000	0.00000000	0.00000000	0.00000000	0.00000000	0.00000000	0.00000000
16.77721596	0.00000000	0.00000000	0.00000000	0.00000000	0.00000000	0.00000000	0.00000000	0.00000000
18.45493698	0.00000000	0.00000000	0.00000000	0.00000000	0.00000000	0.00000000	0.00000000	0.00000000
20.13265991	0.00000000	0.00000000	0.00000000	0.00000000	0.00000000	0.00000000	0.00000000	0.00000000
21.81038094	0.00000000	0.00000000	0.00000000	0.00000000	0.00000000	0.00000000	0.00000000	0.00000000
23.48810196	0.00000000	0.00000000	0.00000000	0.00000000	0.00000000	0.00000000	0.00000000	0.00000000
25.16582489	0.00000000	0.00000000	0.00000000	0.00000000	0.00000000	0.00000000	0.00000000	0.00000000
26.84354591	0.00000000	0.00000000	0.00000000	0.00000000	0.00000000	0.00000000	0.00000000	0.00000000
30.19898796	0.00000000	0.00000000	0.00000000	0.00000000	0.00000000	0.00000000	0.00000000	0.00000000
33.55443192	0.00000000	0.00000000	0.00000000	0.00000000	0.00000000	0.00000000	0.00000000	0.00000000
36.90987396	0.00000000	0.00000000	0.00000000	0.00000000	0.00000000	0.00000000	0.00000000	0.00000000
40.26531982	0.00000000	0.00000000	0.00000000	0.00000000	0.00000000	0.00000000	0.00000000	0.00000000
43.62076187	0.00000000	0.00000000	0.00000000	0.00000000	0.00000000	0.00000000	0.00000000	0.00000000
46.97620392	0.00000000	0.00000000	0.00000000	0.00000000	0.00000000	0.00000000	0.00000000	0.00000000
50.33164978	0.00000000	0.00000000	0.00000000	0.00000000	0.00000000	0.00000000	0.00000000	0.00000000
53.68709183	0.00000000	0.00000000	0.00000000	0.00000000	0.00000000	0.00000000	0.00000000	0.00000000
60.39797592	0.00000000	0.00000000	0.00000000	0.00000000	0.00000000	0.00000000	0.00000000	0.00000000
67.10886383	0.00000000	0.00000000	0.00000000	0.00000000	0.00000000	0.00000000	0.00000000	0.00000000
73.81974792	0.00000000	0.00000000	0.00000000	0.00000000	0.00000000	0.00000000	0.00000000	0.00000000
80.53063965	0.00000000	0.00000000	0.00000000	0.00000000	0.00000000	0.00000000	0.00000000	0.00000000
87.24152374	0.00000000	0.00000000	0.00000000	0.00000000	0.00000000	0.00000000	0.00000000	0.00000000
93.95240784	0.00000000	0.00000000	0.00000000	0.00000000	0.00000000	0.00000000	0.00000000	0.00000000
100.66329956	0.00000000	0.00000000	0.00000000	0.00000000	0.00000000	0.00000000	0.00000000	0.00000000
107.37418365	0.00000000	0.00000000	0.00000000	0.00000000	0.00000000	0.00000000	0.00000000	0.00000000
120.79595184	0.00000000	0.00000000	0.00000000	0.00000000	0.00000000	0.00000000	0.00000000	0.00000000
134.21772766	0.00000000	0.00000000	0.00000000	0.00000000	0.00000000	0.00000000	0.00000000	0.00000000
147.63949585	0.00000000	0.00000000	0.00000000	0.00000000	0.00000000	0.00000000	0.00000000	0.00000000
161.06127930	0.00000000	0.00000000	0.00000000	0.00000000	0.00000000	0.00000000	0.00000000	0.00000000
174.48304749	0.00000000	0.00000000	0.00000000	0.00000000	0.00000000	0.00000000	0.00000000	0.00000000
187.90481567	0.00000000	0.00000000	0.00000000	0.00000000	0.00000000	0.00000000	0.00000000	0.00000000
201.32659912	0.00000000	0.00000000	0.00000000	0.00000000	0.00000000	0.00000000	0.00000000	0.00000000
214.74836731	0.00000000	0.00000000	0.00000000	0.00000000	0.00000000	0.00000000	0.00000000	0.00000000
241.59190369	0.00000000	0.00000000	0.00000000	0.00000000	0.00000000	0.00000000	0.00000000	0.00000000
268.43545532	0.00000000	0.00000000	0.00000000	0.00000000	0.00000000	0.00000000	0.00000000	0.00000000
295.27899170	0.00000000	0.00000000	0.00000000	0.00000000	0.00000000	0.00000000	0.00000000	0.00000000
322.12255859	0.00000000	0.00000000	0.00000000	0.00000000	0.00000000	0.00000000	0.00000000	0.00000000
348.96609497	0.00000000	0.00000000	0.00000000	0.00000000	0.00000000	0.00000000	0.00000000	0.00000000
375.80963135	0.00000000	0.00000000	0.00000000	0.00000000	0.00000000	0.00000000	0.00000000	0.00000000
402.65319824	0.00000000	0.00000000	0.00000000	0.00000000	0.00000000	0.00000000	0.00000000	0.00000000
429.49673462	0.00000000	0.00000000	0.00000000	0.00000000	0.00000000	0.00000000	0.00000000	0.00000000
483.18380737	0.00000000	0.00000000	0.00000000	0.00000000	0.00000000	0.00000000	0.00000000	0.00000000
536.87091064	0.00000000	0.00000000	0.00000000	0.00000000	0.00000000	0.00000000	0.00000000	0.00000000
590.55798340	0.00000000	0.00000000	0.00000000	0.00000000	0.00000000	0.00000000	0.00000000	0.00000000
644.24511719	0.00000000	0.00000000	0.00000000	0.00000000	0.00000000	0.00000000	0.00000000	0.00000000
697.93218994	0.00000000	0.00000000	0.00000000	0.00000000	0.00000000	0.00000000	0.00000000	0.00000000
751.61926270	0.00000000	0.00000000	0.00000000	0.00000000	0.00000000	0.00000000	0.00000000	0.00000000
805.30639648	0.00000000	0.00000000	0.00000000	0.00000000	0.00000000	0.00000000	0.00000000	0.00000000
858.99346924	0.00000000	0.00000000	0.00000000	0.00000000	0.00000000	0.00000000	0.00000000	0.00000000
966.36761475	0.00000000	0.00000000	0.00000000	0.00000000	0.00000000	0.00000000	0.00000000	0.00000000
1073.74182129	0.00000000	0.00000000	0.00000000	0.00000000	0.00000000	0.00000000	0.00000000	0.00000000
1181.11596680	0.00000000	0.00000000	0.00000000	0.00000000	0.00000000	0.00000000	0.00000000	0.00000000
1288.49023437	0.00000000	0.00000000	0.00000000	0.00000000	0.00000000	0.00000000	0.00000000	0.00000000
1395.86437988	0.00000000	0.00000000	0.00000000	0.00000000	0.00000000	0.00000000	0.00000000	0.00000000
1503.23852539	0.00000000	0.00000000	0.00000000	0.00000000	0.00000000	0.00000000	0.00000000	0.00000000
1610.61279297	0.00000000	0.00000000	0.00000000	0.00000000	0.00000000	0.00000000	0.00000000	0.00000000
1717.98693848	0.00000000	0.00000000	0.00000000	0.00000000	0.00000000	0.00000000	0.00000000	0.00000000
1932.73522949	0.00000000	0.00000000	0.00000000	0.00000000	0.00000000	0.00000000	0.00000000	0.00000000
2147.48364258	0.00000000	0.00000000	0.00000000	0.00000000	0.00000000	0.00000000	0.00000000	0.00000000
2362.23193359	0.00000000	0.00000000	0.00000000	0.00000000	0.00000000	0.00000000	0.00000000	0.00000000
2576.98046875	0.00000000	0.00000000	0.00000000	0.00000000	0.00000000	0.00000000	0.00000000	0.00000000
2791.72875977	0.00000000	0.00000000	0.00000000	0.00000000	0.00000000	0.00000000	0.00000000	0.00000000
3006.47705078	0.00000000	0.00000000	0.00000000	0.00000000	0.00000000	0.00000000	0.00000000	0.00000000
3221.22558594	0.00000000	0.00000000	0.00000000	0.00000000	0.00000000	0.00000000	0.00000000	0.00000000
3435.97387695	0.00000000	0.00000000	0.00000000	0.00000000	0.00000000	0.00000000	0.00000000	0.00000000
0	0	0	0	0	0	0	0	0
