%2/12/2019 3:12:30 PM
%Duration	ID1		ID2		ID3		ID4		ID5		ID6		ID7		ID8
3000.000000	0.000000	0.000000	0.000000	0.000000	73.719025	2732.906494	2899.732666	2859.172852
%Tau		Tau1		Tau2		Tau3		Tau4		Tau5		Tau6		Tau7		Tau8
%		0.000000	0.000000	0.000000	0.000000	0.000058	0.629146	0.786432	0.786432
%Delaytime	D1		D2		D3		D4		D5		D6		D7		D8
0.00000020	0.00000000	0.00000000	0.00000000	0.00000000	1.68680751	0.93081552	0.96126348	0.93828046
0.00000040	0.00000000	0.00000000	0.00000000	0.00000000	1.46353459	1.00658190	1.00613427	1.00632763
0.00000060	0.00000000	0.00000000	0.00000000	0.00000000	1.46482515	1.00494182	1.00508511	1.00479734
0.00000080	0.00000000	0.00000000	0.00000000	0.00000000	1.56161976	1.00417054	1.00428689	1.00515246
0.00000100	0.00000000	0.00000000	0.00000000	0.00000000	1.43836796	1.00343168	1.00526881	1.00495148
0.00000120	0.00000000	0.00000000	0.00000000	0.00000000	1.46417987	1.00384581	1.00487840	1.00394607
0.00000140	0.00000000	0.00000000	0.00000000	0.00000000	1.45062864	1.00229621	1.00496924	1.00516248
0.00000160	0.00000000	0.00000000	0.00000000	0.00000000	1.48547471	1.00377548	1.00511873	1.00441980
0.00000180	0.00000000	0.00000000	0.00000000	0.00000000	1.41255605	1.00287473	1.00465167	1.00409305
0.00000200	0.00000000	0.00000000	0.00000000	0.00000000	1.44288504	1.00311732	1.00496638	1.00485384
0.00000220	0.00000000	0.00000000	0.00000000	0.00000000	1.49902594	1.00326884	1.00552523	1.00417578
0.00000240	0.00000000	0.00000000	0.00000000	0.00000000	1.44094920	1.00254488	1.00549686	1.00397384
0.00000260	0.00000000	0.00000000	0.00000000	0.00000000	1.47708583	1.00350773	1.00459826	1.00433469
0.00000280	0.00000000	0.00000000	0.00000000	0.00000000	1.49321830	1.00112987	1.00483298	1.00481844
0.00000300	0.00000000	0.00000000	0.00000000	0.00000000	1.49644482	1.00353241	1.00456989	1.00405514
0.00000320	0.00000000	0.00000000	0.00000000	0.00000000	1.48482943	1.00226021	1.00549686	1.00439930
0.00000360	0.00000000	0.00000000	0.00000000	0.00000000	1.46030807	1.00305736	1.00610769	1.00350082
0.00000400	0.00000000	0.00000000	0.00000000	0.00000000	1.46450257	1.00295079	1.00431645	1.00395441
0.00000440	0.00000000	0.00000000	0.00000000	0.00000000	1.43481886	1.00373745	1.00547743	1.00407171
0.00000480	0.00000000	0.00000000	0.00000000	0.00000000	1.43707740	1.00391781	1.00499690	1.00437987
0.00000520	0.00000000	0.00000000	0.00000000	0.00000000	1.42513943	1.00277591	1.00515187	1.00451887
0.00000560	0.00000000	0.00000000	0.00000000	0.00000000	1.44159448	1.00370657	1.00548100	1.00430715
0.00000600	0.00000000	0.00000000	0.00000000	0.00000000	1.42191291	1.00284910	1.00500047	1.00465882
0.00000640	0.00000000	0.00000000	0.00000000	0.00000000	1.41707313	1.00308335	1.00517857	1.00386882
0.00000720	0.00000000	0.00000000	0.00000000	0.00000000	1.42675269	1.00314343	1.00529337	1.00394905
0.00000800	0.00000000	0.00000000	0.00000000	0.00000000	1.43804538	1.00355828	1.00468397	1.00429630
0.00000880	0.00000000	0.00000000	0.00000000	0.00000000	1.39416516	1.00246632	1.00483036	1.00391030
0.00000960	0.00000000	0.00000000	0.00000000	0.00000000	1.37593544	1.00335097	1.00511181	1.00420344
0.00001040	0.00000000	0.00000000	0.00000000	0.00000000	1.42642999	1.00323534	1.00471950	1.00412691
0.00001120	0.00000000	0.00000000	0.00000000	0.00000000	1.41884780	1.00339007	1.00497842	1.00396335
0.00001200	0.00000000	0.00000000	0.00000000	0.00000000	1.38254976	1.00334048	1.00534165	1.00406373
0.00001280	0.00000000	0.00000000	0.00000000	0.00000000	1.37900066	1.00355601	1.00470209	1.00397015
0.00001440	0.00000000	0.00000000	0.00000000	0.00000000	1.38109791	1.00343764	1.00507760	1.00444388
0.00001600	0.00000000	0.00000000	0.00000000	0.00000000	1.36940181	1.00344372	1.00501263	1.00449586
0.00001760	0.00000000	0.00000000	0.00000000	0.00000000	1.37109578	1.00336492	1.00518644	1.00508165
0.00001920	0.00000000	0.00000000	0.00000000	0.00000000	1.33495903	1.00338566	1.00516808	1.00484276
0.00002080	0.00000000	0.00000000	0.00000000	0.00000000	1.33834696	1.00333560	1.00537026	1.00470865
0.00002240	0.00000000	0.00000000	0.00000000	0.00000000	1.33802426	1.00333786	1.00501955	1.00499034
0.00002400	0.00000000	0.00000000	0.00000000	0.00000000	1.32899010	1.00382578	1.00515985	1.00473595
0.00002560	0.00000000	0.00000000	0.00000000	0.00000000	1.32205319	1.00303614	1.00483489	1.00442624
0.00002880	0.00000000	0.00000000	0.00000000	0.00000000	1.30247831	1.00315213	1.00502479	1.00383496
0.00003200	0.00000000	0.00000000	0.00000000	0.00000000	1.29250276	1.00345004	1.00483274	1.00430775
0.00003520	0.00000000	0.00000000	0.00000000	0.00000000	1.27917516	1.00351644	1.00517523	1.00459874
0.00003840	0.00000000	0.00000000	0.00000000	0.00000000	1.26608384	1.00322807	1.00517976	1.00476706
0.00004160	0.00000000	0.00000000	0.00000000	0.00000000	1.25279653	1.00328577	1.00505471	1.00467062
0.00004480	0.00000000	0.00000000	0.00000000	0.00000000	1.21996212	1.00311971	1.00516689	1.00436544
0.00004800	0.00000000	0.00000000	0.00000000	0.00000000	1.21689272	1.00346446	1.00507379	1.00451052
0.00005120	0.00000000	0.00000000	0.00000000	0.00000000	1.21947181	1.00331163	1.00492716	1.00439489
0.00005760	0.00000000	0.00000000	0.00000000	0.00000000	1.18921244	1.00342238	1.00506794	1.00451028
0.00006400	0.00000000	0.00000000	0.00000000	0.00000000	1.17144310	1.00345612	1.00521493	1.00477517
0.00007040	0.00000000	0.00000000	0.00000000	0.00000000	1.16336620	1.00334120	1.00506401	1.00455153
0.00007680	0.00000000	0.00000000	0.00000000	0.00000000	1.13731790	1.00350094	1.00516045	1.00466716
0.00008320	0.00000000	0.00000000	0.00000000	0.00000000	1.13188612	1.00348413	1.00503731	1.00454032
0.00008960	0.00000000	0.00000000	0.00000000	0.00000000	1.11845815	1.00338948	1.00516248	1.00449824
0.00009600	0.00000000	0.00000000	0.00000000	0.00000000	1.09957314	1.00349569	1.00509524	1.00471950
0.00010240	0.00000000	0.00000000	0.00000000	0.00000000	1.08872986	1.00358272	1.00495327	1.00465596
0.00011520	0.00000000	0.00000000	0.00000000	0.00000000	1.07520556	1.00340557	1.00518680	1.00455439
0.00012800	0.00000000	0.00000000	0.00000000	0.00000000	1.06153882	1.00346148	1.00509834	1.00455582
0.00014080	0.00000000	0.00000000	0.00000000	0.00000000	1.05242777	1.00343251	1.00510645	1.00457358
0.00015360	0.00000000	0.00000000	0.00000000	0.00000000	1.04332662	1.00362134	1.00507903	1.00444436
0.00016640	0.00000000	0.00000000	0.00000000	0.00000000	1.03148293	1.00344455	1.00511777	1.00453174
0.00017920	0.00000000	0.00000000	0.00000000	0.00000000	1.02461374	1.00336111	1.00505459	1.00450766
0.00019200	0.00000000	0.00000000	0.00000000	0.00000000	1.02405822	1.00336885	1.00510883	1.00462222
0.00020480	0.00000000	0.00000000	0.00000000	0.00000000	1.01984596	1.00336933	1.00506103	1.00466514
0.00023040	0.00000000	0.00000000	0.00000000	0.00000000	1.01528740	1.00339866	1.00504863	1.00453687
0.00025600	0.00000000	0.00000000	0.00000000	0.00000000	1.00915527	1.00333226	1.00504899	1.00457466
0.00028160	0.00000000	0.00000000	0.00000000	0.00000000	1.00311852	1.00340259	1.00500929	1.00450671
0.00030720	0.00000000	0.00000000	0.00000000	0.00000000	1.00381041	1.00344133	1.00490725	1.00451267
0.00033280	0.00000000	0.00000000	0.00000000	0.00000000	1.00706637	1.00340068	1.00494123	1.00442314
0.00035840	0.00000000	0.00000000	0.00000000	0.00000000	1.00631487	1.00338030	1.00491977	1.00441897
0.00038400	0.00000000	0.00000000	0.00000000	0.00000000	1.00240898	1.00335860	1.00497615	1.00432801
0.00040960	0.00000000	0.00000000	0.00000000	0.00000000	1.00321186	1.00325727	1.00485349	1.00449097
0.00046080	0.00000000	0.00000000	0.00000000	0.00000000	1.00294435	1.00324416	1.00480056	1.00439525
0.00051200	0.00000000	0.00000000	0.00000000	0.00000000	1.00215447	1.00312722	1.00478971	1.00431645
0.00056320	0.00000000	0.00000000	0.00000000	0.00000000	0.99781662	1.00309861	1.00466466	1.00429308
0.00061440	0.00000000	0.00000000	0.00000000	0.00000000	0.99968266	1.00308621	1.00466502	1.00424469
0.00066560	0.00000000	0.00000000	0.00000000	0.00000000	0.99731451	1.00307512	1.00468338	1.00428355
0.00071680	0.00000000	0.00000000	0.00000000	0.00000000	0.99977028	1.00308979	1.00473714	1.00423229
0.00076800	0.00000000	0.00000000	0.00000000	0.00000000	0.99640465	1.00306010	1.00466883	1.00418317
0.00081920	0.00000000	0.00000000	0.00000000	0.00000000	0.99388790	1.00310743	1.00464451	1.00425076
0.00092160	0.00000000	0.00000000	0.00000000	0.00000000	0.99574643	1.00313723	1.00467134	1.00426579
0.00102400	0.00000000	0.00000000	0.00000000	0.00000000	0.99580306	1.00314009	1.00466430	1.00431573
0.00112640	0.00000000	0.00000000	0.00000000	0.00000000	0.99800390	1.00308788	1.00467741	1.00429058
0.00122880	0.00000000	0.00000000	0.00000000	0.00000000	1.00041175	1.00312138	1.00466955	1.00427341
0.00133120	0.00000000	0.00000000	0.00000000	0.00000000	1.00052130	1.00308335	1.00470066	1.00426936
0.00143360	0.00000000	0.00000000	0.00000000	0.00000000	0.99885464	1.00307000	1.00470662	1.00429010
0.00153600	0.00000000	0.00000000	0.00000000	0.00000000	0.99834585	1.00315893	1.00468612	1.00424886
0.00163840	0.00000000	0.00000000	0.00000000	0.00000000	0.99813044	1.00308549	1.00471926	1.00424397
0.00184320	0.00000000	0.00000000	0.00000000	0.00000000	1.00057244	1.00311208	1.00470281	1.00426102
0.00204800	0.00000000	0.00000000	0.00000000	0.00000000	1.00085318	1.00309849	1.00467682	1.00424206
0.00225280	0.00000000	0.00000000	0.00000000	0.00000000	0.99965090	1.00311625	1.00471997	1.00428843
0.00245760	0.00000000	0.00000000	0.00000000	0.00000000	0.99907947	1.00311053	1.00471294	1.00426972
0.00266240	0.00000000	0.00000000	0.00000000	0.00000000	1.00030994	1.00312173	1.00470662	1.00429165
0.00286720	0.00000000	0.00000000	0.00000000	0.00000000	1.00054646	1.00311589	1.00469065	1.00427687
0.00307200	0.00000000	0.00000000	0.00000000	0.00000000	1.00072896	1.00310874	1.00470293	1.00427485
0.00327680	0.00000000	0.00000000	0.00000000	0.00000000	1.00367391	1.00309205	1.00470614	1.00428891
0.00368640	0.00000000	0.00000000	0.00000000	0.00000000	1.00136924	1.00310123	1.00469661	1.00427604
0.00409600	0.00000000	0.00000000	0.00000000	0.00000000	1.00176573	1.00311518	1.00467753	1.00427330
0.00450560	0.00000000	0.00000000	0.00000000	0.00000000	1.00303793	1.00310206	1.00472009	1.00426745
0.00491520	0.00000000	0.00000000	0.00000000	0.00000000	0.99981844	1.00309289	1.00468612	1.00426948
0.00532480	0.00000000	0.00000000	0.00000000	0.00000000	1.00071537	1.00310791	1.00470078	1.00427353
0.00573440	0.00000000	0.00000000	0.00000000	0.00000000	0.99905872	1.00311840	1.00472319	1.00425124
0.00614400	0.00000000	0.00000000	0.00000000	0.00000000	1.00019872	1.00308144	1.00468671	1.00427353
0.00655360	0.00000000	0.00000000	0.00000000	0.00000000	1.00022328	1.00309777	1.00469041	1.00426209
0.00737280	0.00000000	0.00000000	0.00000000	0.00000000	0.99700457	1.00312817	1.00472403	1.00429380
0.00819200	0.00000000	0.00000000	0.00000000	0.00000000	1.00059652	1.00339496	1.00501859	1.00453258
0.00901120	0.00000000	0.00000000	0.00000000	0.00000000	1.00050616	1.00321031	1.00481439	1.00434828
0.00983040	0.00000000	0.00000000	0.00000000	0.00000000	0.99915338	1.00310016	1.00469911	1.00427163
0.01064960	0.00000000	0.00000000	0.00000000	0.00000000	0.99960351	1.00311136	1.00472164	1.00426567
0.01146880	0.00000000	0.00000000	0.00000000	0.00000000	0.99950403	1.00311494	1.00472188	1.00426817
0.01228800	0.00000000	0.00000000	0.00000000	0.00000000	0.99879593	1.00311732	1.00470853	1.00428236
0.01310720	0.00000000	0.00000000	0.00000000	0.00000000	0.99878800	1.00310659	1.00470555	1.00427854
0.01474560	0.00000000	0.00000000	0.00000000	0.00000000	0.99979419	1.00310707	1.00470686	1.00427258
0.01638400	0.00000000	0.00000000	0.00000000	0.00000000	0.99838364	1.00326848	1.00487661	1.00442100
0.01802240	0.00000000	0.00000000	0.00000000	0.00000000	0.99884278	1.00316381	1.00476015	1.00430679
0.01966080	0.00000000	0.00000000	0.00000000	0.00000000	1.00147104	1.00311959	1.00470614	1.00427401
0.02129920	0.00000000	0.00000000	0.00000000	0.00000000	1.00018132	1.00311565	1.00471365	1.00427675
0.02293760	0.00000000	0.00000000	0.00000000	0.00000000	0.99951160	1.00310934	1.00472605	1.00427973
0.02457600	0.00000000	0.00000000	0.00000000	0.00000000	1.00020552	1.00325978	1.00485909	1.00439417
0.02621440	0.00000000	0.00000000	0.00000000	0.00000000	1.00006783	1.00317073	1.00477588	1.00432420
0.02949120	0.00000000	0.00000000	0.00000000	0.00000000	0.99909824	1.00311399	1.00471175	1.00427818
0.03276800	0.00000000	0.00000000	0.00000000	0.00000000	1.00004256	1.00318444	1.00478733	1.00433314
0.03604480	0.00000000	0.00000000	0.00000000	0.00000000	0.99940395	1.00313199	1.00472772	1.00429320
0.03932160	0.00000000	0.00000000	0.00000000	0.00000000	1.00019646	1.00313413	1.00472939	1.00429618
0.04259840	0.00000000	0.00000000	0.00000000	0.00000000	0.99938691	1.00317860	1.00477862	1.00433278
0.04587520	0.00000000	0.00000000	0.00000000	0.00000000	0.99969363	1.00310361	1.00471270	1.00426900
0.04915200	0.00000000	0.00000000	0.00000000	0.00000000	1.00034177	1.00316238	1.00478077	1.00432289
0.05242880	0.00000000	0.00000000	0.00000000	0.00000000	1.00034308	1.00312841	1.00472999	1.00428867
0.05898240	0.00000000	0.00000000	0.00000000	0.00000000	0.99991512	1.00315094	1.00474882	1.00430894
0.06553600	0.00000000	0.00000000	0.00000000	0.00000000	0.99940223	1.00313902	1.00473475	1.00430429
0.07208960	0.00000000	0.00000000	0.00000000	0.00000000	0.99974328	1.00313485	1.00472915	1.00429475
0.07864320	0.00000000	0.00000000	0.00000000	0.00000000	1.00013077	1.00313282	1.00472033	1.00428534
0.08519680	0.00000000	0.00000000	0.00000000	0.00000000	0.99858409	1.00312829	1.00471580	1.00427639
0.09175040	0.00000000	0.00000000	0.00000000	0.00000000	0.99993843	1.00313020	1.00472522	1.00428319
0.09830400	0.00000000	0.00000000	0.00000000	0.00000000	1.00024116	1.00312126	1.00470662	1.00426567
0.10485760	0.00000000	0.00000000	0.00000000	0.00000000	0.99990666	1.00311601	1.00469863	1.00426555
0.11796480	0.00000000	0.00000000	0.00000000	0.00000000	1.00032699	1.00310802	1.00468576	1.00425375
0.13107200	0.00000000	0.00000000	0.00000000	0.00000000	0.99973512	1.00310004	1.00467324	1.00424254
0.14417920	0.00000000	0.00000000	0.00000000	0.00000000	0.99979365	1.00308740	1.00466204	1.00422919
0.15728641	0.00000000	0.00000000	0.00000000	0.00000000	0.99960083	1.00307906	1.00464892	1.00421798
0.17039360	0.00000000	0.00000000	0.00000000	0.00000000	1.00057268	1.00306463	1.00462782	1.00419796
0.18350080	0.00000000	0.00000000	0.00000000	0.00000000	0.99964833	1.00305641	1.00461459	1.00418282
0.19660801	0.00000000	0.00000000	0.00000000	0.00000000	0.99965626	1.00304008	1.00458980	1.00416696
0.20971520	0.00000000	0.00000000	0.00000000	0.00000000	1.00032318	1.00302780	1.00457728	1.00414848
0.23592959	0.00000000	0.00000000	0.00000000	0.00000000	1.00008821	1.00299478	1.00453162	1.00410140
0.26214400	0.00000000	0.00000000	0.00000000	0.00000000	0.99979270	1.00295842	1.00448084	1.00405788
0.28835839	0.00000000	0.00000000	0.00000000	0.00000000	1.00044966	1.00291884	1.00442553	1.00399995
0.31457281	0.00000000	0.00000000	0.00000000	0.00000000	0.99998236	1.00287461	1.00435841	1.00394380
0.34078720	0.00000000	0.00000000	0.00000000	0.00000000	0.99987626	1.00282466	1.00429070	1.00387871
0.36700159	0.00000000	0.00000000	0.00000000	0.00000000	1.00011647	1.00277698	1.00421619	1.00380647
0.39321601	0.00000000	0.00000000	0.00000000	0.00000000	1.00024915	1.00272179	1.00414026	1.00373578
0.41943040	0.00000000	0.00000000	0.00000000	0.00000000	1.00003791	1.00266123	1.00405943	1.00365126
0.47185919	0.00000000	0.00000000	0.00000000	0.00000000	0.99971753	1.00252950	1.00385821	1.00347483
0.52428800	0.00000000	0.00000000	0.00000000	0.00000000	1.00004637	1.00239015	1.00365686	1.00328457
0.57671678	0.00000000	0.00000000	0.00000000	0.00000000	0.99991322	1.00223696	1.00343764	1.00307000
0.62914562	0.00000000	0.00000000	0.00000000	0.00000000	1.00005233	1.00207341	1.00319135	1.00284004
0.68157440	0.00000000	0.00000000	0.00000000	0.00000000	1.00009251	1.00189316	1.00293493	1.00260031
0.73400319	0.00000000	0.00000000	0.00000000	0.00000000	0.99987811	1.00170684	1.00265765	1.00234532
0.78643203	0.00000000	0.00000000	0.00000000	0.00000000	0.99997306	1.00151682	1.00236750	1.00207710
0.83886081	0.00000000	0.00000000	0.00000000	0.00000000	1.00017023	1.00131834	1.00207579	1.00179982
0.94371837	0.00000000	0.00000000	0.00000000	0.00000000	1.00008571	1.00085759	1.00138617	1.00117958
1.04857600	0.00000000	0.00000000	0.00000000	0.00000000	0.99994510	1.00040686	1.00070965	1.00055826
1.15343356	0.00000000	0.00000000	0.00000000	0.00000000	0.99978727	0.99995083	1.00002682	0.99992794
1.25829124	0.00000000	0.00000000	0.00000000	0.00000000	1.00017667	0.99949074	0.99932170	0.99930185
1.36314881	0.00000000	0.00000000	0.00000000	0.00000000	0.99979854	0.99902821	0.99862558	0.99866021
1.46800637	0.00000000	0.00000000	0.00000000	0.00000000	0.99995893	0.99858117	0.99794191	0.99804312
1.57286406	0.00000000	0.00000000	0.00000000	0.00000000	1.00008833	0.99815178	0.99728882	0.99745476
1.67772162	0.00000000	0.00000000	0.00000000	0.00000000	0.99985176	0.99775529	0.99666178	0.99690872
1.88743675	0.00000000	0.00000000	0.00000000	0.00000000	0.99998641	0.99693382	0.99539804	0.99576044
2.09715199	0.00000000	0.00000000	0.00000000	0.00000000	1.00001538	0.99661356	0.99483967	0.99528885
2.30686712	0.00000000	0.00000000	0.00000000	0.00000000	1.00002134	0.99660081	0.99478066	0.99528009
2.51658249	0.00000000	0.00000000	0.00000000	0.00000000	1.00007284	0.99689513	0.99517530	0.99572909
2.72629762	0.00000000	0.00000000	0.00000000	0.00000000	1.00001800	0.99741352	0.99591023	0.99648267
2.93601274	0.00000000	0.00000000	0.00000000	0.00000000	1.00000203	0.99806815	0.99680769	0.99734491
3.14572811	0.00000000	0.00000000	0.00000000	0.00000000	1.00003314	0.99864846	0.99769217	0.99816298
3.35544324	0.00000000	0.00000000	0.00000000	0.00000000	1.00004327	0.99910814	0.99842757	0.99882525
3.77487350	0.00000000	0.00000000	0.00000000	0.00000000	0.99996966	0.99972457	0.99951386	0.99965703
4.19430399	0.00000000	0.00000000	0.00000000	0.00000000	0.99995095	0.99985790	0.99977469	0.99982584
4.61373425	0.00000000	0.00000000	0.00000000	0.00000000	1.00006926	0.99993461	0.99992830	0.99994773
5.03316498	0.00000000	0.00000000	0.00000000	0.00000000	1.00000000	1.00000000	1.00000000	1.00000000
5.45259523	0.00000000	0.00000000	0.00000000	0.00000000	0.00000000	0.00000000	0.00000000	0.00000000
5.87202549	0.00000000	0.00000000	0.00000000	0.00000000	0.00000000	0.00000000	0.00000000	0.00000000
6.29145622	0.00000000	0.00000000	0.00000000	0.00000000	0.00000000	0.00000000	0.00000000	0.00000000
6.71088648	0.00000000	0.00000000	0.00000000	0.00000000	0.00000000	0.00000000	0.00000000	0.00000000
7.54974699	0.00000000	0.00000000	0.00000000	0.00000000	0.00000000	0.00000000	0.00000000	0.00000000
8.38860798	0.00000000	0.00000000	0.00000000	0.00000000	0.00000000	0.00000000	0.00000000	0.00000000
9.22746849	0.00000000	0.00000000	0.00000000	0.00000000	0.00000000	0.00000000	0.00000000	0.00000000
10.06632996	0.00000000	0.00000000	0.00000000	0.00000000	0.00000000	0.00000000	0.00000000	0.00000000
10.90519047	0.00000000	0.00000000	0.00000000	0.00000000	0.00000000	0.00000000	0.00000000	0.00000000
11.74405098	0.00000000	0.00000000	0.00000000	0.00000000	0.00000000	0.00000000	0.00000000	0.00000000
12.58291245	0.00000000	0.00000000	0.00000000	0.00000000	0.00000000	0.00000000	0.00000000	0.00000000
13.42177296	0.00000000	0.00000000	0.00000000	0.00000000	0.00000000	0.00000000	0.00000000	0.00000000
15.09949398	0.00000000	0.00000000	0.00000000	0.00000000	0.00000000	0.00000000	0.00000000	0.00000000
16.77721596	0.00000000	0.00000000	0.00000000	0.00000000	0.00000000	0.00000000	0.00000000	0.00000000
18.45493698	0.00000000	0.00000000	0.00000000	0.00000000	0.00000000	0.00000000	0.00000000	0.00000000
20.13265991	0.00000000	0.00000000	0.00000000	0.00000000	0.00000000	0.00000000	0.00000000	0.00000000
21.81038094	0.00000000	0.00000000	0.00000000	0.00000000	0.00000000	0.00000000	0.00000000	0.00000000
23.48810196	0.00000000	0.00000000	0.00000000	0.00000000	0.00000000	0.00000000	0.00000000	0.00000000
25.16582489	0.00000000	0.00000000	0.00000000	0.00000000	0.00000000	0.00000000	0.00000000	0.00000000
26.84354591	0.00000000	0.00000000	0.00000000	0.00000000	0.00000000	0.00000000	0.00000000	0.00000000
30.19898796	0.00000000	0.00000000	0.00000000	0.00000000	0.00000000	0.00000000	0.00000000	0.00000000
33.55443192	0.00000000	0.00000000	0.00000000	0.00000000	0.00000000	0.00000000	0.00000000	0.00000000
36.90987396	0.00000000	0.00000000	0.00000000	0.00000000	0.00000000	0.00000000	0.00000000	0.00000000
40.26531982	0.00000000	0.00000000	0.00000000	0.00000000	0.00000000	0.00000000	0.00000000	0.00000000
43.62076187	0.00000000	0.00000000	0.00000000	0.00000000	0.00000000	0.00000000	0.00000000	0.00000000
46.97620392	0.00000000	0.00000000	0.00000000	0.00000000	0.00000000	0.00000000	0.00000000	0.00000000
50.33164978	0.00000000	0.00000000	0.00000000	0.00000000	0.00000000	0.00000000	0.00000000	0.00000000
53.68709183	0.00000000	0.00000000	0.00000000	0.00000000	0.00000000	0.00000000	0.00000000	0.00000000
60.39797592	0.00000000	0.00000000	0.00000000	0.00000000	0.00000000	0.00000000	0.00000000	0.00000000
67.10886383	0.00000000	0.00000000	0.00000000	0.00000000	0.00000000	0.00000000	0.00000000	0.00000000
73.81974792	0.00000000	0.00000000	0.00000000	0.00000000	0.00000000	0.00000000	0.00000000	0.00000000
80.53063965	0.00000000	0.00000000	0.00000000	0.00000000	0.00000000	0.00000000	0.00000000	0.00000000
87.24152374	0.00000000	0.00000000	0.00000000	0.00000000	0.00000000	0.00000000	0.00000000	0.00000000
93.95240784	0.00000000	0.00000000	0.00000000	0.00000000	0.00000000	0.00000000	0.00000000	0.00000000
100.66329956	0.00000000	0.00000000	0.00000000	0.00000000	0.00000000	0.00000000	0.00000000	0.00000000
107.37418365	0.00000000	0.00000000	0.00000000	0.00000000	0.00000000	0.00000000	0.00000000	0.00000000
120.79595184	0.00000000	0.00000000	0.00000000	0.00000000	0.00000000	0.00000000	0.00000000	0.00000000
134.21772766	0.00000000	0.00000000	0.00000000	0.00000000	0.00000000	0.00000000	0.00000000	0.00000000
147.63949585	0.00000000	0.00000000	0.00000000	0.00000000	0.00000000	0.00000000	0.00000000	0.00000000
161.06127930	0.00000000	0.00000000	0.00000000	0.00000000	0.00000000	0.00000000	0.00000000	0.00000000
174.48304749	0.00000000	0.00000000	0.00000000	0.00000000	0.00000000	0.00000000	0.00000000	0.00000000
187.90481567	0.00000000	0.00000000	0.00000000	0.00000000	0.00000000	0.00000000	0.00000000	0.00000000
201.32659912	0.00000000	0.00000000	0.00000000	0.00000000	0.00000000	0.00000000	0.00000000	0.00000000
214.74836731	0.00000000	0.00000000	0.00000000	0.00000000	0.00000000	0.00000000	0.00000000	0.00000000
241.59190369	0.00000000	0.00000000	0.00000000	0.00000000	0.00000000	0.00000000	0.00000000	0.00000000
268.43545532	0.00000000	0.00000000	0.00000000	0.00000000	0.00000000	0.00000000	0.00000000	0.00000000
295.27899170	0.00000000	0.00000000	0.00000000	0.00000000	0.00000000	0.00000000	0.00000000	0.00000000
322.12255859	0.00000000	0.00000000	0.00000000	0.00000000	0.00000000	0.00000000	0.00000000	0.00000000
348.96609497	0.00000000	0.00000000	0.00000000	0.00000000	0.00000000	0.00000000	0.00000000	0.00000000
375.80963135	0.00000000	0.00000000	0.00000000	0.00000000	0.00000000	0.00000000	0.00000000	0.00000000
402.65319824	0.00000000	0.00000000	0.00000000	0.00000000	0.00000000	0.00000000	0.00000000	0.00000000
429.49673462	0.00000000	0.00000000	0.00000000	0.00000000	0.00000000	0.00000000	0.00000000	0.00000000
483.18380737	0.00000000	0.00000000	0.00000000	0.00000000	0.00000000	0.00000000	0.00000000	0.00000000
536.87091064	0.00000000	0.00000000	0.00000000	0.00000000	0.00000000	0.00000000	0.00000000	0.00000000
590.55798340	0.00000000	0.00000000	0.00000000	0.00000000	0.00000000	0.00000000	0.00000000	0.00000000
644.24511719	0.00000000	0.00000000	0.00000000	0.00000000	0.00000000	0.00000000	0.00000000	0.00000000
697.93218994	0.00000000	0.00000000	0.00000000	0.00000000	0.00000000	0.00000000	0.00000000	0.00000000
751.61926270	0.00000000	0.00000000	0.00000000	0.00000000	0.00000000	0.00000000	0.00000000	0.00000000
805.30639648	0.00000000	0.00000000	0.00000000	0.00000000	0.00000000	0.00000000	0.00000000	0.00000000
858.99346924	0.00000000	0.00000000	0.00000000	0.00000000	0.00000000	0.00000000	0.00000000	0.00000000
966.36761475	0.00000000	0.00000000	0.00000000	0.00000000	0.00000000	0.00000000	0.00000000	0.00000000
1073.74182129	0.00000000	0.00000000	0.00000000	0.00000000	0.00000000	0.00000000	0.00000000	0.00000000
1181.11596680	0.00000000	0.00000000	0.00000000	0.00000000	0.00000000	0.00000000	0.00000000	0.00000000
1288.49023437	0.00000000	0.00000000	0.00000000	0.00000000	0.00000000	0.00000000	0.00000000	0.00000000
1395.86437988	0.00000000	0.00000000	0.00000000	0.00000000	0.00000000	0.00000000	0.00000000	0.00000000
1503.23852539	0.00000000	0.00000000	0.00000000	0.00000000	0.00000000	0.00000000	0.00000000	0.00000000
1610.61279297	0.00000000	0.00000000	0.00000000	0.00000000	0.00000000	0.00000000	0.00000000	0.00000000
1717.98693848	0.00000000	0.00000000	0.00000000	0.00000000	0.00000000	0.00000000	0.00000000	0.00000000
1932.73522949	0.00000000	0.00000000	0.00000000	0.00000000	0.00000000	0.00000000	0.00000000	0.00000000
2147.48364258	0.00000000	0.00000000	0.00000000	0.00000000	0.00000000	0.00000000	0.00000000	0.00000000
2362.23193359	0.00000000	0.00000000	0.00000000	0.00000000	0.00000000	0.00000000	0.00000000	0.00000000
2576.98046875	0.00000000	0.00000000	0.00000000	0.00000000	0.00000000	0.00000000	0.00000000	0.00000000
2791.72875977	0.00000000	0.00000000	0.00000000	0.00000000	0.00000000	0.00000000	0.00000000	0.00000000
3006.47705078	0.00000000	0.00000000	0.00000000	0.00000000	0.00000000	0.00000000	0.00000000	0.00000000
3221.22558594	0.00000000	0.00000000	0.00000000	0.00000000	0.00000000	0.00000000	0.00000000	0.00000000
3435.97387695	0.00000000	0.00000000	0.00000000	0.00000000	0.00000000	0.00000000	0.00000000	0.00000000
0	0	0	0	0	0	0	0	0
