%2/12/2019 3:13:40 PM
%Duration	ID1		ID2		ID3		ID4		ID5		ID6		ID7		ID8
3000.000000	0.000000	0.000000	0.000000	0.000000	75.197220	2684.488281	2838.115723	2807.941406
%Tau		Tau1		Tau2		Tau3		Tau4		Tau5		Tau6		Tau7		Tau8
%		0.000000	0.000000	0.000000	0.000000	0.000058	0.000010	0.000006	0.000010
%Delaytime	D1		D2		D3		D4		D5		D6		D7		D8
0.00000020	0.00000000	0.00000000	0.00000000	0.00000000	1.72508240	0.92566615	0.95469332	0.93374324
0.00000040	0.00000000	0.00000000	0.00000000	0.00000000	1.52418673	1.00281024	1.00210500	1.00208318
0.00000060	0.00000000	0.00000000	0.00000000	0.00000000	1.47677040	1.00016749	1.00096929	1.00042665
0.00000080	0.00000000	0.00000000	0.00000000	0.00000000	1.49049616	1.00052786	0.99983907	0.99953508
0.00000100	0.00000000	0.00000000	0.00000000	0.00000000	1.46429241	1.00017071	1.00050199	0.99938738
0.00000120	0.00000000	0.00000000	0.00000000	0.00000000	1.44807100	1.00044894	1.00045156	1.00009763
0.00000140	0.00000000	0.00000000	0.00000000	0.00000000	1.49923074	1.00040197	1.00027502	0.99922413
0.00000160	0.00000000	0.00000000	0.00000000	0.00000000	1.49049616	1.00001991	1.00026011	1.00042415
0.00000180	0.00000000	0.00000000	0.00000000	0.00000000	1.43808854	0.99959683	1.00082481	0.99934947
0.00000200	0.00000000	0.00000000	0.00000000	0.00000000	1.43621683	1.00001228	1.00099897	0.99968457
0.00000220	0.00000000	0.00000000	0.00000000	0.00000000	1.48425710	0.99972332	1.00011694	1.00054646
0.00000240	0.00000000	0.00000000	0.00000000	0.00000000	1.46366847	0.99915928	1.00021732	1.00053394
0.00000260	0.00000000	0.00000000	0.00000000	0.00000000	1.41438043	0.99952966	0.99978143	0.99970007
0.00000280	0.00000000	0.00000000	0.00000000	0.00000000	1.45056653	1.00027549	1.00057530	1.00036168
0.00000300	0.00000000	0.00000000	0.00000000	0.00000000	1.45368612	0.99975055	1.00107515	1.00006962
0.00000320	0.00000000	0.00000000	0.00000000	0.00000000	1.50110245	0.99993807	1.00062621	0.99916941
0.00000360	0.00000000	0.00000000	0.00000000	0.00000000	1.47739422	0.99984151	1.00109112	0.99936366
0.00000400	0.00000000	0.00000000	0.00000000	0.00000000	1.46647596	0.99997729	0.99993247	1.00051415
0.00000440	0.00000000	0.00000000	0.00000000	0.00000000	1.44713509	1.00005364	0.99974442	1.00042129
0.00000480	0.00000000	0.00000000	0.00000000	0.00000000	1.44089615	1.00021183	1.00099111	0.99910784
0.00000520	0.00000000	0.00000000	0.00000000	0.00000000	1.42592251	0.99975598	0.99977934	0.99941278
0.00000560	0.00000000	0.00000000	0.00000000	0.00000000	1.44651127	0.99921334	0.99987590	1.00066829
0.00000600	0.00000000	0.00000000	0.00000000	0.00000000	1.46928358	0.99982619	1.00008667	0.99975348
0.00000640	0.00000000	0.00000000	0.00000000	0.00000000	1.45774138	1.00013101	1.00038576	0.99931544
0.00000720	0.00000000	0.00000000	0.00000000	0.00000000	1.43777668	0.99977827	1.00032938	1.00005698
0.00000800	0.00000000	0.00000000	0.00000000	0.00000000	1.44074011	0.99994022	0.99981749	0.99919474
0.00000880	0.00000000	0.00000000	0.00000000	0.00000000	1.41937160	1.00008476	0.99961656	1.00005233
0.00000960	0.00000000	0.00000000	0.00000000	0.00000000	1.42748225	1.00003242	0.99985939	0.99982131
0.00001040	0.00000000	0.00000000	0.00000000	0.00000000	1.44105208	0.99995887	0.99963582	0.99959832
0.00001120	0.00000000	0.00000000	0.00000000	0.00000000	1.40533388	0.99967909	1.00034106	0.99960560
0.00001200	0.00000000	0.00000000	0.00000000	0.00000000	1.40174639	0.99962199	0.99996191	1.00001121
0.00001280	0.00000000	0.00000000	0.00000000	0.00000000	1.36306465	1.00005448	0.99954802	1.00028348
0.00001440	0.00000000	0.00000000	0.00000000	0.00000000	1.37281311	0.99979103	1.00029659	1.00029922
0.00001600	0.00000000	0.00000000	0.00000000	0.00000000	1.39410365	1.00003564	1.00036299	0.99983788
0.00001760	0.00000000	0.00000000	0.00000000	0.00000000	1.35807347	1.00007463	1.00036573	1.00043786
0.00001920	0.00000000	0.00000000	0.00000000	0.00000000	1.34115016	0.99984211	1.00057817	1.00043929
0.00002080	0.00000000	0.00000000	0.00000000	0.00000000	1.32110739	0.99990392	1.00034475	1.00024891
0.00002240	0.00000000	0.00000000	0.00000000	0.00000000	1.35417414	1.00028288	1.00041497	0.99985701
0.00002400	0.00000000	0.00000000	0.00000000	0.00000000	1.33303952	1.00001979	1.00026929	0.99995130
0.00002560	0.00000000	0.00000000	0.00000000	0.00000000	1.32976401	1.00019765	1.00058460	0.99996787
0.00002880	0.00000000	0.00000000	0.00000000	0.00000000	1.31954527	0.99998212	0.99999595	0.99991673
0.00003200	0.00000000	0.00000000	0.00000000	0.00000000	1.29225075	1.00022757	0.99988204	0.99992722
0.00003520	0.00000000	0.00000000	0.00000000	0.00000000	1.27799833	0.99997413	1.00020266	1.00006890
0.00003840	0.00000000	0.00000000	0.00000000	0.00000000	1.26456583	1.00019872	1.00021708	1.00003862
0.00004160	0.00000000	0.00000000	0.00000000	0.00000000	1.25562382	1.00012052	1.00041580	1.00025666
0.00004480	0.00000000	0.00000000	0.00000000	0.00000000	1.25015712	0.99986565	1.00044560	1.00011671
0.00004800	0.00000000	0.00000000	0.00000000	0.00000000	1.21770835	1.00009704	1.00020933	0.99994999
0.00005120	0.00000000	0.00000000	0.00000000	0.00000000	1.22606456	0.99996948	1.00024068	1.00011122
0.00005760	0.00000000	0.00000000	0.00000000	0.00000000	1.20024514	1.00022852	1.00036311	1.00033128
0.00006400	0.00000000	0.00000000	0.00000000	0.00000000	1.16346371	1.00037134	1.00032628	1.00028837
0.00007040	0.00000000	0.00000000	0.00000000	0.00000000	1.16595793	1.00007296	1.00035059	1.00022185
0.00007680	0.00000000	0.00000000	0.00000000	0.00000000	1.15327454	1.00044060	1.00015998	1.00042939
0.00008320	0.00000000	0.00000000	0.00000000	0.00000000	1.13963497	1.00008535	1.00017881	1.00029969
0.00008960	0.00000000	0.00000000	0.00000000	0.00000000	1.12535143	1.00008845	1.00033247	1.00028527
0.00009600	0.00000000	0.00000000	0.00000000	0.00000000	1.11339509	1.00033498	1.00040352	1.00010645
0.00010240	0.00000000	0.00000000	0.00000000	0.00000000	1.10518014	1.00016558	1.00042236	1.00028741
0.00011520	0.00000000	0.00000000	0.00000000	0.00000000	1.08804309	1.00036943	1.00023437	1.00030422
0.00012800	0.00000000	0.00000000	0.00000000	0.00000000	1.06946683	1.00020254	1.00040603	1.00023472
0.00014080	0.00000000	0.00000000	0.00000000	0.00000000	1.06164825	1.00019515	1.00048053	1.00032663
0.00015360	0.00000000	0.00000000	0.00000000	0.00000000	1.05234778	1.00026596	1.00031960	1.00030494
0.00016640	0.00000000	0.00000000	0.00000000	0.00000000	1.03680801	1.00022852	1.00035918	1.00032353
0.00017920	0.00000000	0.00000000	0.00000000	0.00000000	1.03006673	1.00027215	1.00032866	1.00016904
0.00019200	0.00000000	0.00000000	0.00000000	0.00000000	1.02360797	1.00026727	1.00041735	1.00011277
0.00020480	0.00000000	0.00000000	0.00000000	0.00000000	1.02504098	1.00026548	1.00033486	1.00026917
0.00023040	0.00000000	0.00000000	0.00000000	0.00000000	1.01183546	1.00028563	1.00022805	1.00020707
0.00025600	0.00000000	0.00000000	0.00000000	0.00000000	1.01580095	1.00022781	1.00022638	1.00014222
0.00028160	0.00000000	0.00000000	0.00000000	0.00000000	1.00754929	1.00022662	1.00019228	1.00016034
0.00030720	0.00000000	0.00000000	0.00000000	0.00000000	1.00255060	1.00017416	1.00022435	1.00021851
0.00033280	0.00000000	0.00000000	0.00000000	0.00000000	1.00142860	1.00021517	1.00010312	1.00010335
0.00035840	0.00000000	0.00000000	0.00000000	0.00000000	1.00116014	1.00017166	1.00027966	1.00008929
0.00038400	0.00000000	0.00000000	0.00000000	0.00000000	1.00314021	1.00006652	1.00011992	1.00008631
0.00040960	0.00000000	0.00000000	0.00000000	0.00000000	1.00201309	1.00015879	1.00012147	1.00004482
0.00046080	0.00000000	0.00000000	0.00000000	0.00000000	1.00374484	0.99999714	1.00007224	1.00001633
0.00051200	0.00000000	0.00000000	0.00000000	0.00000000	1.00032830	0.99995703	0.99998939	0.99996501
0.00056320	0.00000000	0.00000000	0.00000000	0.00000000	0.99938798	0.99995369	0.99994648	0.99991405
0.00061440	0.00000000	0.00000000	0.00000000	0.00000000	0.99828464	0.99994826	0.99989974	0.99994135
0.00066560	0.00000000	0.00000000	0.00000000	0.00000000	1.00129890	0.99991918	0.99993539	0.99995506
0.00071680	0.00000000	0.00000000	0.00000000	0.00000000	0.99973243	0.99992251	0.99995768	0.99995476
0.00076800	0.00000000	0.00000000	0.00000000	0.00000000	1.00213575	0.99993658	0.99993742	0.99996859
0.00081920	0.00000000	0.00000000	0.00000000	0.00000000	0.99701124	0.99996638	0.99998105	0.99989361
0.00092160	0.00000000	0.00000000	0.00000000	0.00000000	1.00054967	0.99993020	0.99993670	0.99994540
0.00102400	0.00000000	0.00000000	0.00000000	0.00000000	0.99818587	0.99997735	0.99996716	0.99997228
0.00112640	0.00000000	0.00000000	0.00000000	0.00000000	0.99711162	1.00002337	0.99995840	0.99996042
0.00122880	0.00000000	0.00000000	0.00000000	0.00000000	0.99469590	0.99988544	0.99995559	0.99994528
0.00133120	0.00000000	0.00000000	0.00000000	0.00000000	0.99723697	0.99999720	0.99992049	0.99995613
0.00143360	0.00000000	0.00000000	0.00000000	0.00000000	1.00062323	0.99993980	0.99994338	0.99998099
0.00153600	0.00000000	0.00000000	0.00000000	0.00000000	0.99803925	0.99994457	0.99995929	0.99997121
0.00163840	0.00000000	0.00000000	0.00000000	0.00000000	0.99817973	0.99995160	0.99997473	0.99999827
0.00184320	0.00000000	0.00000000	0.00000000	0.00000000	1.00209534	0.99995077	0.99997008	0.99998587
0.00204800	0.00000000	0.00000000	0.00000000	0.00000000	1.00233281	0.99996662	0.99995124	0.99998873
0.00225280	0.00000000	0.00000000	0.00000000	0.00000000	1.00376940	0.99998748	0.99994451	0.99996138
0.00245760	0.00000000	0.00000000	0.00000000	0.00000000	1.00287139	0.99999934	0.99996066	1.00001144
0.00266240	0.00000000	0.00000000	0.00000000	0.00000000	0.99922734	1.00000989	0.99999046	0.99996340
0.00286720	0.00000000	0.00000000	0.00000000	0.00000000	0.99972588	0.99996102	0.99994892	0.99998683
0.00307200	0.00000000	0.00000000	0.00000000	0.00000000	1.00078249	0.99996513	0.99997669	0.99994457
0.00327680	0.00000000	0.00000000	0.00000000	0.00000000	1.00081944	0.99996668	0.99994504	0.99993777
0.00368640	0.00000000	0.00000000	0.00000000	0.00000000	1.00044000	0.99996543	0.99996811	0.99997139
0.00409600	0.00000000	0.00000000	0.00000000	0.00000000	1.00081587	0.99998498	0.99997818	0.99996388
0.00450560	0.00000000	0.00000000	0.00000000	0.00000000	1.00006902	0.99998415	0.99996942	0.99997890
0.00491520	0.00000000	0.00000000	0.00000000	0.00000000	0.99816966	0.99995488	0.99993980	0.99996066
0.00532480	0.00000000	0.00000000	0.00000000	0.00000000	0.99988872	0.99999088	0.99996799	0.99995965
0.00573440	0.00000000	0.00000000	0.00000000	0.00000000	1.00161922	0.99996591	0.99996448	0.99996674
0.00614400	0.00000000	0.00000000	0.00000000	0.00000000	1.00098300	0.99995446	0.99996632	0.99998003
0.00655360	0.00000000	0.00000000	0.00000000	0.00000000	0.99806201	0.99993390	0.99996042	0.99997681
0.00737280	0.00000000	0.00000000	0.00000000	0.00000000	0.99966478	0.99997079	0.99997348	0.99996960
0.00819200	0.00000000	0.00000000	0.00000000	0.00000000	1.00025773	1.00021744	1.00023913	1.00018275
0.00901120	0.00000000	0.00000000	0.00000000	0.00000000	1.00137115	1.00004935	1.00006092	1.00002968
0.00983040	0.00000000	0.00000000	0.00000000	0.00000000	0.99984300	0.99994773	0.99996191	0.99996608
0.01064960	0.00000000	0.00000000	0.00000000	0.00000000	1.00018191	0.99997389	0.99996084	0.99997717
0.01146880	0.00000000	0.00000000	0.00000000	0.00000000	0.99954861	0.99997705	0.99995726	0.99997038
0.01228800	0.00000000	0.00000000	0.00000000	0.00000000	0.99945933	0.99998164	0.99997318	0.99998510
0.01310720	0.00000000	0.00000000	0.00000000	0.00000000	0.99938643	0.99996907	0.99996489	0.99997234
0.01474560	0.00000000	0.00000000	0.00000000	0.00000000	1.00042689	0.99996692	0.99996555	0.99996740
0.01638400	0.00000000	0.00000000	0.00000000	0.00000000	1.00004375	1.00009549	1.00011408	1.00009322
0.01802240	0.00000000	0.00000000	0.00000000	0.00000000	1.00005126	0.99999946	0.99999875	0.99998736
0.01966080	0.00000000	0.00000000	0.00000000	0.00000000	0.99995077	0.99997157	0.99994707	0.99997574
0.02129920	0.00000000	0.00000000	0.00000000	0.00000000	0.99915749	0.99997663	0.99995464	0.99998152
0.02293760	0.00000000	0.00000000	0.00000000	0.00000000	0.99769008	0.99996066	0.99996418	0.99995857
0.02457600	0.00000000	0.00000000	0.00000000	0.00000000	0.99918246	1.00007784	1.00008857	1.00007284
0.02621440	0.00000000	0.00000000	0.00000000	0.00000000	0.99923354	1.00000072	1.00002873	1.00000024
0.02949120	0.00000000	0.00000000	0.00000000	0.00000000	0.99972665	0.99997681	0.99995607	0.99997365
0.03276800	0.00000000	0.00000000	0.00000000	0.00000000	1.00015593	1.00003290	1.00004506	1.00002944
0.03604480	0.00000000	0.00000000	0.00000000	0.00000000	0.99896258	0.99998784	0.99997729	0.99998218
0.03932160	0.00000000	0.00000000	0.00000000	0.00000000	0.99873072	0.99998236	0.99998051	0.99998599
0.04259840	0.00000000	0.00000000	0.00000000	0.00000000	1.00096309	1.00003457	1.00004137	1.00002658
0.04587520	0.00000000	0.00000000	0.00000000	0.00000000	1.00124073	0.99996901	0.99996293	0.99997699
0.04915200	0.00000000	0.00000000	0.00000000	0.00000000	1.00047374	1.00002468	1.00003636	1.00001609
0.05242880	0.00000000	0.00000000	0.00000000	0.00000000	0.99925768	0.99999338	0.99998927	0.99999022
0.05898240	0.00000000	0.00000000	0.00000000	0.00000000	1.00029266	1.00000513	1.00000870	1.00000453
0.06553600	0.00000000	0.00000000	0.00000000	0.00000000	1.00016057	0.99999601	0.99999696	1.00000107
0.07208960	0.00000000	0.00000000	0.00000000	0.00000000	1.00006068	0.99999839	0.99999768	0.99999869
0.07864320	0.00000000	0.00000000	0.00000000	0.00000000	0.99933457	1.00000167	0.99999744	0.99999356
0.08519680	0.00000000	0.00000000	0.00000000	0.00000000	0.99979764	0.99999571	0.99999779	1.00000286
0.09175040	0.00000000	0.00000000	0.00000000	0.00000000	1.00041282	1.00001228	1.00000870	1.00000441
0.09830400	0.00000000	0.00000000	0.00000000	0.00000000	1.00017476	0.99999380	0.99999070	1.00000203
0.10485760	0.00000000	0.00000000	0.00000000	0.00000000	1.00023246	1.00000095	0.99999946	0.99999696
0.11796480	0.00000000	0.00000000	0.00000000	0.00000000	0.99973112	1.00000250	1.00000417	1.00000274
0.13107200	0.00000000	0.00000000	0.00000000	0.00000000	0.99976104	1.00000226	0.99999821	0.99999845
0.14417920	0.00000000	0.00000000	0.00000000	0.00000000	0.99994290	1.00000155	0.99999923	0.99999696
0.15728641	0.00000000	0.00000000	0.00000000	0.00000000	1.00047183	1.00000179	1.00000036	0.99999982
0.17039360	0.00000000	0.00000000	0.00000000	0.00000000	0.99997801	0.99999803	0.99999815	0.99999988
0.18350080	0.00000000	0.00000000	0.00000000	0.00000000	0.99995703	1.00000608	1.00000477	1.00000501
0.19660801	0.00000000	0.00000000	0.00000000	0.00000000	0.99969882	0.99999785	0.99999928	0.99999595
0.20971520	0.00000000	0.00000000	0.00000000	0.00000000	0.99962771	1.00000322	1.00000358	1.00000143
0.23592959	0.00000000	0.00000000	0.00000000	0.00000000	1.00004268	1.00000119	1.00000107	0.99999988
0.26214400	0.00000000	0.00000000	0.00000000	0.00000000	0.99996179	1.00000012	1.00000191	0.99999952
0.28835839	0.00000000	0.00000000	0.00000000	0.00000000	0.99977875	1.00000012	0.99999821	1.00000083
0.31457281	0.00000000	0.00000000	0.00000000	0.00000000	0.99978733	1.00000203	1.00000203	0.99999893
0.34078720	0.00000000	0.00000000	0.00000000	0.00000000	0.99982333	1.00000274	0.99999768	1.00000083
0.36700159	0.00000000	0.00000000	0.00000000	0.00000000	0.99991989	1.00000131	0.99999940	1.00000095
0.39321601	0.00000000	0.00000000	0.00000000	0.00000000	0.99953157	0.99999833	0.99999970	0.99999970
0.41943040	0.00000000	0.00000000	0.00000000	0.00000000	0.99991435	0.99999887	0.99999923	0.99999994
0.47185919	0.00000000	0.00000000	0.00000000	0.00000000	1.00015318	1.00000167	1.00000215	0.99999982
0.52428800	0.00000000	0.00000000	0.00000000	0.00000000	1.00012505	0.99999976	1.00000095	0.99999952
0.57671678	0.00000000	0.00000000	0.00000000	0.00000000	1.00019693	0.99999928	1.00000095	0.99999928
0.62914562	0.00000000	0.00000000	0.00000000	0.00000000	1.00002146	1.00000143	1.00000024	0.99999911
0.68157440	0.00000000	0.00000000	0.00000000	0.00000000	0.99981302	0.99999970	0.99999881	0.99999976
0.73400319	0.00000000	0.00000000	0.00000000	0.00000000	0.99996644	0.99999815	1.00000060	0.99999994
0.78643203	0.00000000	0.00000000	0.00000000	0.00000000	0.99996710	1.00000048	1.00000095	1.00000048
0.83886081	0.00000000	0.00000000	0.00000000	0.00000000	0.99976438	0.99999923	0.99999785	1.00000095
0.94371837	0.00000000	0.00000000	0.00000000	0.00000000	0.99989271	1.00000012	0.99999982	0.99999928
1.04857600	0.00000000	0.00000000	0.00000000	0.00000000	0.99993724	0.99999839	1.00000048	1.00000024
1.15343356	0.00000000	0.00000000	0.00000000	0.00000000	1.00011957	0.99999964	0.99999940	1.00000036
1.25829124	0.00000000	0.00000000	0.00000000	0.00000000	1.00009453	0.99999923	0.99999976	1.00000095
1.36314881	0.00000000	0.00000000	0.00000000	0.00000000	1.00019753	0.99999958	0.99999863	0.99999893
1.46800637	0.00000000	0.00000000	0.00000000	0.00000000	0.99994421	0.99999917	1.00000012	0.99999988
1.57286406	0.00000000	0.00000000	0.00000000	0.00000000	0.99987340	0.99999845	0.99999958	1.00000024
1.67772162	0.00000000	0.00000000	0.00000000	0.00000000	0.99990040	0.99999964	0.99999934	1.00000083
1.88743675	0.00000000	0.00000000	0.00000000	0.00000000	0.99999797	0.99999976	0.99999905	0.99999988
2.09715199	0.00000000	0.00000000	0.00000000	0.00000000	1.00002921	1.00000036	1.00000012	0.99999976
2.30686712	0.00000000	0.00000000	0.00000000	0.00000000	0.99997747	1.00000036	0.99999964	1.00000036
2.51658249	0.00000000	0.00000000	0.00000000	0.00000000	1.00006473	1.00000012	0.99999970	1.00000060
2.72629762	0.00000000	0.00000000	0.00000000	0.00000000	0.99999207	0.99999958	1.00000072	0.99999917
2.93601274	0.00000000	0.00000000	0.00000000	0.00000000	0.99990046	0.99999964	1.00000024	0.99999946
3.14572811	0.00000000	0.00000000	0.00000000	0.00000000	0.99999344	0.99999952	1.00000072	1.00000036
3.35544324	0.00000000	0.00000000	0.00000000	0.00000000	1.00001097	1.00000024	1.00000107	0.99999976
3.77487350	0.00000000	0.00000000	0.00000000	0.00000000	1.00004327	1.00000012	0.99999982	0.99999994
4.19430399	0.00000000	0.00000000	0.00000000	0.00000000	1.00005162	1.00000024	0.99999994	0.99999958
4.61373425	0.00000000	0.00000000	0.00000000	0.00000000	0.99991733	1.00000048	1.00000012	0.99999988
5.03316498	0.00000000	0.00000000	0.00000000	0.00000000	1.00000000	1.00000000	1.00000000	1.00000000
5.45259523	0.00000000	0.00000000	0.00000000	0.00000000	0.00000000	0.00000000	0.00000000	0.00000000
5.87202549	0.00000000	0.00000000	0.00000000	0.00000000	0.00000000	0.00000000	0.00000000	0.00000000
6.29145622	0.00000000	0.00000000	0.00000000	0.00000000	0.00000000	0.00000000	0.00000000	0.00000000
6.71088648	0.00000000	0.00000000	0.00000000	0.00000000	0.00000000	0.00000000	0.00000000	0.00000000
7.54974699	0.00000000	0.00000000	0.00000000	0.00000000	0.00000000	0.00000000	0.00000000	0.00000000
8.38860798	0.00000000	0.00000000	0.00000000	0.00000000	0.00000000	0.00000000	0.00000000	0.00000000
9.22746849	0.00000000	0.00000000	0.00000000	0.00000000	0.00000000	0.00000000	0.00000000	0.00000000
10.06632996	0.00000000	0.00000000	0.00000000	0.00000000	0.00000000	0.00000000	0.00000000	0.00000000
10.90519047	0.00000000	0.00000000	0.00000000	0.00000000	0.00000000	0.00000000	0.00000000	0.00000000
11.74405098	0.00000000	0.00000000	0.00000000	0.00000000	0.00000000	0.00000000	0.00000000	0.00000000
12.58291245	0.00000000	0.00000000	0.00000000	0.00000000	0.00000000	0.00000000	0.00000000	0.00000000
13.42177296	0.00000000	0.00000000	0.00000000	0.00000000	0.00000000	0.00000000	0.00000000	0.00000000
15.09949398	0.00000000	0.00000000	0.00000000	0.00000000	0.00000000	0.00000000	0.00000000	0.00000000
16.77721596	0.00000000	0.00000000	0.00000000	0.00000000	0.00000000	0.00000000	0.00000000	0.00000000
18.45493698	0.00000000	0.00000000	0.00000000	0.00000000	0.00000000	0.00000000	0.00000000	0.00000000
20.13265991	0.00000000	0.00000000	0.00000000	0.00000000	0.00000000	0.00000000	0.00000000	0.00000000
21.81038094	0.00000000	0.00000000	0.00000000	0.00000000	0.00000000	0.00000000	0.00000000	0.00000000
23.48810196	0.00000000	0.00000000	0.00000000	0.00000000	0.00000000	0.00000000	0.00000000	0.00000000
25.16582489	0.00000000	0.00000000	0.00000000	0.00000000	0.00000000	0.00000000	0.00000000	0.00000000
26.84354591	0.00000000	0.00000000	0.00000000	0.00000000	0.00000000	0.00000000	0.00000000	0.00000000
30.19898796	0.00000000	0.00000000	0.00000000	0.00000000	0.00000000	0.00000000	0.00000000	0.00000000
33.55443192	0.00000000	0.00000000	0.00000000	0.00000000	0.00000000	0.00000000	0.00000000	0.00000000
36.90987396	0.00000000	0.00000000	0.00000000	0.00000000	0.00000000	0.00000000	0.00000000	0.00000000
40.26531982	0.00000000	0.00000000	0.00000000	0.00000000	0.00000000	0.00000000	0.00000000	0.00000000
43.62076187	0.00000000	0.00000000	0.00000000	0.00000000	0.00000000	0.00000000	0.00000000	0.00000000
46.97620392	0.00000000	0.00000000	0.00000000	0.00000000	0.00000000	0.00000000	0.00000000	0.00000000
50.33164978	0.00000000	0.00000000	0.00000000	0.00000000	0.00000000	0.00000000	0.00000000	0.00000000
53.68709183	0.00000000	0.00000000	0.00000000	0.00000000	0.00000000	0.00000000	0.00000000	0.00000000
60.39797592	0.00000000	0.00000000	0.00000000	0.00000000	0.00000000	0.00000000	0.00000000	0.00000000
67.10886383	0.00000000	0.00000000	0.00000000	0.00000000	0.00000000	0.00000000	0.00000000	0.00000000
73.81974792	0.00000000	0.00000000	0.00000000	0.00000000	0.00000000	0.00000000	0.00000000	0.00000000
80.53063965	0.00000000	0.00000000	0.00000000	0.00000000	0.00000000	0.00000000	0.00000000	0.00000000
87.24152374	0.00000000	0.00000000	0.00000000	0.00000000	0.00000000	0.00000000	0.00000000	0.00000000
93.95240784	0.00000000	0.00000000	0.00000000	0.00000000	0.00000000	0.00000000	0.00000000	0.00000000
100.66329956	0.00000000	0.00000000	0.00000000	0.00000000	0.00000000	0.00000000	0.00000000	0.00000000
107.37418365	0.00000000	0.00000000	0.00000000	0.00000000	0.00000000	0.00000000	0.00000000	0.00000000
120.79595184	0.00000000	0.00000000	0.00000000	0.00000000	0.00000000	0.00000000	0.00000000	0.00000000
134.21772766	0.00000000	0.00000000	0.00000000	0.00000000	0.00000000	0.00000000	0.00000000	0.00000000
147.63949585	0.00000000	0.00000000	0.00000000	0.00000000	0.00000000	0.00000000	0.00000000	0.00000000
161.06127930	0.00000000	0.00000000	0.00000000	0.00000000	0.00000000	0.00000000	0.00000000	0.00000000
174.48304749	0.00000000	0.00000000	0.00000000	0.00000000	0.00000000	0.00000000	0.00000000	0.00000000
187.90481567	0.00000000	0.00000000	0.00000000	0.00000000	0.00000000	0.00000000	0.00000000	0.00000000
201.32659912	0.00000000	0.00000000	0.00000000	0.00000000	0.00000000	0.00000000	0.00000000	0.00000000
214.74836731	0.00000000	0.00000000	0.00000000	0.00000000	0.00000000	0.00000000	0.00000000	0.00000000
241.59190369	0.00000000	0.00000000	0.00000000	0.00000000	0.00000000	0.00000000	0.00000000	0.00000000
268.43545532	0.00000000	0.00000000	0.00000000	0.00000000	0.00000000	0.00000000	0.00000000	0.00000000
295.27899170	0.00000000	0.00000000	0.00000000	0.00000000	0.00000000	0.00000000	0.00000000	0.00000000
322.12255859	0.00000000	0.00000000	0.00000000	0.00000000	0.00000000	0.00000000	0.00000000	0.00000000
348.96609497	0.00000000	0.00000000	0.00000000	0.00000000	0.00000000	0.00000000	0.00000000	0.00000000
375.80963135	0.00000000	0.00000000	0.00000000	0.00000000	0.00000000	0.00000000	0.00000000	0.00000000
402.65319824	0.00000000	0.00000000	0.00000000	0.00000000	0.00000000	0.00000000	0.00000000	0.00000000
429.49673462	0.00000000	0.00000000	0.00000000	0.00000000	0.00000000	0.00000000	0.00000000	0.00000000
483.18380737	0.00000000	0.00000000	0.00000000	0.00000000	0.00000000	0.00000000	0.00000000	0.00000000
536.87091064	0.00000000	0.00000000	0.00000000	0.00000000	0.00000000	0.00000000	0.00000000	0.00000000
590.55798340	0.00000000	0.00000000	0.00000000	0.00000000	0.00000000	0.00000000	0.00000000	0.00000000
644.24511719	0.00000000	0.00000000	0.00000000	0.00000000	0.00000000	0.00000000	0.00000000	0.00000000
697.93218994	0.00000000	0.00000000	0.00000000	0.00000000	0.00000000	0.00000000	0.00000000	0.00000000
751.61926270	0.00000000	0.00000000	0.00000000	0.00000000	0.00000000	0.00000000	0.00000000	0.00000000
805.30639648	0.00000000	0.00000000	0.00000000	0.00000000	0.00000000	0.00000000	0.00000000	0.00000000
858.99346924	0.00000000	0.00000000	0.00000000	0.00000000	0.00000000	0.00000000	0.00000000	0.00000000
966.36761475	0.00000000	0.00000000	0.00000000	0.00000000	0.00000000	0.00000000	0.00000000	0.00000000
1073.74182129	0.00000000	0.00000000	0.00000000	0.00000000	0.00000000	0.00000000	0.00000000	0.00000000
1181.11596680	0.00000000	0.00000000	0.00000000	0.00000000	0.00000000	0.00000000	0.00000000	0.00000000
1288.49023437	0.00000000	0.00000000	0.00000000	0.00000000	0.00000000	0.00000000	0.00000000	0.00000000
1395.86437988	0.00000000	0.00000000	0.00000000	0.00000000	0.00000000	0.00000000	0.00000000	0.00000000
1503.23852539	0.00000000	0.00000000	0.00000000	0.00000000	0.00000000	0.00000000	0.00000000	0.00000000
1610.61279297	0.00000000	0.00000000	0.00000000	0.00000000	0.00000000	0.00000000	0.00000000	0.00000000
1717.98693848	0.00000000	0.00000000	0.00000000	0.00000000	0.00000000	0.00000000	0.00000000	0.00000000
1932.73522949	0.00000000	0.00000000	0.00000000	0.00000000	0.00000000	0.00000000	0.00000000	0.00000000
2147.48364258	0.00000000	0.00000000	0.00000000	0.00000000	0.00000000	0.00000000	0.00000000	0.00000000
2362.23193359	0.00000000	0.00000000	0.00000000	0.00000000	0.00000000	0.00000000	0.00000000	0.00000000
2576.98046875	0.00000000	0.00000000	0.00000000	0.00000000	0.00000000	0.00000000	0.00000000	0.00000000
2791.72875977	0.00000000	0.00000000	0.00000000	0.00000000	0.00000000	0.00000000	0.00000000	0.00000000
3006.47705078	0.00000000	0.00000000	0.00000000	0.00000000	0.00000000	0.00000000	0.00000000	0.00000000
3221.22558594	0.00000000	0.00000000	0.00000000	0.00000000	0.00000000	0.00000000	0.00000000	0.00000000
3435.97387695	0.00000000	0.00000000	0.00000000	0.00000000	0.00000000	0.00000000	0.00000000	0.00000000
0	0	0	0	0	0	0	0	0
