%10/31/2018 2:57:56 PM
%Duration	ID1		ID2		ID3		ID4		ID5		ID6		ID7		ID8
1000.000000	157.108307	0.534058	1354.332031	0.448227	0.000000	0.000000	0.000000	0.000000
%Tau		Tau1		Tau2		Tau3		Tau4		Tau5		Tau6		Tau7		Tau8
%		0.000070	0.000001	0.000010	0.000001	0.000000	0.000000	0.000000	0.000000
%Delaytime	D1		D2		D3		D4		D5		D6		D7		D8
0.00000020	1.76759887	88.04616547	0.98187399	57.25196075	0.00000000	0.00000000	0.00000000	0.00000000
0.00000040	1.53106737	0.00000000	1.00709522	0.00000000	0.00000000	0.00000000	0.00000000	0.00000000
0.00000060	1.51300824	0.00000000	1.00469077	57.25196075	0.00000000	0.00000000	0.00000000	0.00000000
0.00000080	1.49847281	0.00000000	1.00007117	0.00000000	0.00000000	0.00000000	0.00000000	0.00000000
0.00000100	1.52225804	0.00000000	0.99758059	57.25196075	0.00000000	0.00000000	0.00000000	0.00000000
0.00000120	1.50287747	0.00000000	1.00158620	0.00000000	0.00000000	0.00000000	0.00000000	0.00000000
0.00000140	1.49142528	44.02308273	0.99988753	0.00000000	0.00000000	0.00000000	0.00000000	0.00000000
0.00000160	1.56190014	0.00000000	1.00339389	0.00000000	0.00000000	0.00000000	0.00000000	0.00000000
0.00000180	1.47380650	0.00000000	0.99898082	0.00000000	0.00000000	0.00000000	0.00000000	0.00000000
0.00000200	1.49406803	0.00000000	1.00180423	0.00000000	0.00000000	0.00000000	0.00000000	0.00000000
0.00000220	1.45662832	0.00000000	1.00529337	0.00000000	0.00000000	0.00000000	0.00000000	0.00000000
0.00000240	1.47865164	0.00000000	1.00415707	0.00000000	0.00000000	0.00000000	0.00000000	0.00000000
0.00000260	1.47072327	0.00000000	1.00171244	0.00000000	0.00000000	0.00000000	0.00000000	0.00000000
0.00000280	1.46367574	0.00000000	1.00294054	0.00000000	0.00000000	0.00000000	0.00000000	0.00000000
0.00000300	1.44781888	0.00000000	1.00420296	0.00000000	0.00000000	0.00000000	0.00000000	0.00000000
0.00000320	1.48217547	0.00000000	1.00215423	0.00000000	0.00000000	0.00000000	0.00000000	0.00000000
0.00000360	1.48856223	0.00000000	0.99949443	0.00000000	0.00000000	0.00000000	0.00000000	0.00000000
0.00000400	1.48569918	0.00000000	1.00261629	0.00000000	0.00000000	0.00000000	0.00000000	0.00000000
0.00000440	1.45772946	0.00000000	1.00277984	0.00000000	0.00000000	0.00000000	0.00000000	0.00000000
0.00000480	1.48063374	0.00000000	1.00330770	0.00000000	0.00000000	0.00000000	0.00000000	0.00000000
0.00000520	1.45993173	0.00000000	1.00051308	0.00000000	0.00000000	0.00000000	0.00000000	0.00000000
0.00000560	1.45464611	0.00000000	1.00099218	0.00000000	0.00000000	0.00000000	0.00000000	0.00000000
0.00000600	1.44892013	0.00000000	1.00145411	0.00000000	0.00000000	0.00000000	0.00000000	0.00000000
0.00000640	1.43020022	0.00000000	1.00196779	28.62598038	0.00000000	0.00000000	0.00000000	0.00000000
0.00000720	1.42006946	0.00000000	1.00190902	14.31299019	0.00000000	0.00000000	0.00000000	0.00000000
0.00000800	1.41874802	0.00000000	1.00280416	0.00000000	0.00000000	0.00000000	0.00000000	0.00000000
0.00000880	1.41940868	0.00000000	1.00004244	0.00000000	0.00000000	0.00000000	0.00000000	0.00000000
0.00000960	1.41511416	0.00000000	1.00260043	14.31299019	0.00000000	0.00000000	0.00000000	0.00000000
0.00001040	1.43262279	0.00000000	0.99958336	0.00000000	0.00000000	0.00000000	0.00000000	0.00000000
0.00001120	1.41148031	0.00000000	1.00139248	0.00000000	0.00000000	0.00000000	0.00000000	0.00000000
0.00001200	1.40773630	0.00000000	0.99866092	0.00000000	0.00000000	0.00000000	0.00000000	0.00000000
0.00001280	1.39782572	0.00000000	0.99904537	14.31299019	0.00000000	0.00000000	0.00000000	0.00000000
0.00001440	1.39375138	0.00000000	1.00129282	0.00000000	0.00000000	0.00000000	0.00000000	0.00000000
0.00001600	1.38048232	0.00000000	1.00151944	0.00000000	0.00000000	0.00000000	0.00000000	0.00000000
0.00001760	1.36545134	11.00577068	1.00226974	0.00000000	0.00000000	0.00000000	0.00000000	0.00000000
0.00001920	1.37090218	0.00000000	1.00160980	0.00000000	0.00000000	0.00000000	0.00000000	0.00000000
0.00002080	1.35339355	0.00000000	1.00256097	0.00000000	0.00000000	0.00000000	0.00000000	0.00000000
0.00002240	1.35917473	0.00000000	1.00078559	0.00000000	0.00000000	0.00000000	0.00000000	0.00000000
0.00002400	1.35427451	0.00000000	1.00086021	7.15649509	0.00000000	0.00000000	0.00000000	0.00000000
0.00002560	1.35086083	0.00000000	1.00118518	0.00000000	0.00000000	0.00000000	0.00000000	0.00000000
0.00002880	1.33525062	0.00000000	1.00246894	0.00000000	0.00000000	0.00000000	0.00000000	0.00000000
0.00003200	1.31987023	0.00000000	1.00169015	0.00000000	0.00000000	0.00000000	0.00000000	0.00000000
0.00003520	1.29908240	0.00000000	1.00197554	0.00000000	0.00000000	0.00000000	0.00000000	0.00000000
0.00003840	1.28965449	0.00000000	1.00145411	0.00000000	0.00000000	0.00000000	0.00000000	0.00000000
0.00004160	1.27753687	0.00000000	1.00214577	0.00000000	0.00000000	0.00000000	0.00000000	0.00000000
0.00004480	1.27895105	0.00000000	1.00066626	0.00000000	0.00000000	0.00000000	0.00000000	0.00000000
0.00004800	1.25712824	0.00000000	1.00214732	0.00000000	0.00000000	0.00000000	0.00000000	0.00000000
0.00005120	1.25114727	2.75144267	1.00212514	0.00000000	0.00000000	0.00000000	0.00000000	0.00000000
0.00005760	1.23501384	1.38168323	1.00160599	0.00000000	0.00000000	0.00000000	0.00000000	0.00000000
0.00006400	1.20907843	1.38168323	1.00157094	0.00000000	0.00000000	0.00000000	0.00000000	0.00000000
0.00007040	1.19983125	2.76336646	1.00191915	1.76297367	0.00000000	0.00000000	0.00000000	0.00000000
0.00007680	1.18052828	4.14504957	1.00192678	0.00000000	0.00000000	0.00000000	0.00000000	0.00000000
0.00008320	1.18726611	1.38168323	1.00201678	0.00000000	0.00000000	0.00000000	0.00000000	0.00000000
0.00008960	1.15886533	1.38168323	1.00191343	0.00000000	0.00000000	0.00000000	0.00000000	0.00000000
0.00009600	1.15111876	0.00000000	1.00224864	1.76297367	0.00000000	0.00000000	0.00000000	0.00000000
0.00010240	1.14035928	1.38168323	1.00141108	0.00000000	0.00000000	0.00000000	0.00000000	0.00000000
0.00011520	1.12350726	0.68786067	1.00165796	0.00000000	0.00000000	0.00000000	0.00000000	0.00000000
0.00012800	1.10970664	1.37572134	1.00180721	1.74585748	0.00000000	0.00000000	0.00000000	0.00000000
0.00014080	1.09356594	0.68786067	1.00129366	2.61878633	0.00000000	0.00000000	0.00000000	0.00000000
0.00015360	1.08176208	0.00000000	1.00155985	0.87292874	0.00000000	0.00000000	0.00000000	0.00000000
0.00016640	1.07467568	0.68786067	1.00125122	2.61878633	0.00000000	0.00000000	0.00000000	0.00000000
0.00017920	1.06445384	0.68786067	1.00134659	1.74585748	0.00000000	0.00000000	0.00000000	0.00000000
0.00019200	1.05595136	0.00000000	1.00124454	0.00000000	0.00000000	0.00000000	0.00000000	0.00000000
0.00020480	1.05226219	0.00000000	1.00133646	0.87292874	0.00000000	0.00000000	0.00000000	0.00000000
0.00023040	1.03975809	1.03626239	1.00124073	1.76297367	0.00000000	0.00000000	0.00000000	0.00000000
0.00025600	1.03761256	1.38168323	1.00098157	0.44074342	0.00000000	0.00000000	0.00000000	0.00000000
0.00028160	1.03519046	0.34542081	1.00116122	1.32223022	0.00000000	0.00000000	0.00000000	0.00000000
0.00030720	1.02277267	1.03626239	1.00089359	2.20371699	0.00000000	0.00000000	0.00000000	0.00000000
0.00033280	1.02223754	1.38168323	1.00083637	1.76297367	0.00000000	0.00000000	0.00000000	0.00000000
0.00035840	1.02570117	1.03626239	1.00079882	3.08520389	0.00000000	0.00000000	0.00000000	0.00000000
0.00038400	1.02210629	1.03626239	1.00081360	0.88148683	0.00000000	0.00000000	0.00000000	0.00000000
0.00040960	1.02254474	1.38168323	1.00082397	0.88148683	0.00000000	0.00000000	0.00000000	0.00000000
0.00046080	1.01370561	0.51925516	1.00024354	1.56548321	0.00000000	0.00000000	0.00000000	0.00000000
0.00051200	1.01089835	1.21159530	1.00009036	1.34184277	0.00000000	0.00000000	0.00000000	0.00000000
0.00056320	1.00512326	0.51925516	0.99982846	0.67092139	0.00000000	0.00000000	0.00000000	0.00000000
0.00061440	1.00083959	0.51925516	0.99971914	0.67092139	0.00000000	0.00000000	0.00000000	0.00000000
0.00066560	0.99792784	0.69234020	0.99975592	1.34184277	0.00000000	0.00000000	0.00000000	0.00000000
0.00071680	0.99390686	1.38468039	0.99985206	0.89456189	0.00000000	0.00000000	0.00000000	0.00000000
0.00076800	0.99802285	1.38468039	0.99952894	0.89456189	0.00000000	0.00000000	0.00000000	0.00000000
0.00081920	1.00450325	1.38468039	1.00005114	1.56548321	0.00000000	0.00000000	0.00000000	0.00000000
0.00092160	1.00619221	1.13982356	0.99978876	0.66762853	0.00000000	0.00000000	0.00000000	0.00000000
0.00102400	1.00210476	0.87678742	0.99999028	1.11271429	0.00000000	0.00000000	0.00000000	0.00000000
0.00112640	1.00327408	1.13982356	1.00003195	0.77889997	0.00000000	0.00000000	0.00000000	0.00000000
0.00122880	1.00406754	1.40285981	0.99987280	1.45009136	0.00000000	0.00000000	0.00000000	0.00000000
0.00133120	0.99801767	1.31518114	0.99981898	0.89236391	0.00000000	0.00000000	0.00000000	0.00000000
0.00143360	0.99316102	1.22750235	0.99990129	0.33463648	0.00000000	0.00000000	0.00000000	0.00000000
0.00153600	0.99295610	1.40285981	1.00009143	1.00390947	0.00000000	0.00000000	0.00000000	0.00000000
0.00163840	0.99651861	1.13982356	0.99975848	0.89236391	0.00000000	0.00000000	0.00000000	0.00000000
0.00184320	1.00494850	1.08884692	0.99981922	0.61501127	0.00000000	0.00000000	0.00000000	0.00000000
0.00204800	1.00120163	0.87107748	0.99984515	0.83865178	0.00000000	0.00000000	0.00000000	0.00000000
0.00225280	0.99840665	0.82752365	0.99989372	0.89456189	0.00000000	0.00000000	0.00000000	0.00000000
0.00245760	0.99840671	0.95818526	0.99996823	0.89456189	0.00000000	0.00000000	0.00000000	0.00000000
0.00266240	0.99880356	1.39372396	0.99984288	1.45366299	0.00000000	0.00000000	0.00000000	0.00000000
0.00286720	0.99915963	0.82752365	0.99984276	1.00638211	0.00000000	0.00000000	0.00000000	0.00000000
0.00307200	1.00360215	0.87107748	0.99976677	1.45366299	0.00000000	0.00000000	0.00000000	0.00000000
0.00327680	1.00342655	1.21950853	0.99966532	0.78274161	0.00000000	0.00000000	0.00000000	0.00000000
0.00368640	0.99894744	1.02351606	0.99984241	1.05448759	0.00000000	0.00000000	0.00000000	0.00000000
0.00409600	1.00053942	1.11062384	0.99985480	1.08223736	0.00000000	0.00000000	0.00000000	0.00000000
0.00450560	1.00196314	1.00173914	0.99976802	1.08223736	0.00000000	0.00000000	0.00000000	0.00000000
0.00491520	0.99338961	1.19773161	0.99990231	1.13773668	0.00000000	0.00000000	0.00000000	0.00000000
0.00532480	0.99738878	1.02351606	0.99983644	0.69374186	0.00000000	0.00000000	0.00000000	0.00000000
0.00573440	0.99846542	0.95818526	0.99982077	0.72326428	0.00000000	0.00000000	0.00000000	0.00000000
0.00614400	1.00173974	0.93640834	0.99983591	0.69715929	0.00000000	0.00000000	0.00000000	0.00000000
0.00655360	1.00220919	1.33128726	0.99991107	0.83659118	0.00000000	0.00000000	0.00000000	0.00000000
0.00737280	1.00232399	0.98657519	0.99998826	0.84636509	0.00000000	0.00000000	0.00000000	0.00000000
0.00819200	1.00062716	0.84563589	1.00098634	0.88798958	0.00000000	0.00000000	0.00000000	0.00000000
0.00901120	0.99765629	0.83479440	1.00030720	1.04061282	0.00000000	0.00000000	0.00000000	0.00000000
0.00983040	0.99901938	1.01909959	0.99992943	1.05448759	0.00000000	0.00000000	0.00000000	0.00000000
0.01064960	0.99885762	0.86543339	0.99974209	0.83249027	0.00000000	0.00000000	0.00000000	0.00000000
0.01146880	1.00072908	0.74806249	0.99984127	1.02673793	0.00000000	0.00000000	0.00000000	0.00000000
0.01228800	1.00057292	0.84379756	0.99981594	1.01286316	0.00000000	0.00000000	0.00000000	0.00000000
0.01310720	1.00141990	1.17659521	0.99986440	1.15161145	0.00000000	0.00000000	0.00000000	0.00000000
0.01474560	1.00096011	1.08719051	0.99980742	0.98300654	0.00000000	0.00000000	0.00000000	0.00000000
0.01638400	1.00081670	0.97360343	1.00049520	0.89456731	0.00000000	0.00000000	0.00000000	0.00000000
0.01802240	0.99963361	0.99523902	1.00004709	1.06928742	0.00000000	0.00000000	0.00000000	0.00000000
0.01966080	0.99873298	0.98541111	0.99986279	1.00638819	0.00000000	0.00000000	0.00000000	0.00000000
0.02129920	0.99787503	0.92552423	0.99984342	0.99939942	0.00000000	0.00000000	0.00000000	0.00000000
0.02293760	0.99839002	1.05389047	0.99979061	0.97144419	0.00000000	0.00000000	0.00000000	0.00000000
0.02457600	0.99852753	1.11907947	1.00039971	1.08326507	0.00000000	0.00000000	0.00000000	0.00000000
0.02621440	0.99984193	0.95945340	1.00012398	1.11820912	0.00000000	0.00000000	0.00000000	0.00000000
0.02949120	0.99915618	1.03671706	0.99980956	0.99590498	0.00000000	0.00000000	0.00000000	0.00000000
0.03276800	0.99857080	0.99470633	1.00020504	1.03434348	0.00000000	0.00000000	0.00000000	0.00000000
0.03604480	1.00025117	0.91140950	0.99993014	0.96096098	0.00000000	0.00000000	0.00000000	0.00000000
0.03932160	0.99879867	1.02229321	0.99991351	1.02483666	0.00000000	0.00000000	0.00000000	0.00000000
0.04259840	0.99778819	0.89247817	1.00020707	0.99835795	0.00000000	0.00000000	0.00000000	0.00000000
0.04587520	0.99944383	1.03040659	0.99984431	1.07892716	0.00000000	0.00000000	0.00000000	0.00000000
0.04915200	0.99960524	1.00877082	1.00014901	0.92252254	0.00000000	0.00000000	0.00000000	0.00000000
0.05242880	0.99771428	1.00065732	0.99996573	0.98784894	0.00000000	0.00000000	0.00000000	0.00000000
0.05898240	1.00107396	1.00446129	1.00003004	1.08223736	0.00000000	0.00000000	0.00000000	0.00000000
0.06553600	1.00018346	0.98482525	1.00003731	1.00245702	0.00000000	0.00000000	0.00000000	0.00000000
0.07208960	1.00092840	1.00801361	1.00000000	0.95562941	0.00000000	0.00000000	0.00000000	0.00000000
0.07864320	1.00174439	1.02612495	0.99997163	1.05101895	0.00000000	0.00000000	0.00000000	0.00000000
0.08519680	1.00149202	0.95268208	1.00001407	1.05534625	0.00000000	0.00000000	0.00000000	0.00000000
0.09175040	0.99924433	0.98191077	1.00004029	0.93079585	0.00000000	0.00000000	0.00000000	0.00000000
0.09830400	0.99930549	1.01366460	0.99999934	0.95958579	0.00000000	0.00000000	0.00000000	0.00000000
0.10485760	0.99930739	1.02438188	0.99998480	0.98239589	0.00000000	0.00000000	0.00000000	0.00000000
0.11796480	0.99984413	0.97680289	1.00002503	1.03455508	0.00000000	0.00000000	0.00000000	0.00000000
0.13107200	1.00073695	1.01781058	1.00000870	1.03034019	0.00000000	0.00000000	0.00000000	0.00000000
0.14417920	1.00000143	0.97492003	0.99999851	1.00376248	0.00000000	0.00000000	0.00000000	0.00000000
0.15728641	1.00021195	0.99131018	1.00001729	1.01044083	0.00000000	0.00000000	0.00000000	0.00000000
0.17039360	0.99896741	1.05938208	0.99999249	1.01934993	0.00000000	0.00000000	0.00000000	0.00000000
0.18350080	0.99890763	0.98129392	1.00000668	1.02679574	0.00000000	0.00000000	0.00000000	0.00000000
0.19660801	1.00074041	1.00092697	1.00000489	1.05062294	0.00000000	0.00000000	0.00000000	0.00000000
0.20971520	0.99990439	1.01564109	1.00001872	0.97352719	0.00000000	0.00000000	0.00000000	0.00000000
0.23592959	1.00018978	0.98544836	1.00001347	0.97815692	0.00000000	0.00000000	0.00000000	0.00000000
0.26214400	0.99970299	1.00971949	1.00001466	0.95167017	0.00000000	0.00000000	0.00000000	0.00000000
0.28835839	0.99977177	0.98775858	1.00000918	0.99649227	0.00000000	0.00000000	0.00000000	0.00000000
0.31457281	1.00024128	0.96507204	1.00001180	0.99614877	0.00000000	0.00000000	0.00000000	0.00000000
0.34078720	1.00064695	0.99287009	1.00001299	0.97074014	0.00000000	0.00000000	0.00000000	0.00000000
0.36700159	0.99956471	1.00888741	1.00001693	1.02939546	0.00000000	0.00000000	0.00000000	0.00000000
0.39321601	0.99988025	1.00875175	1.00000513	0.98429716	0.00000000	0.00000000	0.00000000	0.00000000
0.41943040	1.00035834	0.99295616	1.00001156	0.97976238	0.00000000	0.00000000	0.00000000	0.00000000
0.47185919	1.00011754	1.00134981	1.00000584	0.98286706	0.00000000	0.00000000	0.00000000	0.00000000
0.52428800	0.99961340	1.00839520	1.00000393	1.01038957	0.00000000	0.00000000	0.00000000	0.00000000
0.57671678	1.00024760	1.00289178	0.99999756	1.01584697	0.00000000	0.00000000	0.00000000	0.00000000
0.62914562	0.99999410	1.01104760	1.00000584	1.01487243	0.00000000	0.00000000	0.00000000	0.00000000
0.68157440	1.00004339	0.98162866	1.00000000	1.00008464	0.00000000	0.00000000	0.00000000	0.00000000
0.73400319	1.00013614	1.01189315	1.00001132	1.00676620	0.00000000	0.00000000	0.00000000	0.00000000
0.78643203	0.99982578	0.99820536	1.00000787	1.01076126	0.00000000	0.00000000	0.00000000	0.00000000
0.83886081	1.00004923	1.01237273	1.00000477	0.97767371	0.00000000	0.00000000	0.00000000	0.00000000
0.94371837	1.00028765	0.99038917	0.99999928	1.00077224	0.00000000	0.00000000	0.00000000	0.00000000
1.04857600	0.99998558	0.99588478	1.00000560	0.99300069	0.00000000	0.00000000	0.00000000	0.00000000
1.15343356	1.00005889	0.99391478	1.00001526	1.00253940	0.00000000	0.00000000	0.00000000	0.00000000
1.25829124	1.00014210	1.01346779	1.00000358	0.99836302	0.00000000	0.00000000	0.00000000	0.00000000
1.36314881	0.99979544	1.00000000	1.00000155	0.99875253	0.00000000	0.00000000	0.00000000	0.00000000
1.46800637	0.99992174	0.98159289	1.00000596	1.00826836	0.00000000	0.00000000	0.00000000	0.00000000
1.57286406	1.00029576	0.98305351	0.99999785	0.99537039	0.00000000	0.00000000	0.00000000	0.00000000
1.67772162	1.00002682	1.00728750	1.00000000	0.99911267	0.00000000	0.00000000	0.00000000	0.00000000
1.88743675	0.00000000	0.00000000	0.00000000	0.00000000	0.00000000	0.00000000	0.00000000	0.00000000
2.09715199	0.00000000	0.00000000	0.00000000	0.00000000	0.00000000	0.00000000	0.00000000	0.00000000
2.30686712	0.00000000	0.00000000	0.00000000	0.00000000	0.00000000	0.00000000	0.00000000	0.00000000
2.51658249	0.00000000	0.00000000	0.00000000	0.00000000	0.00000000	0.00000000	0.00000000	0.00000000
2.72629762	0.00000000	0.00000000	0.00000000	0.00000000	0.00000000	0.00000000	0.00000000	0.00000000
2.93601274	0.00000000	0.00000000	0.00000000	0.00000000	0.00000000	0.00000000	0.00000000	0.00000000
3.14572811	0.00000000	0.00000000	0.00000000	0.00000000	0.00000000	0.00000000	0.00000000	0.00000000
3.35544324	0.00000000	0.00000000	0.00000000	0.00000000	0.00000000	0.00000000	0.00000000	0.00000000
3.77487350	0.00000000	0.00000000	0.00000000	0.00000000	0.00000000	0.00000000	0.00000000	0.00000000
4.19430399	0.00000000	0.00000000	0.00000000	0.00000000	0.00000000	0.00000000	0.00000000	0.00000000
4.61373425	0.00000000	0.00000000	0.00000000	0.00000000	0.00000000	0.00000000	0.00000000	0.00000000
5.03316498	0.00000000	0.00000000	0.00000000	0.00000000	0.00000000	0.00000000	0.00000000	0.00000000
5.45259523	0.00000000	0.00000000	0.00000000	0.00000000	0.00000000	0.00000000	0.00000000	0.00000000
5.87202549	0.00000000	0.00000000	0.00000000	0.00000000	0.00000000	0.00000000	0.00000000	0.00000000
6.29145622	0.00000000	0.00000000	0.00000000	0.00000000	0.00000000	0.00000000	0.00000000	0.00000000
6.71088648	0.00000000	0.00000000	0.00000000	0.00000000	0.00000000	0.00000000	0.00000000	0.00000000
7.54974699	0.00000000	0.00000000	0.00000000	0.00000000	0.00000000	0.00000000	0.00000000	0.00000000
8.38860798	0.00000000	0.00000000	0.00000000	0.00000000	0.00000000	0.00000000	0.00000000	0.00000000
9.22746849	0.00000000	0.00000000	0.00000000	0.00000000	0.00000000	0.00000000	0.00000000	0.00000000
10.06632996	0.00000000	0.00000000	0.00000000	0.00000000	0.00000000	0.00000000	0.00000000	0.00000000
10.90519047	0.00000000	0.00000000	0.00000000	0.00000000	0.00000000	0.00000000	0.00000000	0.00000000
11.74405098	0.00000000	0.00000000	0.00000000	0.00000000	0.00000000	0.00000000	0.00000000	0.00000000
12.58291245	0.00000000	0.00000000	0.00000000	0.00000000	0.00000000	0.00000000	0.00000000	0.00000000
13.42177296	0.00000000	0.00000000	0.00000000	0.00000000	0.00000000	0.00000000	0.00000000	0.00000000
15.09949398	0.00000000	0.00000000	0.00000000	0.00000000	0.00000000	0.00000000	0.00000000	0.00000000
16.77721596	0.00000000	0.00000000	0.00000000	0.00000000	0.00000000	0.00000000	0.00000000	0.00000000
18.45493698	0.00000000	0.00000000	0.00000000	0.00000000	0.00000000	0.00000000	0.00000000	0.00000000
20.13265991	0.00000000	0.00000000	0.00000000	0.00000000	0.00000000	0.00000000	0.00000000	0.00000000
21.81038094	0.00000000	0.00000000	0.00000000	0.00000000	0.00000000	0.00000000	0.00000000	0.00000000
23.48810196	0.00000000	0.00000000	0.00000000	0.00000000	0.00000000	0.00000000	0.00000000	0.00000000
25.16582489	0.00000000	0.00000000	0.00000000	0.00000000	0.00000000	0.00000000	0.00000000	0.00000000
26.84354591	0.00000000	0.00000000	0.00000000	0.00000000	0.00000000	0.00000000	0.00000000	0.00000000
30.19898796	0.00000000	0.00000000	0.00000000	0.00000000	0.00000000	0.00000000	0.00000000	0.00000000
33.55443192	0.00000000	0.00000000	0.00000000	0.00000000	0.00000000	0.00000000	0.00000000	0.00000000
36.90987396	0.00000000	0.00000000	0.00000000	0.00000000	0.00000000	0.00000000	0.00000000	0.00000000
40.26531982	0.00000000	0.00000000	0.00000000	0.00000000	0.00000000	0.00000000	0.00000000	0.00000000
43.62076187	0.00000000	0.00000000	0.00000000	0.00000000	0.00000000	0.00000000	0.00000000	0.00000000
46.97620392	0.00000000	0.00000000	0.00000000	0.00000000	0.00000000	0.00000000	0.00000000	0.00000000
50.33164978	0.00000000	0.00000000	0.00000000	0.00000000	0.00000000	0.00000000	0.00000000	0.00000000
53.68709183	0.00000000	0.00000000	0.00000000	0.00000000	0.00000000	0.00000000	0.00000000	0.00000000
60.39797592	0.00000000	0.00000000	0.00000000	0.00000000	0.00000000	0.00000000	0.00000000	0.00000000
67.10886383	0.00000000	0.00000000	0.00000000	0.00000000	0.00000000	0.00000000	0.00000000	0.00000000
73.81974792	0.00000000	0.00000000	0.00000000	0.00000000	0.00000000	0.00000000	0.00000000	0.00000000
80.53063965	0.00000000	0.00000000	0.00000000	0.00000000	0.00000000	0.00000000	0.00000000	0.00000000
87.24152374	0.00000000	0.00000000	0.00000000	0.00000000	0.00000000	0.00000000	0.00000000	0.00000000
93.95240784	0.00000000	0.00000000	0.00000000	0.00000000	0.00000000	0.00000000	0.00000000	0.00000000
100.66329956	0.00000000	0.00000000	0.00000000	0.00000000	0.00000000	0.00000000	0.00000000	0.00000000
107.37418365	0.00000000	0.00000000	0.00000000	0.00000000	0.00000000	0.00000000	0.00000000	0.00000000
120.79595184	0.00000000	0.00000000	0.00000000	0.00000000	0.00000000	0.00000000	0.00000000	0.00000000
134.21772766	0.00000000	0.00000000	0.00000000	0.00000000	0.00000000	0.00000000	0.00000000	0.00000000
147.63949585	0.00000000	0.00000000	0.00000000	0.00000000	0.00000000	0.00000000	0.00000000	0.00000000
161.06127930	0.00000000	0.00000000	0.00000000	0.00000000	0.00000000	0.00000000	0.00000000	0.00000000
174.48304749	0.00000000	0.00000000	0.00000000	0.00000000	0.00000000	0.00000000	0.00000000	0.00000000
187.90481567	0.00000000	0.00000000	0.00000000	0.00000000	0.00000000	0.00000000	0.00000000	0.00000000
201.32659912	0.00000000	0.00000000	0.00000000	0.00000000	0.00000000	0.00000000	0.00000000	0.00000000
214.74836731	0.00000000	0.00000000	0.00000000	0.00000000	0.00000000	0.00000000	0.00000000	0.00000000
241.59190369	0.00000000	0.00000000	0.00000000	0.00000000	0.00000000	0.00000000	0.00000000	0.00000000
268.43545532	0.00000000	0.00000000	0.00000000	0.00000000	0.00000000	0.00000000	0.00000000	0.00000000
295.27899170	0.00000000	0.00000000	0.00000000	0.00000000	0.00000000	0.00000000	0.00000000	0.00000000
322.12255859	0.00000000	0.00000000	0.00000000	0.00000000	0.00000000	0.00000000	0.00000000	0.00000000
348.96609497	0.00000000	0.00000000	0.00000000	0.00000000	0.00000000	0.00000000	0.00000000	0.00000000
375.80963135	0.00000000	0.00000000	0.00000000	0.00000000	0.00000000	0.00000000	0.00000000	0.00000000
402.65319824	0.00000000	0.00000000	0.00000000	0.00000000	0.00000000	0.00000000	0.00000000	0.00000000
429.49673462	0.00000000	0.00000000	0.00000000	0.00000000	0.00000000	0.00000000	0.00000000	0.00000000
483.18380737	0.00000000	0.00000000	0.00000000	0.00000000	0.00000000	0.00000000	0.00000000	0.00000000
536.87091064	0.00000000	0.00000000	0.00000000	0.00000000	0.00000000	0.00000000	0.00000000	0.00000000
590.55798340	0.00000000	0.00000000	0.00000000	0.00000000	0.00000000	0.00000000	0.00000000	0.00000000
644.24511719	0.00000000	0.00000000	0.00000000	0.00000000	0.00000000	0.00000000	0.00000000	0.00000000
697.93218994	0.00000000	0.00000000	0.00000000	0.00000000	0.00000000	0.00000000	0.00000000	0.00000000
751.61926270	0.00000000	0.00000000	0.00000000	0.00000000	0.00000000	0.00000000	0.00000000	0.00000000
805.30639648	0.00000000	0.00000000	0.00000000	0.00000000	0.00000000	0.00000000	0.00000000	0.00000000
858.99346924	0.00000000	0.00000000	0.00000000	0.00000000	0.00000000	0.00000000	0.00000000	0.00000000
966.36761475	0.00000000	0.00000000	0.00000000	0.00000000	0.00000000	0.00000000	0.00000000	0.00000000
1073.74182129	0.00000000	0.00000000	0.00000000	0.00000000	0.00000000	0.00000000	0.00000000	0.00000000
1181.11596680	0.00000000	0.00000000	0.00000000	0.00000000	0.00000000	0.00000000	0.00000000	0.00000000
1288.49023437	0.00000000	0.00000000	0.00000000	0.00000000	0.00000000	0.00000000	0.00000000	0.00000000
1395.86437988	0.00000000	0.00000000	0.00000000	0.00000000	0.00000000	0.00000000	0.00000000	0.00000000
1503.23852539	0.00000000	0.00000000	0.00000000	0.00000000	0.00000000	0.00000000	0.00000000	0.00000000
1610.61279297	0.00000000	0.00000000	0.00000000	0.00000000	0.00000000	0.00000000	0.00000000	0.00000000
1717.98693848	0.00000000	0.00000000	0.00000000	0.00000000	0.00000000	0.00000000	0.00000000	0.00000000
1932.73522949	0.00000000	0.00000000	0.00000000	0.00000000	0.00000000	0.00000000	0.00000000	0.00000000
2147.48364258	0.00000000	0.00000000	0.00000000	0.00000000	0.00000000	0.00000000	0.00000000	0.00000000
2362.23193359	0.00000000	0.00000000	0.00000000	0.00000000	0.00000000	0.00000000	0.00000000	0.00000000
2576.98046875	0.00000000	0.00000000	0.00000000	0.00000000	0.00000000	0.00000000	0.00000000	0.00000000
2791.72875977	0.00000000	0.00000000	0.00000000	0.00000000	0.00000000	0.00000000	0.00000000	0.00000000
3006.47705078	0.00000000	0.00000000	0.00000000	0.00000000	0.00000000	0.00000000	0.00000000	0.00000000
3221.22558594	0.00000000	0.00000000	0.00000000	0.00000000	0.00000000	0.00000000	0.00000000	0.00000000
3435.97387695	0.00000000	0.00000000	0.00000000	0.00000000	0.00000000	0.00000000	0.00000000	0.00000000
0	0	0	0	0	0	0	0	0
