%10/31/2018 2:57:52 PM
%Duration	ID1		ID2		ID3		ID4		ID5		ID6		ID7		ID8
1000.000000	132.970810	0.543594	1444.940552	0.371933	0.000000	0.000000	0.000000	0.000000
%Tau		Tau1		Tau2		Tau3		Tau4		Tau5		Tau6		Tau7		Tau8
%		0.000064	0.000001	0.314573	0.000001	0.000000	0.000000	0.000000	0.000000
%Delaytime	D1		D2		D3		D4		D5		D6		D7		D8
0.00000020	1.84339774	39.95488358	0.99611706	45.78578949	0.00000000	0.00000000	0.00000000	0.00000000
0.00000040	1.54864430	0.00000000	1.01699555	0.00000000	0.00000000	0.00000000	0.00000000	0.00000000
0.00000060	1.51180005	0.00000000	1.01773500	0.00000000	0.00000000	0.00000000	0.00000000	0.00000000
0.00000080	1.49040663	0.00000000	1.01596892	0.00000000	0.00000000	0.00000000	0.00000000	0.00000000
0.00000100	1.49397230	0.00000000	1.01581466	45.78578949	0.00000000	0.00000000	0.00000000	0.00000000
0.00000120	1.44761992	0.00000000	1.01800632	0.00000000	0.00000000	0.00000000	0.00000000	0.00000000
0.00000140	1.54805005	0.00000000	1.01645827	0.00000000	0.00000000	0.00000000	0.00000000	0.00000000
0.00000160	1.53616476	0.00000000	1.01092613	0.00000000	0.00000000	0.00000000	0.00000000	0.00000000
0.00000180	1.47317314	0.00000000	1.01673496	0.00000000	0.00000000	0.00000000	0.00000000	0.00000000
0.00000200	1.52071404	0.00000000	1.01334655	0.00000000	0.00000000	0.00000000	0.00000000	0.00000000
0.00000220	1.48624682	0.00000000	1.01415503	0.00000000	0.00000000	0.00000000	0.00000000	0.00000000
0.00000240	1.45059121	0.00000000	1.01743710	0.00000000	0.00000000	0.00000000	0.00000000	0.00000000
0.00000260	1.50645173	0.00000000	1.01411784	0.00000000	0.00000000	0.00000000	0.00000000	0.00000000
0.00000280	1.47673869	0.00000000	1.01228797	0.00000000	0.00000000	0.00000000	0.00000000	0.00000000
0.00000300	1.45593953	0.00000000	1.01518703	0.00000000	0.00000000	0.00000000	0.00000000	0.00000000
0.00000320	1.48862386	0.00000000	1.01722431	0.00000000	0.00000000	0.00000000	0.00000000	0.00000000
0.00000360	1.49991488	0.00000000	1.01457524	0.00000000	0.00000000	0.00000000	0.00000000	0.00000000
0.00000400	1.47228169	0.00000000	1.01631200	0.00000000	0.00000000	0.00000000	0.00000000	0.00000000
0.00000440	1.51031446	0.00000000	1.01760197	22.89289474	0.00000000	0.00000000	0.00000000	0.00000000
0.00000480	1.48654401	0.00000000	1.01480138	0.00000000	0.00000000	0.00000000	0.00000000	0.00000000
0.00000520	1.43811166	19.97744179	1.01415765	0.00000000	0.00000000	0.00000000	0.00000000	0.00000000
0.00000560	1.46099079	0.00000000	1.01521361	22.89289474	0.00000000	0.00000000	0.00000000	0.00000000
0.00000600	1.42206669	0.00000000	1.01355124	0.00000000	0.00000000	0.00000000	0.00000000	0.00000000
0.00000640	1.44138014	0.00000000	1.01547158	0.00000000	0.00000000	0.00000000	0.00000000	0.00000000
0.00000720	1.46960759	9.98872089	1.01258314	0.00000000	0.00000000	0.00000000	0.00000000	0.00000000
0.00000800	1.45177972	9.98872089	1.01406324	0.00000000	0.00000000	0.00000000	0.00000000	0.00000000
0.00000880	1.42503798	0.00000000	1.01233053	0.00000000	0.00000000	0.00000000	0.00000000	0.00000000
0.00000960	1.42072952	0.00000000	1.01514971	0.00000000	0.00000000	0.00000000	0.00000000	0.00000000
0.00001040	1.39354217	0.00000000	1.01417637	22.89289474	0.00000000	0.00000000	0.00000000	0.00000000
0.00001120	1.40854728	0.00000000	1.01397812	0.00000000	0.00000000	0.00000000	0.00000000	0.00000000
0.00001200	1.39220500	0.00000000	1.01531196	0.00000000	0.00000000	0.00000000	0.00000000	0.00000000
0.00001280	1.41092432	0.00000000	1.01360583	0.00000000	0.00000000	0.00000000	0.00000000	0.00000000
0.00001440	1.39837050	0.00000000	1.01527739	0.00000000	0.00000000	0.00000000	0.00000000	0.00000000
0.00001600	1.39161074	4.99436045	1.01541507	11.44644737	0.00000000	0.00000000	0.00000000	0.00000000
0.00001760	1.37296581	0.00000000	1.01595294	0.00000000	0.00000000	0.00000000	0.00000000	0.00000000
0.00001920	1.38121116	0.00000000	1.01534128	0.00000000	0.00000000	0.00000000	0.00000000	0.00000000
0.00002080	1.36033785	0.00000000	1.01486051	0.00000000	0.00000000	0.00000000	0.00000000	0.00000000
0.00002240	1.35365236	0.00000000	1.01509726	5.72322369	0.00000000	0.00000000	0.00000000	0.00000000
0.00002400	1.36219490	0.00000000	1.01355398	0.00000000	0.00000000	0.00000000	0.00000000	0.00000000
0.00002560	1.33552742	0.00000000	1.01486850	0.00000000	0.00000000	0.00000000	0.00000000	0.00000000
0.00002880	1.32562387	5.14140034	1.01583612	0.00000000	0.00000000	0.00000000	0.00000000	0.00000000
0.00003200	1.31461906	2.57070017	1.01627588	0.00000000	0.00000000	0.00000000	0.00000000	0.00000000
0.00003520	1.30032897	2.57070017	1.01536620	2.86161184	0.00000000	0.00000000	0.00000000	0.00000000
0.00003840	1.28793669	0.00000000	1.01600468	0.00000000	0.00000000	0.00000000	0.00000000	0.00000000
0.00004160	1.27553439	0.00000000	1.01627195	2.86161184	0.00000000	0.00000000	0.00000000	0.00000000
0.00004480	1.26597047	0.00000000	1.01721978	0.00000000	0.00000000	0.00000000	0.00000000	0.00000000
0.00004800	1.25908589	0.00000000	1.01564264	0.00000000	0.00000000	0.00000000	0.00000000	0.00000000
0.00005120	1.25304735	0.00000000	1.01591015	2.86161184	0.00000000	0.00000000	0.00000000	0.00000000
0.00005760	1.22550094	0.00000000	1.01577270	1.42452359	0.00000000	0.00000000	0.00000000	0.00000000
0.00006400	1.21142673	1.29615128	1.01594543	2.84904718	0.00000000	0.00000000	0.00000000	0.00000000
0.00007040	1.18371534	1.29615128	1.01633668	1.42452359	0.00000000	0.00000000	0.00000000	0.00000000
0.00007680	1.18298888	0.00000000	1.01604998	2.84904718	0.00000000	0.00000000	0.00000000	0.00000000
0.00008320	1.16774952	0.00000000	1.01577747	0.00000000	0.00000000	0.00000000	0.00000000	0.00000000
0.00008960	1.16478741	1.29615128	1.01582050	1.42452359	0.00000000	0.00000000	0.00000000	0.00000000
0.00009600	1.15167189	0.00000000	1.01559186	1.42452359	0.00000000	0.00000000	0.00000000	0.00000000
0.00010240	1.14158344	1.29615128	1.01540697	0.00000000	0.00000000	0.00000000	0.00000000	0.00000000
0.00011520	1.12363279	1.30160296	1.01574349	0.00000000	0.00000000	0.00000000	0.00000000	0.00000000
0.00012800	1.10726488	1.95240450	1.01556754	0.00000000	0.00000000	0.00000000	0.00000000	0.00000000
0.00014080	1.10482419	1.95240450	1.01535511	0.00000000	0.00000000	0.00000000	0.00000000	0.00000000
0.00015360	1.08654332	0.65080148	1.01583719	4.23624706	0.00000000	0.00000000	0.00000000	0.00000000
0.00016640	1.08464003	0.65080148	1.01503992	0.70604122	0.00000000	0.00000000	0.00000000	0.00000000
0.00017920	1.07685077	1.95240450	1.01549804	1.41208243	0.00000000	0.00000000	0.00000000	0.00000000
0.00019200	1.07469451	0.00000000	1.01546907	1.41208243	0.00000000	0.00000000	0.00000000	0.00000000
0.00020480	1.05711007	1.95240450	1.01522195	0.00000000	0.00000000	0.00000000	0.00000000	0.00000000
0.00023040	1.04786420	2.57070017	1.01500356	0.71226180	0.00000000	0.00000000	0.00000000	0.00000000
0.00025600	1.04020560	0.64267504	1.01502752	1.06839275	0.00000000	0.00000000	0.00000000	0.00000000
0.00028160	1.03712595	0.64267504	1.01488590	0.35613090	0.00000000	0.00000000	0.00000000	0.00000000
0.00030720	1.02939284	0.96401256	1.01484644	2.13678551	0.00000000	0.00000000	0.00000000	0.00000000
0.00033280	1.02201807	0.32133752	1.01507497	0.35613090	0.00000000	0.00000000	0.00000000	0.00000000
0.00035840	1.01890504	0.00000000	1.01483750	0.00000000	0.00000000	0.00000000	0.00000000	0.00000000
0.00038400	1.01522231	0.96401256	1.01473570	0.71226180	0.00000000	0.00000000	0.00000000	0.00000000
0.00040960	1.01327908	0.96401256	1.01505518	0.35613090	0.00000000	0.00000000	0.00000000	0.00000000
0.00046080	1.01126730	0.16167995	1.01426589	0.70449960	0.00000000	0.00000000	0.00000000	0.00000000
0.00051200	1.00811970	0.48503986	1.01426744	0.88062453	0.00000000	0.00000000	0.00000000	0.00000000
0.00056320	1.00466478	0.48503986	1.01413119	0.17612490	0.00000000	0.00000000	0.00000000	0.00000000
0.00061440	0.99934971	0.97007972	1.01410758	0.52837473	0.00000000	0.00000000	0.00000000	0.00000000
0.00066560	0.99759096	1.29343963	1.01412714	0.52837473	0.00000000	0.00000000	0.00000000	0.00000000
0.00071680	0.99770540	1.61679959	1.01387703	1.23287439	0.00000000	0.00000000	0.00000000	0.00000000
0.00076800	0.99835384	1.77847946	1.01396704	1.40899920	0.00000000	0.00000000	0.00000000	0.00000000
0.00081920	0.99737257	0.64671981	1.01392972	1.23287439	0.00000000	0.00000000	0.00000000	0.00000000
0.00092160	0.99537599	0.72300941	1.01359868	0.61509126	0.00000000	0.00000000	0.00000000	0.00000000
0.00102400	0.99521977	0.72300941	1.01379871	0.61509126	0.00000000	0.00000000	0.00000000	0.00000000
0.00112640	0.99615169	0.80502439	1.01362836	0.79083163	0.00000000	0.00000000	0.00000000	0.00000000
0.00122880	0.99748909	1.12703419	1.01377988	0.87870181	0.00000000	0.00000000	0.00000000	0.00000000
0.00133120	0.99787945	1.04653180	1.01381624	1.05444217	0.00000000	0.00000000	0.00000000	0.00000000
0.00143360	0.99295443	0.96602929	1.01376200	0.87870181	0.00000000	0.00000000	0.00000000	0.00000000
0.00153600	0.99101883	0.40251219	1.01370323	1.05444217	0.00000000	0.00000000	0.00000000	0.00000000
0.00163840	0.99100626	1.12703419	1.01370311	0.87870181	0.00000000	0.00000000	0.00000000	0.00000000
0.00184320	0.99862862	1.21006286	1.01353061	0.75016880	0.00000000	0.00000000	0.00000000	0.00000000
0.00204800	1.00338745	1.29073370	1.01370001	1.14731693	0.00000000	0.00000000	0.00000000	0.00000000
0.00225280	1.00219083	1.12939203	1.01349890	1.05906177	0.00000000	0.00000000	0.00000000	0.00000000
0.00245760	0.99993342	0.76637316	1.01345062	1.45621002	0.00000000	0.00000000	0.00000000	0.00000000
0.00266240	1.00204325	1.04872119	1.01344085	0.75016880	0.00000000	0.00000000	0.00000000	0.00000000
0.00286720	1.00388753	1.41173995	1.01364541	1.23557210	0.00000000	0.00000000	0.00000000	0.00000000
0.00307200	1.00338948	0.72603768	1.01365340	1.27969968	0.00000000	0.00000000	0.00000000	0.00000000
0.00327680	0.99953085	1.00838566	1.01365733	1.01493418	0.00000000	0.00000000	0.00000000	0.00000000
0.00368640	1.00332713	0.98615491	1.01331854	1.10560870	0.00000000	0.00000000	0.00000000	0.00000000
0.00409600	0.99974221	0.94590366	1.01325870	1.08349645	0.00000000	0.00000000	0.00000000	0.00000000
0.00450560	1.00444853	1.32829034	1.01332760	0.79429638	0.00000000	0.00000000	0.00000000	0.00000000
0.00491520	1.00082290	1.10690856	1.01341426	0.83842391	0.00000000	0.00000000	0.00000000	0.00000000
0.00532480	0.99490690	1.12703419	1.01337767	1.08112562	0.00000000	0.00000000	0.00000000	0.00000000
0.00573440	0.99928701	0.94590366	1.01326180	1.12525320	0.00000000	0.00000000	0.00000000	0.00000000
0.00614400	1.00726664	1.10922432	1.01336241	1.21350837	0.00000000	0.00000000	0.00000000	0.00000000
0.00655360	1.00075912	1.12939203	1.01339197	0.97080666	0.00000000	0.00000000	0.00000000	0.00000000
0.00737280	0.99878013	1.16514015	1.01319802	1.11062908	0.00000000	0.00000000	0.00000000	0.00000000
0.00819200	0.99662209	0.78000337	1.01380932	1.01484334	0.00000000	0.00000000	0.00000000	0.00000000
0.00901120	0.99757731	0.86000371	1.01337039	1.00612783	0.00000000	0.00000000	0.00000000	0.00000000
0.00983040	0.99898642	0.87182385	1.01312840	0.79834056	0.00000000	0.00000000	0.00000000	0.00000000
0.01064960	1.00261021	1.03215933	1.01308048	0.85302144	0.00000000	0.00000000	0.00000000	0.00000000
0.01146880	1.00086355	1.07000470	1.01320672	1.10455346	0.00000000	0.00000000	0.00000000	0.00000000
0.01228800	1.00353241	0.93194968	1.01309478	1.02800024	0.00000000	0.00000000	0.00000000	0.00000000
0.01310720	1.00148225	0.96201253	1.01321709	0.89676613	0.00000000	0.00000000	0.00000000	0.00000000
0.01474560	0.99900919	1.01516902	1.01293004	1.00392163	0.00000000	0.00000000	0.00000000	0.00000000
0.01638400	0.99954200	0.95110494	1.01339388	0.92753625	0.00000000	0.00000000	0.00000000	0.00000000
0.01802240	0.99930292	1.05240512	1.01306415	0.99403614	0.00000000	0.00000000	0.00000000	0.00000000
0.01966080	1.00205839	1.05459309	1.01297688	1.18655217	0.00000000	0.00000000	0.00000000	0.00000000
0.02129920	1.00120211	0.96002471	1.01302838	1.10936630	0.00000000	0.00000000	0.00000000	0.00000000
0.02293760	0.99876714	0.96699208	1.01302624	1.14780962	0.00000000	0.00000000	0.00000000	0.00000000
0.02457600	1.00044322	1.07112968	1.01334560	0.88419789	0.00000000	0.00000000	0.00000000	0.00000000
0.02621440	1.00120199	1.02154040	1.01317084	1.09838247	0.00000000	0.00000000	0.00000000	0.00000000
0.02949120	1.00159776	0.89749503	1.01281607	0.93700331	0.00000000	0.00000000	0.00000000	0.00000000
0.03276800	1.00028336	1.09116209	1.01304829	1.00057578	0.00000000	0.00000000	0.00000000	0.00000000
0.03604480	1.00041842	0.93475902	1.01283276	0.92594725	0.00000000	0.00000000	0.00000000	0.00000000
0.03932160	1.00064218	1.01162255	1.01291108	0.96675903	0.00000000	0.00000000	0.00000000	0.00000000
0.04259840	0.99709111	0.96451265	1.01303875	0.99228376	0.00000000	0.00000000	0.00000000	0.00000000
0.04587520	0.99932194	1.01940775	1.01283336	0.99563318	0.00000000	0.00000000	0.00000000	0.00000000
0.04915200	0.99992013	1.02401984	1.01300180	1.05630887	0.00000000	0.00000000	0.00000000	0.00000000
0.05242880	1.00116134	0.99922514	1.01288784	0.98675573	0.00000000	0.00000000	0.00000000	0.00000000
0.05898240	0.99981189	1.03358495	1.01272869	0.95569706	0.00000000	0.00000000	0.00000000	0.00000000
0.06553600	0.99976259	0.99258941	1.01270008	0.99188501	0.00000000	0.00000000	0.00000000	0.00000000
0.07208960	0.99865985	1.03638589	1.01265109	0.95778829	0.00000000	0.00000000	0.00000000	0.00000000
0.07864320	0.99952340	0.99919504	1.01263416	0.97028118	0.00000000	0.00000000	0.00000000	0.00000000
0.08519680	0.99940497	1.00711918	1.01258075	0.97924322	0.00000000	0.00000000	0.00000000	0.00000000
0.09175040	0.99937218	0.97812021	1.01255608	0.98709399	0.00000000	0.00000000	0.00000000	0.00000000
0.09830400	0.99868858	1.01531112	1.01245713	0.93829697	0.00000000	0.00000000	0.00000000	0.00000000
0.10485760	0.99967426	0.95580572	1.01239920	0.96334070	0.00000000	0.00000000	0.00000000	0.00000000
0.11796480	1.00103760	0.99448717	1.01240277	1.00940120	0.00000000	0.00000000	0.00000000	0.00000000
0.13107200	0.99955690	1.01161158	1.01211977	0.98434573	0.00000000	0.00000000	0.00000000	0.00000000
0.14417920	1.00037253	1.01079190	1.01183462	0.99507153	0.00000000	0.00000000	0.00000000	0.00000000
0.15728641	1.00135672	0.98682767	1.01150894	1.01079786	0.00000000	0.00000000	0.00000000	0.00000000
0.17039360	1.00048125	1.00952506	1.01119459	0.97394961	0.00000000	0.00000000	0.00000000	0.00000000
0.18350080	1.00056350	1.02040315	1.01083231	1.03157783	0.00000000	0.00000000	0.00000000	0.00000000
0.19660801	0.99995327	1.00270939	1.01048493	0.99523693	0.00000000	0.00000000	0.00000000	0.00000000
0.20971520	1.00010502	0.97579557	1.01011801	1.04267263	0.00000000	0.00000000	0.00000000	0.00000000
0.23592959	0.99890047	0.99143511	1.00948989	0.99929082	0.00000000	0.00000000	0.00000000	0.00000000
0.26214400	0.99997336	0.96908498	1.00878644	0.99448442	0.00000000	0.00000000	0.00000000	0.00000000
0.28835839	1.00049746	0.98484850	1.00804770	0.99411231	0.00000000	0.00000000	0.00000000	0.00000000
0.31457281	0.99923742	0.97171879	1.00734162	0.99114352	0.00000000	0.00000000	0.00000000	0.00000000
0.34078720	1.00024593	1.03083134	1.00657618	0.96412861	0.00000000	0.00000000	0.00000000	0.00000000
0.36700159	1.00006795	0.98378110	1.00579011	0.98621762	0.00000000	0.00000000	0.00000000	0.00000000
0.39321601	0.99958742	0.97831416	1.00500357	1.01548827	0.00000000	0.00000000	0.00000000	0.00000000
0.41943040	1.00017643	1.00480413	1.00420272	1.02333331	0.00000000	0.00000000	0.00000000	0.00000000
0.47185919	0.99951655	1.00612450	1.00219059	1.03037250	0.00000000	0.00000000	0.00000000	0.00000000
0.52428800	0.99978703	0.98370993	1.00055170	0.98730111	0.00000000	0.00000000	0.00000000	0.00000000
0.57671678	0.99961895	0.99841219	0.99902123	0.99030423	0.00000000	0.00000000	0.00000000	0.00000000
0.62914562	1.00000143	0.98991477	0.99764854	0.99343055	0.00000000	0.00000000	0.00000000	0.00000000
0.68157440	1.00030470	0.99012148	0.99660671	1.00237310	0.00000000	0.00000000	0.00000000	0.00000000
0.73400319	0.99926889	1.01048326	0.99600500	0.98271918	0.00000000	0.00000000	0.00000000	0.00000000
0.78643203	1.00014472	1.01632249	0.99581826	1.01949334	0.00000000	0.00000000	0.00000000	0.00000000
0.83886081	1.00071216	0.99164027	0.99600953	0.98224795	0.00000000	0.00000000	0.00000000	0.00000000
0.94371837	1.00003469	1.02610111	0.99784791	1.00548935	0.00000000	0.00000000	0.00000000	0.00000000
1.04857600	1.00005543	0.99647266	0.99920452	0.99550831	0.00000000	0.00000000	0.00000000	0.00000000
1.15343356	1.00000513	0.99643648	0.99980426	0.96846670	0.00000000	0.00000000	0.00000000	0.00000000
1.25829124	0.99951655	0.99564600	0.99987376	1.03557634	0.00000000	0.00000000	0.00000000	0.00000000
1.36314881	1.00025058	0.97394049	0.99987769	0.99159491	0.00000000	0.00000000	0.00000000	0.00000000
1.46800637	1.00000918	1.01269722	1.00009549	0.99651110	0.00000000	0.00000000	0.00000000	0.00000000
1.57286406	1.00003612	0.99269694	1.00005162	0.98475438	0.00000000	0.00000000	0.00000000	0.00000000
1.67772162	1.00031531	1.03846157	0.99996716	1.00247407	0.00000000	0.00000000	0.00000000	0.00000000
1.88743675	0.00000000	0.00000000	0.00000000	0.00000000	0.00000000	0.00000000	0.00000000	0.00000000
2.09715199	0.00000000	0.00000000	0.00000000	0.00000000	0.00000000	0.00000000	0.00000000	0.00000000
2.30686712	0.00000000	0.00000000	0.00000000	0.00000000	0.00000000	0.00000000	0.00000000	0.00000000
2.51658249	0.00000000	0.00000000	0.00000000	0.00000000	0.00000000	0.00000000	0.00000000	0.00000000
2.72629762	0.00000000	0.00000000	0.00000000	0.00000000	0.00000000	0.00000000	0.00000000	0.00000000
2.93601274	0.00000000	0.00000000	0.00000000	0.00000000	0.00000000	0.00000000	0.00000000	0.00000000
3.14572811	0.00000000	0.00000000	0.00000000	0.00000000	0.00000000	0.00000000	0.00000000	0.00000000
3.35544324	0.00000000	0.00000000	0.00000000	0.00000000	0.00000000	0.00000000	0.00000000	0.00000000
3.77487350	0.00000000	0.00000000	0.00000000	0.00000000	0.00000000	0.00000000	0.00000000	0.00000000
4.19430399	0.00000000	0.00000000	0.00000000	0.00000000	0.00000000	0.00000000	0.00000000	0.00000000
4.61373425	0.00000000	0.00000000	0.00000000	0.00000000	0.00000000	0.00000000	0.00000000	0.00000000
5.03316498	0.00000000	0.00000000	0.00000000	0.00000000	0.00000000	0.00000000	0.00000000	0.00000000
5.45259523	0.00000000	0.00000000	0.00000000	0.00000000	0.00000000	0.00000000	0.00000000	0.00000000
5.87202549	0.00000000	0.00000000	0.00000000	0.00000000	0.00000000	0.00000000	0.00000000	0.00000000
6.29145622	0.00000000	0.00000000	0.00000000	0.00000000	0.00000000	0.00000000	0.00000000	0.00000000
6.71088648	0.00000000	0.00000000	0.00000000	0.00000000	0.00000000	0.00000000	0.00000000	0.00000000
7.54974699	0.00000000	0.00000000	0.00000000	0.00000000	0.00000000	0.00000000	0.00000000	0.00000000
8.38860798	0.00000000	0.00000000	0.00000000	0.00000000	0.00000000	0.00000000	0.00000000	0.00000000
9.22746849	0.00000000	0.00000000	0.00000000	0.00000000	0.00000000	0.00000000	0.00000000	0.00000000
10.06632996	0.00000000	0.00000000	0.00000000	0.00000000	0.00000000	0.00000000	0.00000000	0.00000000
10.90519047	0.00000000	0.00000000	0.00000000	0.00000000	0.00000000	0.00000000	0.00000000	0.00000000
11.74405098	0.00000000	0.00000000	0.00000000	0.00000000	0.00000000	0.00000000	0.00000000	0.00000000
12.58291245	0.00000000	0.00000000	0.00000000	0.00000000	0.00000000	0.00000000	0.00000000	0.00000000
13.42177296	0.00000000	0.00000000	0.00000000	0.00000000	0.00000000	0.00000000	0.00000000	0.00000000
15.09949398	0.00000000	0.00000000	0.00000000	0.00000000	0.00000000	0.00000000	0.00000000	0.00000000
16.77721596	0.00000000	0.00000000	0.00000000	0.00000000	0.00000000	0.00000000	0.00000000	0.00000000
18.45493698	0.00000000	0.00000000	0.00000000	0.00000000	0.00000000	0.00000000	0.00000000	0.00000000
20.13265991	0.00000000	0.00000000	0.00000000	0.00000000	0.00000000	0.00000000	0.00000000	0.00000000
21.81038094	0.00000000	0.00000000	0.00000000	0.00000000	0.00000000	0.00000000	0.00000000	0.00000000
23.48810196	0.00000000	0.00000000	0.00000000	0.00000000	0.00000000	0.00000000	0.00000000	0.00000000
25.16582489	0.00000000	0.00000000	0.00000000	0.00000000	0.00000000	0.00000000	0.00000000	0.00000000
26.84354591	0.00000000	0.00000000	0.00000000	0.00000000	0.00000000	0.00000000	0.00000000	0.00000000
30.19898796	0.00000000	0.00000000	0.00000000	0.00000000	0.00000000	0.00000000	0.00000000	0.00000000
33.55443192	0.00000000	0.00000000	0.00000000	0.00000000	0.00000000	0.00000000	0.00000000	0.00000000
36.90987396	0.00000000	0.00000000	0.00000000	0.00000000	0.00000000	0.00000000	0.00000000	0.00000000
40.26531982	0.00000000	0.00000000	0.00000000	0.00000000	0.00000000	0.00000000	0.00000000	0.00000000
43.62076187	0.00000000	0.00000000	0.00000000	0.00000000	0.00000000	0.00000000	0.00000000	0.00000000
46.97620392	0.00000000	0.00000000	0.00000000	0.00000000	0.00000000	0.00000000	0.00000000	0.00000000
50.33164978	0.00000000	0.00000000	0.00000000	0.00000000	0.00000000	0.00000000	0.00000000	0.00000000
53.68709183	0.00000000	0.00000000	0.00000000	0.00000000	0.00000000	0.00000000	0.00000000	0.00000000
60.39797592	0.00000000	0.00000000	0.00000000	0.00000000	0.00000000	0.00000000	0.00000000	0.00000000
67.10886383	0.00000000	0.00000000	0.00000000	0.00000000	0.00000000	0.00000000	0.00000000	0.00000000
73.81974792	0.00000000	0.00000000	0.00000000	0.00000000	0.00000000	0.00000000	0.00000000	0.00000000
80.53063965	0.00000000	0.00000000	0.00000000	0.00000000	0.00000000	0.00000000	0.00000000	0.00000000
87.24152374	0.00000000	0.00000000	0.00000000	0.00000000	0.00000000	0.00000000	0.00000000	0.00000000
93.95240784	0.00000000	0.00000000	0.00000000	0.00000000	0.00000000	0.00000000	0.00000000	0.00000000
100.66329956	0.00000000	0.00000000	0.00000000	0.00000000	0.00000000	0.00000000	0.00000000	0.00000000
107.37418365	0.00000000	0.00000000	0.00000000	0.00000000	0.00000000	0.00000000	0.00000000	0.00000000
120.79595184	0.00000000	0.00000000	0.00000000	0.00000000	0.00000000	0.00000000	0.00000000	0.00000000
134.21772766	0.00000000	0.00000000	0.00000000	0.00000000	0.00000000	0.00000000	0.00000000	0.00000000
147.63949585	0.00000000	0.00000000	0.00000000	0.00000000	0.00000000	0.00000000	0.00000000	0.00000000
161.06127930	0.00000000	0.00000000	0.00000000	0.00000000	0.00000000	0.00000000	0.00000000	0.00000000
174.48304749	0.00000000	0.00000000	0.00000000	0.00000000	0.00000000	0.00000000	0.00000000	0.00000000
187.90481567	0.00000000	0.00000000	0.00000000	0.00000000	0.00000000	0.00000000	0.00000000	0.00000000
201.32659912	0.00000000	0.00000000	0.00000000	0.00000000	0.00000000	0.00000000	0.00000000	0.00000000
214.74836731	0.00000000	0.00000000	0.00000000	0.00000000	0.00000000	0.00000000	0.00000000	0.00000000
241.59190369	0.00000000	0.00000000	0.00000000	0.00000000	0.00000000	0.00000000	0.00000000	0.00000000
268.43545532	0.00000000	0.00000000	0.00000000	0.00000000	0.00000000	0.00000000	0.00000000	0.00000000
295.27899170	0.00000000	0.00000000	0.00000000	0.00000000	0.00000000	0.00000000	0.00000000	0.00000000
322.12255859	0.00000000	0.00000000	0.00000000	0.00000000	0.00000000	0.00000000	0.00000000	0.00000000
348.96609497	0.00000000	0.00000000	0.00000000	0.00000000	0.00000000	0.00000000	0.00000000	0.00000000
375.80963135	0.00000000	0.00000000	0.00000000	0.00000000	0.00000000	0.00000000	0.00000000	0.00000000
402.65319824	0.00000000	0.00000000	0.00000000	0.00000000	0.00000000	0.00000000	0.00000000	0.00000000
429.49673462	0.00000000	0.00000000	0.00000000	0.00000000	0.00000000	0.00000000	0.00000000	0.00000000
483.18380737	0.00000000	0.00000000	0.00000000	0.00000000	0.00000000	0.00000000	0.00000000	0.00000000
536.87091064	0.00000000	0.00000000	0.00000000	0.00000000	0.00000000	0.00000000	0.00000000	0.00000000
590.55798340	0.00000000	0.00000000	0.00000000	0.00000000	0.00000000	0.00000000	0.00000000	0.00000000
644.24511719	0.00000000	0.00000000	0.00000000	0.00000000	0.00000000	0.00000000	0.00000000	0.00000000
697.93218994	0.00000000	0.00000000	0.00000000	0.00000000	0.00000000	0.00000000	0.00000000	0.00000000
751.61926270	0.00000000	0.00000000	0.00000000	0.00000000	0.00000000	0.00000000	0.00000000	0.00000000
805.30639648	0.00000000	0.00000000	0.00000000	0.00000000	0.00000000	0.00000000	0.00000000	0.00000000
858.99346924	0.00000000	0.00000000	0.00000000	0.00000000	0.00000000	0.00000000	0.00000000	0.00000000
966.36761475	0.00000000	0.00000000	0.00000000	0.00000000	0.00000000	0.00000000	0.00000000	0.00000000
1073.74182129	0.00000000	0.00000000	0.00000000	0.00000000	0.00000000	0.00000000	0.00000000	0.00000000
1181.11596680	0.00000000	0.00000000	0.00000000	0.00000000	0.00000000	0.00000000	0.00000000	0.00000000
1288.49023437	0.00000000	0.00000000	0.00000000	0.00000000	0.00000000	0.00000000	0.00000000	0.00000000
1395.86437988	0.00000000	0.00000000	0.00000000	0.00000000	0.00000000	0.00000000	0.00000000	0.00000000
1503.23852539	0.00000000	0.00000000	0.00000000	0.00000000	0.00000000	0.00000000	0.00000000	0.00000000
1610.61279297	0.00000000	0.00000000	0.00000000	0.00000000	0.00000000	0.00000000	0.00000000	0.00000000
1717.98693848	0.00000000	0.00000000	0.00000000	0.00000000	0.00000000	0.00000000	0.00000000	0.00000000
1932.73522949	0.00000000	0.00000000	0.00000000	0.00000000	0.00000000	0.00000000	0.00000000	0.00000000
2147.48364258	0.00000000	0.00000000	0.00000000	0.00000000	0.00000000	0.00000000	0.00000000	0.00000000
2362.23193359	0.00000000	0.00000000	0.00000000	0.00000000	0.00000000	0.00000000	0.00000000	0.00000000
2576.98046875	0.00000000	0.00000000	0.00000000	0.00000000	0.00000000	0.00000000	0.00000000	0.00000000
2791.72875977	0.00000000	0.00000000	0.00000000	0.00000000	0.00000000	0.00000000	0.00000000	0.00000000
3006.47705078	0.00000000	0.00000000	0.00000000	0.00000000	0.00000000	0.00000000	0.00000000	0.00000000
3221.22558594	0.00000000	0.00000000	0.00000000	0.00000000	0.00000000	0.00000000	0.00000000	0.00000000
3435.97387695	0.00000000	0.00000000	0.00000000	0.00000000	0.00000000	0.00000000	0.00000000	0.00000000
0	0	0	0	0	0	0	0	0
