%10/31/2018 2:58:33 PM
%Duration	ID1		ID2		ID3		ID4		ID5		ID6		ID7		ID8
1000.000000	137.634277	0.553131	1178.379028	0.324249	0.000000	0.000000	0.000000	0.000000
%Tau		Tau1		Tau2		Tau3		Tau4		Tau5		Tau6		Tau7		Tau8
%		0.000070	0.000001	0.144179	0.000001	0.000000	0.000000	0.000000	0.000000
%Delaytime	D1		D2		D3		D4		D5		D6		D7		D8
0.00000020	1.80298817	42.36024094	0.99058294	0.00000000	0.00000000	0.00000000	0.00000000	0.00000000
0.00000040	1.53668070	0.00000000	1.01179874	68.93487549	0.00000000	0.00000000	0.00000000	0.00000000
0.00000060	1.48309445	0.00000000	1.01482964	0.00000000	0.00000000	0.00000000	0.00000000	0.00000000
0.00000080	1.50312161	0.00000000	1.00810087	0.00000000	0.00000000	0.00000000	0.00000000	0.00000000
0.00000100	1.44033360	0.00000000	1.01554739	68.93487549	0.00000000	0.00000000	0.00000000	0.00000000
0.00000120	1.44682896	0.00000000	1.00823140	0.00000000	0.00000000	0.00000000	0.00000000	0.00000000
0.00000140	1.49013102	0.00000000	1.00375032	0.00000000	0.00000000	0.00000000	0.00000000	0.00000000
0.00000160	1.48417699	42.36024094	1.00659990	0.00000000	0.00000000	0.00000000	0.00000000	0.00000000
0.00000180	1.44899404	0.00000000	1.01133466	0.00000000	0.00000000	0.00000000	0.00000000	0.00000000
0.00000200	1.50203907	0.00000000	1.00743377	0.00000000	0.00000000	0.00000000	0.00000000	0.00000000
0.00000220	1.47768164	0.00000000	1.01019633	0.00000000	0.00000000	0.00000000	0.00000000	0.00000000
0.00000240	1.46036088	0.00000000	1.00670147	0.00000000	0.00000000	0.00000000	0.00000000	0.00000000
0.00000260	1.42680180	0.00000000	1.00622284	0.00000000	0.00000000	0.00000000	0.00000000	0.00000000
0.00000280	1.50203907	0.00000000	1.00815892	0.00000000	0.00000000	0.00000000	0.00000000	0.00000000
0.00000300	1.38728869	0.00000000	1.00910151	0.00000000	0.00000000	0.00000000	0.00000000	0.00000000
0.00000320	1.48850715	0.00000000	1.00702047	0.00000000	0.00000000	0.00000000	0.00000000	0.00000000
0.00000360	1.46117270	0.00000000	1.01276672	0.00000000	0.00000000	0.00000000	0.00000000	0.00000000
0.00000400	1.45819569	0.00000000	1.01172626	0.00000000	0.00000000	0.00000000	0.00000000	0.00000000
0.00000440	1.44493449	0.00000000	1.01263261	0.00000000	0.00000000	0.00000000	0.00000000	0.00000000
0.00000480	1.42626047	0.00000000	1.00933707	0.00000000	0.00000000	0.00000000	0.00000000	0.00000000
0.00000520	1.46198463	0.00000000	1.01287556	0.00000000	0.00000000	0.00000000	0.00000000	0.00000000
0.00000560	1.42084777	0.00000000	1.00822413	0.00000000	0.00000000	0.00000000	0.00000000	0.00000000
0.00000600	1.43870986	0.00000000	1.00865197	0.00000000	0.00000000	0.00000000	0.00000000	0.00000000
0.00000640	1.45548940	0.00000000	1.00925016	0.00000000	0.00000000	0.00000000	0.00000000	0.00000000
0.00000720	1.40975165	0.00000000	1.00915408	0.00000000	0.00000000	0.00000000	0.00000000	0.00000000
0.00000800	1.41124010	10.59006023	1.00718176	0.00000000	0.00000000	0.00000000	0.00000000	0.00000000
0.00000880	1.42017114	10.59006023	1.00821137	0.00000000	0.00000000	0.00000000	0.00000000	0.00000000
0.00000960	1.40826309	0.00000000	1.00823677	0.00000000	0.00000000	0.00000000	0.00000000	0.00000000
0.00001040	1.40217376	0.00000000	1.00776732	0.00000000	0.00000000	0.00000000	0.00000000	0.00000000
0.00001120	1.40082061	0.00000000	1.00706947	0.00000000	0.00000000	0.00000000	0.00000000	0.00000000
0.00001200	1.40853369	10.59006023	1.00941694	17.23371887	0.00000000	0.00000000	0.00000000	0.00000000
0.00001280	1.40109122	0.00000000	1.01180243	0.00000000	0.00000000	0.00000000	0.00000000	0.00000000
0.00001440	1.41002226	0.00000000	1.00883317	0.00000000	0.00000000	0.00000000	0.00000000	0.00000000
0.00001600	1.37984610	0.00000000	1.01032233	8.61685944	0.00000000	0.00000000	0.00000000	0.00000000
0.00001760	1.36577296	0.00000000	1.00941598	0.00000000	0.00000000	0.00000000	0.00000000	0.00000000
0.00001920	1.34195685	5.29503012	1.00779819	0.00000000	0.00000000	0.00000000	0.00000000	0.00000000
0.00002080	1.34689605	5.29503012	1.00800121	0.00000000	0.00000000	0.00000000	0.00000000	0.00000000
0.00002240	1.35548878	0.00000000	1.00943410	0.00000000	0.00000000	0.00000000	0.00000000	0.00000000
0.00002400	1.34276879	5.29503012	1.00810444	0.00000000	0.00000000	0.00000000	0.00000000	0.00000000
0.00002560	1.32362115	0.00000000	1.00969422	0.00000000	0.00000000	0.00000000	0.00000000	0.00000000
0.00002880	1.31848621	2.59230256	1.01139903	0.00000000	0.00000000	0.00000000	0.00000000	0.00000000
0.00003200	1.30942142	0.00000000	1.01081169	0.00000000	0.00000000	0.00000000	0.00000000	0.00000000
0.00003520	1.29165411	0.00000000	1.01128387	4.14991999	0.00000000	0.00000000	0.00000000	0.00000000
0.00003840	1.27079463	2.59230256	1.01175380	0.00000000	0.00000000	0.00000000	0.00000000	0.00000000
0.00004160	1.27413356	2.59230256	1.01040900	0.00000000	0.00000000	0.00000000	0.00000000	0.00000000
0.00004480	1.26895845	0.00000000	1.01141465	0.00000000	0.00000000	0.00000000	0.00000000	0.00000000
0.00004800	1.24288058	0.00000000	1.01188195	0.00000000	0.00000000	0.00000000	0.00000000	0.00000000
0.00005120	1.23929524	0.00000000	1.01129901	0.00000000	0.00000000	0.00000000	0.00000000	0.00000000
0.00005760	1.23018026	0.00000000	1.01107395	2.07495999	0.00000000	0.00000000	0.00000000	0.00000000
0.00006400	1.21014357	2.63633227	1.01070905	0.00000000	0.00000000	0.00000000	0.00000000	0.00000000
0.00007040	1.18198502	0.00000000	1.01109672	0.00000000	0.00000000	0.00000000	0.00000000	0.00000000
0.00007680	1.17697966	0.00000000	1.01106501	0.00000000	0.00000000	0.00000000	0.00000000	0.00000000
0.00008320	1.16337931	1.31816614	1.01185548	4.14991999	0.00000000	0.00000000	0.00000000	0.00000000
0.00008960	1.15343738	0.00000000	1.01140106	0.00000000	0.00000000	0.00000000	0.00000000	0.00000000
0.00009600	1.14361393	2.63633227	1.01131058	2.07495999	0.00000000	0.00000000	0.00000000	0.00000000
0.00010240	1.13444257	3.95449853	1.01127315	4.14991999	0.00000000	0.00000000	0.00000000	0.00000000
0.00011520	1.12003064	0.65908307	1.01160347	1.02655923	0.00000000	0.00000000	0.00000000	0.00000000
0.00012800	1.10254014	1.31816614	1.01066995	0.00000000	0.00000000	0.00000000	0.00000000	0.00000000
0.00014080	1.09420025	1.97724926	1.01006866	0.00000000	0.00000000	0.00000000	0.00000000	0.00000000
0.00015360	1.08117914	1.97724926	1.01037395	0.00000000	0.00000000	0.00000000	0.00000000	0.00000000
0.00016640	1.07131827	0.65908307	1.01044261	1.02655923	0.00000000	0.00000000	0.00000000	0.00000000
0.00017920	1.06235325	0.00000000	1.01018083	2.05311847	0.00000000	0.00000000	0.00000000	0.00000000
0.00019200	1.05758798	0.65908307	1.01052678	0.00000000	0.00000000	0.00000000	0.00000000	0.00000000
0.00020480	1.05006790	0.00000000	1.01055384	1.02655923	0.00000000	0.00000000	0.00000000	0.00000000
0.00023040	1.04095280	0.65630507	1.00991011	0.00000000	0.00000000	0.00000000	0.00000000	0.00000000
0.00025600	1.03236687	0.32815254	1.00953650	0.51599902	0.00000000	0.00000000	0.00000000	0.00000000
0.00028160	1.02326071	0.00000000	1.00943208	1.03199804	0.00000000	0.00000000	0.00000000	0.00000000
0.00030720	1.01708937	0.98445761	1.00926316	1.03199804	0.00000000	0.00000000	0.00000000	0.00000000
0.00033280	1.01442885	1.96891522	1.00883591	0.00000000	0.00000000	0.00000000	0.00000000	0.00000000
0.00035840	1.01158404	0.32815254	1.00846958	1.54799700	0.00000000	0.00000000	0.00000000	0.00000000
0.00038400	1.00893140	0.98445761	1.00811374	1.03199804	0.00000000	0.00000000	0.00000000	0.00000000
0.00040960	1.00845313	0.98445761	1.00800884	0.51599902	0.00000000	0.00000000	0.00000000	0.00000000
0.00046080	1.00790393	0.82559931	1.00757611	1.82041872	0.00000000	0.00000000	0.00000000	0.00000000
0.00051200	1.00453138	1.32095885	1.00666666	1.30029917	0.00000000	0.00000000	0.00000000	0.00000000
0.00056320	1.00759375	0.49535960	1.00589037	0.78017944	0.00000000	0.00000000	0.00000000	0.00000000
0.00061440	1.00834763	0.66047943	1.00578904	0.78017944	0.00000000	0.00000000	0.00000000	0.00000000
0.00066560	1.00313962	1.65119863	1.00572169	0.26005983	0.00000000	0.00000000	0.00000000	0.00000000
0.00071680	1.00292897	1.32095885	1.00586081	0.52011967	0.00000000	0.00000000	0.00000000	0.00000000
0.00076800	1.00222862	1.32095885	1.00566459	0.78017944	0.00000000	0.00000000	0.00000000	0.00000000
0.00081920	1.00195289	2.14655828	1.00537527	1.30029917	0.00000000	0.00000000	0.00000000	0.00000000
0.00092160	0.99905550	1.51479292	1.00546145	1.31071997	0.00000000	0.00000000	0.00000000	0.00000000
0.00102400	0.99160689	1.09401715	1.00541675	0.91750401	0.00000000	0.00000000	0.00000000	0.00000000
0.00112640	0.99612743	1.17817223	1.00562286	0.78643203	0.00000000	0.00000000	0.00000000	0.00000000
0.00122880	0.99971396	0.58908612	1.00568759	1.17964804	0.00000000	0.00000000	0.00000000	0.00000000
0.00133120	1.00387979	1.17817223	1.00579619	1.04857600	0.00000000	0.00000000	0.00000000	0.00000000
0.00143360	1.00036812	1.43063772	1.00562727	1.31071997	0.00000000	0.00000000	0.00000000	0.00000000
0.00153600	0.99100935	0.92570674	1.00571442	0.65535998	0.00000000	0.00000000	0.00000000	0.00000000
0.00163840	0.99884433	1.09401715	1.00564027	0.78643203	0.00000000	0.00000000	0.00000000	0.00000000
0.00184320	0.99863881	0.98242491	1.00579035	1.10232258	0.00000000	0.00000000	0.00000000	0.00000000
0.00204800	0.99971628	1.23870969	1.00589752	0.90779501	0.00000000	0.00000000	0.00000000	0.00000000
0.00225280	0.99683076	1.06555676	1.00572169	1.23200750	0.00000000	0.00000000	0.00000000	0.00000000
0.00245760	0.99214846	0.89506763	1.00588727	1.16716504	0.00000000	0.00000000	0.00000000	0.00000000
0.00266240	0.99464506	1.02513909	1.00580084	1.36169255	0.00000000	0.00000000	0.00000000	0.00000000
0.00286720	0.99593580	1.02513909	1.00581181	1.10232258	0.00000000	0.00000000	0.00000000	0.00000000
0.00307200	0.99774396	1.32413793	1.00579298	0.71326751	0.00000000	0.00000000	0.00000000	0.00000000
0.00327680	0.99633396	0.72614014	1.00559616	0.90779501	0.00000000	0.00000000	0.00000000	0.00000000
0.00368640	0.99741447	1.14730644	1.00554740	0.72282350	0.00000000	0.00000000	0.00000000	0.00000000
0.00409600	0.99744850	0.79268450	1.00552928	1.14994657	0.00000000	0.00000000	0.00000000	0.00000000
0.00450560	0.99924034	0.70924401	1.00560749	0.82139039	0.00000000	0.00000000	0.00000000	0.00000000
0.00491520	1.00015235	0.95956540	1.00555563	1.21565771	0.00000000	0.00000000	0.00000000	0.00000000
0.00532480	1.00400651	1.17065740	1.00569594	0.98566842	0.00000000	0.00000000	0.00000000	0.00000000
0.00573440	1.00324118	0.79437464	1.00574517	0.98566842	0.00000000	0.00000000	0.00000000	0.00000000
0.00614400	0.99941313	0.77347004	1.00575066	1.14994657	0.00000000	0.00000000	0.00000000	0.00000000
0.00655360	0.99853808	1.23337114	1.00568783	0.72282350	0.00000000	0.00000000	0.00000000	0.00000000
0.00737280	0.99740237	1.06614399	1.00573170	0.94393653	0.00000000	0.00000000	0.00000000	0.00000000
0.00819200	1.00216448	1.00342965	1.00865829	0.84457481	0.00000000	0.00000000	0.00000000	0.00000000
0.00901120	1.00198662	0.98461539	1.00653517	1.07641888	0.00000000	0.00000000	0.00000000	0.00000000
0.00983040	0.99762905	0.99509001	1.00558186	1.10953939	0.00000000	0.00000000	0.00000000	0.00000000
0.01064960	1.00025904	0.98461539	1.00560200	1.10953939	0.00000000	0.00000000	0.00000000	0.00000000
0.01146880	0.99894649	1.04746318	1.00563204	1.02673793	0.00000000	0.00000000	0.00000000	0.00000000
0.01228800	1.00070596	0.97414076	1.00551772	1.27514231	0.00000000	0.00000000	0.00000000	0.00000000
0.01310720	0.99854505	0.82749593	1.00554931	0.83023435	0.00000000	0.00000000	0.00000000	0.00000000
0.01474560	1.00147402	0.96162009	1.00564492	1.24707937	0.00000000	0.00000000	0.00000000	0.00000000
0.01638400	0.99884129	0.95752811	1.00712848	1.11553693	0.00000000	0.00000000	0.00000000	0.00000000
0.01802240	0.99643475	0.98665261	1.00601006	0.91573930	0.00000000	0.00000000	0.00000000	0.00000000
0.01966080	1.00035405	0.93472350	1.00556624	1.07391238	0.00000000	0.00000000	0.00000000	0.00000000
0.02129920	0.99747187	0.92110044	1.00550807	0.94903886	0.00000000	0.00000000	0.00000000	0.00000000
0.02293760	0.99902523	1.01997566	1.00557411	0.94903886	0.00000000	0.00000000	0.00000000	0.00000000
0.02457600	1.00196564	0.90548855	1.00694430	1.15716147	0.00000000	0.00000000	0.00000000	0.00000000
0.02621440	0.99979168	1.16568637	1.00619614	0.98497212	0.00000000	0.00000000	0.00000000	0.00000000
0.02949120	1.00099695	0.94310701	1.00544238	1.01980054	0.00000000	0.00000000	0.00000000	0.00000000
0.03276800	1.00173521	1.13725209	1.00632572	1.04061282	0.00000000	0.00000000	0.00000000	0.00000000
0.03604480	0.99822009	0.98146415	1.00562000	1.11969936	0.00000000	0.00000000	0.00000000	0.00000000
0.03932160	1.00038064	1.00697482	1.00568402	0.99632430	0.00000000	0.00000000	0.00000000	0.00000000
0.04259840	0.99728519	1.03819883	1.00621033	0.96311349	0.00000000	0.00000000	0.00000000	0.00000000
0.04587520	1.00042760	1.04488254	1.00539231	1.04198921	0.00000000	0.00000000	0.00000000	0.00000000
0.04915200	1.00081336	0.96052486	1.00619984	0.99929744	0.00000000	0.00000000	0.00000000	0.00000000
0.05242880	0.99882740	1.00467563	1.00567043	1.04884934	0.00000000	0.00000000	0.00000000	0.00000000
0.05898240	0.99916983	0.97910774	1.00578189	1.01375008	0.00000000	0.00000000	0.00000000	0.00000000
0.06553600	1.00047004	0.98358142	1.00572670	1.00731325	0.00000000	0.00000000	0.00000000	0.00000000
0.07208960	1.00088179	1.00949264	1.00562584	0.99217296	0.00000000	0.00000000	0.00000000	0.00000000
0.07864320	1.00172973	0.96403307	1.00562751	0.98071545	0.00000000	0.00000000	0.00000000	0.00000000
0.08519680	1.00005031	1.03079700	1.00561643	1.00816560	0.00000000	0.00000000	0.00000000	0.00000000
0.09175040	0.99975359	1.01222730	1.00567210	0.99516809	0.00000000	0.00000000	0.00000000	0.00000000
0.09830400	1.00084507	0.97603017	1.00553477	0.97812098	0.00000000	0.00000000	0.00000000	0.00000000
0.10485760	1.00027514	0.99963939	1.00552797	1.05019307	0.00000000	0.00000000	0.00000000	0.00000000
0.11796480	0.99878418	1.02361417	1.00558639	1.03955841	0.00000000	0.00000000	0.00000000	0.00000000
0.13107200	1.00052905	0.95291901	1.00540149	1.04344010	0.00000000	0.00000000	0.00000000	0.00000000
0.14417920	1.00028706	1.02885258	1.00533473	1.02414119	0.00000000	0.00000000	0.00000000	0.00000000
0.15728641	0.99977028	0.99881935	1.00524962	0.99785751	0.00000000	0.00000000	0.00000000	0.00000000
0.17039360	0.99965990	1.03475296	1.00508296	1.01302314	0.00000000	0.00000000	0.00000000	0.00000000
0.18350080	0.99965769	0.97839934	1.00502241	1.02745736	0.00000000	0.00000000	0.00000000	0.00000000
0.19660801	0.99963015	0.99492788	1.00484502	1.01974070	0.00000000	0.00000000	0.00000000	0.00000000
0.20971520	1.00068223	0.97314620	1.00481021	1.02781630	0.00000000	0.00000000	0.00000000	0.00000000
0.23592959	1.00043726	1.00220919	1.00459158	1.01246309	0.00000000	0.00000000	0.00000000	0.00000000
0.26214400	0.99946594	0.99253690	1.00435770	0.99950457	0.00000000	0.00000000	0.00000000	0.00000000
0.28835839	1.00016820	0.99286872	1.00408828	0.98926777	0.00000000	0.00000000	0.00000000	0.00000000
0.31457281	0.99992830	1.00091791	1.00381362	1.00494564	0.00000000	0.00000000	0.00000000	0.00000000
0.34078720	0.99959779	1.01710844	1.00356364	1.02018130	0.00000000	0.00000000	0.00000000	0.00000000
0.36700159	0.99979186	1.00172782	1.00331533	0.99778026	0.00000000	0.00000000	0.00000000	0.00000000
0.39321601	0.99926794	1.01039374	1.00306952	1.00026202	0.00000000	0.00000000	0.00000000	0.00000000
0.41943040	0.99931133	0.98275083	1.00281322	0.96234047	0.00000000	0.00000000	0.00000000	0.00000000
0.47185919	0.99996090	0.97700477	1.00216472	0.98101455	0.00000000	0.00000000	0.00000000	0.00000000
0.52428800	0.99978542	1.01452231	1.00164747	1.00194407	0.00000000	0.00000000	0.00000000	0.00000000
0.57671678	1.00009620	0.96941769	1.00107801	0.97639322	0.00000000	0.00000000	0.00000000	0.00000000
0.62914562	0.99973637	0.99272019	1.00049186	0.95732278	0.00000000	0.00000000	0.00000000	0.00000000
0.68157440	1.00013280	0.97377133	0.99985361	0.97950959	0.00000000	0.00000000	0.00000000	0.00000000
0.73400319	1.00022244	1.00000000	0.99950790	0.97608024	0.00000000	0.00000000	0.00000000	0.00000000
0.78643203	1.00058162	1.00424111	0.99940407	1.00443459	0.00000000	0.00000000	0.00000000	0.00000000
0.83886081	1.00010657	0.99617553	0.99933743	0.99303252	0.00000000	0.00000000	0.00000000	0.00000000
0.94371837	1.00027871	0.99423075	0.99944419	0.99610704	0.00000000	0.00000000	0.00000000	0.00000000
1.04857600	0.99973035	1.00049770	0.99954259	1.00967741	0.00000000	0.00000000	0.00000000	0.00000000
1.15343356	0.99959320	1.00666261	0.99990195	1.01275957	0.00000000	0.00000000	0.00000000	0.00000000
1.25829124	1.00011432	0.98760504	0.99998802	1.01520777	0.00000000	0.00000000	0.00000000	0.00000000
1.36314881	0.99961531	1.00487709	0.99997860	1.01619005	0.00000000	0.00000000	0.00000000	0.00000000
1.46800637	1.00023496	1.00724292	0.99998403	0.95504600	0.00000000	0.00000000	0.00000000	0.00000000
1.57286406	0.99994779	0.98867100	0.99996841	1.02475965	0.00000000	0.00000000	0.00000000	0.00000000
1.67772162	1.00001895	1.00566041	0.99996477	0.97297299	0.00000000	0.00000000	0.00000000	0.00000000
1.88743675	0.00000000	0.00000000	0.00000000	0.00000000	0.00000000	0.00000000	0.00000000	0.00000000
2.09715199	0.00000000	0.00000000	0.00000000	0.00000000	0.00000000	0.00000000	0.00000000	0.00000000
2.30686712	0.00000000	0.00000000	0.00000000	0.00000000	0.00000000	0.00000000	0.00000000	0.00000000
2.51658249	0.00000000	0.00000000	0.00000000	0.00000000	0.00000000	0.00000000	0.00000000	0.00000000
2.72629762	0.00000000	0.00000000	0.00000000	0.00000000	0.00000000	0.00000000	0.00000000	0.00000000
2.93601274	0.00000000	0.00000000	0.00000000	0.00000000	0.00000000	0.00000000	0.00000000	0.00000000
3.14572811	0.00000000	0.00000000	0.00000000	0.00000000	0.00000000	0.00000000	0.00000000	0.00000000
3.35544324	0.00000000	0.00000000	0.00000000	0.00000000	0.00000000	0.00000000	0.00000000	0.00000000
3.77487350	0.00000000	0.00000000	0.00000000	0.00000000	0.00000000	0.00000000	0.00000000	0.00000000
4.19430399	0.00000000	0.00000000	0.00000000	0.00000000	0.00000000	0.00000000	0.00000000	0.00000000
4.61373425	0.00000000	0.00000000	0.00000000	0.00000000	0.00000000	0.00000000	0.00000000	0.00000000
5.03316498	0.00000000	0.00000000	0.00000000	0.00000000	0.00000000	0.00000000	0.00000000	0.00000000
5.45259523	0.00000000	0.00000000	0.00000000	0.00000000	0.00000000	0.00000000	0.00000000	0.00000000
5.87202549	0.00000000	0.00000000	0.00000000	0.00000000	0.00000000	0.00000000	0.00000000	0.00000000
6.29145622	0.00000000	0.00000000	0.00000000	0.00000000	0.00000000	0.00000000	0.00000000	0.00000000
6.71088648	0.00000000	0.00000000	0.00000000	0.00000000	0.00000000	0.00000000	0.00000000	0.00000000
7.54974699	0.00000000	0.00000000	0.00000000	0.00000000	0.00000000	0.00000000	0.00000000	0.00000000
8.38860798	0.00000000	0.00000000	0.00000000	0.00000000	0.00000000	0.00000000	0.00000000	0.00000000
9.22746849	0.00000000	0.00000000	0.00000000	0.00000000	0.00000000	0.00000000	0.00000000	0.00000000
10.06632996	0.00000000	0.00000000	0.00000000	0.00000000	0.00000000	0.00000000	0.00000000	0.00000000
10.90519047	0.00000000	0.00000000	0.00000000	0.00000000	0.00000000	0.00000000	0.00000000	0.00000000
11.74405098	0.00000000	0.00000000	0.00000000	0.00000000	0.00000000	0.00000000	0.00000000	0.00000000
12.58291245	0.00000000	0.00000000	0.00000000	0.00000000	0.00000000	0.00000000	0.00000000	0.00000000
13.42177296	0.00000000	0.00000000	0.00000000	0.00000000	0.00000000	0.00000000	0.00000000	0.00000000
15.09949398	0.00000000	0.00000000	0.00000000	0.00000000	0.00000000	0.00000000	0.00000000	0.00000000
16.77721596	0.00000000	0.00000000	0.00000000	0.00000000	0.00000000	0.00000000	0.00000000	0.00000000
18.45493698	0.00000000	0.00000000	0.00000000	0.00000000	0.00000000	0.00000000	0.00000000	0.00000000
20.13265991	0.00000000	0.00000000	0.00000000	0.00000000	0.00000000	0.00000000	0.00000000	0.00000000
21.81038094	0.00000000	0.00000000	0.00000000	0.00000000	0.00000000	0.00000000	0.00000000	0.00000000
23.48810196	0.00000000	0.00000000	0.00000000	0.00000000	0.00000000	0.00000000	0.00000000	0.00000000
25.16582489	0.00000000	0.00000000	0.00000000	0.00000000	0.00000000	0.00000000	0.00000000	0.00000000
26.84354591	0.00000000	0.00000000	0.00000000	0.00000000	0.00000000	0.00000000	0.00000000	0.00000000
30.19898796	0.00000000	0.00000000	0.00000000	0.00000000	0.00000000	0.00000000	0.00000000	0.00000000
33.55443192	0.00000000	0.00000000	0.00000000	0.00000000	0.00000000	0.00000000	0.00000000	0.00000000
36.90987396	0.00000000	0.00000000	0.00000000	0.00000000	0.00000000	0.00000000	0.00000000	0.00000000
40.26531982	0.00000000	0.00000000	0.00000000	0.00000000	0.00000000	0.00000000	0.00000000	0.00000000
43.62076187	0.00000000	0.00000000	0.00000000	0.00000000	0.00000000	0.00000000	0.00000000	0.00000000
46.97620392	0.00000000	0.00000000	0.00000000	0.00000000	0.00000000	0.00000000	0.00000000	0.00000000
50.33164978	0.00000000	0.00000000	0.00000000	0.00000000	0.00000000	0.00000000	0.00000000	0.00000000
53.68709183	0.00000000	0.00000000	0.00000000	0.00000000	0.00000000	0.00000000	0.00000000	0.00000000
60.39797592	0.00000000	0.00000000	0.00000000	0.00000000	0.00000000	0.00000000	0.00000000	0.00000000
67.10886383	0.00000000	0.00000000	0.00000000	0.00000000	0.00000000	0.00000000	0.00000000	0.00000000
73.81974792	0.00000000	0.00000000	0.00000000	0.00000000	0.00000000	0.00000000	0.00000000	0.00000000
80.53063965	0.00000000	0.00000000	0.00000000	0.00000000	0.00000000	0.00000000	0.00000000	0.00000000
87.24152374	0.00000000	0.00000000	0.00000000	0.00000000	0.00000000	0.00000000	0.00000000	0.00000000
93.95240784	0.00000000	0.00000000	0.00000000	0.00000000	0.00000000	0.00000000	0.00000000	0.00000000
100.66329956	0.00000000	0.00000000	0.00000000	0.00000000	0.00000000	0.00000000	0.00000000	0.00000000
107.37418365	0.00000000	0.00000000	0.00000000	0.00000000	0.00000000	0.00000000	0.00000000	0.00000000
120.79595184	0.00000000	0.00000000	0.00000000	0.00000000	0.00000000	0.00000000	0.00000000	0.00000000
134.21772766	0.00000000	0.00000000	0.00000000	0.00000000	0.00000000	0.00000000	0.00000000	0.00000000
147.63949585	0.00000000	0.00000000	0.00000000	0.00000000	0.00000000	0.00000000	0.00000000	0.00000000
161.06127930	0.00000000	0.00000000	0.00000000	0.00000000	0.00000000	0.00000000	0.00000000	0.00000000
174.48304749	0.00000000	0.00000000	0.00000000	0.00000000	0.00000000	0.00000000	0.00000000	0.00000000
187.90481567	0.00000000	0.00000000	0.00000000	0.00000000	0.00000000	0.00000000	0.00000000	0.00000000
201.32659912	0.00000000	0.00000000	0.00000000	0.00000000	0.00000000	0.00000000	0.00000000	0.00000000
214.74836731	0.00000000	0.00000000	0.00000000	0.00000000	0.00000000	0.00000000	0.00000000	0.00000000
241.59190369	0.00000000	0.00000000	0.00000000	0.00000000	0.00000000	0.00000000	0.00000000	0.00000000
268.43545532	0.00000000	0.00000000	0.00000000	0.00000000	0.00000000	0.00000000	0.00000000	0.00000000
295.27899170	0.00000000	0.00000000	0.00000000	0.00000000	0.00000000	0.00000000	0.00000000	0.00000000
322.12255859	0.00000000	0.00000000	0.00000000	0.00000000	0.00000000	0.00000000	0.00000000	0.00000000
348.96609497	0.00000000	0.00000000	0.00000000	0.00000000	0.00000000	0.00000000	0.00000000	0.00000000
375.80963135	0.00000000	0.00000000	0.00000000	0.00000000	0.00000000	0.00000000	0.00000000	0.00000000
402.65319824	0.00000000	0.00000000	0.00000000	0.00000000	0.00000000	0.00000000	0.00000000	0.00000000
429.49673462	0.00000000	0.00000000	0.00000000	0.00000000	0.00000000	0.00000000	0.00000000	0.00000000
483.18380737	0.00000000	0.00000000	0.00000000	0.00000000	0.00000000	0.00000000	0.00000000	0.00000000
536.87091064	0.00000000	0.00000000	0.00000000	0.00000000	0.00000000	0.00000000	0.00000000	0.00000000
590.55798340	0.00000000	0.00000000	0.00000000	0.00000000	0.00000000	0.00000000	0.00000000	0.00000000
644.24511719	0.00000000	0.00000000	0.00000000	0.00000000	0.00000000	0.00000000	0.00000000	0.00000000
697.93218994	0.00000000	0.00000000	0.00000000	0.00000000	0.00000000	0.00000000	0.00000000	0.00000000
751.61926270	0.00000000	0.00000000	0.00000000	0.00000000	0.00000000	0.00000000	0.00000000	0.00000000
805.30639648	0.00000000	0.00000000	0.00000000	0.00000000	0.00000000	0.00000000	0.00000000	0.00000000
858.99346924	0.00000000	0.00000000	0.00000000	0.00000000	0.00000000	0.00000000	0.00000000	0.00000000
966.36761475	0.00000000	0.00000000	0.00000000	0.00000000	0.00000000	0.00000000	0.00000000	0.00000000
1073.74182129	0.00000000	0.00000000	0.00000000	0.00000000	0.00000000	0.00000000	0.00000000	0.00000000
1181.11596680	0.00000000	0.00000000	0.00000000	0.00000000	0.00000000	0.00000000	0.00000000	0.00000000
1288.49023437	0.00000000	0.00000000	0.00000000	0.00000000	0.00000000	0.00000000	0.00000000	0.00000000
1395.86437988	0.00000000	0.00000000	0.00000000	0.00000000	0.00000000	0.00000000	0.00000000	0.00000000
1503.23852539	0.00000000	0.00000000	0.00000000	0.00000000	0.00000000	0.00000000	0.00000000	0.00000000
1610.61279297	0.00000000	0.00000000	0.00000000	0.00000000	0.00000000	0.00000000	0.00000000	0.00000000
1717.98693848	0.00000000	0.00000000	0.00000000	0.00000000	0.00000000	0.00000000	0.00000000	0.00000000
1932.73522949	0.00000000	0.00000000	0.00000000	0.00000000	0.00000000	0.00000000	0.00000000	0.00000000
2147.48364258	0.00000000	0.00000000	0.00000000	0.00000000	0.00000000	0.00000000	0.00000000	0.00000000
2362.23193359	0.00000000	0.00000000	0.00000000	0.00000000	0.00000000	0.00000000	0.00000000	0.00000000
2576.98046875	0.00000000	0.00000000	0.00000000	0.00000000	0.00000000	0.00000000	0.00000000	0.00000000
2791.72875977	0.00000000	0.00000000	0.00000000	0.00000000	0.00000000	0.00000000	0.00000000	0.00000000
3006.47705078	0.00000000	0.00000000	0.00000000	0.00000000	0.00000000	0.00000000	0.00000000	0.00000000
3221.22558594	0.00000000	0.00000000	0.00000000	0.00000000	0.00000000	0.00000000	0.00000000	0.00000000
3435.97387695	0.00000000	0.00000000	0.00000000	0.00000000	0.00000000	0.00000000	0.00000000	0.00000000
0	0	0	0	0	0	0	0	0
