%10/31/2018 2:58:28 PM
%Duration	ID1		ID2		ID3		ID4		ID5		ID6		ID7		ID8
1000.000000	159.368515	0.438690	1959.791260	0.362396	0.000000	0.000000	0.000000	0.000000
%Tau		Tau1		Tau2		Tau3		Tau4		Tau5		Tau6		Tau7		Tau8
%		0.000070	0.000001	0.000333	0.000001	0.000000	0.000000	0.000000	0.000000
%Delaytime	D1		D2		D3		D4		D5		D6		D7		D8
0.00000020	1.79515314	207.03637695	0.98220533	0.00000000	0.00000000	0.00000000	0.00000000	0.00000000
0.00000040	1.54076099	0.00000000	1.02165210	0.00000000	0.00000000	0.00000000	0.00000000	0.00000000
0.00000060	1.49753690	0.00000000	1.01901412	0.00000000	0.00000000	0.00000000	0.00000000	0.00000000
0.00000080	1.53175592	0.00000000	1.01844299	0.00000000	0.00000000	0.00000000	0.00000000	0.00000000
0.00000100	1.50384033	0.00000000	1.01914942	0.00000000	0.00000000	0.00000000	0.00000000	0.00000000
0.00000120	1.47412372	0.00000000	1.01814497	0.00000000	0.00000000	0.00000000	0.00000000	0.00000000
0.00000140	1.44260621	0.00000000	1.01858377	0.00000000	0.00000000	0.00000000	0.00000000	0.00000000
0.00000160	1.47862625	0.00000000	1.02063394	0.00000000	0.00000000	0.00000000	0.00000000	0.00000000
0.00000180	1.47187257	0.00000000	1.01668262	0.00000000	0.00000000	0.00000000	0.00000000	0.00000000
0.00000200	1.45071065	0.00000000	1.01874924	0.00000000	0.00000000	0.00000000	0.00000000	0.00000000
0.00000220	1.47457397	0.00000000	1.01462138	0.00000000	0.00000000	0.00000000	0.00000000	0.00000000
0.00000240	1.48943233	0.00000000	1.02017033	0.00000000	0.00000000	0.00000000	0.00000000	0.00000000
0.00000260	1.49438512	0.00000000	1.01784980	0.00000000	0.00000000	0.00000000	0.00000000	0.00000000
0.00000280	1.49303436	0.00000000	1.01947773	0.00000000	0.00000000	0.00000000	0.00000000	0.00000000
0.00000300	1.44620812	0.00000000	1.01792145	0.00000000	0.00000000	0.00000000	0.00000000	0.00000000
0.00000320	1.46691978	0.00000000	1.01803458	0.00000000	0.00000000	0.00000000	0.00000000	0.00000000
0.00000360	1.46241724	0.00000000	1.01586175	0.00000000	0.00000000	0.00000000	0.00000000	0.00000000
0.00000400	1.47277308	0.00000000	1.01750624	0.00000000	0.00000000	0.00000000	0.00000000	0.00000000
0.00000440	1.42234480	0.00000000	1.01853681	0.00000000	0.00000000	0.00000000	0.00000000	0.00000000
0.00000480	1.42054379	0.00000000	1.01708126	0.00000000	0.00000000	0.00000000	0.00000000	0.00000000
0.00000520	1.43922925	0.00000000	1.01671433	0.00000000	0.00000000	0.00000000	0.00000000	0.00000000
0.00000560	1.46579409	0.00000000	1.01630318	0.00000000	0.00000000	0.00000000	0.00000000	0.00000000
0.00000600	1.45161116	0.00000000	1.01641905	0.00000000	0.00000000	0.00000000	0.00000000	0.00000000
0.00000640	1.43697798	0.00000000	1.01768696	0.00000000	0.00000000	0.00000000	0.00000000	0.00000000
0.00000720	1.43168759	0.00000000	1.01772141	0.00000000	0.00000000	0.00000000	0.00000000	0.00000000
0.00000800	1.43551469	0.00000000	1.01536644	0.00000000	0.00000000	0.00000000	0.00000000	0.00000000
0.00000880	1.43146241	0.00000000	1.01711512	0.00000000	0.00000000	0.00000000	0.00000000	0.00000000
0.00000960	1.42729759	0.00000000	1.01600313	0.00000000	0.00000000	0.00000000	0.00000000	0.00000000
0.00001040	1.41457796	0.00000000	1.01714265	0.00000000	0.00000000	0.00000000	0.00000000	0.00000000
0.00001120	1.39904428	0.00000000	1.01612866	0.00000000	0.00000000	0.00000000	0.00000000	0.00000000
0.00001200	1.39589250	0.00000000	1.01744831	0.00000000	0.00000000	0.00000000	0.00000000	0.00000000
0.00001280	1.40332174	12.93977356	1.01790285	0.00000000	0.00000000	0.00000000	0.00000000	0.00000000
0.00001440	1.39583623	6.46988678	1.01729238	0.00000000	0.00000000	0.00000000	0.00000000	0.00000000
0.00001600	1.37292969	6.46988678	1.01744521	0.00000000	0.00000000	0.00000000	0.00000000	0.00000000
0.00001760	1.35981619	0.00000000	1.01743340	0.00000000	0.00000000	0.00000000	0.00000000	0.00000000
0.00001920	1.35351264	0.00000000	1.01673877	0.00000000	0.00000000	0.00000000	0.00000000	0.00000000
0.00002080	1.34642112	0.00000000	1.01670289	0.00000000	0.00000000	0.00000000	0.00000000	0.00000000
0.00002240	1.36763930	0.00000000	1.01584172	0.00000000	0.00000000	0.00000000	0.00000000	0.00000000
0.00002400	1.33223820	0.00000000	1.01690018	7.95849562	0.00000000	0.00000000	0.00000000	0.00000000
0.00002560	1.32621610	0.00000000	1.01661122	0.00000000	0.00000000	0.00000000	0.00000000	0.00000000
0.00002880	1.32186067	0.00000000	1.01659334	0.00000000	0.00000000	0.00000000	0.00000000	0.00000000
0.00003200	1.29863989	0.00000000	1.01717615	0.00000000	0.00000000	0.00000000	0.00000000	0.00000000
0.00003520	1.30392241	3.25014877	1.01685631	7.83590174	0.00000000	0.00000000	0.00000000	0.00000000
0.00003840	1.28800929	0.00000000	1.01678038	0.00000000	0.00000000	0.00000000	0.00000000	0.00000000
0.00004160	1.27916741	0.00000000	1.01658678	0.00000000	0.00000000	0.00000000	0.00000000	0.00000000
0.00004480	1.25675726	0.00000000	1.01686609	0.00000000	0.00000000	0.00000000	0.00000000	0.00000000
0.00004800	1.24824584	0.00000000	1.01596630	3.91795087	0.00000000	0.00000000	0.00000000	0.00000000
0.00005120	1.25462127	0.00000000	1.01621139	0.00000000	0.00000000	0.00000000	0.00000000	0.00000000
0.00005760	1.23026979	4.82976675	1.01611257	0.00000000	0.00000000	0.00000000	0.00000000	0.00000000
0.00006400	1.21377504	1.60992229	1.01570809	0.00000000	0.00000000	0.00000000	0.00000000	0.00000000
0.00007040	1.18798769	0.00000000	1.01572883	0.00000000	0.00000000	0.00000000	0.00000000	0.00000000
0.00007680	1.17909455	0.00000000	1.01573455	0.00000000	0.00000000	0.00000000	0.00000000	0.00000000
0.00008320	1.16181803	1.60992229	1.01522708	0.00000000	0.00000000	0.00000000	0.00000000	0.00000000
0.00008960	1.15523314	0.00000000	1.01541448	0.00000000	0.00000000	0.00000000	0.00000000	0.00000000
0.00009600	1.13899827	1.60992229	1.01464784	0.00000000	0.00000000	0.00000000	0.00000000	0.00000000
0.00010240	1.12527752	0.00000000	1.01477718	1.96911240	0.00000000	0.00000000	0.00000000	0.00000000
0.00011520	1.12076020	0.80121279	1.01433969	0.00000000	0.00000000	0.00000000	0.00000000	0.00000000
0.00012800	1.09858024	1.60242558	1.01346934	0.98455620	0.00000000	0.00000000	0.00000000	0.00000000
0.00014080	1.08473408	0.00000000	1.01343966	0.98455620	0.00000000	0.00000000	0.00000000	0.00000000
0.00015360	1.07540858	1.60242558	1.01287711	0.98455620	0.00000000	0.00000000	0.00000000	0.00000000
0.00016640	1.06893480	0.00000000	1.01268494	1.96911240	0.00000000	0.00000000	0.00000000	0.00000000
0.00017920	1.05747283	0.80121279	1.01209390	0.00000000	0.00000000	0.00000000	0.00000000	0.00000000
0.00019200	1.04862869	2.40363836	1.01174450	1.96911240	0.00000000	0.00000000	0.00000000	0.00000000
0.00020480	1.04845929	1.60242558	1.01116788	0.00000000	0.00000000	0.00000000	0.00000000	0.00000000
0.00023040	1.03755403	1.96619534	1.01039004	0.97948772	0.00000000	0.00000000	0.00000000	0.00000000
0.00025600	1.02869713	0.78647816	1.00955129	1.95897543	0.00000000	0.00000000	0.00000000	0.00000000
0.00028160	1.02519894	1.17971718	1.00883389	0.48974386	0.00000000	0.00000000	0.00000000	0.00000000
0.00030720	1.01749218	0.00000000	1.00804734	1.95897543	0.00000000	0.00000000	0.00000000	0.00000000
0.00033280	1.01778936	2.35943437	1.00700951	1.95897543	0.00000000	0.00000000	0.00000000	0.00000000
0.00035840	1.01662230	0.39323908	1.00608420	1.46923161	0.00000000	0.00000000	0.00000000	0.00000000
0.00038400	1.01033401	0.78647816	1.00522578	0.48974386	0.00000000	0.00000000	0.00000000	0.00000000
0.00040960	1.00864685	0.78829867	1.00433540	1.95897543	0.00000000	0.00000000	0.00000000	0.00000000
0.00046080	1.00881958	1.38271606	1.00277352	1.01049864	0.00000000	0.00000000	0.00000000	0.00000000
0.00051200	1.00480711	0.98765433	1.00092614	1.26312327	0.00000000	0.00000000	0.00000000	0.00000000
0.00056320	1.00229633	0.59259260	0.99938267	1.26312327	0.00000000	0.00000000	0.00000000	0.00000000
0.00061440	1.00391269	1.97530866	0.99855363	0.75787395	0.00000000	0.00000000	0.00000000	0.00000000
0.00066560	1.00737882	0.98765433	0.99841130	1.26312327	0.00000000	0.00000000	0.00000000	0.00000000
0.00071680	1.00344694	0.39506173	0.99863535	1.01049864	0.00000000	0.00000000	0.00000000	0.00000000
0.00076800	1.00435007	0.98765433	0.99871939	0.50524932	0.00000000	0.00000000	0.00000000	0.00000000
0.00081920	1.00348270	0.59259260	0.99891466	0.75787395	0.00000000	0.00000000	0.00000000	0.00000000
0.00092160	1.00613737	1.28692961	0.99875081	0.88883376	0.00000000	0.00000000	0.00000000	0.00000000
0.00102400	0.99933445	0.98994589	0.99873483	1.39673877	0.00000000	0.00000000	0.00000000	0.00000000
0.00112640	1.00364327	1.08894050	0.99863946	1.65069127	0.00000000	0.00000000	0.00000000	0.00000000
0.00122880	1.00220168	0.89095128	0.99866301	0.76185751	0.00000000	0.00000000	0.00000000	0.00000000
0.00133120	1.00099325	1.18793499	0.99849230	0.76185751	0.00000000	0.00000000	0.00000000	0.00000000
0.00143360	0.99987262	1.58391333	0.99850667	0.76185751	0.00000000	0.00000000	0.00000000	0.00000000
0.00153600	1.00227237	0.59396750	0.99854934	0.76386243	0.00000000	0.00000000	0.00000000	0.00000000
0.00163840	0.99682289	0.49497294	0.99854594	0.76386243	0.00000000	0.00000000	0.00000000	0.00000000
0.00184320	1.00257933	0.48928624	0.99871206	1.07365477	0.00000000	0.00000000	0.00000000	0.00000000
0.00204800	1.00225496	0.78285801	0.99868977	1.19996715	0.00000000	0.00000000	0.00000000	0.00000000
0.00225280	0.99763805	0.88071525	0.99858522	0.82318509	0.00000000	0.00000000	0.00000000	0.00000000
0.00245760	0.99880099	0.53697759	0.99851942	0.75986314	0.00000000	0.00000000	0.00000000	0.00000000
0.00266240	1.00308776	0.92750674	0.99846476	0.69654119	0.00000000	0.00000000	0.00000000	0.00000000
0.00286720	1.00076318	1.17158747	0.99847806	1.26643860	0.00000000	0.00000000	0.00000000	0.00000000
0.00307200	1.00469387	0.63460988	0.99865687	1.07647276	0.00000000	0.00000000	0.00000000	0.00000000
0.00327680	0.99872142	1.07395518	0.99873185	1.32976043	0.00000000	0.00000000	0.00000000	0.00000000
0.00368640	0.99875057	1.00535333	0.99868357	0.73011345	0.00000000	0.00000000	0.00000000	0.00000000
0.00409600	0.99802804	1.05439496	0.99850339	0.95232189	0.00000000	0.00000000	0.00000000	0.00000000
0.00450560	1.00257158	1.10343659	0.99861044	0.98406595	0.00000000	0.00000000	0.00000000	0.00000000
0.00491520	0.99938685	0.95631164	0.99870396	0.98665559	0.00000000	0.00000000	0.00000000	0.00000000
0.00532480	1.00009966	0.85822839	0.99865490	0.95482802	0.00000000	0.00000000	0.00000000	0.00000000
0.00573440	1.00080848	1.07891572	0.99858558	0.95482802	0.00000000	0.00000000	0.00000000	0.00000000
0.00614400	1.00073564	1.07891572	0.99862289	1.11396599	0.00000000	0.00000000	0.00000000	0.00000000
0.00655360	1.00189686	1.15247810	0.99864990	0.92300040	0.00000000	0.00000000	0.00000000	0.00000000
0.00737280	1.00110352	0.82716495	0.99927461	1.23154521	0.00000000	0.00000000	0.00000000	0.00000000
0.00819200	0.99947083	0.94843203	1.00844455	0.83681917	0.00000000	0.00000000	0.00000000	0.00000000
0.00901120	0.99659765	0.92379743	1.00221062	0.97892052	0.00000000	0.00000000	0.00000000	0.00000000
0.00983040	1.00032699	1.33026826	0.99869812	0.96313149	0.00000000	0.00000000	0.00000000	0.00000000
0.01064960	0.99835092	0.88684553	0.99855328	1.01315081	0.00000000	0.00000000	0.00000000	0.00000000
0.01146880	1.00080538	1.07160497	0.99865264	1.04481184	0.00000000	0.00000000	0.00000000	0.00000000
0.01228800	1.00284600	0.89916283	0.99864465	0.88650697	0.00000000	0.00000000	0.00000000	0.00000000
0.01310720	1.00113475	0.76367253	0.99872869	1.12396419	0.00000000	0.00000000	0.00000000	0.00000000
0.01474560	1.00029266	1.08409452	0.99869734	0.96061677	0.00000000	0.00000000	0.00000000	0.00000000
0.01638400	0.99870682	0.94702512	1.00410581	1.15259993	0.00000000	0.00000000	0.00000000	0.00000000
0.01802240	1.00077140	1.11524665	1.00018632	0.97102600	0.00000000	0.00000000	0.00000000	0.00000000
0.01966080	0.99604130	1.14110374	0.99862397	1.01839316	0.00000000	0.00000000	0.00000000	0.00000000
0.02129920	0.99895257	0.92191678	0.99859911	0.98681504	0.00000000	0.00000000	0.00000000	0.00000000
0.02293760	1.00017953	0.89716733	0.99862450	0.97357464	0.00000000	0.00000000	0.00000000	0.00000000
0.02457600	1.00195932	1.05185139	1.00342071	0.98148990	0.00000000	0.00000000	0.00000000	0.00000000
0.02621440	1.00088453	0.95904094	1.00091732	0.82318509	0.00000000	0.00000000	0.00000000	0.00000000
0.02949120	1.00190639	0.89095128	0.99865597	1.01045763	0.00000000	0.00000000	0.00000000	0.00000000
0.03276800	1.00005960	0.97825664	1.00142312	0.92821103	0.00000000	0.00000000	0.00000000	0.00000000
0.03604480	1.00120711	0.96891022	0.99934822	1.04845071	0.00000000	0.00000000	0.00000000	0.00000000
0.03932160	0.99924785	0.95333290	0.99942613	1.00132942	0.00000000	0.00000000	0.00000000	0.00000000
0.04259840	0.99945635	0.91181731	1.00131178	1.03939855	0.00000000	0.00000000	0.00000000	0.00000000
0.04587520	0.99921101	0.99925184	0.99864566	0.94779354	0.00000000	0.00000000	0.00000000	0.00000000
0.04915200	1.00137377	0.97514117	1.00105596	0.98695856	0.00000000	0.00000000	0.00000000	0.00000000
0.05242880	1.00053692	0.98533267	0.99969822	1.00132942	0.00000000	0.00000000	0.00000000	0.00000000
0.05898240	0.99963319	0.98298806	1.00026762	0.94583529	0.00000000	0.00000000	0.00000000	0.00000000
0.06553600	0.99932742	0.98059613	1.00001407	1.06498981	0.00000000	0.00000000	0.00000000	0.00000000
0.07208960	1.00056744	1.07788157	0.99989122	0.96795171	0.00000000	0.00000000	0.00000000	0.00000000
0.07864320	0.99951136	1.01399720	0.99989867	0.90947366	0.00000000	0.00000000	0.00000000	0.00000000
0.08519680	1.00007439	1.02647972	0.99997467	1.03983140	0.00000000	0.00000000	0.00000000	0.00000000
0.09175040	0.99995738	0.99369705	1.00029016	1.01688313	0.00000000	0.00000000	0.00000000	0.00000000
0.09830400	1.00020254	0.98059613	0.99990726	0.99868792	0.00000000	0.00000000	0.00000000	0.00000000
0.10485760	1.00023067	0.98973924	0.99991125	1.08525670	0.00000000	0.00000000	0.00000000	0.00000000
0.11796480	1.00134635	0.98255599	1.00008023	0.97227424	0.00000000	0.00000000	0.00000000	0.00000000
0.13107200	1.00082397	0.98098844	0.99996656	0.98302168	0.00000000	0.00000000	0.00000000	0.00000000
0.14417920	1.00078332	0.97448796	1.00001669	1.04741526	0.00000000	0.00000000	0.00000000	0.00000000
0.15728641	1.00001693	0.99441785	1.00003040	1.01363587	0.00000000	0.00000000	0.00000000	0.00000000
0.17039360	1.00055683	0.99273694	0.99993563	1.00142634	0.00000000	0.00000000	0.00000000	0.00000000
0.18350080	1.00074160	1.00398672	1.00009465	0.98474115	0.00000000	0.00000000	0.00000000	0.00000000
0.19660801	1.00005352	0.98925614	0.99988896	0.95955390	0.00000000	0.00000000	0.00000000	0.00000000
0.20971520	0.99922568	1.04029799	1.00008309	1.04228008	0.00000000	0.00000000	0.00000000	0.00000000
0.23592959	1.00028956	1.01259446	0.99999744	0.98386794	0.00000000	0.00000000	0.00000000	0.00000000
0.26214400	1.00068390	1.00566328	0.99999976	0.96950215	0.00000000	0.00000000	0.00000000	0.00000000
0.28835839	1.00023890	0.97432548	1.00000381	1.00144124	0.00000000	0.00000000	0.00000000	0.00000000
0.31457281	0.99996555	0.99971932	0.99999756	1.02609706	0.00000000	0.00000000	0.00000000	0.00000000
0.34078720	0.99980539	0.98494661	0.99999481	0.98194730	0.00000000	0.00000000	0.00000000	0.00000000
0.36700159	1.00020742	1.00397575	1.00000036	1.03127074	0.00000000	0.00000000	0.00000000	0.00000000
0.39321601	1.00006592	1.00261176	1.00000858	0.98323363	0.00000000	0.00000000	0.00000000	0.00000000
0.41943040	1.00048518	1.00823271	1.00000191	0.97855383	0.00000000	0.00000000	0.00000000	0.00000000
0.47185919	1.00002038	1.00705838	0.99999112	1.01393723	0.00000000	0.00000000	0.00000000	0.00000000
0.52428800	0.99960029	0.98922873	0.99999160	1.00192630	0.00000000	0.00000000	0.00000000	0.00000000
0.57671678	1.00066340	1.00302529	0.99999815	1.01158726	0.00000000	0.00000000	0.00000000	0.00000000
0.62914562	0.99950558	0.99597573	0.99999040	0.98347539	0.00000000	0.00000000	0.00000000	0.00000000
0.68157440	1.00044870	0.99773538	0.99999875	1.01552963	0.00000000	0.00000000	0.00000000	0.00000000
0.73400319	1.00012946	0.98646933	0.99999732	0.98054361	0.00000000	0.00000000	0.00000000	0.00000000
0.78643203	0.99997813	1.00652337	0.99999887	1.03200018	0.00000000	0.00000000	0.00000000	0.00000000
0.83886081	1.00039196	0.99938095	0.99999827	1.00043249	0.00000000	0.00000000	0.00000000	0.00000000
0.94371837	1.00025916	0.99590319	1.00000370	0.99380285	0.00000000	0.00000000	0.00000000	0.00000000
1.04857600	0.99974883	0.99576986	1.00000012	1.01486194	0.00000000	0.00000000	0.00000000	0.00000000
1.15343356	1.00010967	0.98713452	0.99999738	0.99730766	0.00000000	0.00000000	0.00000000	0.00000000
1.25829124	1.00024772	1.00284493	0.99999809	0.97318840	0.00000000	0.00000000	0.00000000	0.00000000
1.36314881	0.99979317	1.01344585	1.00000000	1.01724756	0.00000000	0.00000000	0.00000000	0.00000000
1.46800637	1.00027645	0.99555558	0.99999619	1.00500882	0.00000000	0.00000000	0.00000000	0.00000000
1.57286406	0.99976736	0.99146342	0.99999648	0.99562502	0.00000000	0.00000000	0.00000000	0.00000000
1.67772162	0.99996662	1.00490201	1.00000060	1.00000000	0.00000000	0.00000000	0.00000000	0.00000000
1.88743675	0.00000000	0.00000000	0.00000000	0.00000000	0.00000000	0.00000000	0.00000000	0.00000000
2.09715199	0.00000000	0.00000000	0.00000000	0.00000000	0.00000000	0.00000000	0.00000000	0.00000000
2.30686712	0.00000000	0.00000000	0.00000000	0.00000000	0.00000000	0.00000000	0.00000000	0.00000000
2.51658249	0.00000000	0.00000000	0.00000000	0.00000000	0.00000000	0.00000000	0.00000000	0.00000000
2.72629762	0.00000000	0.00000000	0.00000000	0.00000000	0.00000000	0.00000000	0.00000000	0.00000000
2.93601274	0.00000000	0.00000000	0.00000000	0.00000000	0.00000000	0.00000000	0.00000000	0.00000000
3.14572811	0.00000000	0.00000000	0.00000000	0.00000000	0.00000000	0.00000000	0.00000000	0.00000000
3.35544324	0.00000000	0.00000000	0.00000000	0.00000000	0.00000000	0.00000000	0.00000000	0.00000000
3.77487350	0.00000000	0.00000000	0.00000000	0.00000000	0.00000000	0.00000000	0.00000000	0.00000000
4.19430399	0.00000000	0.00000000	0.00000000	0.00000000	0.00000000	0.00000000	0.00000000	0.00000000
4.61373425	0.00000000	0.00000000	0.00000000	0.00000000	0.00000000	0.00000000	0.00000000	0.00000000
5.03316498	0.00000000	0.00000000	0.00000000	0.00000000	0.00000000	0.00000000	0.00000000	0.00000000
5.45259523	0.00000000	0.00000000	0.00000000	0.00000000	0.00000000	0.00000000	0.00000000	0.00000000
5.87202549	0.00000000	0.00000000	0.00000000	0.00000000	0.00000000	0.00000000	0.00000000	0.00000000
6.29145622	0.00000000	0.00000000	0.00000000	0.00000000	0.00000000	0.00000000	0.00000000	0.00000000
6.71088648	0.00000000	0.00000000	0.00000000	0.00000000	0.00000000	0.00000000	0.00000000	0.00000000
7.54974699	0.00000000	0.00000000	0.00000000	0.00000000	0.00000000	0.00000000	0.00000000	0.00000000
8.38860798	0.00000000	0.00000000	0.00000000	0.00000000	0.00000000	0.00000000	0.00000000	0.00000000
9.22746849	0.00000000	0.00000000	0.00000000	0.00000000	0.00000000	0.00000000	0.00000000	0.00000000
10.06632996	0.00000000	0.00000000	0.00000000	0.00000000	0.00000000	0.00000000	0.00000000	0.00000000
10.90519047	0.00000000	0.00000000	0.00000000	0.00000000	0.00000000	0.00000000	0.00000000	0.00000000
11.74405098	0.00000000	0.00000000	0.00000000	0.00000000	0.00000000	0.00000000	0.00000000	0.00000000
12.58291245	0.00000000	0.00000000	0.00000000	0.00000000	0.00000000	0.00000000	0.00000000	0.00000000
13.42177296	0.00000000	0.00000000	0.00000000	0.00000000	0.00000000	0.00000000	0.00000000	0.00000000
15.09949398	0.00000000	0.00000000	0.00000000	0.00000000	0.00000000	0.00000000	0.00000000	0.00000000
16.77721596	0.00000000	0.00000000	0.00000000	0.00000000	0.00000000	0.00000000	0.00000000	0.00000000
18.45493698	0.00000000	0.00000000	0.00000000	0.00000000	0.00000000	0.00000000	0.00000000	0.00000000
20.13265991	0.00000000	0.00000000	0.00000000	0.00000000	0.00000000	0.00000000	0.00000000	0.00000000
21.81038094	0.00000000	0.00000000	0.00000000	0.00000000	0.00000000	0.00000000	0.00000000	0.00000000
23.48810196	0.00000000	0.00000000	0.00000000	0.00000000	0.00000000	0.00000000	0.00000000	0.00000000
25.16582489	0.00000000	0.00000000	0.00000000	0.00000000	0.00000000	0.00000000	0.00000000	0.00000000
26.84354591	0.00000000	0.00000000	0.00000000	0.00000000	0.00000000	0.00000000	0.00000000	0.00000000
30.19898796	0.00000000	0.00000000	0.00000000	0.00000000	0.00000000	0.00000000	0.00000000	0.00000000
33.55443192	0.00000000	0.00000000	0.00000000	0.00000000	0.00000000	0.00000000	0.00000000	0.00000000
36.90987396	0.00000000	0.00000000	0.00000000	0.00000000	0.00000000	0.00000000	0.00000000	0.00000000
40.26531982	0.00000000	0.00000000	0.00000000	0.00000000	0.00000000	0.00000000	0.00000000	0.00000000
43.62076187	0.00000000	0.00000000	0.00000000	0.00000000	0.00000000	0.00000000	0.00000000	0.00000000
46.97620392	0.00000000	0.00000000	0.00000000	0.00000000	0.00000000	0.00000000	0.00000000	0.00000000
50.33164978	0.00000000	0.00000000	0.00000000	0.00000000	0.00000000	0.00000000	0.00000000	0.00000000
53.68709183	0.00000000	0.00000000	0.00000000	0.00000000	0.00000000	0.00000000	0.00000000	0.00000000
60.39797592	0.00000000	0.00000000	0.00000000	0.00000000	0.00000000	0.00000000	0.00000000	0.00000000
67.10886383	0.00000000	0.00000000	0.00000000	0.00000000	0.00000000	0.00000000	0.00000000	0.00000000
73.81974792	0.00000000	0.00000000	0.00000000	0.00000000	0.00000000	0.00000000	0.00000000	0.00000000
80.53063965	0.00000000	0.00000000	0.00000000	0.00000000	0.00000000	0.00000000	0.00000000	0.00000000
87.24152374	0.00000000	0.00000000	0.00000000	0.00000000	0.00000000	0.00000000	0.00000000	0.00000000
93.95240784	0.00000000	0.00000000	0.00000000	0.00000000	0.00000000	0.00000000	0.00000000	0.00000000
100.66329956	0.00000000	0.00000000	0.00000000	0.00000000	0.00000000	0.00000000	0.00000000	0.00000000
107.37418365	0.00000000	0.00000000	0.00000000	0.00000000	0.00000000	0.00000000	0.00000000	0.00000000
120.79595184	0.00000000	0.00000000	0.00000000	0.00000000	0.00000000	0.00000000	0.00000000	0.00000000
134.21772766	0.00000000	0.00000000	0.00000000	0.00000000	0.00000000	0.00000000	0.00000000	0.00000000
147.63949585	0.00000000	0.00000000	0.00000000	0.00000000	0.00000000	0.00000000	0.00000000	0.00000000
161.06127930	0.00000000	0.00000000	0.00000000	0.00000000	0.00000000	0.00000000	0.00000000	0.00000000
174.48304749	0.00000000	0.00000000	0.00000000	0.00000000	0.00000000	0.00000000	0.00000000	0.00000000
187.90481567	0.00000000	0.00000000	0.00000000	0.00000000	0.00000000	0.00000000	0.00000000	0.00000000
201.32659912	0.00000000	0.00000000	0.00000000	0.00000000	0.00000000	0.00000000	0.00000000	0.00000000
214.74836731	0.00000000	0.00000000	0.00000000	0.00000000	0.00000000	0.00000000	0.00000000	0.00000000
241.59190369	0.00000000	0.00000000	0.00000000	0.00000000	0.00000000	0.00000000	0.00000000	0.00000000
268.43545532	0.00000000	0.00000000	0.00000000	0.00000000	0.00000000	0.00000000	0.00000000	0.00000000
295.27899170	0.00000000	0.00000000	0.00000000	0.00000000	0.00000000	0.00000000	0.00000000	0.00000000
322.12255859	0.00000000	0.00000000	0.00000000	0.00000000	0.00000000	0.00000000	0.00000000	0.00000000
348.96609497	0.00000000	0.00000000	0.00000000	0.00000000	0.00000000	0.00000000	0.00000000	0.00000000
375.80963135	0.00000000	0.00000000	0.00000000	0.00000000	0.00000000	0.00000000	0.00000000	0.00000000
402.65319824	0.00000000	0.00000000	0.00000000	0.00000000	0.00000000	0.00000000	0.00000000	0.00000000
429.49673462	0.00000000	0.00000000	0.00000000	0.00000000	0.00000000	0.00000000	0.00000000	0.00000000
483.18380737	0.00000000	0.00000000	0.00000000	0.00000000	0.00000000	0.00000000	0.00000000	0.00000000
536.87091064	0.00000000	0.00000000	0.00000000	0.00000000	0.00000000	0.00000000	0.00000000	0.00000000
590.55798340	0.00000000	0.00000000	0.00000000	0.00000000	0.00000000	0.00000000	0.00000000	0.00000000
644.24511719	0.00000000	0.00000000	0.00000000	0.00000000	0.00000000	0.00000000	0.00000000	0.00000000
697.93218994	0.00000000	0.00000000	0.00000000	0.00000000	0.00000000	0.00000000	0.00000000	0.00000000
751.61926270	0.00000000	0.00000000	0.00000000	0.00000000	0.00000000	0.00000000	0.00000000	0.00000000
805.30639648	0.00000000	0.00000000	0.00000000	0.00000000	0.00000000	0.00000000	0.00000000	0.00000000
858.99346924	0.00000000	0.00000000	0.00000000	0.00000000	0.00000000	0.00000000	0.00000000	0.00000000
966.36761475	0.00000000	0.00000000	0.00000000	0.00000000	0.00000000	0.00000000	0.00000000	0.00000000
1073.74182129	0.00000000	0.00000000	0.00000000	0.00000000	0.00000000	0.00000000	0.00000000	0.00000000
1181.11596680	0.00000000	0.00000000	0.00000000	0.00000000	0.00000000	0.00000000	0.00000000	0.00000000
1288.49023437	0.00000000	0.00000000	0.00000000	0.00000000	0.00000000	0.00000000	0.00000000	0.00000000
1395.86437988	0.00000000	0.00000000	0.00000000	0.00000000	0.00000000	0.00000000	0.00000000	0.00000000
1503.23852539	0.00000000	0.00000000	0.00000000	0.00000000	0.00000000	0.00000000	0.00000000	0.00000000
1610.61279297	0.00000000	0.00000000	0.00000000	0.00000000	0.00000000	0.00000000	0.00000000	0.00000000
1717.98693848	0.00000000	0.00000000	0.00000000	0.00000000	0.00000000	0.00000000	0.00000000	0.00000000
1932.73522949	0.00000000	0.00000000	0.00000000	0.00000000	0.00000000	0.00000000	0.00000000	0.00000000
2147.48364258	0.00000000	0.00000000	0.00000000	0.00000000	0.00000000	0.00000000	0.00000000	0.00000000
2362.23193359	0.00000000	0.00000000	0.00000000	0.00000000	0.00000000	0.00000000	0.00000000	0.00000000
2576.98046875	0.00000000	0.00000000	0.00000000	0.00000000	0.00000000	0.00000000	0.00000000	0.00000000
2791.72875977	0.00000000	0.00000000	0.00000000	0.00000000	0.00000000	0.00000000	0.00000000	0.00000000
3006.47705078	0.00000000	0.00000000	0.00000000	0.00000000	0.00000000	0.00000000	0.00000000	0.00000000
3221.22558594	0.00000000	0.00000000	0.00000000	0.00000000	0.00000000	0.00000000	0.00000000	0.00000000
3435.97387695	0.00000000	0.00000000	0.00000000	0.00000000	0.00000000	0.00000000	0.00000000	0.00000000
0	0	0	0	0	0	0	0	0
