%10/31/2018 4:00:51 PM
%Duration	ID1		ID2		ID3		ID4		ID5		ID6		ID7		ID8
1000.000000	141.239166	0.429153	0.448227	0.419617	0.000000	0.000000	0.000000	0.000000
%Tau		Tau1		Tau2		Tau3		Tau4		Tau5		Tau6		Tau7		Tau8
%		0.000070	0.000001	0.000001	0.000002	0.000000	0.000000	0.000000	0.000000
%Delaytime	D1		D2		D3		D4		D5		D6		D7		D8
0.00000020	1.80587387	164.38700867	0.00000000	0.00000000	0.00000000	0.00000000	0.00000000	0.00000000
0.00000040	1.49952531	0.00000000	0.00000000	0.00000000	0.00000000	0.00000000	0.00000000	0.00000000
0.00000060	1.47013402	0.00000000	0.00000000	0.00000000	0.00000000	0.00000000	0.00000000	0.00000000
0.00000080	1.46335137	0.00000000	0.00000000	0.00000000	0.00000000	0.00000000	0.00000000	0.00000000
0.00000100	1.46787310	0.00000000	0.00000000	0.00000000	0.00000000	0.00000000	0.00000000	0.00000000
0.00000120	1.46335137	0.00000000	0.00000000	0.00000000	0.00000000	0.00000000	0.00000000	0.00000000
0.00000140	1.43339479	0.00000000	0.00000000	0.00000000	0.00000000	0.00000000	0.00000000	0.00000000
0.00000160	1.44582951	0.00000000	0.00000000	0.00000000	0.00000000	0.00000000	0.00000000	0.00000000
0.00000180	1.42887294	0.00000000	0.00000000	0.00000000	0.00000000	0.00000000	0.00000000	0.00000000
0.00000200	1.42039466	0.00000000	0.00000000	0.00000000	0.00000000	0.00000000	0.00000000	0.00000000
0.00000220	1.44582951	0.00000000	0.00000000	0.00000000	0.00000000	0.00000000	0.00000000	0.00000000
0.00000240	1.43056870	0.00000000	0.00000000	0.00000000	0.00000000	0.00000000	0.00000000	0.00000000
0.00000260	1.38535118	0.00000000	0.00000000	0.00000000	0.00000000	0.00000000	0.00000000	0.00000000
0.00000280	1.49556875	0.00000000	0.00000000	0.00000000	0.00000000	0.00000000	0.00000000	0.00000000
0.00000300	1.44356871	0.00000000	0.00000000	0.00000000	0.00000000	0.00000000	0.00000000	0.00000000
0.00000320	1.47917747	0.00000000	46.81119537	0.00000000	0.00000000	0.00000000	0.00000000	0.00000000
0.00000360	1.42350340	0.00000000	0.00000000	0.00000000	0.00000000	0.00000000	0.00000000	0.00000000
0.00000400	1.42378604	0.00000000	23.40559769	0.00000000	0.00000000	0.00000000	0.00000000	0.00000000
0.00000440	1.41078603	0.00000000	0.00000000	0.00000000	0.00000000	0.00000000	0.00000000	0.00000000
0.00000480	1.44187307	0.00000000	0.00000000	0.00000000	0.00000000	0.00000000	0.00000000	0.00000000
0.00000520	1.44554698	0.00000000	0.00000000	0.00000000	0.00000000	0.00000000	0.00000000	0.00000000
0.00000560	1.40428603	0.00000000	0.00000000	0.00000000	0.00000000	0.00000000	0.00000000	0.00000000
0.00000600	1.39693809	0.00000000	0.00000000	0.00000000	0.00000000	0.00000000	0.00000000	0.00000000
0.00000640	1.42661214	0.00000000	0.00000000	0.00000000	0.00000000	0.00000000	0.00000000	0.00000000
0.00000720	1.39326417	0.00000000	0.00000000	0.00000000	0.00000000	0.00000000	0.00000000	0.00000000
0.00000800	1.42011213	0.00000000	0.00000000	0.00000000	0.00000000	0.00000000	0.00000000	0.00000000
0.00000880	1.42618823	0.00000000	0.00000000	0.00000000	0.00000000	0.00000000	0.00000000	0.00000000
0.00000960	1.38153589	0.00000000	0.00000000	13.63313580	0.00000000	0.00000000	0.00000000	0.00000000
0.00001040	1.40117729	0.00000000	0.00000000	0.00000000	0.00000000	0.00000000	0.00000000	0.00000000
0.00001120	1.40626431	0.00000000	11.70279884	0.00000000	0.00000000	0.00000000	0.00000000	0.00000000
0.00001200	1.40456855	0.00000000	0.00000000	0.00000000	0.00000000	0.00000000	0.00000000	0.00000000
0.00001280	1.37079680	0.00000000	0.00000000	0.00000000	0.00000000	0.00000000	0.00000000	0.00000000
0.00001440	1.37708485	0.00000000	0.00000000	0.00000000	0.00000000	0.00000000	0.00000000	0.00000000
0.00001600	1.37249243	6.84945869	0.00000000	0.00000000	0.00000000	0.00000000	0.00000000	0.00000000
0.00001760	1.35369885	13.69891739	0.00000000	0.00000000	0.00000000	0.00000000	0.00000000	0.00000000
0.00001920	1.34818804	0.00000000	0.00000000	6.81656790	0.00000000	0.00000000	0.00000000	0.00000000
0.00002080	1.32918251	0.00000000	0.00000000	0.00000000	0.00000000	0.00000000	0.00000000	0.00000000
0.00002240	1.34649241	0.00000000	0.00000000	0.00000000	0.00000000	0.00000000	0.00000000	0.00000000
0.00002400	1.32988906	0.00000000	0.00000000	0.00000000	0.00000000	0.00000000	0.00000000	0.00000000
0.00002560	1.34585655	0.00000000	0.00000000	0.00000000	0.00000000	0.00000000	0.00000000	0.00000000
0.00002880	1.31322014	14.03507423	0.00000000	0.00000000	0.00000000	0.00000000	0.00000000	0.00000000
0.00003200	1.31169355	0.00000000	2.89980865	0.00000000	0.00000000	0.00000000	0.00000000	0.00000000
0.00003520	1.29639721	0.00000000	0.00000000	3.32780790	0.00000000	0.00000000	0.00000000	0.00000000
0.00003840	1.27995729	0.00000000	0.00000000	3.32780790	0.00000000	0.00000000	0.00000000	0.00000000
0.00004160	1.26933289	0.00000000	0.00000000	3.32780790	0.00000000	0.00000000	0.00000000	0.00000000
0.00004480	1.26021957	0.00000000	0.00000000	0.00000000	0.00000000	0.00000000	0.00000000	0.00000000
0.00004800	1.24692476	0.00000000	2.89980865	0.00000000	0.00000000	0.00000000	0.00000000	0.00000000
0.00005120	1.23220038	0.00000000	0.00000000	0.00000000	0.00000000	0.00000000	0.00000000	0.00000000
0.00005760	1.22650707	5.42064524	1.46938777	3.35965276	0.00000000	0.00000000	0.00000000	0.00000000
0.00006400	1.18757546	0.00000000	1.46938777	5.03947926	0.00000000	0.00000000	0.00000000	0.00000000
0.00007040	1.19197667	3.61376333	0.00000000	1.67982638	0.00000000	0.00000000	0.00000000	0.00000000
0.00007680	1.17447889	0.00000000	0.00000000	0.00000000	0.00000000	0.00000000	0.00000000	0.00000000
0.00008320	1.16128397	0.00000000	1.46938777	0.00000000	0.00000000	0.00000000	0.00000000	0.00000000
0.00008960	1.14680099	0.00000000	1.46938777	1.67982638	0.00000000	0.00000000	0.00000000	0.00000000
0.00009600	1.14578116	1.80688167	0.00000000	0.00000000	0.00000000	0.00000000	0.00000000	0.00000000
0.00010240	1.13463485	3.61376333	0.00000000	0.00000000	0.00000000	0.00000000	0.00000000	0.00000000
0.00011520	1.12485170	1.82945621	0.73142493	0.86032349	0.00000000	0.00000000	0.00000000	0.00000000
0.00012800	1.11536753	0.91472811	1.46284986	0.86032349	0.00000000	0.00000000	0.00000000	0.00000000
0.00014080	1.09618533	1.82945621	0.00000000	0.86032349	0.00000000	0.00000000	0.00000000	0.00000000
0.00015360	1.08793855	0.91472811	0.00000000	1.72064698	0.00000000	0.00000000	0.00000000	0.00000000
0.00016640	1.08467829	0.91472811	0.00000000	2.58097029	0.00000000	0.00000000	0.00000000	0.00000000
0.00017920	1.06662869	1.82945621	0.00000000	0.86032349	0.00000000	0.00000000	0.00000000	0.00000000
0.00019200	1.05553138	1.82945621	1.46284986	0.00000000	0.00000000	0.00000000	0.00000000	0.00000000
0.00020480	1.04706073	1.82945621	2.19427490	0.00000000	0.00000000	0.00000000	0.00000000	0.00000000
0.00023040	1.03825760	0.00000000	1.08742833	1.30304456	0.00000000	0.00000000	0.00000000	0.00000000
0.00025600	1.03112984	0.45396498	0.72495216	0.43434820	0.00000000	0.00000000	0.00000000	0.00000000
0.00028160	1.02709496	2.26982498	1.08742833	0.86869639	0.00000000	0.00000000	0.00000000	0.00000000
0.00030720	1.02323318	0.90792996	0.72495216	0.86869639	0.00000000	0.00000000	0.00000000	0.00000000
0.00033280	1.01618576	0.45396498	1.44990432	1.30304456	0.00000000	0.00000000	0.00000000	0.00000000
0.00035840	1.01819444	0.90792996	0.72495216	2.60608912	0.00000000	0.00000000	0.00000000	0.00000000
0.00038400	1.01265919	0.90792996	1.44990432	0.43434820	0.00000000	0.00000000	0.00000000	0.00000000
0.00040960	1.01224422	0.00000000	1.08742833	0.00000000	0.00000000	0.00000000	0.00000000	0.00000000
0.00046080	1.01373911	1.11820233	0.36247608	0.87292874	0.00000000	0.00000000	0.00000000	0.00000000
0.00051200	1.00752711	0.67257798	0.90619022	0.43646437	0.00000000	0.00000000	0.00000000	0.00000000
0.00056320	1.00033641	0.89677066	0.90619022	0.65469658	0.00000000	0.00000000	0.00000000	0.00000000
0.00061440	0.99915987	1.56934869	0.54371417	0.43646437	0.00000000	0.00000000	0.00000000	0.00000000
0.00066560	0.99251217	1.12096334	0.72495216	0.65469658	0.00000000	0.00000000	0.00000000	0.00000000
0.00071680	0.99830985	1.12096334	0.90619022	1.30939317	0.00000000	0.00000000	0.00000000	0.00000000
0.00076800	0.99822903	0.89677066	1.08742833	1.30939317	0.00000000	0.00000000	0.00000000	0.00000000
0.00081920	0.99493831	1.12096334	0.90418541	0.21823218	0.00000000	0.00000000	0.00000000	0.00000000
0.00092160	1.00305259	0.44949245	0.91224945	1.30621505	0.00000000	0.00000000	0.00000000	0.00000000
0.00102400	1.00553501	0.89898491	0.27367485	0.87081003	0.00000000	0.00000000	0.00000000	0.00000000
0.00112640	1.00952482	0.89898491	0.91224945	1.19736373	0.00000000	0.00000000	0.00000000	0.00000000
0.00122880	1.00416386	1.12373114	1.45959914	1.19736373	0.00000000	0.00000000	0.00000000	0.00000000
0.00133120	1.00598919	1.01135802	1.00347435	0.54425627	0.00000000	0.00000000	0.00000000	0.00000000
0.00143360	1.00193727	0.89898491	1.00347435	1.30621505	0.00000000	0.00000000	0.00000000	0.00000000
0.00153600	1.00407374	1.01135802	1.00347435	1.19736373	0.00000000	0.00000000	0.00000000	0.00000000
0.00163840	0.99803627	0.89898491	1.36837411	1.41506624	0.00000000	0.00000000	0.00000000	0.00000000
0.00184320	0.99965852	0.85542434	0.76686096	0.81046379	0.00000000	0.00000000	0.00000000	0.00000000
0.00204800	0.99904388	0.85542434	0.76856512	0.91852564	0.00000000	0.00000000	0.00000000	0.00000000
0.00225280	1.00033963	0.74136782	0.90419424	1.24271119	0.00000000	0.00000000	0.00000000	0.00000000
0.00245760	1.00312698	1.31165075	1.26587200	1.13464928	0.00000000	0.00000000	0.00000000	0.00000000
0.00266240	1.00131834	1.02650928	0.90419424	0.91852564	0.00000000	0.00000000	0.00000000	0.00000000
0.00286720	1.00345576	1.65382040	0.85898453	0.91852564	0.00000000	0.00000000	0.00000000	0.00000000
0.00307200	1.00568342	1.31165075	0.63293600	0.75643289	0.00000000	0.00000000	0.00000000	0.00000000
0.00327680	1.00672925	0.68433952	1.03982341	1.02658749	0.00000000	0.00000000	0.00000000	0.00000000
0.00368640	1.00045860	1.10729301	0.71540648	1.08130014	0.00000000	0.00000000	0.00000000	0.00000000
0.00409600	1.00215995	0.94119906	1.00604033	1.34503186	0.00000000	0.00000000	0.00000000	0.00000000
0.00450560	1.00151730	0.99656373	0.69304997	1.03101444	0.00000000	0.00000000	0.00000000	0.00000000
0.00491520	1.00227690	0.77510512	0.89425808	1.16598523	0.00000000	0.00000000	0.00000000	0.00000000
0.00532480	1.00553930	1.13497531	0.96132743	0.90098858	0.00000000	0.00000000	0.00000000	0.00000000
0.00573440	1.00369358	1.10729301	1.05075324	1.03597116	0.00000000	0.00000000	0.00000000	0.00000000
0.00614400	1.00223517	0.96888143	1.07310963	1.06253457	0.00000000	0.00000000	0.00000000	0.00000000
0.00655360	0.99726647	0.74742281	1.14017904	1.11566126	0.00000000	0.00000000	0.00000000	0.00000000
0.00737280	0.99775332	0.94554108	0.88000000	1.05999267	0.00000000	0.00000000	0.00000000	0.00000000
0.00819200	0.99984223	0.90501791	0.76232618	1.12624216	0.00000000	0.00000000	0.00000000	0.00000000
0.00901120	0.99895144	0.91852564	1.26295829	0.84799409	0.00000000	0.00000000	0.00000000	0.00000000
0.00983040	0.99660051	1.06970072	1.04216492	0.91424364	0.00000000	0.00000000	0.00000000	0.00000000
0.01064960	1.00159097	0.96371573	0.71208793	1.07324255	0.00000000	0.00000000	0.00000000	0.00000000
0.01146880	1.00022066	1.15374422	1.01726842	0.88561493	0.00000000	0.00000000	0.00000000	0.00000000
0.01228800	1.00376332	0.77557433	0.93814754	1.03101444	0.00000000	0.00000000	0.00000000	0.00000000
0.01310720	1.00029755	0.96606624	1.01726842	1.00457811	0.00000000	0.00000000	0.00000000	0.00000000
0.01474560	0.99844432	1.03584945	0.94228947	0.96492374	0.00000000	0.00000000	0.00000000	0.00000000
0.01638400	1.00120866	0.91398484	1.11328924	1.00457811	0.00000000	0.00000000	0.00000000	0.00000000
0.01802240	0.99830472	0.93429559	0.97200882	0.97814190	0.00000000	0.00000000	0.00000000	0.00000000
0.01966080	1.00143182	0.98168737	0.89289182	0.92086858	0.00000000	0.00000000	0.00000000	0.00000000
0.02129920	1.00010645	0.95460635	0.95082927	1.04011774	0.00000000	0.00000000	0.00000000	0.00000000
0.02293760	1.00394821	1.06129968	0.88307983	0.92086858	0.00000000	0.00000000	0.00000000	0.00000000
0.02457600	1.00002193	0.89339334	1.00045121	1.03101444	0.00000000	0.00000000	0.00000000	0.00000000
0.02621440	1.00079072	0.78812104	0.96344489	0.94509655	0.00000000	0.00000000	0.00000000	0.00000000
0.02949120	0.99970931	1.05022597	0.97280002	0.88773870	0.00000000	0.00000000	0.00000000	0.00000000
0.03276800	1.00040340	0.98606431	1.07327437	1.01604867	0.00000000	0.00000000	0.00000000	0.00000000
0.03604480	1.00106764	1.03409910	0.94241756	0.90430105	0.00000000	0.00000000	0.00000000	0.00000000
0.03932160	1.00125730	0.89657557	0.99461371	0.98240072	0.00000000	0.00000000	0.00000000	0.00000000
0.04259840	0.99999666	0.93779743	1.10198677	0.92307693	0.00000000	0.00000000	0.00000000	0.00000000
0.04587520	1.00149488	1.01399314	1.00651979	1.05432177	0.00000000	0.00000000	0.00000000	0.00000000
0.04915200	0.99973756	1.03733146	1.04830027	1.02763009	0.00000000	0.00000000	0.00000000	0.00000000
0.05242880	0.99952900	1.08590221	1.04960001	1.03011823	0.00000000	0.00000000	0.00000000	0.00000000
0.05898240	0.99884850	0.97755826	1.01124489	0.96954423	0.00000000	0.00000000	0.00000000	0.00000000
0.06553600	1.00232172	1.07624471	0.97003037	1.05940282	0.00000000	0.00000000	0.00000000	0.00000000
0.07208960	1.00064254	0.95562363	0.96071589	0.98269314	0.00000000	0.00000000	0.00000000	0.00000000
0.07864320	1.00142896	1.02147615	0.94210291	0.96515423	0.00000000	0.00000000	0.00000000	0.00000000
0.08519680	0.99948096	1.04617786	0.99430048	1.01047289	0.00000000	0.00000000	0.00000000	0.00000000
0.09175040	0.99962151	0.98082125	1.04662192	0.99788940	0.00000000	0.00000000	0.00000000	0.00000000
0.09830400	0.99870205	0.95628113	0.99572909	1.03672433	0.00000000	0.00000000	0.00000000	0.00000000
0.10485760	1.00082266	1.07892191	0.98858613	1.04178977	0.00000000	0.00000000	0.00000000	0.00000000
0.11796480	1.00063157	1.01090300	0.98504615	1.00458968	0.00000000	0.00000000	0.00000000	0.00000000
0.13107200	1.00053644	1.01388657	0.99293017	0.96403933	0.00000000	0.00000000	0.00000000	0.00000000
0.14417920	1.00072396	0.95076466	1.04647458	1.04322755	0.00000000	0.00000000	0.00000000	0.00000000
0.15728641	1.00183201	1.00652575	0.98177648	1.04189074	0.00000000	0.00000000	0.00000000	0.00000000
0.17039360	1.00156832	1.01343286	1.01146793	0.98959172	0.00000000	0.00000000	0.00000000	0.00000000
0.18350080	1.00131214	1.02143943	1.00259411	0.97917914	0.00000000	0.00000000	0.00000000	0.00000000
0.19660801	1.00108707	1.00557756	1.00076616	0.99914336	0.00000000	0.00000000	0.00000000	0.00000000
0.20971520	1.00100684	0.96666753	0.99228972	0.99500042	0.00000000	0.00000000	0.00000000	0.00000000
0.23592959	1.00120354	1.01251483	0.99402195	0.98804307	0.00000000	0.00000000	0.00000000	0.00000000
0.26214400	1.00062013	0.98720551	1.00774610	0.99063838	0.00000000	0.00000000	0.00000000	0.00000000
0.28835839	1.00086010	0.97697216	0.98819828	0.98679382	0.00000000	0.00000000	0.00000000	0.00000000
0.31457281	1.00040162	0.99504888	1.01785326	0.95823264	0.00000000	0.00000000	0.00000000	0.00000000
0.34078720	1.00155199	0.99445224	0.98657358	1.00189996	0.00000000	0.00000000	0.00000000	0.00000000
0.36700159	1.00083232	1.00740993	0.98416591	1.01601279	0.00000000	0.00000000	0.00000000	0.00000000
0.39321601	1.00047183	0.98980182	1.00086820	1.01532471	0.00000000	0.00000000	0.00000000	0.00000000
0.41943040	1.00065446	0.99467355	0.98585027	0.97988516	0.00000000	0.00000000	0.00000000	0.00000000
0.47185919	1.00044262	0.98776215	0.99618948	0.98069650	0.00000000	0.00000000	0.00000000	0.00000000
0.52428800	1.00053930	1.00667417	0.99567437	1.01511896	0.00000000	0.00000000	0.00000000	0.00000000
0.57671678	1.00048578	1.00863338	1.01121986	1.01559782	0.00000000	0.00000000	0.00000000	0.00000000
0.62914562	1.00027370	1.00479102	0.98115569	1.01220536	0.00000000	0.00000000	0.00000000	0.00000000
0.68157440	1.00067365	1.00457549	1.02081811	0.99058443	0.00000000	0.00000000	0.00000000	0.00000000
0.73400319	1.00041926	0.96851146	0.99341881	1.00681198	0.00000000	0.00000000	0.00000000	0.00000000
0.78643203	1.00018990	0.99983716	0.99742526	1.01463175	0.00000000	0.00000000	0.00000000	0.00000000
0.83886081	1.00031126	0.98628229	1.01490545	0.97675282	0.00000000	0.00000000	0.00000000	0.00000000
0.94371837	1.00025952	0.97350109	0.99047130	1.00155711	0.00000000	0.00000000	0.00000000	0.00000000
1.04857600	1.00040340	0.99515301	1.00002408	1.00495791	0.00000000	0.00000000	0.00000000	0.00000000
1.15343356	0.99963641	0.99925065	1.01296222	0.99694681	0.00000000	0.00000000	0.00000000	0.00000000
1.25829124	1.00051951	1.01873541	0.99103439	0.99560022	0.00000000	0.00000000	0.00000000	0.00000000
1.36314881	0.99989462	0.98550725	1.00423372	0.98787361	0.00000000	0.00000000	0.00000000	0.00000000
1.46800637	0.99989188	1.00510490	1.01016080	1.01134026	0.00000000	0.00000000	0.00000000	0.00000000
1.57286406	0.99998206	0.99494058	0.99759614	1.00652313	0.00000000	0.00000000	0.00000000	0.00000000
1.67772162	1.00007796	0.97750002	0.99833888	0.99033815	0.00000000	0.00000000	0.00000000	0.00000000
1.88743675	0.00000000	0.00000000	0.00000000	0.00000000	0.00000000	0.00000000	0.00000000	0.00000000
2.09715199	0.00000000	0.00000000	0.00000000	0.00000000	0.00000000	0.00000000	0.00000000	0.00000000
2.30686712	0.00000000	0.00000000	0.00000000	0.00000000	0.00000000	0.00000000	0.00000000	0.00000000
2.51658249	0.00000000	0.00000000	0.00000000	0.00000000	0.00000000	0.00000000	0.00000000	0.00000000
2.72629762	0.00000000	0.00000000	0.00000000	0.00000000	0.00000000	0.00000000	0.00000000	0.00000000
2.93601274	0.00000000	0.00000000	0.00000000	0.00000000	0.00000000	0.00000000	0.00000000	0.00000000
3.14572811	0.00000000	0.00000000	0.00000000	0.00000000	0.00000000	0.00000000	0.00000000	0.00000000
3.35544324	0.00000000	0.00000000	0.00000000	0.00000000	0.00000000	0.00000000	0.00000000	0.00000000
3.77487350	0.00000000	0.00000000	0.00000000	0.00000000	0.00000000	0.00000000	0.00000000	0.00000000
4.19430399	0.00000000	0.00000000	0.00000000	0.00000000	0.00000000	0.00000000	0.00000000	0.00000000
4.61373425	0.00000000	0.00000000	0.00000000	0.00000000	0.00000000	0.00000000	0.00000000	0.00000000
5.03316498	0.00000000	0.00000000	0.00000000	0.00000000	0.00000000	0.00000000	0.00000000	0.00000000
5.45259523	0.00000000	0.00000000	0.00000000	0.00000000	0.00000000	0.00000000	0.00000000	0.00000000
5.87202549	0.00000000	0.00000000	0.00000000	0.00000000	0.00000000	0.00000000	0.00000000	0.00000000
6.29145622	0.00000000	0.00000000	0.00000000	0.00000000	0.00000000	0.00000000	0.00000000	0.00000000
6.71088648	0.00000000	0.00000000	0.00000000	0.00000000	0.00000000	0.00000000	0.00000000	0.00000000
7.54974699	0.00000000	0.00000000	0.00000000	0.00000000	0.00000000	0.00000000	0.00000000	0.00000000
8.38860798	0.00000000	0.00000000	0.00000000	0.00000000	0.00000000	0.00000000	0.00000000	0.00000000
9.22746849	0.00000000	0.00000000	0.00000000	0.00000000	0.00000000	0.00000000	0.00000000	0.00000000
10.06632996	0.00000000	0.00000000	0.00000000	0.00000000	0.00000000	0.00000000	0.00000000	0.00000000
10.90519047	0.00000000	0.00000000	0.00000000	0.00000000	0.00000000	0.00000000	0.00000000	0.00000000
11.74405098	0.00000000	0.00000000	0.00000000	0.00000000	0.00000000	0.00000000	0.00000000	0.00000000
12.58291245	0.00000000	0.00000000	0.00000000	0.00000000	0.00000000	0.00000000	0.00000000	0.00000000
13.42177296	0.00000000	0.00000000	0.00000000	0.00000000	0.00000000	0.00000000	0.00000000	0.00000000
15.09949398	0.00000000	0.00000000	0.00000000	0.00000000	0.00000000	0.00000000	0.00000000	0.00000000
16.77721596	0.00000000	0.00000000	0.00000000	0.00000000	0.00000000	0.00000000	0.00000000	0.00000000
18.45493698	0.00000000	0.00000000	0.00000000	0.00000000	0.00000000	0.00000000	0.00000000	0.00000000
20.13265991	0.00000000	0.00000000	0.00000000	0.00000000	0.00000000	0.00000000	0.00000000	0.00000000
21.81038094	0.00000000	0.00000000	0.00000000	0.00000000	0.00000000	0.00000000	0.00000000	0.00000000
23.48810196	0.00000000	0.00000000	0.00000000	0.00000000	0.00000000	0.00000000	0.00000000	0.00000000
25.16582489	0.00000000	0.00000000	0.00000000	0.00000000	0.00000000	0.00000000	0.00000000	0.00000000
26.84354591	0.00000000	0.00000000	0.00000000	0.00000000	0.00000000	0.00000000	0.00000000	0.00000000
30.19898796	0.00000000	0.00000000	0.00000000	0.00000000	0.00000000	0.00000000	0.00000000	0.00000000
33.55443192	0.00000000	0.00000000	0.00000000	0.00000000	0.00000000	0.00000000	0.00000000	0.00000000
36.90987396	0.00000000	0.00000000	0.00000000	0.00000000	0.00000000	0.00000000	0.00000000	0.00000000
40.26531982	0.00000000	0.00000000	0.00000000	0.00000000	0.00000000	0.00000000	0.00000000	0.00000000
43.62076187	0.00000000	0.00000000	0.00000000	0.00000000	0.00000000	0.00000000	0.00000000	0.00000000
46.97620392	0.00000000	0.00000000	0.00000000	0.00000000	0.00000000	0.00000000	0.00000000	0.00000000
50.33164978	0.00000000	0.00000000	0.00000000	0.00000000	0.00000000	0.00000000	0.00000000	0.00000000
53.68709183	0.00000000	0.00000000	0.00000000	0.00000000	0.00000000	0.00000000	0.00000000	0.00000000
60.39797592	0.00000000	0.00000000	0.00000000	0.00000000	0.00000000	0.00000000	0.00000000	0.00000000
67.10886383	0.00000000	0.00000000	0.00000000	0.00000000	0.00000000	0.00000000	0.00000000	0.00000000
73.81974792	0.00000000	0.00000000	0.00000000	0.00000000	0.00000000	0.00000000	0.00000000	0.00000000
80.53063965	0.00000000	0.00000000	0.00000000	0.00000000	0.00000000	0.00000000	0.00000000	0.00000000
87.24152374	0.00000000	0.00000000	0.00000000	0.00000000	0.00000000	0.00000000	0.00000000	0.00000000
93.95240784	0.00000000	0.00000000	0.00000000	0.00000000	0.00000000	0.00000000	0.00000000	0.00000000
100.66329956	0.00000000	0.00000000	0.00000000	0.00000000	0.00000000	0.00000000	0.00000000	0.00000000
107.37418365	0.00000000	0.00000000	0.00000000	0.00000000	0.00000000	0.00000000	0.00000000	0.00000000
120.79595184	0.00000000	0.00000000	0.00000000	0.00000000	0.00000000	0.00000000	0.00000000	0.00000000
134.21772766	0.00000000	0.00000000	0.00000000	0.00000000	0.00000000	0.00000000	0.00000000	0.00000000
147.63949585	0.00000000	0.00000000	0.00000000	0.00000000	0.00000000	0.00000000	0.00000000	0.00000000
161.06127930	0.00000000	0.00000000	0.00000000	0.00000000	0.00000000	0.00000000	0.00000000	0.00000000
174.48304749	0.00000000	0.00000000	0.00000000	0.00000000	0.00000000	0.00000000	0.00000000	0.00000000
187.90481567	0.00000000	0.00000000	0.00000000	0.00000000	0.00000000	0.00000000	0.00000000	0.00000000
201.32659912	0.00000000	0.00000000	0.00000000	0.00000000	0.00000000	0.00000000	0.00000000	0.00000000
214.74836731	0.00000000	0.00000000	0.00000000	0.00000000	0.00000000	0.00000000	0.00000000	0.00000000
241.59190369	0.00000000	0.00000000	0.00000000	0.00000000	0.00000000	0.00000000	0.00000000	0.00000000
268.43545532	0.00000000	0.00000000	0.00000000	0.00000000	0.00000000	0.00000000	0.00000000	0.00000000
295.27899170	0.00000000	0.00000000	0.00000000	0.00000000	0.00000000	0.00000000	0.00000000	0.00000000
322.12255859	0.00000000	0.00000000	0.00000000	0.00000000	0.00000000	0.00000000	0.00000000	0.00000000
348.96609497	0.00000000	0.00000000	0.00000000	0.00000000	0.00000000	0.00000000	0.00000000	0.00000000
375.80963135	0.00000000	0.00000000	0.00000000	0.00000000	0.00000000	0.00000000	0.00000000	0.00000000
402.65319824	0.00000000	0.00000000	0.00000000	0.00000000	0.00000000	0.00000000	0.00000000	0.00000000
429.49673462	0.00000000	0.00000000	0.00000000	0.00000000	0.00000000	0.00000000	0.00000000	0.00000000
483.18380737	0.00000000	0.00000000	0.00000000	0.00000000	0.00000000	0.00000000	0.00000000	0.00000000
536.87091064	0.00000000	0.00000000	0.00000000	0.00000000	0.00000000	0.00000000	0.00000000	0.00000000
590.55798340	0.00000000	0.00000000	0.00000000	0.00000000	0.00000000	0.00000000	0.00000000	0.00000000
644.24511719	0.00000000	0.00000000	0.00000000	0.00000000	0.00000000	0.00000000	0.00000000	0.00000000
697.93218994	0.00000000	0.00000000	0.00000000	0.00000000	0.00000000	0.00000000	0.00000000	0.00000000
751.61926270	0.00000000	0.00000000	0.00000000	0.00000000	0.00000000	0.00000000	0.00000000	0.00000000
805.30639648	0.00000000	0.00000000	0.00000000	0.00000000	0.00000000	0.00000000	0.00000000	0.00000000
858.99346924	0.00000000	0.00000000	0.00000000	0.00000000	0.00000000	0.00000000	0.00000000	0.00000000
966.36761475	0.00000000	0.00000000	0.00000000	0.00000000	0.00000000	0.00000000	0.00000000	0.00000000
1073.74182129	0.00000000	0.00000000	0.00000000	0.00000000	0.00000000	0.00000000	0.00000000	0.00000000
1181.11596680	0.00000000	0.00000000	0.00000000	0.00000000	0.00000000	0.00000000	0.00000000	0.00000000
1288.49023437	0.00000000	0.00000000	0.00000000	0.00000000	0.00000000	0.00000000	0.00000000	0.00000000
1395.86437988	0.00000000	0.00000000	0.00000000	0.00000000	0.00000000	0.00000000	0.00000000	0.00000000
1503.23852539	0.00000000	0.00000000	0.00000000	0.00000000	0.00000000	0.00000000	0.00000000	0.00000000
1610.61279297	0.00000000	0.00000000	0.00000000	0.00000000	0.00000000	0.00000000	0.00000000	0.00000000
1717.98693848	0.00000000	0.00000000	0.00000000	0.00000000	0.00000000	0.00000000	0.00000000	0.00000000
1932.73522949	0.00000000	0.00000000	0.00000000	0.00000000	0.00000000	0.00000000	0.00000000	0.00000000
2147.48364258	0.00000000	0.00000000	0.00000000	0.00000000	0.00000000	0.00000000	0.00000000	0.00000000
2362.23193359	0.00000000	0.00000000	0.00000000	0.00000000	0.00000000	0.00000000	0.00000000	0.00000000
2576.98046875	0.00000000	0.00000000	0.00000000	0.00000000	0.00000000	0.00000000	0.00000000	0.00000000
2791.72875977	0.00000000	0.00000000	0.00000000	0.00000000	0.00000000	0.00000000	0.00000000	0.00000000
3006.47705078	0.00000000	0.00000000	0.00000000	0.00000000	0.00000000	0.00000000	0.00000000	0.00000000
3221.22558594	0.00000000	0.00000000	0.00000000	0.00000000	0.00000000	0.00000000	0.00000000	0.00000000
3435.97387695	0.00000000	0.00000000	0.00000000	0.00000000	0.00000000	0.00000000	0.00000000	0.00000000
0	0	0	0	0	0	0	0	0
