%10/31/2018 4:02:00 PM
%Duration	ID1		ID2		ID3		ID4		ID5		ID6		ID7		ID8
1000.000000	137.596130	0.457764	0.448227	0.448227	0.000000	0.000000	0.000000	0.000000
%Tau		Tau1		Tau2		Tau3		Tau4		Tau5		Tau6		Tau7		Tau8
%		0.000077	0.000001	0.000001	0.000001	0.000000	0.000000	0.000000	0.000000
%Delaytime	D1		D2		D3		D4		D5		D6		D7		D8
0.00000020	1.82383680	178.73002625	169.24546814	0.00000000	0.00000000	0.00000000	0.00000000	0.00000000
0.00000040	1.47664988	0.00000000	112.83031464	0.00000000	0.00000000	0.00000000	0.00000000	0.00000000
0.00000060	1.50595069	0.00000000	0.00000000	0.00000000	0.00000000	0.00000000	0.00000000	0.00000000
0.00000080	1.46614587	0.00000000	0.00000000	0.00000000	0.00000000	0.00000000	0.00000000	0.00000000
0.00000100	1.52143037	0.00000000	0.00000000	0.00000000	0.00000000	0.00000000	0.00000000	0.00000000
0.00000120	1.46061742	0.00000000	0.00000000	0.00000000	0.00000000	0.00000000	0.00000000	0.00000000
0.00000140	1.44182062	0.00000000	0.00000000	0.00000000	0.00000000	0.00000000	0.00000000	0.00000000
0.00000160	1.46891010	0.00000000	0.00000000	0.00000000	0.00000000	0.00000000	0.00000000	0.00000000
0.00000180	1.42523527	0.00000000	0.00000000	0.00000000	0.00000000	0.00000000	0.00000000	0.00000000
0.00000200	1.44734907	0.00000000	0.00000000	0.00000000	0.00000000	0.00000000	0.00000000	0.00000000
0.00000220	1.45508897	0.00000000	0.00000000	0.00000000	0.00000000	0.00000000	0.00000000	0.00000000
0.00000240	1.47830844	0.00000000	0.00000000	0.00000000	0.00000000	0.00000000	0.00000000	0.00000000
0.00000260	1.43518651	0.00000000	0.00000000	0.00000000	0.00000000	0.00000000	0.00000000	0.00000000
0.00000280	1.45785320	0.00000000	0.00000000	0.00000000	0.00000000	0.00000000	0.00000000	0.00000000
0.00000300	1.40035725	0.00000000	0.00000000	0.00000000	0.00000000	0.00000000	0.00000000	0.00000000
0.00000320	1.48715401	0.00000000	0.00000000	0.00000000	0.00000000	0.00000000	0.00000000	0.00000000
0.00000360	1.42164183	0.00000000	0.00000000	0.00000000	0.00000000	0.00000000	0.00000000	0.00000000
0.00000400	1.46669865	0.00000000	0.00000000	0.00000000	0.00000000	0.00000000	0.00000000	0.00000000
0.00000440	1.47582066	0.00000000	0.00000000	0.00000000	0.00000000	0.00000000	0.00000000	0.00000000
0.00000480	1.41196704	0.00000000	0.00000000	0.00000000	0.00000000	0.00000000	0.00000000	0.00000000
0.00000520	1.42274749	0.00000000	0.00000000	0.00000000	0.00000000	0.00000000	0.00000000	0.00000000
0.00000560	1.46559298	0.00000000	0.00000000	0.00000000	0.00000000	0.00000000	0.00000000	0.00000000
0.00000600	1.43297505	0.00000000	0.00000000	0.00000000	0.00000000	0.00000000	0.00000000	0.00000000
0.00000640	1.42799950	0.00000000	0.00000000	0.00000000	0.00000000	0.00000000	0.00000000	0.00000000
0.00000720	1.42316210	0.00000000	0.00000000	0.00000000	0.00000000	0.00000000	0.00000000	0.00000000
0.00000800	1.41611338	0.00000000	0.00000000	0.00000000	0.00000000	0.00000000	0.00000000	0.00000000
0.00000880	1.40519464	14.89416981	0.00000000	27.00597572	0.00000000	0.00000000	0.00000000	0.00000000
0.00000960	1.43864179	0.00000000	0.00000000	0.00000000	0.00000000	0.00000000	0.00000000	0.00000000
0.00001040	1.37534094	0.00000000	0.00000000	0.00000000	0.00000000	0.00000000	0.00000000	0.00000000
0.00001120	1.39026785	14.89416981	0.00000000	0.00000000	0.00000000	0.00000000	0.00000000	0.00000000
0.00001200	1.38916206	0.00000000	0.00000000	13.50298786	0.00000000	0.00000000	0.00000000	0.00000000
0.00001280	1.38294256	0.00000000	0.00000000	0.00000000	0.00000000	0.00000000	0.00000000	0.00000000
0.00001440	1.37008893	0.00000000	7.05189466	0.00000000	0.00000000	0.00000000	0.00000000	0.00000000
0.00001600	1.36490607	0.00000000	14.10378933	0.00000000	0.00000000	0.00000000	0.00000000	0.00000000
0.00001760	1.37154019	0.00000000	0.00000000	0.00000000	0.00000000	0.00000000	0.00000000	0.00000000
0.00001920	1.35474753	7.44708490	0.00000000	0.00000000	0.00000000	0.00000000	0.00000000	0.00000000
0.00002080	1.34500360	0.00000000	0.00000000	6.75149393	0.00000000	0.00000000	0.00000000	0.00000000
0.00002240	1.34258485	0.00000000	0.00000000	0.00000000	0.00000000	0.00000000	0.00000000	0.00000000
0.00002400	1.33373940	0.00000000	0.00000000	0.00000000	0.00000000	0.00000000	0.00000000	0.00000000
0.00002560	1.34279227	7.44708490	0.00000000	0.00000000	0.00000000	0.00000000	0.00000000	0.00000000
0.00002880	1.31600153	0.00000000	3.47478557	0.00000000	0.00000000	0.00000000	0.00000000	0.00000000
0.00003200	1.29913211	0.00000000	3.47478557	0.00000000	0.00000000	0.00000000	0.00000000	0.00000000
0.00003520	1.29019177	0.00000000	0.00000000	3.28088284	0.00000000	0.00000000	0.00000000	0.00000000
0.00003840	1.27899933	3.70490146	0.00000000	0.00000000	0.00000000	0.00000000	0.00000000	0.00000000
0.00004160	1.27017379	0.00000000	0.00000000	0.00000000	0.00000000	0.00000000	0.00000000	0.00000000
0.00004480	1.27449930	0.00000000	3.47478557	0.00000000	0.00000000	0.00000000	0.00000000	0.00000000
0.00004800	1.27002454	0.00000000	0.00000000	0.00000000	0.00000000	0.00000000	0.00000000	0.00000000
0.00005120	1.24924028	0.00000000	3.47478557	3.28088284	0.00000000	0.00000000	0.00000000	0.00000000
0.00005760	1.22317457	0.00000000	5.18696833	0.00000000	0.00000000	0.00000000	0.00000000	0.00000000
0.00006400	1.21120059	0.00000000	0.00000000	0.00000000	0.00000000	0.00000000	0.00000000	0.00000000
0.00007040	1.20061898	1.88062441	0.00000000	0.00000000	0.00000000	0.00000000	0.00000000	0.00000000
0.00007680	1.18086755	0.00000000	0.00000000	1.68787348	0.00000000	0.00000000	0.00000000	0.00000000
0.00008320	1.16295397	0.00000000	0.00000000	0.00000000	0.00000000	0.00000000	0.00000000	0.00000000
0.00008960	1.15011716	1.88062441	1.72898948	1.68787348	0.00000000	0.00000000	0.00000000	0.00000000
0.00009600	1.13886559	1.88062441	0.00000000	1.68787348	0.00000000	0.00000000	0.00000000	0.00000000
0.00010240	1.13094044	0.00000000	0.00000000	0.00000000	0.00000000	0.00000000	0.00000000	0.00000000
0.00011520	1.11209989	2.79265666	0.00000000	0.86032349	0.00000000	0.00000000	0.00000000	0.00000000
0.00012800	1.10018444	1.86177123	2.60608912	0.00000000	0.00000000	0.00000000	0.00000000	0.00000000
0.00014080	1.08147848	0.93088561	0.00000000	0.00000000	0.00000000	0.00000000	0.00000000	0.00000000
0.00015360	1.06985009	1.86177123	0.00000000	0.00000000	0.00000000	0.00000000	0.00000000	0.00000000
0.00016640	1.06824672	0.00000000	0.86869639	1.72064698	0.00000000	0.00000000	0.00000000	0.00000000
0.00017920	1.06123030	0.00000000	0.00000000	0.86032349	0.00000000	0.00000000	0.00000000	0.00000000
0.00019200	1.05880809	0.93088561	2.60608912	1.72064698	0.00000000	0.00000000	0.00000000	0.00000000
0.00020480	1.05339015	0.93088561	1.73739278	2.58097029	0.00000000	0.00000000	0.00000000	0.00000000
0.00023040	1.04027557	0.47015610	0.00000000	0.87719214	0.00000000	0.00000000	0.00000000	0.00000000
0.00025600	1.02867806	1.41046834	0.87719214	0.87719214	0.00000000	0.00000000	0.00000000	0.00000000
0.00028160	1.02594876	0.00000000	1.31578827	1.31578827	0.00000000	0.00000000	0.00000000	0.00000000
0.00030720	1.01942277	1.41046834	1.31578827	0.43859607	0.00000000	0.00000000	0.00000000	0.00000000
0.00033280	1.01715839	1.88062441	0.87719214	0.00000000	0.00000000	0.00000000	0.00000000	0.00000000
0.00035840	1.02198231	1.88062441	1.75438428	0.43859607	0.00000000	0.00000000	0.00000000	0.00000000
0.00038400	1.01706266	1.88062441	0.00000000	0.87719214	0.00000000	0.00000000	0.00000000	0.00000000
0.00040960	1.01292455	0.47015610	0.43859607	0.87719214	0.00000000	0.00000000	0.00000000	0.00000000
0.00046080	1.00587332	0.94031221	0.67423868	0.65789413	0.00000000	0.00000000	0.00000000	0.00000000
0.00051200	1.00422859	1.41046834	0.89898491	0.87719214	0.00000000	0.00000000	0.00000000	0.00000000
0.00056320	1.00179005	1.17539024	0.44949245	0.87719214	0.00000000	0.00000000	0.00000000	0.00000000
0.00061440	1.00320065	0.47015610	0.67423868	0.87719214	0.00000000	0.00000000	0.00000000	0.00000000
0.00066560	1.00064361	0.70523417	1.79796982	1.31578827	0.00000000	0.00000000	0.00000000	0.00000000
0.00071680	0.99996626	0.47015610	0.89898491	0.65789413	0.00000000	0.00000000	0.00000000	0.00000000
0.00076800	0.99663764	0.94031221	0.22474623	1.09649014	0.00000000	0.00000000	0.00000000	0.00000000
0.00081920	0.99984318	0.23507805	0.22474623	1.53508627	0.00000000	0.00000000	0.00000000	0.00000000
0.00092160	0.99616694	0.47494137	1.11545491	0.76381266	0.00000000	0.00000000	0.00000000	0.00000000
0.00102400	0.99652457	1.18735349	1.00390947	1.09116101	0.00000000	0.00000000	0.00000000	0.00000000
0.00112640	0.99595320	1.30608881	1.56163692	0.98204488	0.00000000	0.00000000	0.00000000	0.00000000
0.00122880	0.99890065	0.35620603	0.66927296	0.87292874	0.00000000	0.00000000	0.00000000	0.00000000
0.00133120	0.99993372	0.59367675	1.45009136	0.87292874	0.00000000	0.00000000	0.00000000	0.00000000
0.00143360	1.00121629	0.94988275	1.67318237	0.98204488	0.00000000	0.00000000	0.00000000	0.00000000
0.00153600	1.00379908	0.71241206	1.67318237	1.30939317	0.00000000	0.00000000	0.00000000	0.00000000
0.00163840	1.00119615	0.71241206	1.22700036	0.76381266	0.00000000	0.00000000	0.00000000	0.00000000
0.00184320	1.00620782	0.65304440	1.27336407	1.29988956	0.00000000	0.00000000	0.00000000	0.00000000
0.00204800	1.00512671	1.12513006	0.99654579	1.35405159	0.00000000	0.00000000	0.00000000	0.00000000
0.00225280	0.99867862	1.65808654	1.10727310	1.08324122	0.00000000	0.00000000	0.00000000	0.00000000
0.00245760	1.00205934	1.24356484	1.27336407	0.75826889	0.00000000	0.00000000	0.00000000	0.00000000
0.00266240	1.00289834	0.59217376	0.94118214	1.35405159	0.00000000	0.00000000	0.00000000	0.00000000
0.00286720	1.00150597	1.00669539	1.21800041	1.13740337	0.00000000	0.00000000	0.00000000	0.00000000
0.00307200	1.00250721	1.00669539	1.27336407	0.75826889	0.00000000	0.00000000	0.00000000	0.00000000
0.00327680	0.99471962	1.12513006	1.05190945	0.75826889	0.00000000	0.00000000	0.00000000	0.00000000
0.00368640	1.00650299	1.14829826	1.27962136	1.04347825	0.00000000	0.00000000	0.00000000	0.00000000
0.00409600	1.00228572	1.08786154	1.02926064	1.01672244	0.00000000	0.00000000	0.00000000	0.00000000
0.00450560	1.00329196	1.02742469	0.75108212	0.96321070	0.00000000	0.00000000	0.00000000	0.00000000
0.00491520	0.99953711	0.78567773	0.77889997	0.98996657	0.00000000	0.00000000	0.00000000	0.00000000
0.00532480	0.99888957	0.96698803	0.91798925	0.96321070	0.00000000	0.00000000	0.00000000	0.00000000
0.00573440	1.00299394	1.02742469	1.03179574	1.09698999	0.00000000	0.00000000	0.00000000	0.00000000
0.00614400	1.00012243	0.90655124	1.27962136	0.98996657	0.00000000	0.00000000	0.00000000	0.00000000
0.00655360	0.99751693	0.90655124	0.89017141	0.96321070	0.00000000	0.00000000	0.00000000	0.00000000
0.00737280	0.99621511	1.09734333	1.02422142	0.87167072	0.00000000	0.00000000	0.00000000	0.00000000
0.00819200	1.00028682	1.00715065	0.96885812	0.87167072	0.00000000	0.00000000	0.00000000	0.00000000
0.00901120	1.00257254	0.93199021	1.06574392	1.09964609	0.00000000	0.00000000	0.00000000	0.00000000
0.00983040	1.00139964	1.02480376	1.25951552	1.11305642	0.00000000	0.00000000	0.00000000	0.00000000
0.01064960	1.00135052	0.91930926	0.80474055	0.79120880	0.00000000	0.00000000	0.00000000	0.00000000
0.01146880	1.00248957	1.05494511	1.17936122	1.09964609	0.00000000	0.00000000	0.00000000	0.00000000
0.01228800	1.00285423	0.75353217	1.08223736	0.88508099	0.00000000	0.00000000	0.00000000	0.00000000
0.01310720	0.99815077	1.00973308	1.14053893	1.02761817	0.00000000	0.00000000	0.00000000	0.00000000
0.01474560	0.99884033	1.06393862	1.09611213	0.83613497	0.00000000	0.00000000	0.00000000	0.00000000
0.01638400	0.99824595	1.02673793	0.80671781	0.96556538	0.00000000	0.00000000	0.00000000	0.00000000
0.01802240	0.99863529	1.03417814	1.00592566	1.01920795	0.00000000	0.00000000	0.00000000	0.00000000
0.01966080	0.99451685	0.81841433	0.95736378	0.99667287	0.00000000	0.00000000	0.00000000	0.00000000
0.02129920	0.99937862	1.01185775	1.07529986	0.94984931	0.00000000	0.00000000	0.00000000	0.00000000
0.02293760	1.00019467	0.88018650	0.92494369	1.03680730	0.00000000	0.00000000	0.00000000	0.00000000
0.02457600	1.00103807	1.15617716	0.93885261	1.03011823	0.00000000	0.00000000	0.00000000	0.00000000
0.02621440	1.00126684	0.81305361	1.10848331	0.96292198	0.00000000	0.00000000	0.00000000	0.00000000
0.02949120	1.00020945	0.94384968	0.94577879	1.01157582	0.00000000	0.00000000	0.00000000	0.00000000
0.03276800	0.99867910	0.94755107	1.00100672	0.93536973	0.00000000	0.00000000	0.00000000	0.00000000
0.03604480	0.99942052	0.91287208	0.94464236	0.98565841	0.00000000	0.00000000	0.00000000	0.00000000
0.03932160	0.99919397	0.98086339	0.94810259	0.99852073	0.00000000	0.00000000	0.00000000	0.00000000
0.04259840	0.99949342	0.93644696	1.08997190	1.02847636	0.00000000	0.00000000	0.00000000	0.00000000
0.04587520	0.99901360	1.01637959	0.99755502	1.02501869	0.00000000	0.00000000	0.00000000	0.00000000
0.04915200	0.99943370	1.05053186	1.01577580	1.02501869	0.00000000	0.00000000	0.00000000	0.00000000
0.05242880	0.99949449	1.06252778	1.01730716	1.02253675	0.00000000	0.00000000	0.00000000	0.00000000
0.05898240	1.00069308	0.95446742	0.97751451	0.96956682	0.00000000	0.00000000	0.00000000	0.00000000
0.06553600	1.00125527	0.98427886	0.99345201	0.96350366	0.00000000	0.00000000	0.00000000	0.00000000
0.07208960	1.00105321	0.96362734	1.06577158	1.01403701	0.00000000	0.00000000	0.00000000	0.00000000
0.07864320	0.99986798	0.95813137	1.00042367	0.96956682	0.00000000	0.00000000	0.00000000	0.00000000
0.08519680	0.99860168	1.04625201	0.93475294	0.97936213	0.00000000	0.00000000	0.00000000	0.00000000
0.09175040	0.99914789	1.00797451	0.98579526	1.03088152	0.00000000	0.00000000	0.00000000	0.00000000
0.09830400	1.00116730	1.05172026	1.02863312	1.07392120	0.00000000	0.00000000	0.00000000	0.00000000
0.10485760	1.00017345	0.98543590	0.99959445	0.99309188	0.00000000	0.00000000	0.00000000	0.00000000
0.11796480	0.99965817	0.99223387	0.99911791	1.01618552	0.00000000	0.00000000	0.00000000	0.00000000
0.13107200	1.00200689	1.00358915	0.97229218	0.99832094	0.00000000	0.00000000	0.00000000	0.00000000
0.14417920	0.99904817	0.94422108	0.99805212	0.97515351	0.00000000	0.00000000	0.00000000	0.00000000
0.15728641	0.99971223	0.98913217	1.01579380	0.99712116	0.00000000	0.00000000	0.00000000	0.00000000
0.17039360	0.99858636	1.02032709	0.98107415	1.02577496	0.00000000	0.00000000	0.00000000	0.00000000
0.18350080	1.00156236	0.99591160	1.02067566	0.98729068	0.00000000	0.00000000	0.00000000	0.00000000
0.19660801	1.00052881	0.99705750	0.99826860	1.02783883	0.00000000	0.00000000	0.00000000	0.00000000
0.20971520	0.99881631	0.98236096	0.98868626	1.03007519	0.00000000	0.00000000	0.00000000	0.00000000
0.23592959	1.00013661	1.01289892	1.02676702	0.95227832	0.00000000	0.00000000	0.00000000	0.00000000
0.26214400	1.00051844	1.01088881	1.01665640	1.00498497	0.00000000	0.00000000	0.00000000	0.00000000
0.28835839	0.99989510	1.04198956	0.99235886	1.02176261	0.00000000	0.00000000	0.00000000	0.00000000
0.31457281	0.99968672	0.98419595	0.97035158	0.99682617	0.00000000	0.00000000	0.00000000	0.00000000
0.34078720	0.99977756	0.98660994	0.98361874	1.00509453	0.00000000	0.00000000	0.00000000	0.00000000
0.36700159	1.00021219	0.99161017	1.00539982	1.00423884	0.00000000	0.00000000	0.00000000	0.00000000
0.39321601	0.99927723	1.00149250	0.99990594	1.00480616	0.00000000	0.00000000	0.00000000	0.00000000
0.41943040	0.99976522	0.96921259	1.03200865	0.99413049	0.00000000	0.00000000	0.00000000	0.00000000
0.47185919	0.99975562	1.00207376	0.99212480	0.98783523	0.00000000	0.00000000	0.00000000	0.00000000
0.52428800	0.99969077	0.99714810	0.99724633	0.98668933	0.00000000	0.00000000	0.00000000	0.00000000
0.57671678	0.99957258	1.00312829	0.99150968	1.01880789	0.00000000	0.00000000	0.00000000	0.00000000
0.62914562	0.99985725	0.98193246	0.98350048	1.00868869	0.00000000	0.00000000	0.00000000	0.00000000
0.68157440	0.99983740	0.99800831	0.99458766	0.98336446	0.00000000	0.00000000	0.00000000	0.00000000
0.73400319	1.00036716	1.00834990	0.97135854	1.02547550	0.00000000	0.00000000	0.00000000	0.00000000
0.78643203	1.00018501	0.97967046	0.99729389	0.97664392	0.00000000	0.00000000	0.00000000	0.00000000
0.83886081	1.00034928	0.99255586	0.96497178	1.00024211	0.00000000	0.00000000	0.00000000	0.00000000
0.94371837	1.00041115	0.99741256	1.00107205	1.01442552	0.00000000	0.00000000	0.00000000	0.00000000
1.04857600	1.00021231	0.98758274	0.98318011	0.99684006	0.00000000	0.00000000	0.00000000	0.00000000
1.15343356	0.99973947	1.00682640	1.01108623	1.01369059	0.00000000	0.00000000	0.00000000	0.00000000
1.25829124	0.99977380	0.99248123	0.98907560	0.98759574	0.00000000	0.00000000	0.00000000	0.00000000
1.36314881	0.99935615	1.00090241	1.00341535	1.00137675	0.00000000	0.00000000	0.00000000	0.00000000
1.46800637	0.99958271	0.99988902	0.99885714	1.00025904	0.00000000	0.00000000	0.00000000	0.00000000
1.57286406	0.99981356	1.01112878	1.00940812	0.99594158	0.00000000	0.00000000	0.00000000	0.00000000
1.67772162	0.99992228	0.98989898	0.99075103	1.00717366	0.00000000	0.00000000	0.00000000	0.00000000
1.88743675	0.00000000	0.00000000	0.00000000	0.00000000	0.00000000	0.00000000	0.00000000	0.00000000
2.09715199	0.00000000	0.00000000	0.00000000	0.00000000	0.00000000	0.00000000	0.00000000	0.00000000
2.30686712	0.00000000	0.00000000	0.00000000	0.00000000	0.00000000	0.00000000	0.00000000	0.00000000
2.51658249	0.00000000	0.00000000	0.00000000	0.00000000	0.00000000	0.00000000	0.00000000	0.00000000
2.72629762	0.00000000	0.00000000	0.00000000	0.00000000	0.00000000	0.00000000	0.00000000	0.00000000
2.93601274	0.00000000	0.00000000	0.00000000	0.00000000	0.00000000	0.00000000	0.00000000	0.00000000
3.14572811	0.00000000	0.00000000	0.00000000	0.00000000	0.00000000	0.00000000	0.00000000	0.00000000
3.35544324	0.00000000	0.00000000	0.00000000	0.00000000	0.00000000	0.00000000	0.00000000	0.00000000
3.77487350	0.00000000	0.00000000	0.00000000	0.00000000	0.00000000	0.00000000	0.00000000	0.00000000
4.19430399	0.00000000	0.00000000	0.00000000	0.00000000	0.00000000	0.00000000	0.00000000	0.00000000
4.61373425	0.00000000	0.00000000	0.00000000	0.00000000	0.00000000	0.00000000	0.00000000	0.00000000
5.03316498	0.00000000	0.00000000	0.00000000	0.00000000	0.00000000	0.00000000	0.00000000	0.00000000
5.45259523	0.00000000	0.00000000	0.00000000	0.00000000	0.00000000	0.00000000	0.00000000	0.00000000
5.87202549	0.00000000	0.00000000	0.00000000	0.00000000	0.00000000	0.00000000	0.00000000	0.00000000
6.29145622	0.00000000	0.00000000	0.00000000	0.00000000	0.00000000	0.00000000	0.00000000	0.00000000
6.71088648	0.00000000	0.00000000	0.00000000	0.00000000	0.00000000	0.00000000	0.00000000	0.00000000
7.54974699	0.00000000	0.00000000	0.00000000	0.00000000	0.00000000	0.00000000	0.00000000	0.00000000
8.38860798	0.00000000	0.00000000	0.00000000	0.00000000	0.00000000	0.00000000	0.00000000	0.00000000
9.22746849	0.00000000	0.00000000	0.00000000	0.00000000	0.00000000	0.00000000	0.00000000	0.00000000
10.06632996	0.00000000	0.00000000	0.00000000	0.00000000	0.00000000	0.00000000	0.00000000	0.00000000
10.90519047	0.00000000	0.00000000	0.00000000	0.00000000	0.00000000	0.00000000	0.00000000	0.00000000
11.74405098	0.00000000	0.00000000	0.00000000	0.00000000	0.00000000	0.00000000	0.00000000	0.00000000
12.58291245	0.00000000	0.00000000	0.00000000	0.00000000	0.00000000	0.00000000	0.00000000	0.00000000
13.42177296	0.00000000	0.00000000	0.00000000	0.00000000	0.00000000	0.00000000	0.00000000	0.00000000
15.09949398	0.00000000	0.00000000	0.00000000	0.00000000	0.00000000	0.00000000	0.00000000	0.00000000
16.77721596	0.00000000	0.00000000	0.00000000	0.00000000	0.00000000	0.00000000	0.00000000	0.00000000
18.45493698	0.00000000	0.00000000	0.00000000	0.00000000	0.00000000	0.00000000	0.00000000	0.00000000
20.13265991	0.00000000	0.00000000	0.00000000	0.00000000	0.00000000	0.00000000	0.00000000	0.00000000
21.81038094	0.00000000	0.00000000	0.00000000	0.00000000	0.00000000	0.00000000	0.00000000	0.00000000
23.48810196	0.00000000	0.00000000	0.00000000	0.00000000	0.00000000	0.00000000	0.00000000	0.00000000
25.16582489	0.00000000	0.00000000	0.00000000	0.00000000	0.00000000	0.00000000	0.00000000	0.00000000
26.84354591	0.00000000	0.00000000	0.00000000	0.00000000	0.00000000	0.00000000	0.00000000	0.00000000
30.19898796	0.00000000	0.00000000	0.00000000	0.00000000	0.00000000	0.00000000	0.00000000	0.00000000
33.55443192	0.00000000	0.00000000	0.00000000	0.00000000	0.00000000	0.00000000	0.00000000	0.00000000
36.90987396	0.00000000	0.00000000	0.00000000	0.00000000	0.00000000	0.00000000	0.00000000	0.00000000
40.26531982	0.00000000	0.00000000	0.00000000	0.00000000	0.00000000	0.00000000	0.00000000	0.00000000
43.62076187	0.00000000	0.00000000	0.00000000	0.00000000	0.00000000	0.00000000	0.00000000	0.00000000
46.97620392	0.00000000	0.00000000	0.00000000	0.00000000	0.00000000	0.00000000	0.00000000	0.00000000
50.33164978	0.00000000	0.00000000	0.00000000	0.00000000	0.00000000	0.00000000	0.00000000	0.00000000
53.68709183	0.00000000	0.00000000	0.00000000	0.00000000	0.00000000	0.00000000	0.00000000	0.00000000
60.39797592	0.00000000	0.00000000	0.00000000	0.00000000	0.00000000	0.00000000	0.00000000	0.00000000
67.10886383	0.00000000	0.00000000	0.00000000	0.00000000	0.00000000	0.00000000	0.00000000	0.00000000
73.81974792	0.00000000	0.00000000	0.00000000	0.00000000	0.00000000	0.00000000	0.00000000	0.00000000
80.53063965	0.00000000	0.00000000	0.00000000	0.00000000	0.00000000	0.00000000	0.00000000	0.00000000
87.24152374	0.00000000	0.00000000	0.00000000	0.00000000	0.00000000	0.00000000	0.00000000	0.00000000
93.95240784	0.00000000	0.00000000	0.00000000	0.00000000	0.00000000	0.00000000	0.00000000	0.00000000
100.66329956	0.00000000	0.00000000	0.00000000	0.00000000	0.00000000	0.00000000	0.00000000	0.00000000
107.37418365	0.00000000	0.00000000	0.00000000	0.00000000	0.00000000	0.00000000	0.00000000	0.00000000
120.79595184	0.00000000	0.00000000	0.00000000	0.00000000	0.00000000	0.00000000	0.00000000	0.00000000
134.21772766	0.00000000	0.00000000	0.00000000	0.00000000	0.00000000	0.00000000	0.00000000	0.00000000
147.63949585	0.00000000	0.00000000	0.00000000	0.00000000	0.00000000	0.00000000	0.00000000	0.00000000
161.06127930	0.00000000	0.00000000	0.00000000	0.00000000	0.00000000	0.00000000	0.00000000	0.00000000
174.48304749	0.00000000	0.00000000	0.00000000	0.00000000	0.00000000	0.00000000	0.00000000	0.00000000
187.90481567	0.00000000	0.00000000	0.00000000	0.00000000	0.00000000	0.00000000	0.00000000	0.00000000
201.32659912	0.00000000	0.00000000	0.00000000	0.00000000	0.00000000	0.00000000	0.00000000	0.00000000
214.74836731	0.00000000	0.00000000	0.00000000	0.00000000	0.00000000	0.00000000	0.00000000	0.00000000
241.59190369	0.00000000	0.00000000	0.00000000	0.00000000	0.00000000	0.00000000	0.00000000	0.00000000
268.43545532	0.00000000	0.00000000	0.00000000	0.00000000	0.00000000	0.00000000	0.00000000	0.00000000
295.27899170	0.00000000	0.00000000	0.00000000	0.00000000	0.00000000	0.00000000	0.00000000	0.00000000
322.12255859	0.00000000	0.00000000	0.00000000	0.00000000	0.00000000	0.00000000	0.00000000	0.00000000
348.96609497	0.00000000	0.00000000	0.00000000	0.00000000	0.00000000	0.00000000	0.00000000	0.00000000
375.80963135	0.00000000	0.00000000	0.00000000	0.00000000	0.00000000	0.00000000	0.00000000	0.00000000
402.65319824	0.00000000	0.00000000	0.00000000	0.00000000	0.00000000	0.00000000	0.00000000	0.00000000
429.49673462	0.00000000	0.00000000	0.00000000	0.00000000	0.00000000	0.00000000	0.00000000	0.00000000
483.18380737	0.00000000	0.00000000	0.00000000	0.00000000	0.00000000	0.00000000	0.00000000	0.00000000
536.87091064	0.00000000	0.00000000	0.00000000	0.00000000	0.00000000	0.00000000	0.00000000	0.00000000
590.55798340	0.00000000	0.00000000	0.00000000	0.00000000	0.00000000	0.00000000	0.00000000	0.00000000
644.24511719	0.00000000	0.00000000	0.00000000	0.00000000	0.00000000	0.00000000	0.00000000	0.00000000
697.93218994	0.00000000	0.00000000	0.00000000	0.00000000	0.00000000	0.00000000	0.00000000	0.00000000
751.61926270	0.00000000	0.00000000	0.00000000	0.00000000	0.00000000	0.00000000	0.00000000	0.00000000
805.30639648	0.00000000	0.00000000	0.00000000	0.00000000	0.00000000	0.00000000	0.00000000	0.00000000
858.99346924	0.00000000	0.00000000	0.00000000	0.00000000	0.00000000	0.00000000	0.00000000	0.00000000
966.36761475	0.00000000	0.00000000	0.00000000	0.00000000	0.00000000	0.00000000	0.00000000	0.00000000
1073.74182129	0.00000000	0.00000000	0.00000000	0.00000000	0.00000000	0.00000000	0.00000000	0.00000000
1181.11596680	0.00000000	0.00000000	0.00000000	0.00000000	0.00000000	0.00000000	0.00000000	0.00000000
1288.49023437	0.00000000	0.00000000	0.00000000	0.00000000	0.00000000	0.00000000	0.00000000	0.00000000
1395.86437988	0.00000000	0.00000000	0.00000000	0.00000000	0.00000000	0.00000000	0.00000000	0.00000000
1503.23852539	0.00000000	0.00000000	0.00000000	0.00000000	0.00000000	0.00000000	0.00000000	0.00000000
1610.61279297	0.00000000	0.00000000	0.00000000	0.00000000	0.00000000	0.00000000	0.00000000	0.00000000
1717.98693848	0.00000000	0.00000000	0.00000000	0.00000000	0.00000000	0.00000000	0.00000000	0.00000000
1932.73522949	0.00000000	0.00000000	0.00000000	0.00000000	0.00000000	0.00000000	0.00000000	0.00000000
2147.48364258	0.00000000	0.00000000	0.00000000	0.00000000	0.00000000	0.00000000	0.00000000	0.00000000
2362.23193359	0.00000000	0.00000000	0.00000000	0.00000000	0.00000000	0.00000000	0.00000000	0.00000000
2576.98046875	0.00000000	0.00000000	0.00000000	0.00000000	0.00000000	0.00000000	0.00000000	0.00000000
2791.72875977	0.00000000	0.00000000	0.00000000	0.00000000	0.00000000	0.00000000	0.00000000	0.00000000
3006.47705078	0.00000000	0.00000000	0.00000000	0.00000000	0.00000000	0.00000000	0.00000000	0.00000000
3221.22558594	0.00000000	0.00000000	0.00000000	0.00000000	0.00000000	0.00000000	0.00000000	0.00000000
3435.97387695	0.00000000	0.00000000	0.00000000	0.00000000	0.00000000	0.00000000	0.00000000	0.00000000
0	0	0	0	0	0	0	0	0
