%10/31/2018 4:00:53 PM
%Duration	ID1		ID2		ID3		ID4		ID5		ID6		ID7		ID8
1000.000000	157.022476	0.391006	0.429153	0.629425	0.000000	0.000000	0.000000	0.000000
%Tau		Tau1		Tau2		Tau3		Tau4		Tau5		Tau6		Tau7		Tau8
%		0.000070	0.000001	0.000001	0.000001	0.000000	0.000000	0.000000	0.000000
%Delaytime	D1		D2		D3		D4		D5		D6		D7		D8
0.00000020	1.75006843	201.32659912	45.18663788	0.00000000	0.00000000	0.00000000	0.00000000	0.00000000
0.00000040	1.54987288	0.00000000	0.00000000	0.00000000	0.00000000	0.00000000	0.00000000	0.00000000
0.00000060	1.49073410	0.00000000	0.00000000	0.00000000	0.00000000	0.00000000	0.00000000	0.00000000
0.00000080	1.48153472	0.00000000	0.00000000	0.00000000	0.00000000	0.00000000	0.00000000	0.00000000
0.00000100	1.48197281	0.00000000	0.00000000	0.00000000	0.00000000	0.00000000	0.00000000	0.00000000
0.00000120	1.47233546	0.00000000	0.00000000	0.00000000	0.00000000	0.00000000	0.00000000	0.00000000
0.00000140	1.47014511	0.00000000	0.00000000	0.00000000	0.00000000	0.00000000	0.00000000	0.00000000
0.00000160	1.47364962	0.00000000	0.00000000	0.00000000	0.00000000	0.00000000	0.00000000	0.00000000
0.00000180	1.49511480	0.00000000	0.00000000	0.00000000	0.00000000	0.00000000	0.00000000	0.00000000
0.00000200	1.49818122	0.00000000	0.00000000	0.00000000	0.00000000	0.00000000	0.00000000	0.00000000
0.00000220	1.43071926	0.00000000	0.00000000	0.00000000	0.00000000	0.00000000	0.00000000	0.00000000
0.00000240	1.43159544	0.00000000	0.00000000	0.00000000	0.00000000	0.00000000	0.00000000	0.00000000
0.00000260	1.47671604	0.00000000	0.00000000	0.00000000	0.00000000	0.00000000	0.00000000	0.00000000
0.00000280	1.42458642	0.00000000	0.00000000	0.00000000	0.00000000	0.00000000	0.00000000	0.00000000
0.00000300	1.47145927	0.00000000	0.00000000	0.00000000	0.00000000	0.00000000	0.00000000	0.00000000
0.00000320	1.48591542	0.00000000	0.00000000	0.00000000	0.00000000	0.00000000	0.00000000	0.00000000
0.00000360	1.46050763	0.00000000	0.00000000	0.00000000	0.00000000	0.00000000	0.00000000	0.00000000
0.00000400	1.46466923	0.00000000	0.00000000	0.00000000	0.00000000	0.00000000	0.00000000	0.00000000
0.00000440	1.43509996	0.00000000	0.00000000	0.00000000	0.00000000	0.00000000	0.00000000	0.00000000
0.00000480	1.44846094	0.00000000	0.00000000	0.00000000	0.00000000	0.00000000	0.00000000	0.00000000
0.00000520	1.43904245	0.00000000	0.00000000	0.00000000	0.00000000	0.00000000	0.00000000	0.00000000
0.00000560	1.43707120	0.00000000	0.00000000	0.00000000	0.00000000	0.00000000	0.00000000	0.00000000
0.00000600	1.46685958	0.00000000	0.00000000	0.00000000	0.00000000	0.00000000	0.00000000	0.00000000
0.00000640	1.42787182	0.00000000	0.00000000	0.00000000	0.00000000	0.00000000	0.00000000	0.00000000
0.00000720	1.44298506	0.00000000	0.00000000	0.00000000	0.00000000	0.00000000	0.00000000	0.00000000
0.00000800	1.41505849	0.00000000	0.00000000	0.00000000	0.00000000	0.00000000	0.00000000	0.00000000
0.00000880	1.41626310	0.00000000	0.00000000	10.45671368	0.00000000	0.00000000	0.00000000	0.00000000
0.00000960	1.42119133	0.00000000	0.00000000	0.00000000	0.00000000	0.00000000	0.00000000	0.00000000
0.00001040	1.40323067	0.00000000	0.00000000	0.00000000	0.00000000	0.00000000	0.00000000	0.00000000
0.00001120	1.38800800	0.00000000	0.00000000	10.45671368	0.00000000	0.00000000	0.00000000	0.00000000
0.00001200	1.38800800	0.00000000	0.00000000	0.00000000	0.00000000	0.00000000	0.00000000	0.00000000
0.00001280	1.41286814	0.00000000	0.00000000	0.00000000	0.00000000	0.00000000	0.00000000	0.00000000
0.00001440	1.40005469	8.38860798	0.00000000	5.22835684	0.00000000	0.00000000	0.00000000	0.00000000
0.00001600	1.35860288	0.00000000	0.00000000	0.00000000	0.00000000	0.00000000	0.00000000	0.00000000
0.00001760	1.37289476	8.38860798	0.00000000	0.00000000	0.00000000	0.00000000	0.00000000	0.00000000
0.00001920	1.36982822	0.00000000	5.64832973	0.00000000	0.00000000	0.00000000	0.00000000	0.00000000
0.00002080	1.36161458	0.00000000	0.00000000	0.00000000	0.00000000	0.00000000	0.00000000	0.00000000
0.00002240	1.34568000	0.00000000	0.00000000	0.00000000	0.00000000	0.00000000	0.00000000	0.00000000
0.00002400	1.33494735	0.00000000	0.00000000	5.22835684	0.00000000	0.00000000	0.00000000	0.00000000
0.00002560	1.34036839	0.00000000	0.00000000	0.00000000	0.00000000	0.00000000	0.00000000	0.00000000
0.00002880	1.32032192	0.00000000	2.82416487	0.00000000	0.00000000	0.00000000	0.00000000	0.00000000
0.00003200	1.29998386	0.00000000	2.82416487	0.00000000	0.00000000	0.00000000	0.00000000	0.00000000
0.00003520	1.29544914	0.00000000	0.00000000	0.00000000	0.00000000	0.00000000	0.00000000	0.00000000
0.00003840	1.28470290	4.08465385	5.64832973	0.00000000	0.00000000	0.00000000	0.00000000	0.00000000
0.00004160	1.28083646	0.00000000	0.00000000	5.18460512	0.00000000	0.00000000	0.00000000	0.00000000
0.00004480	1.25577104	0.00000000	0.00000000	0.00000000	0.00000000	0.00000000	0.00000000	0.00000000
0.00004800	1.24505234	0.00000000	0.00000000	0.00000000	0.00000000	0.00000000	0.00000000	0.00000000
0.00005120	1.23713684	0.00000000	0.00000000	2.59230256	0.00000000	0.00000000	0.00000000	0.00000000
0.00005760	1.22142148	0.00000000	0.00000000	0.00000000	0.00000000	0.00000000	0.00000000	0.00000000
0.00006400	1.20541739	0.00000000	1.41208243	1.29073370	0.00000000	0.00000000	0.00000000	0.00000000
0.00007040	1.18975389	0.00000000	0.00000000	2.58146739	0.00000000	0.00000000	0.00000000	0.00000000
0.00007680	1.18727517	2.03162003	0.00000000	1.29073370	0.00000000	0.00000000	0.00000000	0.00000000
0.00008320	1.16486955	0.00000000	0.00000000	1.29073370	0.00000000	0.00000000	0.00000000	0.00000000
0.00008960	1.14995778	0.00000000	0.00000000	0.00000000	0.00000000	0.00000000	0.00000000	0.00000000
0.00009600	1.14804208	0.00000000	1.41208243	1.29073370	0.00000000	0.00000000	0.00000000	0.00000000
0.00010240	1.14385390	0.00000000	0.00000000	0.00000000	0.00000000	0.00000000	0.00000000	0.00000000
0.00011520	1.11881483	2.03162003	3.46921015	1.93610060	0.00000000	0.00000000	0.00000000	0.00000000
0.00012800	1.10503566	0.00000000	0.69535035	0.00000000	0.00000000	0.00000000	0.00000000	0.00000000
0.00014080	1.09639585	1.01581001	0.69535035	1.29073370	0.00000000	0.00000000	0.00000000	0.00000000
0.00015360	1.08087075	2.03162003	1.39070070	1.93610060	0.00000000	0.00000000	0.00000000	0.00000000
0.00016640	1.06979311	1.01581001	0.00000000	0.64536685	0.00000000	0.00000000	0.00000000	0.00000000
0.00017920	1.06740212	0.00000000	0.69535035	1.29073370	0.00000000	0.00000000	0.00000000	0.00000000
0.00019200	1.06290054	1.01581001	2.08605123	1.29073370	0.00000000	0.00000000	0.00000000	0.00000000
0.00020480	1.05276108	2.03162003	0.69535035	0.64536685	0.00000000	0.00000000	0.00000000	0.00000000
0.00023040	1.04422438	1.02655923	0.69990176	0.32403925	0.00000000	0.00000000	0.00000000	0.00000000
0.00025600	1.03630066	3.07967782	0.69990176	0.97211772	0.00000000	0.00000000	0.00000000	0.00000000
0.00028160	1.02798927	1.53983891	1.04985261	1.29615700	0.00000000	0.00000000	0.00000000	0.00000000
0.00030720	1.02179337	0.51327962	1.39980352	0.32403925	0.00000000	0.00000000	0.00000000	0.00000000
0.00033280	1.01878273	0.00000000	2.44965601	1.29615700	0.00000000	0.00000000	0.00000000	0.00000000
0.00035840	1.01414692	2.05311847	1.74975431	1.62019622	0.00000000	0.00000000	0.00000000	0.00000000
0.00038400	1.01049507	0.51327962	1.04985261	0.97415572	0.00000000	0.00000000	0.00000000	0.00000000
0.00040960	1.00624013	0.51327962	0.00000000	0.00000000	0.00000000	0.00000000	0.00000000	0.00000000
0.00046080	1.00681078	1.31773853	1.20897281	0.95999998	0.00000000	0.00000000	0.00000000	0.00000000
0.00051200	1.00748277	0.52709544	1.20897281	0.95999998	0.00000000	0.00000000	0.00000000	0.00000000
0.00056320	1.00544119	0.26354772	1.03626239	0.63999999	0.00000000	0.00000000	0.00000000	0.00000000
0.00061440	1.00315118	1.05419087	1.72710407	0.95999998	0.00000000	0.00000000	0.00000000	0.00000000
0.00066560	0.99997336	0.52709544	1.20897281	0.47999999	0.00000000	0.00000000	0.00000000	0.00000000
0.00071680	1.00221217	0.79064316	1.20897281	0.95999998	0.00000000	0.00000000	0.00000000	0.00000000
0.00076800	1.00238192	1.31773853	0.51813120	0.80000001	0.00000000	0.00000000	0.00000000	0.00000000
0.00081920	1.00101936	0.79064316	0.86355203	0.80000001	0.00000000	0.00000000	0.00000000	0.00000000
0.00092160	0.99541259	0.78643203	1.36391258	0.71552175	0.00000000	0.00000000	0.00000000	0.00000000
0.00102400	0.99985754	1.31071997	1.10817897	1.43104351	0.00000000	0.00000000	0.00000000	0.00000000
0.00112640	0.99723846	0.52289361	1.27866805	0.63601935	0.00000000	0.00000000	0.00000000	0.00000000
0.00122880	0.99260420	0.65361702	1.53440166	0.63601935	0.00000000	0.00000000	0.00000000	0.00000000
0.00133120	0.99618137	0.65361702	0.68195629	0.63469982	0.00000000	0.00000000	0.00000000	0.00000000
0.00143360	1.00028801	1.56868088	0.76720083	1.03138721	0.00000000	0.00000000	0.00000000	0.00000000
0.00153600	1.00392354	1.17651069	0.76720083	1.11072469	0.00000000	0.00000000	0.00000000	0.00000000
0.00163840	1.00441682	1.17651069	0.59671175	1.19006217	0.00000000	0.00000000	0.00000000	0.00000000
0.00184320	0.99995887	1.17338157	0.98454219	0.79833680	0.00000000	0.00000000	0.00000000	0.00000000
0.00204800	1.00343621	0.78225440	0.68489891	0.99792099	0.00000000	0.00000000	0.00000000	0.00000000
0.00225280	1.00661612	0.71706653	1.07015455	1.23742199	0.00000000	0.00000000	0.00000000	0.00000000
0.00245760	0.99892873	0.97781801	1.02734840	1.03783786	0.00000000	0.00000000	0.00000000	0.00000000
0.00266240	1.00407565	0.58669078	1.02734840	0.91808730	0.00000000	0.00000000	0.00000000	0.00000000
0.00286720	1.00380373	1.11411989	0.89892983	0.99792099	0.00000000	0.00000000	0.00000000	0.00000000
0.00307200	1.00505400	0.91751051	1.24137926	0.95800418	0.00000000	0.00000000	0.00000000	0.00000000
0.00327680	1.00455630	0.98304701	1.15576696	1.11767149	0.00000000	0.00000000	0.00000000	0.00000000
0.00368640	1.00168157	1.07846808	0.67508507	1.06443048	0.00000000	0.00000000	0.00000000	0.00000000
0.00409600	0.99927855	0.81702125	1.11304343	1.04434693	0.00000000	0.00000000	0.00000000	0.00000000
0.00450560	0.99875289	0.88238299	0.89479965	0.84175366	0.00000000	0.00000000	0.00000000	0.00000000
0.00491520	1.00348377	1.17651069	1.17851663	0.68141961	0.00000000	0.00000000	0.00000000	0.00000000
0.00532480	1.00312197	0.84744829	0.82932651	0.82171190	0.00000000	0.00000000	0.00000000	0.00000000
0.00573440	0.99535483	1.07560742	0.69838023	1.08225465	0.00000000	0.00000000	0.00000000	0.00000000
0.00614400	1.00039625	1.14079571	1.22216535	1.12233818	0.00000000	0.00000000	0.00000000	0.00000000
0.00655360	1.00358307	0.74966580	0.91662407	0.80167013	0.00000000	0.00000000	0.00000000	0.00000000
0.00737280	1.00216711	1.04023933	0.85460740	0.91571528	0.00000000	0.00000000	0.00000000	0.00000000
0.00819200	1.00290334	1.13776171	1.06014597	0.99621773	0.00000000	0.00000000	0.00000000	0.00000000
0.00901120	0.99951023	1.05649304	1.03851032	1.04653180	0.00000000	0.00000000	0.00000000	0.00000000
0.00983040	1.00070548	0.95897061	0.94319147	0.99830186	0.00000000	0.00000000	0.00000000	0.00000000
0.01064960	0.99533641	0.95897061	1.05160427	1.19747376	0.00000000	0.00000000	0.00000000	0.00000000
0.01146880	1.00148332	0.91020936	0.99956614	0.88552684	0.00000000	0.00000000	0.00000000	0.00000000
0.01228800	1.00121629	0.94523078	0.99956614	1.21759939	0.00000000	0.00000000	0.00000000	0.00000000
0.01310720	1.00322342	0.97782493	0.88005280	0.92577809	0.00000000	0.00000000	0.00000000	0.00000000
0.01474560	1.00080919	1.05090308	1.10149562	0.97007972	0.00000000	0.00000000	0.00000000	0.00000000
0.01638400	0.99974221	1.02665150	0.99189407	1.01555216	0.00000000	0.00000000	0.00000000	0.00000000
0.01802240	0.99834126	0.99431604	1.02477455	0.98822230	0.00000000	0.00000000	0.00000000	0.00000000
0.01966080	0.99864817	0.96709746	1.06630206	1.11427104	0.00000000	0.00000000	0.00000000	0.00000000
0.02129920	1.00017774	1.19464982	0.94600135	1.05880964	0.00000000	0.00000000	0.00000000	0.00000000
0.02293760	0.99812615	1.11338115	1.04121470	0.97309649	0.00000000	0.00000000	0.00000000	0.00000000
0.02457600	0.99861342	0.93708223	1.11487412	0.96301258	0.00000000	0.00000000	0.00000000	0.00000000
0.02621440	1.00025094	0.90448809	1.09290624	0.93276083	0.00000000	0.00000000	0.00000000	0.00000000
0.02949120	0.99940842	1.05650795	0.99792576	1.11155939	0.00000000	0.00000000	0.00000000	0.00000000
0.03276800	0.99915230	0.95182979	1.04487193	1.02819252	0.00000000	0.00000000	0.00000000	0.00000000
0.03604480	0.99956769	0.97894400	0.98913521	1.01050854	0.00000000	0.00000000	0.00000000	0.00000000
0.03932160	0.99954015	1.09889364	0.95077538	1.04840267	0.00000000	0.00000000	0.00000000	0.00000000
0.04259840	0.99881011	0.92485940	0.97481441	0.99579829	0.00000000	0.00000000	0.00000000	0.00000000
0.04587520	1.00203395	0.96408510	1.06942511	0.96554619	0.00000000	0.00000000	0.00000000	0.00000000
0.04915200	0.99770105	0.96408510	1.07296467	1.02643299	0.00000000	0.00000000	0.00000000	0.00000000
0.05242880	0.99942303	0.96102673	1.01320457	1.04621851	0.00000000	0.00000000	0.00000000	0.00000000
0.05898240	0.99942797	0.94208670	1.05994689	1.01337004	0.00000000	0.00000000	0.00000000	0.00000000
0.06553600	0.99983674	0.92406416	0.97871679	0.97078091	0.00000000	0.00000000	0.00000000	0.00000000
0.07208960	1.00081682	1.00825667	0.97327191	1.00501740	0.00000000	0.00000000	0.00000000	0.00000000
0.07864320	1.00115168	0.93271184	0.98764682	0.98592621	0.00000000	0.00000000	0.00000000	0.00000000
0.08519680	1.00020146	0.95124251	0.99466246	0.97531378	0.00000000	0.00000000	0.00000000	0.00000000
0.09175040	0.99991685	1.03754568	1.09293222	0.99747556	0.00000000	0.00000000	0.00000000	0.00000000
0.09830400	0.99852008	1.13374627	1.00254261	1.02781200	0.00000000	0.00000000	0.00000000	0.00000000
0.10485760	0.99932879	0.93462956	1.02513134	0.98821801	0.00000000	0.00000000	0.00000000	0.00000000
0.11796480	0.99865627	0.98771656	0.98666501	0.99445939	0.00000000	0.00000000	0.00000000	0.00000000
0.13107200	1.00128305	1.00465989	1.01591957	0.98462230	0.00000000	0.00000000	0.00000000	0.00000000
0.14417920	1.00121558	1.03243387	1.00774240	0.97695243	0.00000000	0.00000000	0.00000000	0.00000000
0.15728641	1.00182474	1.01515257	1.02477980	0.97176725	0.00000000	0.00000000	0.00000000	0.00000000
0.17039360	0.99984539	0.99957734	0.97441685	1.01021934	0.00000000	0.00000000	0.00000000	0.00000000
0.18350080	0.99902308	1.01722324	1.01366246	0.98915714	0.00000000	0.00000000	0.00000000	0.00000000
0.19660801	0.99912763	1.04552794	0.98170805	1.02117264	0.00000000	0.00000000	0.00000000	0.00000000
0.20971520	0.99992096	1.00405037	1.00084877	1.00231111	0.00000000	0.00000000	0.00000000	0.00000000
0.23592959	1.00041497	0.98256856	0.94212455	0.99356377	0.00000000	0.00000000	0.00000000	0.00000000
0.26214400	0.99918169	1.00476861	0.97748816	0.99139535	0.00000000	0.00000000	0.00000000	0.00000000
0.28835839	1.00029850	1.03545213	0.99622357	0.98905867	0.00000000	0.00000000	0.00000000	0.00000000
0.31457281	1.00036907	1.04681230	0.99881208	0.98922682	0.00000000	0.00000000	0.00000000	0.00000000
0.34078720	0.99963534	0.96713096	0.97640073	0.98979050	0.00000000	0.00000000	0.00000000	0.00000000
0.36700159	1.00061262	0.98271757	0.99098396	1.01739764	0.00000000	0.00000000	0.00000000	0.00000000
0.39321601	1.00009692	1.03074992	1.00895619	1.01052845	0.00000000	0.00000000	0.00000000	0.00000000
0.41943040	0.99933434	0.98423308	1.00775194	1.03714168	0.00000000	0.00000000	0.00000000	0.00000000
0.47185919	1.00060403	1.00163770	1.01884282	1.01097190	0.00000000	0.00000000	0.00000000	0.00000000
0.52428800	0.99992537	1.02818179	1.01693797	1.03256643	0.00000000	0.00000000	0.00000000	0.00000000
0.57671678	0.99989510	0.96598971	1.02367377	0.97604394	0.00000000	0.00000000	0.00000000	0.00000000
0.62914562	1.00045562	0.98783410	0.99554032	1.00014317	0.00000000	0.00000000	0.00000000	0.00000000
0.68157440	0.99995816	1.04098260	0.99344492	1.00941122	0.00000000	0.00000000	0.00000000	0.00000000
0.73400319	0.99982971	0.95765960	1.00363636	1.00717592	0.00000000	0.00000000	0.00000000	0.00000000
0.78643203	0.99995089	0.99501425	0.98996657	0.99014801	0.00000000	0.00000000	0.00000000	0.00000000
0.83886081	1.00013185	0.99523592	1.00020564	0.97910148	0.00000000	0.00000000	0.00000000	0.00000000
0.94371837	0.99947107	1.00768280	1.00000000	1.01083660	0.00000000	0.00000000	0.00000000	0.00000000
1.04857600	1.00021684	0.98560518	1.00281107	1.01339579	0.00000000	0.00000000	0.00000000	0.00000000
1.15343356	1.00016916	1.01840496	0.99929488	1.02275693	0.00000000	0.00000000	0.00000000	0.00000000
1.25829124	0.99995345	0.98693544	0.99451423	0.97470278	0.00000000	0.00000000	0.00000000	0.00000000
1.36314881	0.99992847	1.00175667	0.99221909	0.98580086	0.00000000	0.00000000	0.00000000	0.00000000
1.46800637	0.99956423	1.01412070	0.99732381	0.99100000	0.00000000	0.00000000	0.00000000	0.00000000
1.57286406	1.00052857	0.99137932	1.00362325	1.01901197	0.00000000	0.00000000	0.00000000	0.00000000
1.67772162	0.99999219	0.99851853	1.00000000	1.00451326	0.00000000	0.00000000	0.00000000	0.00000000
1.88743675	0.00000000	0.00000000	0.00000000	0.00000000	0.00000000	0.00000000	0.00000000	0.00000000
2.09715199	0.00000000	0.00000000	0.00000000	0.00000000	0.00000000	0.00000000	0.00000000	0.00000000
2.30686712	0.00000000	0.00000000	0.00000000	0.00000000	0.00000000	0.00000000	0.00000000	0.00000000
2.51658249	0.00000000	0.00000000	0.00000000	0.00000000	0.00000000	0.00000000	0.00000000	0.00000000
2.72629762	0.00000000	0.00000000	0.00000000	0.00000000	0.00000000	0.00000000	0.00000000	0.00000000
2.93601274	0.00000000	0.00000000	0.00000000	0.00000000	0.00000000	0.00000000	0.00000000	0.00000000
3.14572811	0.00000000	0.00000000	0.00000000	0.00000000	0.00000000	0.00000000	0.00000000	0.00000000
3.35544324	0.00000000	0.00000000	0.00000000	0.00000000	0.00000000	0.00000000	0.00000000	0.00000000
3.77487350	0.00000000	0.00000000	0.00000000	0.00000000	0.00000000	0.00000000	0.00000000	0.00000000
4.19430399	0.00000000	0.00000000	0.00000000	0.00000000	0.00000000	0.00000000	0.00000000	0.00000000
4.61373425	0.00000000	0.00000000	0.00000000	0.00000000	0.00000000	0.00000000	0.00000000	0.00000000
5.03316498	0.00000000	0.00000000	0.00000000	0.00000000	0.00000000	0.00000000	0.00000000	0.00000000
5.45259523	0.00000000	0.00000000	0.00000000	0.00000000	0.00000000	0.00000000	0.00000000	0.00000000
5.87202549	0.00000000	0.00000000	0.00000000	0.00000000	0.00000000	0.00000000	0.00000000	0.00000000
6.29145622	0.00000000	0.00000000	0.00000000	0.00000000	0.00000000	0.00000000	0.00000000	0.00000000
6.71088648	0.00000000	0.00000000	0.00000000	0.00000000	0.00000000	0.00000000	0.00000000	0.00000000
7.54974699	0.00000000	0.00000000	0.00000000	0.00000000	0.00000000	0.00000000	0.00000000	0.00000000
8.38860798	0.00000000	0.00000000	0.00000000	0.00000000	0.00000000	0.00000000	0.00000000	0.00000000
9.22746849	0.00000000	0.00000000	0.00000000	0.00000000	0.00000000	0.00000000	0.00000000	0.00000000
10.06632996	0.00000000	0.00000000	0.00000000	0.00000000	0.00000000	0.00000000	0.00000000	0.00000000
10.90519047	0.00000000	0.00000000	0.00000000	0.00000000	0.00000000	0.00000000	0.00000000	0.00000000
11.74405098	0.00000000	0.00000000	0.00000000	0.00000000	0.00000000	0.00000000	0.00000000	0.00000000
12.58291245	0.00000000	0.00000000	0.00000000	0.00000000	0.00000000	0.00000000	0.00000000	0.00000000
13.42177296	0.00000000	0.00000000	0.00000000	0.00000000	0.00000000	0.00000000	0.00000000	0.00000000
15.09949398	0.00000000	0.00000000	0.00000000	0.00000000	0.00000000	0.00000000	0.00000000	0.00000000
16.77721596	0.00000000	0.00000000	0.00000000	0.00000000	0.00000000	0.00000000	0.00000000	0.00000000
18.45493698	0.00000000	0.00000000	0.00000000	0.00000000	0.00000000	0.00000000	0.00000000	0.00000000
20.13265991	0.00000000	0.00000000	0.00000000	0.00000000	0.00000000	0.00000000	0.00000000	0.00000000
21.81038094	0.00000000	0.00000000	0.00000000	0.00000000	0.00000000	0.00000000	0.00000000	0.00000000
23.48810196	0.00000000	0.00000000	0.00000000	0.00000000	0.00000000	0.00000000	0.00000000	0.00000000
25.16582489	0.00000000	0.00000000	0.00000000	0.00000000	0.00000000	0.00000000	0.00000000	0.00000000
26.84354591	0.00000000	0.00000000	0.00000000	0.00000000	0.00000000	0.00000000	0.00000000	0.00000000
30.19898796	0.00000000	0.00000000	0.00000000	0.00000000	0.00000000	0.00000000	0.00000000	0.00000000
33.55443192	0.00000000	0.00000000	0.00000000	0.00000000	0.00000000	0.00000000	0.00000000	0.00000000
36.90987396	0.00000000	0.00000000	0.00000000	0.00000000	0.00000000	0.00000000	0.00000000	0.00000000
40.26531982	0.00000000	0.00000000	0.00000000	0.00000000	0.00000000	0.00000000	0.00000000	0.00000000
43.62076187	0.00000000	0.00000000	0.00000000	0.00000000	0.00000000	0.00000000	0.00000000	0.00000000
46.97620392	0.00000000	0.00000000	0.00000000	0.00000000	0.00000000	0.00000000	0.00000000	0.00000000
50.33164978	0.00000000	0.00000000	0.00000000	0.00000000	0.00000000	0.00000000	0.00000000	0.00000000
53.68709183	0.00000000	0.00000000	0.00000000	0.00000000	0.00000000	0.00000000	0.00000000	0.00000000
60.39797592	0.00000000	0.00000000	0.00000000	0.00000000	0.00000000	0.00000000	0.00000000	0.00000000
67.10886383	0.00000000	0.00000000	0.00000000	0.00000000	0.00000000	0.00000000	0.00000000	0.00000000
73.81974792	0.00000000	0.00000000	0.00000000	0.00000000	0.00000000	0.00000000	0.00000000	0.00000000
80.53063965	0.00000000	0.00000000	0.00000000	0.00000000	0.00000000	0.00000000	0.00000000	0.00000000
87.24152374	0.00000000	0.00000000	0.00000000	0.00000000	0.00000000	0.00000000	0.00000000	0.00000000
93.95240784	0.00000000	0.00000000	0.00000000	0.00000000	0.00000000	0.00000000	0.00000000	0.00000000
100.66329956	0.00000000	0.00000000	0.00000000	0.00000000	0.00000000	0.00000000	0.00000000	0.00000000
107.37418365	0.00000000	0.00000000	0.00000000	0.00000000	0.00000000	0.00000000	0.00000000	0.00000000
120.79595184	0.00000000	0.00000000	0.00000000	0.00000000	0.00000000	0.00000000	0.00000000	0.00000000
134.21772766	0.00000000	0.00000000	0.00000000	0.00000000	0.00000000	0.00000000	0.00000000	0.00000000
147.63949585	0.00000000	0.00000000	0.00000000	0.00000000	0.00000000	0.00000000	0.00000000	0.00000000
161.06127930	0.00000000	0.00000000	0.00000000	0.00000000	0.00000000	0.00000000	0.00000000	0.00000000
174.48304749	0.00000000	0.00000000	0.00000000	0.00000000	0.00000000	0.00000000	0.00000000	0.00000000
187.90481567	0.00000000	0.00000000	0.00000000	0.00000000	0.00000000	0.00000000	0.00000000	0.00000000
201.32659912	0.00000000	0.00000000	0.00000000	0.00000000	0.00000000	0.00000000	0.00000000	0.00000000
214.74836731	0.00000000	0.00000000	0.00000000	0.00000000	0.00000000	0.00000000	0.00000000	0.00000000
241.59190369	0.00000000	0.00000000	0.00000000	0.00000000	0.00000000	0.00000000	0.00000000	0.00000000
268.43545532	0.00000000	0.00000000	0.00000000	0.00000000	0.00000000	0.00000000	0.00000000	0.00000000
295.27899170	0.00000000	0.00000000	0.00000000	0.00000000	0.00000000	0.00000000	0.00000000	0.00000000
322.12255859	0.00000000	0.00000000	0.00000000	0.00000000	0.00000000	0.00000000	0.00000000	0.00000000
348.96609497	0.00000000	0.00000000	0.00000000	0.00000000	0.00000000	0.00000000	0.00000000	0.00000000
375.80963135	0.00000000	0.00000000	0.00000000	0.00000000	0.00000000	0.00000000	0.00000000	0.00000000
402.65319824	0.00000000	0.00000000	0.00000000	0.00000000	0.00000000	0.00000000	0.00000000	0.00000000
429.49673462	0.00000000	0.00000000	0.00000000	0.00000000	0.00000000	0.00000000	0.00000000	0.00000000
483.18380737	0.00000000	0.00000000	0.00000000	0.00000000	0.00000000	0.00000000	0.00000000	0.00000000
536.87091064	0.00000000	0.00000000	0.00000000	0.00000000	0.00000000	0.00000000	0.00000000	0.00000000
590.55798340	0.00000000	0.00000000	0.00000000	0.00000000	0.00000000	0.00000000	0.00000000	0.00000000
644.24511719	0.00000000	0.00000000	0.00000000	0.00000000	0.00000000	0.00000000	0.00000000	0.00000000
697.93218994	0.00000000	0.00000000	0.00000000	0.00000000	0.00000000	0.00000000	0.00000000	0.00000000
751.61926270	0.00000000	0.00000000	0.00000000	0.00000000	0.00000000	0.00000000	0.00000000	0.00000000
805.30639648	0.00000000	0.00000000	0.00000000	0.00000000	0.00000000	0.00000000	0.00000000	0.00000000
858.99346924	0.00000000	0.00000000	0.00000000	0.00000000	0.00000000	0.00000000	0.00000000	0.00000000
966.36761475	0.00000000	0.00000000	0.00000000	0.00000000	0.00000000	0.00000000	0.00000000	0.00000000
1073.74182129	0.00000000	0.00000000	0.00000000	0.00000000	0.00000000	0.00000000	0.00000000	0.00000000
1181.11596680	0.00000000	0.00000000	0.00000000	0.00000000	0.00000000	0.00000000	0.00000000	0.00000000
1288.49023437	0.00000000	0.00000000	0.00000000	0.00000000	0.00000000	0.00000000	0.00000000	0.00000000
1395.86437988	0.00000000	0.00000000	0.00000000	0.00000000	0.00000000	0.00000000	0.00000000	0.00000000
1503.23852539	0.00000000	0.00000000	0.00000000	0.00000000	0.00000000	0.00000000	0.00000000	0.00000000
1610.61279297	0.00000000	0.00000000	0.00000000	0.00000000	0.00000000	0.00000000	0.00000000	0.00000000
1717.98693848	0.00000000	0.00000000	0.00000000	0.00000000	0.00000000	0.00000000	0.00000000	0.00000000
1932.73522949	0.00000000	0.00000000	0.00000000	0.00000000	0.00000000	0.00000000	0.00000000	0.00000000
2147.48364258	0.00000000	0.00000000	0.00000000	0.00000000	0.00000000	0.00000000	0.00000000	0.00000000
2362.23193359	0.00000000	0.00000000	0.00000000	0.00000000	0.00000000	0.00000000	0.00000000	0.00000000
2576.98046875	0.00000000	0.00000000	0.00000000	0.00000000	0.00000000	0.00000000	0.00000000	0.00000000
2791.72875977	0.00000000	0.00000000	0.00000000	0.00000000	0.00000000	0.00000000	0.00000000	0.00000000
3006.47705078	0.00000000	0.00000000	0.00000000	0.00000000	0.00000000	0.00000000	0.00000000	0.00000000
3221.22558594	0.00000000	0.00000000	0.00000000	0.00000000	0.00000000	0.00000000	0.00000000	0.00000000
3435.97387695	0.00000000	0.00000000	0.00000000	0.00000000	0.00000000	0.00000000	0.00000000	0.00000000
0	0	0	0	0	0	0	0	0
