%10/31/2018 3:08:58 PM
%Duration	ID1		ID2		ID3		ID4		ID5		ID6		ID7		ID8
3000.000000	45.719147	0.514984	1989.164429	0.343323	0.000000	0.000000	0.000000	0.000000
%Tau		Tau1		Tau2		Tau3		Tau4		Tau5		Tau6		Tau7		Tau8
%		0.000045	0.000001	0.000205	0.000001	0.000000	0.000000	0.000000	0.000000
%Delaytime	D1		D2		D3		D4		D5		D6		D7		D8
0.00000020	2.69097304	77.42122650	0.96532971	0.00000000	0.00000000	0.00000000	0.00000000	0.00000000
0.00000040	1.58136189	46.45273972	1.00390804	0.00000000	0.00000000	0.00000000	0.00000000	0.00000000
0.00000060	1.53485131	0.00000000	1.00129092	20.66357422	0.00000000	0.00000000	0.00000000	0.00000000
0.00000080	1.49166286	0.00000000	1.00143254	0.00000000	0.00000000	0.00000000	0.00000000	0.00000000
0.00000100	1.51990139	0.00000000	1.00122488	0.00000000	0.00000000	0.00000000	0.00000000	0.00000000
0.00000120	1.51657927	0.00000000	1.00136137	20.66357422	0.00000000	0.00000000	0.00000000	0.00000000
0.00000140	1.46010208	0.00000000	1.00163949	0.00000000	0.00000000	0.00000000	0.00000000	0.00000000
0.00000160	1.44183004	0.00000000	1.00049698	0.00000000	0.00000000	0.00000000	0.00000000	0.00000000
0.00000180	1.50162935	0.00000000	1.00114071	0.00000000	0.00000000	0.00000000	0.00000000	0.00000000
0.00000200	1.46840751	0.00000000	1.00166607	0.00000000	0.00000000	0.00000000	0.00000000	0.00000000
0.00000220	1.62621152	0.00000000	1.00078368	0.00000000	0.00000000	0.00000000	0.00000000	0.00000000
0.00000240	1.46508527	0.00000000	1.00154328	0.00000000	0.00000000	0.00000000	0.00000000	0.00000000
0.00000260	1.53152907	0.00000000	1.00020170	0.00000000	0.00000000	0.00000000	0.00000000	0.00000000
0.00000280	1.51824033	0.00000000	1.00069785	0.00000000	0.00000000	0.00000000	0.00000000	0.00000000
0.00000300	1.38701391	0.00000000	1.00117850	0.00000000	0.00000000	0.00000000	0.00000000	0.00000000
0.00000320	1.43020236	0.00000000	1.00083005	0.00000000	0.00000000	0.00000000	0.00000000	0.00000000
0.00000360	1.50744319	0.00000000	1.00088453	0.00000000	0.00000000	0.00000000	0.00000000	0.00000000
0.00000400	1.46259367	7.74212313	1.00149953	0.00000000	0.00000000	0.00000000	0.00000000	0.00000000
0.00000440	1.44598269	0.00000000	1.00109780	10.33178711	0.00000000	0.00000000	0.00000000	0.00000000
0.00000480	1.46342421	0.00000000	1.00168705	0.00000000	0.00000000	0.00000000	0.00000000	0.00000000
0.00000520	1.45844090	0.00000000	1.00100553	0.00000000	0.00000000	0.00000000	0.00000000	0.00000000
0.00000560	1.45262706	0.00000000	0.99958760	0.00000000	0.00000000	0.00000000	0.00000000	0.00000000
0.00000600	1.46923804	7.74212313	1.00120473	0.00000000	0.00000000	0.00000000	0.00000000	0.00000000
0.00000640	1.37206399	0.00000000	1.00194979	0.00000000	0.00000000	0.00000000	0.00000000	0.00000000
0.00000720	1.46051729	0.00000000	1.00018764	5.16589355	0.00000000	0.00000000	0.00000000	0.00000000
0.00000800	1.46425474	0.00000000	1.00074422	0.00000000	0.00000000	0.00000000	0.00000000	0.00000000
0.00000880	1.39822626	0.00000000	1.00095367	0.00000000	0.00000000	0.00000000	0.00000000	0.00000000
0.00000960	1.37870836	3.87106156	1.00087452	0.00000000	0.00000000	0.00000000	0.00000000	0.00000000
0.00001040	1.35130036	0.00000000	1.00079727	0.00000000	0.00000000	0.00000000	0.00000000	0.00000000
0.00001120	1.41276085	3.87106156	1.00098836	5.16589355	0.00000000	0.00000000	0.00000000	0.00000000
0.00001200	1.39116657	0.00000000	1.00168192	5.16589355	0.00000000	0.00000000	0.00000000	0.00000000
0.00001280	1.41317606	0.00000000	1.00147212	10.33178711	0.00000000	0.00000000	0.00000000	0.00000000
0.00001440	1.37414038	0.00000000	1.00116360	0.00000000	0.00000000	0.00000000	0.00000000	0.00000000
0.00001600	1.34112608	1.93553078	1.00084424	2.58294678	0.00000000	0.00000000	0.00000000	0.00000000
0.00001760	1.34050322	5.80659246	1.00075960	2.58294678	0.00000000	0.00000000	0.00000000	0.00000000
0.00001920	1.36749601	0.00000000	1.00135434	2.58294678	0.00000000	0.00000000	0.00000000	0.00000000
0.00002080	1.33219779	0.00000000	1.00123096	0.00000000	0.00000000	0.00000000	0.00000000	0.00000000
0.00002240	1.31081116	1.93553078	1.00114167	0.00000000	0.00000000	0.00000000	0.00000000	0.00000000
0.00002400	1.31766319	0.00000000	1.00114882	2.58294678	0.00000000	0.00000000	0.00000000	0.00000000
0.00002560	1.29586136	0.00000000	1.00116432	0.00000000	0.00000000	0.00000000	0.00000000	0.00000000
0.00002880	1.28634512	0.00000000	1.00116885	0.00000000	0.00000000	0.00000000	0.00000000	0.00000000
0.00003200	1.27192295	0.00000000	1.00128901	1.27643764	0.00000000	0.00000000	0.00000000	0.00000000
0.00003520	1.27088618	1.93834507	1.00128937	0.00000000	0.00000000	0.00000000	0.00000000	0.00000000
0.00003840	1.24807513	1.93834507	1.00125682	0.00000000	0.00000000	0.00000000	0.00000000	0.00000000
0.00004160	1.23791385	0.00000000	1.00081098	1.27643764	0.00000000	0.00000000	0.00000000	0.00000000
0.00004480	1.20152891	0.96917254	1.00132549	1.27643764	0.00000000	0.00000000	0.00000000	0.00000000
0.00004800	1.21708190	0.96917254	1.00087917	1.27643764	0.00000000	0.00000000	0.00000000	0.00000000
0.00005120	1.20183992	0.00000000	1.00108743	1.27643764	0.00000000	0.00000000	0.00000000	0.00000000
0.00005760	1.18443549	0.00000000	1.00125241	0.63821882	0.00000000	0.00000000	0.00000000	0.00000000
0.00006400	1.15490103	1.45164812	1.00110388	3.19109416	0.00000000	0.00000000	0.00000000	0.00000000
0.00007040	1.15588546	1.45164812	1.00112569	0.00000000	0.00000000	0.00000000	0.00000000	0.00000000
0.00007680	1.13894200	1.93553078	1.00110292	0.63821882	0.00000000	0.00000000	0.00000000	0.00000000
0.00008320	1.12634254	0.00000000	1.00108039	0.63821882	0.00000000	0.00000000	0.00000000	0.00000000
0.00008960	1.09504664	1.93553078	1.00123191	0.63821882	0.00000000	0.00000000	0.00000000	0.00000000
0.00009600	1.10515046	0.96776539	1.00105500	0.63821882	0.00000000	0.00000000	0.00000000	0.00000000
0.00010240	1.11173093	0.96776539	1.00112820	0.63821882	0.00000000	0.00000000	0.00000000	0.00000000
0.00011520	1.08245599	0.72793704	1.00130296	0.95573336	0.00000000	0.00000000	0.00000000	0.00000000
0.00012800	1.06637180	1.69851983	1.00111771	1.91146672	0.00000000	0.00000000	0.00000000	0.00000000
0.00014080	1.05866146	0.48529136	1.00117981	0.31857777	0.00000000	0.00000000	0.00000000	0.00000000
0.00015360	1.04933727	0.72793704	1.00119376	0.63715553	0.00000000	0.00000000	0.00000000	0.00000000
0.00016640	1.04607379	0.97058272	1.00139308	2.54862213	0.00000000	0.00000000	0.00000000	0.00000000
0.00017920	1.03143990	1.45587409	1.00104344	1.27431107	0.00000000	0.00000000	0.00000000	0.00000000
0.00019200	1.02948964	1.21322846	1.00119793	0.00000000	0.00000000	0.00000000	0.00000000	0.00000000
0.00020480	1.02145278	1.94116545	1.00100577	0.00000000	0.00000000	0.00000000	0.00000000	0.00000000
0.00023040	1.01647353	1.21234667	1.00084317	0.80044162	0.00000000	0.00000000	0.00000000	0.00000000
0.00025600	1.01883650	0.60617334	1.00087893	0.80044162	0.00000000	0.00000000	0.00000000	0.00000000
0.00028160	1.01471579	0.84864271	1.00080538	2.08114839	0.00000000	0.00000000	0.00000000	0.00000000
0.00030720	1.00536442	0.60617334	1.00065172	0.96052998	0.00000000	0.00000000	0.00000000	0.00000000
0.00033280	1.00196075	0.84864271	1.00066912	0.64035332	0.00000000	0.00000000	0.00000000	0.00000000
0.00035840	1.00950563	0.96987736	1.00043774	2.24123669	0.00000000	0.00000000	0.00000000	0.00000000
0.00038400	1.00530505	1.45481610	1.00043249	0.32017666	0.00000000	0.00000000	0.00000000	0.00000000
0.00040960	1.00050378	0.72740805	1.00028849	0.48026499	0.00000000	0.00000000	0.00000000	0.00000000
0.00046080	0.99607944	0.90596372	1.00018179	0.95732820	0.00000000	0.00000000	0.00000000	0.00000000
0.00051200	0.99787253	0.96636128	1.00011063	0.87755084	0.00000000	0.00000000	0.00000000	0.00000000
0.00056320	0.99918920	0.96636128	0.99985391	0.87755084	0.00000000	0.00000000	0.00000000	0.00000000
0.00061440	1.00213933	0.60397583	0.99988502	1.11688292	0.00000000	0.00000000	0.00000000	0.00000000
0.00066560	0.99724191	0.78516853	0.99986172	0.71799618	0.00000000	0.00000000	0.00000000	0.00000000
0.00071680	0.99515325	0.66437340	0.99990517	1.03710556	0.00000000	0.00000000	0.00000000	0.00000000
0.00076800	0.99800086	0.78516853	0.99991626	1.03710556	0.00000000	0.00000000	0.00000000	0.00000000
0.00081920	0.99279839	0.66437340	0.99980849	0.95732820	0.00000000	0.00000000	0.00000000	0.00000000
0.00092160	1.00009477	1.08558035	0.99985534	1.35170174	0.00000000	0.00000000	0.00000000	0.00000000
0.00102400	0.99542785	0.99439418	0.99993801	0.87463057	0.00000000	0.00000000	0.00000000	0.00000000
0.00112640	0.99935806	0.99439418	0.99992287	1.35170174	0.00000000	0.00000000	0.00000000	0.00000000
0.00122880	1.00242329	1.14505994	0.99987531	0.55658311	0.00000000	0.00000000	0.00000000	0.00000000
0.00133120	1.00142777	1.02452731	0.99987650	1.23243403	0.00000000	0.00000000	0.00000000	0.00000000
0.00143360	0.99851656	0.96426100	0.99984038	0.91438651	0.00000000	0.00000000	0.00000000	0.00000000
0.00153600	0.99625337	0.81359524	0.99989277	1.11316621	0.00000000	0.00000000	0.00000000	0.00000000
0.00163840	0.99476463	1.20532632	0.99984705	0.83487463	0.00000000	0.00000000	0.00000000	0.00000000
0.00184320	0.99996752	1.11979198	0.99985963	1.07519996	0.00000000	0.00000000	0.00000000	0.00000000
0.00204800	0.99772036	0.65068990	0.99985957	1.07519996	0.00000000	0.00000000	0.00000000	0.00000000
0.00225280	0.99977803	0.84741008	0.99979532	1.03537774	0.00000000	0.00000000	0.00000000	0.00000000
0.00245760	0.99719977	0.95333636	0.99985963	0.97564447	0.00000000	0.00000000	0.00000000	0.00000000
0.00266240	0.99893600	0.81714547	0.99988061	0.81635553	0.00000000	0.00000000	0.00000000	0.00000000
0.00286720	1.00050902	0.80201316	0.99993461	1.03537774	0.00000000	0.00000000	0.00000000	0.00000000
0.00307200	0.99849975	1.16518891	0.99987084	1.11502218	0.00000000	0.00000000	0.00000000	0.00000000
0.00327680	1.00247729	1.11979198	0.99989390	1.17475557	0.00000000	0.00000000	0.00000000	0.00000000
0.00368640	1.00126517	0.88023078	0.99988842	0.95211464	0.00000000	0.00000000	0.00000000	0.00000000
0.00409600	1.00033140	0.88781899	0.99988651	1.01224816	0.00000000	0.00000000	0.00000000	0.00000000
0.00450560	1.00115037	0.91058356	0.99988329	0.80178076	0.00000000	0.00000000	0.00000000	0.00000000
0.00491520	0.99812406	0.94852453	0.99988455	0.84186977	0.00000000	0.00000000	0.00000000	0.00000000
0.00532480	1.00118649	0.90299535	0.99988353	0.97215915	0.00000000	0.00000000	0.00000000	0.00000000
0.00573440	1.00152373	1.06234753	0.99987721	1.10244846	0.00000000	0.00000000	0.00000000	0.00000000
0.00614400	1.00178206	0.85746616	0.99985033	0.99220365	0.00000000	0.00000000	0.00000000	0.00000000
0.00655360	1.00078583	0.96370095	0.99987572	1.14253759	0.00000000	0.00000000	0.00000000	0.00000000
0.00737280	0.99944496	0.92398131	0.99994737	1.07829440	0.00000000	0.00000000	0.00000000	0.00000000
0.00819200	0.99935269	1.11029851	1.00071919	1.08832514	0.00000000	0.00000000	0.00000000	0.00000000
0.00901120	1.00047612	0.96580762	1.00017321	0.80746698	0.00000000	0.00000000	0.00000000	0.00000000
0.00983040	1.00211394	1.06086743	0.99987435	1.03315651	0.00000000	0.00000000	0.00000000	0.00000000
0.01064960	1.00069427	1.10569084	0.99985570	1.03315651	0.00000000	0.00000000	0.00000000	0.00000000
0.01146880	1.00068510	0.89291185	0.99987882	1.14349365	0.00000000	0.00000000	0.00000000	0.00000000
0.01228800	0.99870443	1.00690055	0.99989247	0.91355264	0.00000000	0.00000000	0.00000000	0.00000000
0.01310720	0.99828273	0.93850738	0.99988210	1.03315651	0.00000000	0.00000000	0.00000000	0.00000000
0.01474560	0.99867827	0.98790246	0.99990028	0.93708122	0.00000000	0.00000000	0.00000000	0.00000000
0.01638400	0.99833554	0.98220307	1.00034928	1.05896854	0.00000000	0.00000000	0.00000000	0.00000000
0.01802240	1.00125563	1.01945674	1.00000775	0.99470925	0.00000000	0.00000000	0.00000000	0.00000000
0.01966080	1.00128067	1.03919744	0.99987429	1.02477598	0.00000000	0.00000000	0.00000000	0.00000000
0.02129920	0.99816602	1.01449990	0.99989581	1.03229272	0.00000000	0.00000000	0.00000000	0.00000000
0.02293760	1.00035179	1.05362856	0.99988210	1.02728152	0.00000000	0.00000000	0.00000000	0.00000000
0.02457600	0.99813193	1.03084731	1.00029469	1.01560295	0.00000000	0.00000000	0.00000000	0.00000000
0.02621440	0.99930996	1.05362856	1.00005829	0.96965361	0.00000000	0.00000000	0.00000000	0.00000000
0.02949120	1.00036907	1.07785320	0.99989527	0.97837162	0.00000000	0.00000000	0.00000000	0.00000000
0.03276800	0.99908137	1.01797664	1.00010407	1.01730549	0.00000000	0.00000000	0.00000000	0.00000000
0.03604480	0.99969071	1.03428435	0.99994248	0.97793335	0.00000000	0.00000000	0.00000000	0.00000000
0.03932160	1.00039315	0.96444076	0.99995756	0.97083598	0.00000000	0.00000000	0.00000000	0.00000000
0.04259840	1.00026834	0.98904866	1.00010598	0.99218684	0.00000000	0.00000000	0.00000000	0.00000000
0.04587520	0.99986356	1.06020844	0.99989212	1.03355193	0.00000000	0.00000000	0.00000000	0.00000000
0.04915200	1.00162721	0.96020472	1.00007927	1.04020119	0.00000000	0.00000000	0.00000000	0.00000000
0.05242880	0.99965203	0.96090251	0.99998432	1.07775354	0.00000000	0.00000000	0.00000000	0.00000000
0.05898240	1.00038087	1.00058925	1.00001717	0.97135514	0.00000000	0.00000000	0.00000000	0.00000000
0.06553600	1.00041974	0.99848109	0.99999750	1.04169512	0.00000000	0.00000000	0.00000000	0.00000000
0.07208960	0.99978119	1.00668228	0.99999779	1.01119423	0.00000000	0.00000000	0.00000000	0.00000000
0.07864320	0.99944371	0.97862953	0.99999434	0.99826765	0.00000000	0.00000000	0.00000000	0.00000000
0.08519680	0.99927753	0.97957325	0.99999982	1.04795909	0.00000000	0.00000000	0.00000000	0.00000000
0.09175040	1.00080216	0.98691225	1.00001812	0.98449844	0.00000000	0.00000000	0.00000000	0.00000000
0.09830400	0.99947608	0.99233806	0.99998635	0.97065240	0.00000000	0.00000000	0.00000000	0.00000000
0.10485760	1.00068450	1.03278220	0.99999148	0.99053043	0.00000000	0.00000000	0.00000000	0.00000000
0.11796480	1.00002062	0.99186498	1.00000560	0.99523652	0.00000000	0.00000000	0.00000000	0.00000000
0.13107200	1.00024962	0.99094075	0.99999547	1.03306484	0.00000000	0.00000000	0.00000000	0.00000000
0.14417920	1.00014019	0.98661536	0.99999887	0.98690814	0.00000000	0.00000000	0.00000000	0.00000000
0.15728641	0.99937326	1.00183547	1.00000513	1.00447035	0.00000000	0.00000000	0.00000000	0.00000000
0.17039360	0.99931550	0.97581470	0.99999166	1.02198672	0.00000000	0.00000000	0.00000000	0.00000000
0.18350080	0.99981815	0.99287808	1.00001299	1.00578403	0.00000000	0.00000000	0.00000000	0.00000000
0.19660801	1.00018871	0.97859776	0.99999207	1.00490797	0.00000000	0.00000000	0.00000000	0.00000000
0.20971520	1.00001228	1.02144361	1.00000858	1.02775419	0.00000000	0.00000000	0.00000000	0.00000000
0.23592959	0.99985123	0.99915063	1.00000226	1.00661266	0.00000000	0.00000000	0.00000000	0.00000000
0.26214400	0.99975044	1.02531552	1.00000107	0.97578067	0.00000000	0.00000000	0.00000000	0.00000000
0.28835839	0.99972343	0.99223906	1.00000000	0.98877007	0.00000000	0.00000000	0.00000000	0.00000000
0.31457281	0.99991828	0.99856287	0.99999887	1.01525819	0.00000000	0.00000000	0.00000000	0.00000000
0.34078720	1.00012445	1.01010978	0.99999923	0.99401927	0.00000000	0.00000000	0.00000000	0.00000000
0.36700159	0.99954933	0.99219632	0.99999815	0.99460328	0.00000000	0.00000000	0.00000000	0.00000000
0.39321601	0.99964720	0.99699968	1.00000250	1.01318955	0.00000000	0.00000000	0.00000000	0.00000000
0.41943040	1.00010598	0.99271816	1.00000405	0.98846716	0.00000000	0.00000000	0.00000000	0.00000000
0.47185919	1.00008011	0.99600816	1.00000060	1.00257587	0.00000000	0.00000000	0.00000000	0.00000000
0.52428800	0.99981254	1.00554061	0.99999881	1.00139916	0.00000000	0.00000000	0.00000000	0.00000000
0.57671678	1.00024903	0.99867821	1.00000072	0.97249216	0.00000000	0.00000000	0.00000000	0.00000000
0.62914562	1.00012970	0.98569912	1.00000107	0.98756164	0.00000000	0.00000000	0.00000000	0.00000000
0.68157440	1.00011218	0.99778879	0.99999738	0.98096460	0.00000000	0.00000000	0.00000000	0.00000000
0.73400319	0.99996430	0.99940264	1.00000072	0.98363173	0.00000000	0.00000000	0.00000000	0.00000000
0.78643203	0.99987698	0.99653417	1.00000155	1.00711465	0.00000000	0.00000000	0.00000000	0.00000000
0.83886081	0.99965584	1.00166798	0.99999839	1.02132618	0.00000000	0.00000000	0.00000000	0.00000000
0.94371837	0.99994773	0.99552935	1.00000036	1.01567638	0.00000000	0.00000000	0.00000000	0.00000000
1.04857600	0.99994820	0.99686390	1.00000000	0.99684054	0.00000000	0.00000000	0.00000000	0.00000000
1.15343356	1.00018132	1.00854266	0.99999976	0.99744904	0.00000000	0.00000000	0.00000000	0.00000000
1.25829124	0.99989313	1.00717103	1.00000024	1.00672138	0.00000000	0.00000000	0.00000000	0.00000000
1.36314881	1.00011909	0.99709028	1.00000083	0.98679137	0.00000000	0.00000000	0.00000000	0.00000000
1.46800637	0.99989325	1.00275767	0.99999958	0.98641795	0.00000000	0.00000000	0.00000000	0.00000000
1.57286406	0.99992502	1.00091016	1.00000072	0.98586828	0.00000000	0.00000000	0.00000000	0.00000000
1.67772162	0.99994296	0.99947441	0.99999839	1.00185740	0.00000000	0.00000000	0.00000000	0.00000000
1.88743675	0.99997288	0.99910229	0.99999875	1.01096249	0.00000000	0.00000000	0.00000000	0.00000000
2.09715199	1.00007153	0.99929380	0.99999797	1.00785220	0.00000000	0.00000000	0.00000000	0.00000000
2.30686712	0.99994683	0.99990654	0.99999905	1.00339699	0.00000000	0.00000000	0.00000000	0.00000000
2.51658249	1.00007629	0.99637681	0.99999893	0.98591548	0.00000000	0.00000000	0.00000000	0.00000000
2.72629762	0.99992335	1.00245750	1.00000012	0.98513776	0.00000000	0.00000000	0.00000000	0.00000000
2.93601274	1.00004768	1.00937998	1.00000060	0.99771208	0.00000000	0.00000000	0.00000000	0.00000000
3.14572811	0.99995732	0.99828476	1.00000012	1.01180875	0.00000000	0.00000000	0.00000000	0.00000000
3.35544324	1.00003529	0.99915338	0.99999923	0.99688488	0.00000000	0.00000000	0.00000000	0.00000000
3.77487350	0.99998683	0.98351789	0.99999857	0.99864709	0.00000000	0.00000000	0.00000000	0.00000000
4.19430399	0.99999726	1.01755154	1.00000119	1.01907766	0.00000000	0.00000000	0.00000000	0.00000000
4.61373425	1.00003123	1.00969374	1.00000072	0.97638482	0.00000000	0.00000000	0.00000000	0.00000000
5.03316498	1.00000000	1.00000000	1.00000000	1.00000000	0.00000000	0.00000000	0.00000000	0.00000000
5.45259523	0.00000000	0.00000000	0.00000000	0.00000000	0.00000000	0.00000000	0.00000000	0.00000000
5.87202549	0.00000000	0.00000000	0.00000000	0.00000000	0.00000000	0.00000000	0.00000000	0.00000000
6.29145622	0.00000000	0.00000000	0.00000000	0.00000000	0.00000000	0.00000000	0.00000000	0.00000000
6.71088648	0.00000000	0.00000000	0.00000000	0.00000000	0.00000000	0.00000000	0.00000000	0.00000000
7.54974699	0.00000000	0.00000000	0.00000000	0.00000000	0.00000000	0.00000000	0.00000000	0.00000000
8.38860798	0.00000000	0.00000000	0.00000000	0.00000000	0.00000000	0.00000000	0.00000000	0.00000000
9.22746849	0.00000000	0.00000000	0.00000000	0.00000000	0.00000000	0.00000000	0.00000000	0.00000000
10.06632996	0.00000000	0.00000000	0.00000000	0.00000000	0.00000000	0.00000000	0.00000000	0.00000000
10.90519047	0.00000000	0.00000000	0.00000000	0.00000000	0.00000000	0.00000000	0.00000000	0.00000000
11.74405098	0.00000000	0.00000000	0.00000000	0.00000000	0.00000000	0.00000000	0.00000000	0.00000000
12.58291245	0.00000000	0.00000000	0.00000000	0.00000000	0.00000000	0.00000000	0.00000000	0.00000000
13.42177296	0.00000000	0.00000000	0.00000000	0.00000000	0.00000000	0.00000000	0.00000000	0.00000000
15.09949398	0.00000000	0.00000000	0.00000000	0.00000000	0.00000000	0.00000000	0.00000000	0.00000000
16.77721596	0.00000000	0.00000000	0.00000000	0.00000000	0.00000000	0.00000000	0.00000000	0.00000000
18.45493698	0.00000000	0.00000000	0.00000000	0.00000000	0.00000000	0.00000000	0.00000000	0.00000000
20.13265991	0.00000000	0.00000000	0.00000000	0.00000000	0.00000000	0.00000000	0.00000000	0.00000000
21.81038094	0.00000000	0.00000000	0.00000000	0.00000000	0.00000000	0.00000000	0.00000000	0.00000000
23.48810196	0.00000000	0.00000000	0.00000000	0.00000000	0.00000000	0.00000000	0.00000000	0.00000000
25.16582489	0.00000000	0.00000000	0.00000000	0.00000000	0.00000000	0.00000000	0.00000000	0.00000000
26.84354591	0.00000000	0.00000000	0.00000000	0.00000000	0.00000000	0.00000000	0.00000000	0.00000000
30.19898796	0.00000000	0.00000000	0.00000000	0.00000000	0.00000000	0.00000000	0.00000000	0.00000000
33.55443192	0.00000000	0.00000000	0.00000000	0.00000000	0.00000000	0.00000000	0.00000000	0.00000000
36.90987396	0.00000000	0.00000000	0.00000000	0.00000000	0.00000000	0.00000000	0.00000000	0.00000000
40.26531982	0.00000000	0.00000000	0.00000000	0.00000000	0.00000000	0.00000000	0.00000000	0.00000000
43.62076187	0.00000000	0.00000000	0.00000000	0.00000000	0.00000000	0.00000000	0.00000000	0.00000000
46.97620392	0.00000000	0.00000000	0.00000000	0.00000000	0.00000000	0.00000000	0.00000000	0.00000000
50.33164978	0.00000000	0.00000000	0.00000000	0.00000000	0.00000000	0.00000000	0.00000000	0.00000000
53.68709183	0.00000000	0.00000000	0.00000000	0.00000000	0.00000000	0.00000000	0.00000000	0.00000000
60.39797592	0.00000000	0.00000000	0.00000000	0.00000000	0.00000000	0.00000000	0.00000000	0.00000000
67.10886383	0.00000000	0.00000000	0.00000000	0.00000000	0.00000000	0.00000000	0.00000000	0.00000000
73.81974792	0.00000000	0.00000000	0.00000000	0.00000000	0.00000000	0.00000000	0.00000000	0.00000000
80.53063965	0.00000000	0.00000000	0.00000000	0.00000000	0.00000000	0.00000000	0.00000000	0.00000000
87.24152374	0.00000000	0.00000000	0.00000000	0.00000000	0.00000000	0.00000000	0.00000000	0.00000000
93.95240784	0.00000000	0.00000000	0.00000000	0.00000000	0.00000000	0.00000000	0.00000000	0.00000000
100.66329956	0.00000000	0.00000000	0.00000000	0.00000000	0.00000000	0.00000000	0.00000000	0.00000000
107.37418365	0.00000000	0.00000000	0.00000000	0.00000000	0.00000000	0.00000000	0.00000000	0.00000000
120.79595184	0.00000000	0.00000000	0.00000000	0.00000000	0.00000000	0.00000000	0.00000000	0.00000000
134.21772766	0.00000000	0.00000000	0.00000000	0.00000000	0.00000000	0.00000000	0.00000000	0.00000000
147.63949585	0.00000000	0.00000000	0.00000000	0.00000000	0.00000000	0.00000000	0.00000000	0.00000000
161.06127930	0.00000000	0.00000000	0.00000000	0.00000000	0.00000000	0.00000000	0.00000000	0.00000000
174.48304749	0.00000000	0.00000000	0.00000000	0.00000000	0.00000000	0.00000000	0.00000000	0.00000000
187.90481567	0.00000000	0.00000000	0.00000000	0.00000000	0.00000000	0.00000000	0.00000000	0.00000000
201.32659912	0.00000000	0.00000000	0.00000000	0.00000000	0.00000000	0.00000000	0.00000000	0.00000000
214.74836731	0.00000000	0.00000000	0.00000000	0.00000000	0.00000000	0.00000000	0.00000000	0.00000000
241.59190369	0.00000000	0.00000000	0.00000000	0.00000000	0.00000000	0.00000000	0.00000000	0.00000000
268.43545532	0.00000000	0.00000000	0.00000000	0.00000000	0.00000000	0.00000000	0.00000000	0.00000000
295.27899170	0.00000000	0.00000000	0.00000000	0.00000000	0.00000000	0.00000000	0.00000000	0.00000000
322.12255859	0.00000000	0.00000000	0.00000000	0.00000000	0.00000000	0.00000000	0.00000000	0.00000000
348.96609497	0.00000000	0.00000000	0.00000000	0.00000000	0.00000000	0.00000000	0.00000000	0.00000000
375.80963135	0.00000000	0.00000000	0.00000000	0.00000000	0.00000000	0.00000000	0.00000000	0.00000000
402.65319824	0.00000000	0.00000000	0.00000000	0.00000000	0.00000000	0.00000000	0.00000000	0.00000000
429.49673462	0.00000000	0.00000000	0.00000000	0.00000000	0.00000000	0.00000000	0.00000000	0.00000000
483.18380737	0.00000000	0.00000000	0.00000000	0.00000000	0.00000000	0.00000000	0.00000000	0.00000000
536.87091064	0.00000000	0.00000000	0.00000000	0.00000000	0.00000000	0.00000000	0.00000000	0.00000000
590.55798340	0.00000000	0.00000000	0.00000000	0.00000000	0.00000000	0.00000000	0.00000000	0.00000000
644.24511719	0.00000000	0.00000000	0.00000000	0.00000000	0.00000000	0.00000000	0.00000000	0.00000000
697.93218994	0.00000000	0.00000000	0.00000000	0.00000000	0.00000000	0.00000000	0.00000000	0.00000000
751.61926270	0.00000000	0.00000000	0.00000000	0.00000000	0.00000000	0.00000000	0.00000000	0.00000000
805.30639648	0.00000000	0.00000000	0.00000000	0.00000000	0.00000000	0.00000000	0.00000000	0.00000000
858.99346924	0.00000000	0.00000000	0.00000000	0.00000000	0.00000000	0.00000000	0.00000000	0.00000000
966.36761475	0.00000000	0.00000000	0.00000000	0.00000000	0.00000000	0.00000000	0.00000000	0.00000000
1073.74182129	0.00000000	0.00000000	0.00000000	0.00000000	0.00000000	0.00000000	0.00000000	0.00000000
1181.11596680	0.00000000	0.00000000	0.00000000	0.00000000	0.00000000	0.00000000	0.00000000	0.00000000
1288.49023437	0.00000000	0.00000000	0.00000000	0.00000000	0.00000000	0.00000000	0.00000000	0.00000000
1395.86437988	0.00000000	0.00000000	0.00000000	0.00000000	0.00000000	0.00000000	0.00000000	0.00000000
1503.23852539	0.00000000	0.00000000	0.00000000	0.00000000	0.00000000	0.00000000	0.00000000	0.00000000
1610.61279297	0.00000000	0.00000000	0.00000000	0.00000000	0.00000000	0.00000000	0.00000000	0.00000000
1717.98693848	0.00000000	0.00000000	0.00000000	0.00000000	0.00000000	0.00000000	0.00000000	0.00000000
1932.73522949	0.00000000	0.00000000	0.00000000	0.00000000	0.00000000	0.00000000	0.00000000	0.00000000
2147.48364258	0.00000000	0.00000000	0.00000000	0.00000000	0.00000000	0.00000000	0.00000000	0.00000000
2362.23193359	0.00000000	0.00000000	0.00000000	0.00000000	0.00000000	0.00000000	0.00000000	0.00000000
2576.98046875	0.00000000	0.00000000	0.00000000	0.00000000	0.00000000	0.00000000	0.00000000	0.00000000
2791.72875977	0.00000000	0.00000000	0.00000000	0.00000000	0.00000000	0.00000000	0.00000000	0.00000000
3006.47705078	0.00000000	0.00000000	0.00000000	0.00000000	0.00000000	0.00000000	0.00000000	0.00000000
3221.22558594	0.00000000	0.00000000	0.00000000	0.00000000	0.00000000	0.00000000	0.00000000	0.00000000
3435.97387695	0.00000000	0.00000000	0.00000000	0.00000000	0.00000000	0.00000000	0.00000000	0.00000000
0	0	0	0	0	0	0	0	0
