%10/31/2018 4:05:29 PM
%Duration	ID1		ID2		ID3		ID4		ID5		ID6		ID7		ID8
2000.000000	52.728653	0.410080	0.495911	0.467300	0.000000	0.000000	0.000000	0.000000
%Tau		Tau1		Tau2		Tau3		Tau4		Tau5		Tau6		Tau7		Tau8
%		0.000048	0.000001	0.000001	0.000001	0.000000	0.000000	0.000000	0.000000
%Delaytime	D1		D2		D3		D4		D5		D6		D7		D8
0.00000020	2.56890655	189.13439941	190.08961487	87.39040375	0.00000000	0.00000000	0.00000000	0.00000000
0.00000040	1.57846129	31.52239799	31.68160248	0.00000000	0.00000000	0.00000000	0.00000000	0.00000000
0.00000060	1.45343459	0.00000000	31.68160248	29.13013458	0.00000000	0.00000000	0.00000000	0.00000000
0.00000080	1.51204085	0.00000000	0.00000000	0.00000000	0.00000000	0.00000000	0.00000000	0.00000000
0.00000100	1.55111170	0.00000000	0.00000000	0.00000000	0.00000000	0.00000000	0.00000000	0.00000000
0.00000120	1.47297001	0.00000000	0.00000000	0.00000000	0.00000000	0.00000000	0.00000000	0.00000000
0.00000140	1.34794343	0.00000000	0.00000000	0.00000000	0.00000000	0.00000000	0.00000000	0.00000000
0.00000160	1.44171345	0.00000000	0.00000000	0.00000000	0.00000000	0.00000000	0.00000000	0.00000000
0.00000180	1.45538819	0.00000000	0.00000000	0.00000000	0.00000000	0.00000000	0.00000000	0.00000000
0.00000200	1.50422668	0.00000000	0.00000000	0.00000000	0.00000000	0.00000000	0.00000000	0.00000000
0.00000220	1.44757402	0.00000000	0.00000000	0.00000000	0.00000000	0.00000000	0.00000000	0.00000000
0.00000240	1.41241026	0.00000000	0.00000000	0.00000000	0.00000000	0.00000000	0.00000000	0.00000000
0.00000260	1.54915822	0.00000000	0.00000000	0.00000000	0.00000000	0.00000000	0.00000000	0.00000000
0.00000280	1.50618029	0.00000000	0.00000000	0.00000000	0.00000000	0.00000000	0.00000000	0.00000000
0.00000300	1.47492361	0.00000000	0.00000000	0.00000000	0.00000000	0.00000000	0.00000000	0.00000000
0.00000320	1.47101653	0.00000000	0.00000000	0.00000000	0.00000000	0.00000000	0.00000000	0.00000000
0.00000360	1.45831847	0.00000000	15.84080124	0.00000000	0.00000000	0.00000000	0.00000000	0.00000000
0.00000400	1.47394681	0.00000000	0.00000000	0.00000000	0.00000000	0.00000000	0.00000000	0.00000000
0.00000440	1.46710944	0.00000000	0.00000000	0.00000000	0.00000000	0.00000000	0.00000000	0.00000000
0.00000480	1.46417916	0.00000000	0.00000000	0.00000000	0.00000000	0.00000000	0.00000000	0.00000000
0.00000520	1.42120123	0.00000000	0.00000000	0.00000000	0.00000000	0.00000000	0.00000000	0.00000000
0.00000560	1.46808624	0.00000000	15.84080124	0.00000000	0.00000000	0.00000000	0.00000000	0.00000000
0.00000600	1.38799107	0.00000000	0.00000000	0.00000000	0.00000000	0.00000000	0.00000000	0.00000000
0.00000640	1.46613264	0.00000000	0.00000000	0.00000000	0.00000000	0.00000000	0.00000000	0.00000000
0.00000720	1.38164198	0.00000000	7.92040062	0.00000000	0.00000000	0.00000000	0.00000000	0.00000000
0.00000800	1.42168963	0.00000000	0.00000000	0.00000000	0.00000000	0.00000000	0.00000000	0.00000000
0.00000880	1.42022443	0.00000000	0.00000000	0.00000000	0.00000000	0.00000000	0.00000000	0.00000000
0.00000960	1.46369076	7.88059950	0.00000000	0.00000000	0.00000000	0.00000000	0.00000000	0.00000000
0.00001040	1.37773490	0.00000000	0.00000000	0.00000000	0.00000000	0.00000000	0.00000000	0.00000000
0.00001120	1.35087371	0.00000000	0.00000000	0.00000000	0.00000000	0.00000000	0.00000000	0.00000000
0.00001200	1.39482844	0.00000000	0.00000000	0.00000000	0.00000000	0.00000000	0.00000000	0.00000000
0.00001280	1.37333941	7.88059950	0.00000000	0.00000000	0.00000000	0.00000000	0.00000000	0.00000000
0.00001440	1.34647822	3.94029975	0.00000000	0.00000000	0.00000000	0.00000000	0.00000000	0.00000000
0.00001600	1.35575759	3.94029975	3.96020031	0.00000000	0.00000000	0.00000000	0.00000000	0.00000000
0.00001760	1.36625791	0.00000000	0.00000000	0.00000000	0.00000000	0.00000000	0.00000000	0.00000000
0.00001920	1.35771108	0.00000000	0.00000000	3.64126682	0.00000000	0.00000000	0.00000000	0.00000000
0.00002080	1.34745502	0.00000000	0.00000000	0.00000000	0.00000000	0.00000000	0.00000000	0.00000000
0.00002240	1.30374455	0.00000000	0.00000000	0.00000000	0.00000000	0.00000000	0.00000000	0.00000000
0.00002400	1.29715133	0.00000000	0.00000000	0.00000000	0.00000000	0.00000000	0.00000000	0.00000000
0.00002560	1.33524537	0.00000000	0.00000000	3.64126682	0.00000000	0.00000000	0.00000000	0.00000000
0.00002880	1.28845918	0.00000000	1.99012601	3.64126682	0.00000000	0.00000000	0.00000000	0.00000000
0.00003200	1.26759839	0.00000000	0.00000000	5.46190023	0.00000000	0.00000000	0.00000000	0.00000000
0.00003520	1.25397754	0.00000000	0.00000000	0.00000000	0.00000000	0.00000000	0.00000000	0.00000000
0.00003840	1.21753263	3.97020721	0.00000000	1.82063341	0.00000000	0.00000000	0.00000000	0.00000000
0.00004160	1.25643182	0.00000000	0.00000000	0.00000000	0.00000000	0.00000000	0.00000000	0.00000000
0.00004480	1.23250329	0.00000000	1.99012601	3.64126682	0.00000000	0.00000000	0.00000000	0.00000000
0.00004800	1.20427990	0.00000000	0.00000000	0.00000000	0.00000000	0.00000000	0.00000000	0.00000000
0.00005120	1.17998326	1.98510361	0.00000000	0.00000000	0.00000000	0.00000000	0.00000000	0.00000000
0.00005760	1.17537558	0.00000000	2.01040745	1.82063341	0.00000000	0.00000000	0.00000000	0.00000000
0.00006400	1.15473521	0.99506301	3.01561093	0.91031671	0.00000000	0.00000000	0.00000000	0.00000000
0.00007040	1.13609302	1.99012601	1.00520372	0.91031671	0.00000000	0.00000000	0.00000000	0.00000000
0.00007680	1.12553895	0.99506301	0.00000000	0.91031671	0.00000000	0.00000000	0.00000000	0.00000000
0.00008320	1.10265148	0.99506301	2.01040745	0.91031671	0.00000000	0.00000000	0.00000000	0.00000000
0.00008960	1.09418368	0.99506301	0.00000000	2.73095012	0.00000000	0.00000000	0.00000000	0.00000000
0.00009600	1.09732401	0.99506301	3.01561093	1.82063341	0.00000000	0.00000000	0.00000000	0.00000000
0.00010240	1.06787050	0.99506301	2.01040745	0.91031671	0.00000000	0.00000000	0.00000000	0.00000000
0.00011520	1.07217014	0.00000000	1.01291132	0.45515835	0.00000000	0.00000000	0.00000000	0.00000000
0.00012800	1.05441713	1.00011408	0.50645566	0.45515835	0.00000000	0.00000000	0.00000000	0.00000000
0.00014080	1.04448283	1.50017107	1.51936698	1.36547506	0.00000000	0.00000000	0.00000000	0.00000000
0.00015360	1.02685249	1.50017107	0.50645566	0.91031671	0.00000000	0.00000000	0.00000000	0.00000000
0.00016640	1.03902507	1.00011408	1.01291132	0.91031671	0.00000000	0.00000000	0.00000000	0.00000000
0.00017920	1.03666413	0.50005704	1.51936698	0.91031671	0.00000000	0.00000000	0.00000000	0.00000000
0.00019200	1.01357603	0.00000000	0.50645566	0.45515835	0.00000000	0.00000000	0.00000000	0.00000000
0.00020480	1.02853882	2.00022817	1.01291132	2.27579188	0.00000000	0.00000000	0.00000000	0.00000000
0.00023040	1.02109194	0.75390273	0.50388151	1.14065278	0.00000000	0.00000000	0.00000000	0.00000000
0.00025600	1.01678610	0.00000000	1.25970387	1.14065278	0.00000000	0.00000000	0.00000000	0.00000000
0.00028160	1.01184607	2.01040745	0.50388151	0.68439168	0.00000000	0.00000000	0.00000000	0.00000000
0.00030720	1.01082349	1.25650465	1.25970387	1.36878335	0.00000000	0.00000000	0.00000000	0.00000000
0.00033280	0.99908721	0.75390273	1.25970387	0.91252220	0.00000000	0.00000000	0.00000000	0.00000000
0.00035840	1.01133978	1.75910640	0.75582230	0.45626110	0.00000000	0.00000000	0.00000000	0.00000000
0.00038400	1.00451279	1.50780547	1.00776303	0.91252220	0.00000000	0.00000000	0.00000000	0.00000000
0.00040960	1.00787723	2.76431012	1.51164460	0.91252220	0.00000000	0.00000000	0.00000000	0.00000000
0.00046080	1.01097357	1.00265408	0.62665874	0.78603750	0.00000000	0.00000000	0.00000000	0.00000000
0.00051200	1.00622165	0.87732226	0.87732226	0.78603750	0.00000000	0.00000000	0.00000000	0.00000000
0.00056320	0.99884486	1.25331748	0.50132704	0.44916427	0.00000000	0.00000000	0.00000000	0.00000000
0.00061440	1.00335407	1.50398099	1.37864923	1.01061964	0.00000000	0.00000000	0.00000000	0.00000000
0.00066560	1.00467062	1.62931275	0.62665874	1.12291074	0.00000000	0.00000000	0.00000000	0.00000000
0.00071680	0.99945462	0.75199050	1.00265408	0.67374641	0.00000000	0.00000000	0.00000000	0.00000000
0.00076800	1.00569868	1.12798584	0.62665874	0.67374641	0.00000000	0.00000000	0.00000000	0.00000000
0.00081920	0.99685103	0.62665874	1.37864923	1.12291074	0.00000000	0.00000000	0.00000000	0.00000000
0.00092160	0.99990219	1.12512827	1.00904691	0.56280661	0.00000000	0.00000000	0.00000000	0.00000000
0.00102400	0.99431390	1.18763542	0.94598144	0.95677125	0.00000000	0.00000000	0.00000000	0.00000000
0.00112640	1.00563586	0.56256413	1.26130855	0.33768398	0.00000000	0.00000000	0.00000000	0.00000000
0.00122880	0.99890631	0.81259269	0.81985056	1.23817456	0.00000000	0.00000000	0.00000000	0.00000000
0.00133120	1.00191212	0.93760693	1.19824314	0.95677125	0.00000000	0.00000000	0.00000000	0.00000000
0.00143360	0.99765712	1.06262124	0.81985056	0.90049058	0.00000000	0.00000000	0.00000000	0.00000000
0.00153600	0.99371362	1.06262124	1.13517773	1.23817456	0.00000000	0.00000000	0.00000000	0.00000000
0.00163840	0.99419421	1.00011408	0.69371969	0.61908728	0.00000000	0.00000000	0.00000000	0.00000000
0.00184320	0.99814343	1.18463063	0.72617632	0.76345718	0.00000000	0.00000000	0.00000000	0.00000000
0.00204800	1.00125587	0.90406024	1.01033223	1.07449532	0.00000000	0.00000000	0.00000000	0.00000000
0.00225280	0.99976158	0.90406024	1.01033223	1.04621911	0.00000000	0.00000000	0.00000000	0.00000000
0.00245760	0.99632943	0.52996635	0.91678149	1.21587634	0.00000000	0.00000000	0.00000000	0.00000000
0.00266240	1.00005186	1.05993271	1.23448765	0.93311435	0.00000000	0.00000000	0.00000000	0.00000000
0.00286720	0.99702144	0.81053680	0.85355520	0.93311435	0.00000000	0.00000000	0.00000000	0.00000000
0.00307200	1.00029695	0.77936226	0.88516831	1.10277152	0.00000000	0.00000000	0.00000000	0.00000000
0.00327680	0.99667901	0.93523473	0.82194203	1.15932393	0.00000000	0.00000000	0.00000000	0.00000000
0.00368640	1.00141561	1.08150685	1.20130384	1.08994663	0.00000000	0.00000000	0.00000000	0.00000000
0.00409600	0.99732071	0.75610018	1.04190683	0.73606783	0.00000000	0.00000000	0.00000000	0.00000000
0.00450560	1.00152349	0.72523892	0.91561508	1.01917088	0.00000000	0.00000000	0.00000000	0.00000000
0.00491520	1.00176620	0.94126755	0.74196398	0.87761933	0.00000000	0.00000000	0.00000000	0.00000000
0.00532480	0.99982756	1.20358801	0.89868236	0.96255028	0.00000000	0.00000000	0.00000000	0.00000000
0.00573440	1.00081432	1.12643492	0.99328047	1.07579148	0.00000000	0.00000000	0.00000000	0.00000000
0.00614400	1.00136638	1.03385127	1.07211232	0.97670543	0.00000000	0.00000000	0.00000000	0.00000000
0.00655360	1.00119531	0.89610571	1.04057956	0.86346418	0.00000000	0.00000000	0.00000000	0.00000000
0.00737280	0.99843985	1.06838596	0.98165846	1.10144293	0.00000000	0.00000000	0.00000000	0.00000000
0.00819200	0.99883676	0.94540626	0.89527255	1.01794291	0.00000000	0.00000000	0.00000000	0.00000000
0.00901120	0.99982637	1.05433810	1.01307154	1.13811672	0.00000000	0.00000000	0.00000000	0.00000000
0.00983040	1.00177085	0.99277085	0.94119167	0.96845961	0.00000000	0.00000000	0.00000000	0.00000000
0.01064960	1.00014186	1.00816262	0.98825121	0.95432150	0.00000000	0.00000000	0.00000000	0.00000000
0.01146880	0.99930561	0.80806929	0.87060225	1.13811672	0.00000000	0.00000000	0.00000000	0.00000000
0.01228800	1.00033760	1.06203389	1.01962423	0.91897625	0.00000000	0.00000000	0.00000000	0.00000000
0.01310720	1.00206041	1.02355444	1.12799299	1.01087391	0.00000000	0.00000000	0.00000000	0.00000000
0.01474560	1.00011480	0.96462184	1.02485645	1.07673728	0.00000000	0.00000000	0.00000000	0.00000000
0.01638400	0.99918479	0.95309252	1.04707575	1.03790414	0.00000000	0.00000000	0.00000000	0.00000000
0.01802240	0.99957347	1.03764105	0.94511330	1.05102146	0.00000000	0.00000000	0.00000000	0.00000000
0.01966080	1.00024295	0.96341002	1.00521827	1.04040515	0.00000000	0.00000000	0.00000000	0.00000000
0.02129920	1.00128305	1.01073921	1.00521827	0.98142809	0.00000000	0.00000000	0.00000000	0.00000000
0.02293760	0.99913311	1.05301344	0.94511330	1.05583239	0.00000000	0.00000000	0.00000000	0.00000000
0.02457600	1.00040209	1.04532731	1.01962423	1.03103089	0.00000000	0.00000000	0.00000000	0.00000000
0.02621440	0.99922889	1.04796362	1.09945750	0.97079885	0.00000000	0.00000000	0.00000000	0.00000000
0.02949120	1.00045848	1.08760154	0.98646599	1.01509011	0.00000000	0.00000000	0.00000000	0.00000000
0.03276800	1.00126863	0.99920988	1.01315081	1.04469335	0.00000000	0.00000000	0.00000000	0.00000000
0.03604480	0.99959296	1.03764105	1.01772034	1.01631463	0.00000000	0.00000000	0.00000000	0.00000000
0.03932160	1.00044024	1.04350030	1.03990376	1.06952477	0.00000000	0.00000000	0.00000000	0.00000000
0.04259840	0.99996883	0.95164347	0.97083879	0.98438847	0.00000000	0.00000000	0.00000000	0.00000000
0.04587520	1.00052035	1.04218447	0.90833008	0.97197276	0.00000000	0.00000000	0.00000000	0.00000000
0.04915200	0.99923748	0.98619682	1.01186013	1.00744617	0.00000000	0.00000000	0.00000000	0.00000000
0.05242880	0.99917889	0.94945616	0.99945956	1.01154709	0.00000000	0.00000000	0.00000000	0.00000000
0.05898240	1.00172365	0.98937345	1.02521777	1.04900396	0.00000000	0.00000000	0.00000000	0.00000000
0.06553600	0.99976426	1.01260734	1.00540316	0.98794734	0.00000000	0.00000000	0.00000000	0.00000000
0.07208960	1.00097620	1.01776791	1.01838946	1.00479746	0.00000000	0.00000000	0.00000000	0.00000000
0.07864320	0.99925625	0.99576670	0.96228701	0.99323016	0.00000000	0.00000000	0.00000000	0.00000000
0.08519680	1.00037622	0.97053283	1.00090778	0.99265307	0.00000000	0.00000000	0.00000000	0.00000000
0.09175040	0.99962986	0.98384231	1.05216610	0.97077310	0.00000000	0.00000000	0.00000000	0.00000000
0.09830400	0.99976468	0.99217314	0.99955773	0.98678994	0.00000000	0.00000000	0.00000000	0.00000000
0.10485760	1.00054109	0.98925781	1.04632068	0.99183470	0.00000000	0.00000000	0.00000000	0.00000000
0.11796480	1.00021899	1.00165856	0.99126571	1.00677121	0.00000000	0.00000000	0.00000000	0.00000000
0.13107200	0.99992549	0.98027694	1.02766573	0.98980522	0.00000000	0.00000000	0.00000000	0.00000000
0.14417920	1.00076139	1.01908541	0.98069131	1.01974952	0.00000000	0.00000000	0.00000000	0.00000000
0.15728641	1.00016725	1.00025570	0.99345762	0.98095447	0.00000000	0.00000000	0.00000000	0.00000000
0.17039360	1.00044441	1.02056813	0.98990399	0.98745942	0.00000000	0.00000000	0.00000000	0.00000000
0.18350080	1.00032711	0.96813565	0.96453202	1.00256729	0.00000000	0.00000000	0.00000000	0.00000000
0.19660801	0.99991018	0.98544580	0.98557329	1.01876843	0.00000000	0.00000000	0.00000000	0.00000000
0.20971520	0.99961966	1.01635885	0.97429204	1.00102270	0.00000000	0.00000000	0.00000000	0.00000000
0.23592959	1.00001109	0.99292159	1.03009486	0.99206668	0.00000000	0.00000000	0.00000000	0.00000000
0.26214400	0.99983072	0.99236304	0.96875083	0.99151379	0.00000000	0.00000000	0.00000000	0.00000000
0.28835839	0.99972969	0.97934473	0.95178962	1.01308191	0.00000000	0.00000000	0.00000000	0.00000000
0.31457281	1.00000656	1.02835381	0.98645902	1.02652860	0.00000000	0.00000000	0.00000000	0.00000000
0.34078720	0.99997401	0.98027867	0.99543607	1.00496864	0.00000000	0.00000000	0.00000000	0.00000000
0.36700159	1.00033164	0.96966785	1.02172732	0.98636562	0.00000000	0.00000000	0.00000000	0.00000000
0.39321601	1.00003123	0.98574787	1.01087153	0.97797245	0.00000000	0.00000000	0.00000000	0.00000000
0.41943040	1.00019157	0.98880476	0.97658497	0.98589700	0.00000000	0.00000000	0.00000000	0.00000000
0.47185919	0.99983984	1.01625943	1.02283573	0.99742711	0.00000000	0.00000000	0.00000000	0.00000000
0.52428800	1.00031245	0.97572142	1.00041080	0.98816967	0.00000000	0.00000000	0.00000000	0.00000000
0.57671678	1.00006843	1.00750816	1.01102126	0.99937886	0.00000000	0.00000000	0.00000000	0.00000000
0.62914562	0.99983871	1.00566280	0.99620956	1.01774025	0.00000000	0.00000000	0.00000000	0.00000000
0.68157440	1.00009155	1.00015855	0.97853893	1.00018537	0.00000000	0.00000000	0.00000000	0.00000000
0.73400319	0.99998975	1.03200209	0.98706579	0.99785060	0.00000000	0.00000000	0.00000000	0.00000000
0.78643203	0.99970967	1.01320660	0.98359704	0.98923546	0.00000000	0.00000000	0.00000000	0.00000000
0.83886081	0.99972391	0.97746533	1.01105809	1.00063431	0.00000000	0.00000000	0.00000000	0.00000000
0.94371837	0.99959427	1.00065565	1.00633538	1.01802754	0.00000000	0.00000000	0.00000000	0.00000000
1.04857600	0.99993235	0.99063587	1.01584554	0.99291295	0.00000000	0.00000000	0.00000000	0.00000000
1.15343356	1.00049555	1.00630522	0.99828702	0.99072820	0.00000000	0.00000000	0.00000000	0.00000000
1.25829124	0.99987489	0.98308706	0.99860793	0.98927301	0.00000000	0.00000000	0.00000000	0.00000000
1.36314881	1.00016630	1.01196861	0.99731064	0.98160034	0.00000000	0.00000000	0.00000000	0.00000000
1.46800637	0.99999499	1.01298892	1.00791276	0.98095381	0.00000000	0.00000000	0.00000000	0.00000000
1.57286406	1.00003779	0.98953122	0.99248970	0.99543571	0.00000000	0.00000000	0.00000000	0.00000000
1.67772162	1.00023603	1.01280677	0.98469388	1.01508737	0.00000000	0.00000000	0.00000000	0.00000000
1.88743675	0.99988687	0.99903947	1.00391352	1.00351191	0.00000000	0.00000000	0.00000000	0.00000000
2.09715199	0.99968559	1.01060319	0.99415892	0.99580032	0.00000000	0.00000000	0.00000000	0.00000000
2.30686712	1.00011575	0.99265391	1.00062048	0.99222982	0.00000000	0.00000000	0.00000000	0.00000000
2.51658249	0.99979287	0.99614167	1.00756443	1.00505674	0.00000000	0.00000000	0.00000000	0.00000000
2.72629762	0.99988794	0.99733150	0.98317295	1.00882280	0.00000000	0.00000000	0.00000000	0.00000000
2.93601274	1.00020552	1.00154042	1.02424359	0.99096215	0.00000000	0.00000000	0.00000000	0.00000000
3.14572811	1.00012410	1.00005901	0.97637796	1.00082529	0.00000000	0.00000000	0.00000000	0.00000000
3.35544324	0.99939549	0.99905241	1.01797175	1.00524473	0.00000000	0.00000000	0.00000000	0.00000000
3.77487350	0.00000000	0.00000000	0.00000000	0.00000000	0.00000000	0.00000000	0.00000000	0.00000000
4.19430399	0.00000000	0.00000000	0.00000000	0.00000000	0.00000000	0.00000000	0.00000000	0.00000000
4.61373425	0.00000000	0.00000000	0.00000000	0.00000000	0.00000000	0.00000000	0.00000000	0.00000000
5.03316498	0.00000000	0.00000000	0.00000000	0.00000000	0.00000000	0.00000000	0.00000000	0.00000000
5.45259523	0.00000000	0.00000000	0.00000000	0.00000000	0.00000000	0.00000000	0.00000000	0.00000000
5.87202549	0.00000000	0.00000000	0.00000000	0.00000000	0.00000000	0.00000000	0.00000000	0.00000000
6.29145622	0.00000000	0.00000000	0.00000000	0.00000000	0.00000000	0.00000000	0.00000000	0.00000000
6.71088648	0.00000000	0.00000000	0.00000000	0.00000000	0.00000000	0.00000000	0.00000000	0.00000000
7.54974699	0.00000000	0.00000000	0.00000000	0.00000000	0.00000000	0.00000000	0.00000000	0.00000000
8.38860798	0.00000000	0.00000000	0.00000000	0.00000000	0.00000000	0.00000000	0.00000000	0.00000000
9.22746849	0.00000000	0.00000000	0.00000000	0.00000000	0.00000000	0.00000000	0.00000000	0.00000000
10.06632996	0.00000000	0.00000000	0.00000000	0.00000000	0.00000000	0.00000000	0.00000000	0.00000000
10.90519047	0.00000000	0.00000000	0.00000000	0.00000000	0.00000000	0.00000000	0.00000000	0.00000000
11.74405098	0.00000000	0.00000000	0.00000000	0.00000000	0.00000000	0.00000000	0.00000000	0.00000000
12.58291245	0.00000000	0.00000000	0.00000000	0.00000000	0.00000000	0.00000000	0.00000000	0.00000000
13.42177296	0.00000000	0.00000000	0.00000000	0.00000000	0.00000000	0.00000000	0.00000000	0.00000000
15.09949398	0.00000000	0.00000000	0.00000000	0.00000000	0.00000000	0.00000000	0.00000000	0.00000000
16.77721596	0.00000000	0.00000000	0.00000000	0.00000000	0.00000000	0.00000000	0.00000000	0.00000000
18.45493698	0.00000000	0.00000000	0.00000000	0.00000000	0.00000000	0.00000000	0.00000000	0.00000000
20.13265991	0.00000000	0.00000000	0.00000000	0.00000000	0.00000000	0.00000000	0.00000000	0.00000000
21.81038094	0.00000000	0.00000000	0.00000000	0.00000000	0.00000000	0.00000000	0.00000000	0.00000000
23.48810196	0.00000000	0.00000000	0.00000000	0.00000000	0.00000000	0.00000000	0.00000000	0.00000000
25.16582489	0.00000000	0.00000000	0.00000000	0.00000000	0.00000000	0.00000000	0.00000000	0.00000000
26.84354591	0.00000000	0.00000000	0.00000000	0.00000000	0.00000000	0.00000000	0.00000000	0.00000000
30.19898796	0.00000000	0.00000000	0.00000000	0.00000000	0.00000000	0.00000000	0.00000000	0.00000000
33.55443192	0.00000000	0.00000000	0.00000000	0.00000000	0.00000000	0.00000000	0.00000000	0.00000000
36.90987396	0.00000000	0.00000000	0.00000000	0.00000000	0.00000000	0.00000000	0.00000000	0.00000000
40.26531982	0.00000000	0.00000000	0.00000000	0.00000000	0.00000000	0.00000000	0.00000000	0.00000000
43.62076187	0.00000000	0.00000000	0.00000000	0.00000000	0.00000000	0.00000000	0.00000000	0.00000000
46.97620392	0.00000000	0.00000000	0.00000000	0.00000000	0.00000000	0.00000000	0.00000000	0.00000000
50.33164978	0.00000000	0.00000000	0.00000000	0.00000000	0.00000000	0.00000000	0.00000000	0.00000000
53.68709183	0.00000000	0.00000000	0.00000000	0.00000000	0.00000000	0.00000000	0.00000000	0.00000000
60.39797592	0.00000000	0.00000000	0.00000000	0.00000000	0.00000000	0.00000000	0.00000000	0.00000000
67.10886383	0.00000000	0.00000000	0.00000000	0.00000000	0.00000000	0.00000000	0.00000000	0.00000000
73.81974792	0.00000000	0.00000000	0.00000000	0.00000000	0.00000000	0.00000000	0.00000000	0.00000000
80.53063965	0.00000000	0.00000000	0.00000000	0.00000000	0.00000000	0.00000000	0.00000000	0.00000000
87.24152374	0.00000000	0.00000000	0.00000000	0.00000000	0.00000000	0.00000000	0.00000000	0.00000000
93.95240784	0.00000000	0.00000000	0.00000000	0.00000000	0.00000000	0.00000000	0.00000000	0.00000000
100.66329956	0.00000000	0.00000000	0.00000000	0.00000000	0.00000000	0.00000000	0.00000000	0.00000000
107.37418365	0.00000000	0.00000000	0.00000000	0.00000000	0.00000000	0.00000000	0.00000000	0.00000000
120.79595184	0.00000000	0.00000000	0.00000000	0.00000000	0.00000000	0.00000000	0.00000000	0.00000000
134.21772766	0.00000000	0.00000000	0.00000000	0.00000000	0.00000000	0.00000000	0.00000000	0.00000000
147.63949585	0.00000000	0.00000000	0.00000000	0.00000000	0.00000000	0.00000000	0.00000000	0.00000000
161.06127930	0.00000000	0.00000000	0.00000000	0.00000000	0.00000000	0.00000000	0.00000000	0.00000000
174.48304749	0.00000000	0.00000000	0.00000000	0.00000000	0.00000000	0.00000000	0.00000000	0.00000000
187.90481567	0.00000000	0.00000000	0.00000000	0.00000000	0.00000000	0.00000000	0.00000000	0.00000000
201.32659912	0.00000000	0.00000000	0.00000000	0.00000000	0.00000000	0.00000000	0.00000000	0.00000000
214.74836731	0.00000000	0.00000000	0.00000000	0.00000000	0.00000000	0.00000000	0.00000000	0.00000000
241.59190369	0.00000000	0.00000000	0.00000000	0.00000000	0.00000000	0.00000000	0.00000000	0.00000000
268.43545532	0.00000000	0.00000000	0.00000000	0.00000000	0.00000000	0.00000000	0.00000000	0.00000000
295.27899170	0.00000000	0.00000000	0.00000000	0.00000000	0.00000000	0.00000000	0.00000000	0.00000000
322.12255859	0.00000000	0.00000000	0.00000000	0.00000000	0.00000000	0.00000000	0.00000000	0.00000000
348.96609497	0.00000000	0.00000000	0.00000000	0.00000000	0.00000000	0.00000000	0.00000000	0.00000000
375.80963135	0.00000000	0.00000000	0.00000000	0.00000000	0.00000000	0.00000000	0.00000000	0.00000000
402.65319824	0.00000000	0.00000000	0.00000000	0.00000000	0.00000000	0.00000000	0.00000000	0.00000000
429.49673462	0.00000000	0.00000000	0.00000000	0.00000000	0.00000000	0.00000000	0.00000000	0.00000000
483.18380737	0.00000000	0.00000000	0.00000000	0.00000000	0.00000000	0.00000000	0.00000000	0.00000000
536.87091064	0.00000000	0.00000000	0.00000000	0.00000000	0.00000000	0.00000000	0.00000000	0.00000000
590.55798340	0.00000000	0.00000000	0.00000000	0.00000000	0.00000000	0.00000000	0.00000000	0.00000000
644.24511719	0.00000000	0.00000000	0.00000000	0.00000000	0.00000000	0.00000000	0.00000000	0.00000000
697.93218994	0.00000000	0.00000000	0.00000000	0.00000000	0.00000000	0.00000000	0.00000000	0.00000000
751.61926270	0.00000000	0.00000000	0.00000000	0.00000000	0.00000000	0.00000000	0.00000000	0.00000000
805.30639648	0.00000000	0.00000000	0.00000000	0.00000000	0.00000000	0.00000000	0.00000000	0.00000000
858.99346924	0.00000000	0.00000000	0.00000000	0.00000000	0.00000000	0.00000000	0.00000000	0.00000000
966.36761475	0.00000000	0.00000000	0.00000000	0.00000000	0.00000000	0.00000000	0.00000000	0.00000000
1073.74182129	0.00000000	0.00000000	0.00000000	0.00000000	0.00000000	0.00000000	0.00000000	0.00000000
1181.11596680	0.00000000	0.00000000	0.00000000	0.00000000	0.00000000	0.00000000	0.00000000	0.00000000
1288.49023437	0.00000000	0.00000000	0.00000000	0.00000000	0.00000000	0.00000000	0.00000000	0.00000000
1395.86437988	0.00000000	0.00000000	0.00000000	0.00000000	0.00000000	0.00000000	0.00000000	0.00000000
1503.23852539	0.00000000	0.00000000	0.00000000	0.00000000	0.00000000	0.00000000	0.00000000	0.00000000
1610.61279297	0.00000000	0.00000000	0.00000000	0.00000000	0.00000000	0.00000000	0.00000000	0.00000000
1717.98693848	0.00000000	0.00000000	0.00000000	0.00000000	0.00000000	0.00000000	0.00000000	0.00000000
1932.73522949	0.00000000	0.00000000	0.00000000	0.00000000	0.00000000	0.00000000	0.00000000	0.00000000
2147.48364258	0.00000000	0.00000000	0.00000000	0.00000000	0.00000000	0.00000000	0.00000000	0.00000000
2362.23193359	0.00000000	0.00000000	0.00000000	0.00000000	0.00000000	0.00000000	0.00000000	0.00000000
2576.98046875	0.00000000	0.00000000	0.00000000	0.00000000	0.00000000	0.00000000	0.00000000	0.00000000
2791.72875977	0.00000000	0.00000000	0.00000000	0.00000000	0.00000000	0.00000000	0.00000000	0.00000000
3006.47705078	0.00000000	0.00000000	0.00000000	0.00000000	0.00000000	0.00000000	0.00000000	0.00000000
3221.22558594	0.00000000	0.00000000	0.00000000	0.00000000	0.00000000	0.00000000	0.00000000	0.00000000
3435.97387695	0.00000000	0.00000000	0.00000000	0.00000000	0.00000000	0.00000000	0.00000000	0.00000000
0	0	0	0	0	0	0	0	0
