%10/31/2018 4:05:53 PM
%Duration	ID1		ID2		ID3		ID4		ID5		ID6		ID7		ID8
2000.000000	49.991608	0.362396	0.333786	0.476837	0.000000	0.000000	0.000000	0.000000
%Tau		Tau1		Tau2		Tau3		Tau4		Tau5		Tau6		Tau7		Tau8
%		0.000042	0.000001	0.000001	0.000001	0.000000	0.000000	0.000000	0.000000
%Delaytime	D1		D2		D3		D4		D5		D6		D7		D8
0.00000020	2.52922344	133.44306946	219.05110168	26.08138466	0.00000000	0.00000000	0.00000000	0.00000000
0.00000040	1.52776182	0.00000000	0.00000000	0.00000000	0.00000000	0.00000000	0.00000000	0.00000000
0.00000060	1.46596944	0.00000000	0.00000000	0.00000000	0.00000000	0.00000000	0.00000000	0.00000000
0.00000080	1.52136946	0.00000000	0.00000000	0.00000000	0.00000000	0.00000000	0.00000000	0.00000000
0.00000100	1.48940802	0.00000000	27.38138771	0.00000000	0.00000000	0.00000000	0.00000000	0.00000000
0.00000120	1.54906952	0.00000000	0.00000000	0.00000000	0.00000000	0.00000000	0.00000000	0.00000000
0.00000140	1.43826950	0.00000000	0.00000000	0.00000000	0.00000000	0.00000000	0.00000000	0.00000000
0.00000160	1.56398487	0.00000000	0.00000000	0.00000000	0.00000000	0.00000000	0.00000000	0.00000000
0.00000180	1.54693878	0.00000000	0.00000000	0.00000000	0.00000000	0.00000000	0.00000000	0.00000000
0.00000200	1.42335415	0.00000000	0.00000000	0.00000000	0.00000000	0.00000000	0.00000000	0.00000000
0.00000220	1.48301566	0.00000000	0.00000000	0.00000000	0.00000000	0.00000000	0.00000000	0.00000000
0.00000240	1.64282334	0.00000000	0.00000000	0.00000000	0.00000000	0.00000000	0.00000000	0.00000000
0.00000260	1.44040024	0.00000000	0.00000000	0.00000000	0.00000000	0.00000000	0.00000000	0.00000000
0.00000280	1.52350032	0.00000000	27.38138771	0.00000000	0.00000000	0.00000000	0.00000000	0.00000000
0.00000300	1.51284647	0.00000000	0.00000000	0.00000000	0.00000000	0.00000000	0.00000000	0.00000000
0.00000320	1.40630794	0.00000000	0.00000000	0.00000000	0.00000000	0.00000000	0.00000000	0.00000000
0.00000360	1.42441952	0.00000000	0.00000000	0.00000000	0.00000000	0.00000000	0.00000000	0.00000000
0.00000400	1.46490407	0.00000000	0.00000000	0.00000000	0.00000000	0.00000000	0.00000000	0.00000000
0.00000440	1.42868102	0.00000000	0.00000000	0.00000000	0.00000000	0.00000000	0.00000000	0.00000000
0.00000480	1.45318484	0.00000000	0.00000000	0.00000000	0.00000000	0.00000000	0.00000000	0.00000000
0.00000520	1.47768879	0.00000000	0.00000000	0.00000000	0.00000000	0.00000000	0.00000000	0.00000000
0.00000560	1.42122328	0.00000000	0.00000000	0.00000000	0.00000000	0.00000000	0.00000000	0.00000000
0.00000600	1.42228878	0.00000000	0.00000000	0.00000000	0.00000000	0.00000000	0.00000000	0.00000000
0.00000640	1.48088491	0.00000000	0.00000000	0.00000000	0.00000000	0.00000000	0.00000000	0.00000000
0.00000720	1.42441952	0.00000000	0.00000000	0.00000000	0.00000000	0.00000000	0.00000000	0.00000000
0.00000800	1.42708290	0.00000000	0.00000000	0.00000000	0.00000000	0.00000000	0.00000000	0.00000000
0.00000880	1.42495215	0.00000000	0.00000000	0.00000000	0.00000000	0.00000000	0.00000000	0.00000000
0.00000960	1.40470982	0.00000000	6.84534693	0.00000000	0.00000000	0.00000000	0.00000000	0.00000000
0.00001040	1.37434638	0.00000000	0.00000000	6.52034616	0.00000000	0.00000000	0.00000000	0.00000000
0.00001120	1.34238482	0.00000000	0.00000000	0.00000000	0.00000000	0.00000000	0.00000000	0.00000000
0.00001200	1.35676754	0.00000000	6.84534693	0.00000000	0.00000000	0.00000000	0.00000000	0.00000000
0.00001280	1.42122328	0.00000000	0.00000000	0.00000000	0.00000000	0.00000000	0.00000000	0.00000000
0.00001440	1.39725220	0.00000000	10.26802063	0.00000000	0.00000000	0.00000000	0.00000000	0.00000000
0.00001600	1.35223973	3.33607674	0.00000000	0.00000000	0.00000000	0.00000000	0.00000000	0.00000000
0.00001760	1.34265125	0.00000000	3.42267346	0.00000000	0.00000000	0.00000000	0.00000000	0.00000000
0.00001920	1.34052038	0.00000000	0.00000000	3.26017308	0.00000000	0.00000000	0.00000000	0.00000000
0.00002080	1.29950309	0.00000000	3.42267346	0.00000000	0.00000000	0.00000000	0.00000000	0.00000000
0.00002240	1.32560503	0.00000000	0.00000000	0.00000000	0.00000000	0.00000000	0.00000000	0.00000000
0.00002400	1.27313483	0.00000000	3.42267346	0.00000000	0.00000000	0.00000000	0.00000000	0.00000000
0.00002560	1.26354635	3.33607674	0.00000000	0.00000000	0.00000000	0.00000000	0.00000000	0.00000000
0.00002880	1.29515934	0.00000000	0.00000000	0.00000000	0.00000000	0.00000000	0.00000000	0.00000000
0.00003200	1.24847484	0.00000000	0.00000000	1.62265170	0.00000000	0.00000000	0.00000000	0.00000000
0.00003520	1.25447714	0.00000000	1.70333982	1.62265170	0.00000000	0.00000000	0.00000000	0.00000000
0.00003840	1.26021266	0.00000000	3.40667963	4.86795521	0.00000000	0.00000000	0.00000000	0.00000000
0.00004160	1.21246123	0.00000000	1.70333982	0.00000000	0.00000000	0.00000000	0.00000000	0.00000000
0.00004480	1.22326529	1.66034269	0.00000000	1.62265170	0.00000000	0.00000000	0.00000000	0.00000000
0.00004800	1.20565856	0.00000000	0.00000000	1.62265170	0.00000000	0.00000000	0.00000000	0.00000000
0.00005120	1.18244982	0.00000000	1.70333982	1.62265170	0.00000000	0.00000000	0.00000000	0.00000000
0.00005760	1.16818500	0.83209193	3.39079762	2.43397760	0.00000000	0.00000000	0.00000000	0.00000000
0.00006400	1.15465188	0.00000000	0.00000000	0.00000000	0.00000000	0.00000000	0.00000000	0.00000000
0.00007040	1.14124024	0.00000000	0.00000000	0.81132585	0.00000000	0.00000000	0.00000000	0.00000000
0.00007680	1.12584054	2.49627590	0.84769940	2.43397760	0.00000000	0.00000000	0.00000000	0.00000000
0.00008320	1.12691891	0.00000000	0.84769940	0.81132585	0.00000000	0.00000000	0.00000000	0.00000000
0.00008960	1.09985256	0.83209193	0.00000000	0.81132585	0.00000000	0.00000000	0.00000000	0.00000000
0.00009600	1.10517442	2.49627590	0.84769940	3.24530339	0.00000000	0.00000000	0.00000000	0.00000000
0.00010240	1.08957481	0.00000000	0.00000000	1.62265170	0.00000000	0.00000000	0.00000000	0.00000000
0.00011520	1.07358623	1.25684083	0.42286229	0.00000000	0.00000000	0.00000000	0.00000000	0.00000000
0.00012800	1.07287514	0.41894692	0.84572458	0.81318140	0.00000000	0.00000000	0.00000000	0.00000000
0.00014080	1.05471981	1.25684083	0.00000000	0.00000000	0.00000000	0.00000000	0.00000000	0.00000000
0.00015360	1.04828656	0.41894692	0.84572458	0.40659070	0.00000000	0.00000000	0.00000000	0.00000000
0.00016640	1.03334153	0.83789384	0.84572458	0.81318140	0.00000000	0.00000000	0.00000000	0.00000000
0.00017920	1.03278553	0.41894692	0.84572458	1.21977210	0.00000000	0.00000000	0.00000000	0.00000000
0.00019200	1.02145195	2.93262839	0.84572458	0.00000000	0.00000000	0.00000000	0.00000000	0.00000000
0.00020480	1.01920807	0.83789384	0.00000000	0.40659070	0.00000000	0.00000000	0.00000000	0.00000000
0.00023040	1.02077699	1.23952520	1.48347402	0.81132585	0.00000000	0.00000000	0.00000000	0.00000000
0.00025600	1.01251090	1.44611263	0.84769940	0.60849440	0.00000000	0.00000000	0.00000000	0.00000000
0.00028160	1.01194406	0.61976260	0.84769940	0.81132585	0.00000000	0.00000000	0.00000000	0.00000000
0.00030720	1.01370668	1.03293765	1.90732372	1.41982031	0.00000000	0.00000000	0.00000000	0.00000000
0.00033280	1.00362217	0.82635009	0.63577455	0.81132585	0.00000000	0.00000000	0.00000000	0.00000000
0.00035840	0.99394399	1.85928774	0.84769940	0.40566292	0.00000000	0.00000000	0.00000000	0.00000000
0.00038400	0.99823815	1.44611263	0.84769940	0.20283146	0.00000000	0.00000000	0.00000000	0.00000000
0.00040960	1.00046945	0.82635009	0.63577455	1.21698880	0.00000000	0.00000000	0.00000000	0.00000000
0.00046080	1.00311995	0.51646882	0.95144016	1.01415730	0.00000000	0.00000000	0.00000000	0.00000000
0.00051200	1.00066280	1.03293765	0.95144016	0.50707865	0.00000000	0.00000000	0.00000000	0.00000000
0.00056320	0.99304146	0.82635009	0.95144016	0.60849440	0.00000000	0.00000000	0.00000000	0.00000000
0.00061440	0.99929678	0.82539916	1.16287136	1.41982031	0.00000000	0.00000000	0.00000000	0.00000000
0.00066560	0.99551725	1.44444859	0.74000901	1.31840456	0.00000000	0.00000000	0.00000000	0.00000000
0.00071680	0.99883235	1.03174901	1.16287136	0.70991015	0.00000000	0.00000000	0.00000000	0.00000000
0.00076800	1.00242233	0.41269958	0.84572458	1.11557305	0.00000000	0.00000000	0.00000000	0.00000000
0.00081920	0.99812835	1.03174901	0.42286229	0.40566292	0.00000000	0.00000000	0.00000000	0.00000000
0.00092160	0.99423850	0.82635009	1.10485673	0.85227680	0.00000000	0.00000000	0.00000000	0.00000000
0.00102400	0.99496424	1.13623142	0.89440781	1.00267851	0.00000000	0.00000000	0.00000000	0.00000000
0.00112640	0.99621034	1.34281898	1.21008110	0.60160714	0.00000000	0.00000000	0.00000000	0.00000000
0.00122880	0.99731702	1.18787825	1.10485673	1.20458162	0.00000000	0.00000000	0.00000000	0.00000000
0.00133120	0.99773079	0.92964387	0.84179556	1.20458162	0.00000000	0.00000000	0.00000000	0.00000000
0.00143360	1.00551951	1.39446580	0.99963224	0.85324526	0.00000000	0.00000000	0.00000000	0.00000000
0.00153600	1.00153065	1.03293765	1.05224442	0.85324526	0.00000000	0.00000000	0.00000000	0.00000000
0.00163840	0.99855036	1.29117203	0.68395889	1.20458162	0.00000000	0.00000000	0.00000000	0.00000000
0.00184320	0.99561107	0.93394279	1.13776851	0.97318804	0.00000000	0.00000000	0.00000000	0.00000000
0.00204800	0.99892443	0.83017135	1.05838931	1.24767697	0.00000000	0.00000000	0.00000000	0.00000000
0.00225280	1.00161350	0.85710394	1.11130881	1.19776988	0.00000000	0.00000000	0.00000000	0.00000000
0.00245760	1.00527620	1.01294100	1.05838931	0.84842032	0.00000000	0.00000000	0.00000000	0.00000000
0.00266240	1.00316501	0.93502247	1.03313363	0.97318804	0.00000000	0.00000000	0.00000000	0.00000000
0.00286720	1.00193381	1.37656093	1.27154911	1.24767697	0.00000000	0.00000000	0.00000000	0.00000000
0.00307200	0.99864775	0.90904963	1.03313363	0.97318804	0.00000000	0.00000000	0.00000000	0.00000000
0.00327680	1.00270975	1.09085953	0.92717123	0.82346678	0.00000000	0.00000000	0.00000000	0.00000000
0.00368640	0.99723369	1.19613218	0.90173286	1.09920335	0.00000000	0.00000000	0.00000000	0.00000000
0.00409600	0.99953651	1.02711356	0.92825443	1.12418532	0.00000000	0.00000000	0.00000000	0.00000000
0.00450560	0.99929255	1.04011488	1.10064447	1.07422149	0.00000000	0.00000000	0.00000000	0.00000000
0.00491520	0.99912488	1.05311632	0.96803671	1.14916718	0.00000000	0.00000000	0.00000000	0.00000000
0.00532480	1.00022495	0.97510773	0.94151515	1.01176679	0.00000000	0.00000000	0.00000000	0.00000000
0.00573440	0.99379951	0.94800889	1.08738375	1.06173050	0.00000000	0.00000000	0.00000000	0.00000000
0.00614400	0.99936002	1.02592742	1.00781906	0.84938443	0.00000000	0.00000000	0.00000000	0.00000000
0.00655360	0.99764287	1.12981880	0.94151515	1.13667619	0.00000000	0.00000000	0.00000000	0.00000000
0.00737280	0.99824250	0.96637136	1.14698327	0.90549177	0.00000000	0.00000000	0.00000000	0.00000000
0.00819200	0.99710011	0.95988566	0.96241122	0.96208501	0.00000000	0.00000000	0.00000000	0.00000000
0.00901120	1.00151110	1.07014275	0.92286009	0.98611701	0.00000000	0.00000000	0.00000000	0.00000000
0.00983040	1.00066853	0.97285706	1.01514614	1.21713245	0.00000000	0.00000000	0.00000000	0.00000000
0.01064960	0.99870324	1.03771424	1.05592787	1.07910717	0.00000000	0.00000000	0.00000000	0.00000000
0.01146880	1.00241530	0.84962851	0.86454099	0.94108176	0.00000000	0.00000000	0.00000000	0.00000000
0.01228800	1.00376546	0.97398174	1.16812027	0.87933999	0.00000000	0.00000000	0.00000000	0.00000000
0.01310720	0.99884635	1.02592742	0.96465987	1.12929809	0.00000000	0.00000000	0.00000000	0.00000000
0.01474560	0.99913758	1.02711904	1.08106315	1.05295753	0.00000000	0.00000000	0.00000000	0.00000000
0.01638400	0.99879289	1.01528847	1.02503252	0.90750396	0.00000000	0.00000000	0.00000000	0.00000000
0.01802240	1.00096750	1.04132152	1.03821623	0.92647618	0.00000000	0.00000000	0.00000000	0.00000000
0.01966080	1.00124824	1.04457569	0.87773770	1.00754285	0.00000000	0.00000000	0.00000000	0.00000000
0.02129920	1.00177801	0.96647656	1.02292740	0.97485065	0.00000000	0.00000000	0.00000000	0.00000000
0.02293760	1.00185609	1.02830505	0.89858359	0.99265307	0.00000000	0.00000000	0.00000000	0.00000000
0.02457600	1.00111878	1.00017285	1.04063904	1.02532840	0.00000000	0.00000000	0.00000000	0.00000000
0.02621440	0.99945676	1.07184649	1.02200997	0.92542696	0.00000000	0.00000000	0.00000000	0.00000000
0.02949120	1.00057936	1.03969455	0.97519082	0.95760995	0.00000000	0.00000000	0.00000000	0.00000000
0.03276800	1.00070798	1.00389910	0.97301215	0.99807531	0.00000000	0.00000000	0.00000000	0.00000000
0.03604480	0.99960315	0.95130444	0.99240243	0.99017912	0.00000000	0.00000000	0.00000000	0.00000000
0.03932160	1.00113869	1.00994647	0.97528559	1.01987016	0.00000000	0.00000000	0.00000000	0.00000000
0.04259840	1.00020301	0.99739081	1.00186920	0.95061970	0.00000000	0.00000000	0.00000000	0.00000000
0.04587520	1.00091362	1.00064492	1.02512980	1.02459180	0.00000000	0.00000000	0.00000000	0.00000000
0.04915200	0.99946028	0.97135776	1.00899780	1.00211728	0.00000000	0.00000000	0.00000000	0.00000000
0.05242880	0.99944991	0.97085178	0.99240243	0.99739033	0.00000000	0.00000000	0.00000000	0.00000000
0.05898240	0.99984515	1.00413561	0.97383833	1.05678916	0.00000000	0.00000000	0.00000000	0.00000000
0.06553600	0.99980921	0.98046082	1.00333309	0.97184062	0.00000000	0.00000000	0.00000000	0.00000000
0.07208960	1.00091290	0.99693495	1.03899157	0.99780881	0.00000000	0.00000000	0.00000000	0.00000000
0.07864320	1.00007296	0.97901618	0.98728144	0.98588240	0.00000000	0.00000000	0.00000000	0.00000000
0.08519680	1.00029290	1.00752330	0.96028584	0.97976184	0.00000000	0.00000000	0.00000000	0.00000000
0.09175040	1.00066733	1.04704154	0.97435898	0.94918913	0.00000000	0.00000000	0.00000000	0.00000000
0.09830400	0.99905288	0.95783949	1.00118864	0.97105640	0.00000000	0.00000000	0.00000000	0.00000000
0.10485760	0.99976206	1.01148283	0.99290067	0.91961491	0.00000000	0.00000000	0.00000000	0.00000000
0.11796480	1.00007737	1.03806460	1.00470984	1.00456619	0.00000000	0.00000000	0.00000000	0.00000000
0.13107200	1.00030935	1.01524055	0.99394017	0.98618323	0.00000000	0.00000000	0.00000000	0.00000000
0.14417920	0.99971259	1.03010488	1.02408302	1.02409112	0.00000000	0.00000000	0.00000000	0.00000000
0.15728641	1.00046003	0.98391503	0.98709774	1.02344048	0.00000000	0.00000000	0.00000000	0.00000000
0.17039360	0.99950475	0.96355665	0.98670560	0.99032313	0.00000000	0.00000000	0.00000000	0.00000000
0.18350080	0.99995887	1.03040147	1.00480545	0.99110061	0.00000000	0.00000000	0.00000000	0.00000000
0.19660801	0.99941736	0.96693826	1.00831211	1.00740528	0.00000000	0.00000000	0.00000000	0.00000000
0.20971520	1.00008798	1.01057231	1.00978458	1.00496697	0.00000000	0.00000000	0.00000000	0.00000000
0.23592959	1.00000405	1.01964462	1.01533639	0.99813765	0.00000000	0.00000000	0.00000000	0.00000000
0.26214400	0.99960697	0.99732924	1.00604737	1.00899184	0.00000000	0.00000000	0.00000000	0.00000000
0.28835839	0.99985433	0.97038960	0.98968685	0.99328506	0.00000000	0.00000000	0.00000000	0.00000000
0.31457281	1.00027001	0.99220407	1.01483941	0.98522645	0.00000000	0.00000000	0.00000000	0.00000000
0.34078720	0.99978554	1.00951612	0.99765396	0.96441168	0.00000000	0.00000000	0.00000000	0.00000000
0.36700159	0.99966389	1.01606834	0.99984533	1.00214052	0.00000000	0.00000000	0.00000000	0.00000000
0.39321601	0.99986833	0.99142671	1.01561964	0.99329984	0.00000000	0.00000000	0.00000000	0.00000000
0.41943040	0.99976701	0.98659819	1.01023018	1.01359701	0.00000000	0.00000000	0.00000000	0.00000000
0.47185919	1.00041842	0.98787642	0.99394864	0.99113762	0.00000000	0.00000000	0.00000000	0.00000000
0.52428800	0.99984968	0.99489105	1.00177300	0.99081320	0.00000000	0.00000000	0.00000000	0.00000000
0.57671678	0.99990052	1.00654316	0.99904364	1.00907910	0.00000000	0.00000000	0.00000000	0.00000000
0.62914562	0.99999028	0.99733549	0.99466676	0.99808788	0.00000000	0.00000000	0.00000000	0.00000000
0.68157440	1.00006080	1.02301753	0.99260443	0.99903232	0.00000000	0.00000000	0.00000000	0.00000000
0.73400319	1.00048172	0.99863434	0.98130268	1.01851857	0.00000000	0.00000000	0.00000000	0.00000000
0.78643203	1.00067592	1.00576115	0.99646467	1.00807142	0.00000000	0.00000000	0.00000000	0.00000000
0.83886081	0.99969780	0.99126637	0.99185342	0.99244076	0.00000000	0.00000000	0.00000000	0.00000000
0.94371837	0.99973798	0.98929554	1.00487053	1.00071919	0.00000000	0.00000000	0.00000000	0.00000000
1.04857600	0.99967670	0.97883636	0.98575497	0.98796958	0.00000000	0.00000000	0.00000000	0.00000000
1.15343356	1.00025237	0.98810136	1.01863682	1.00659001	0.00000000	0.00000000	0.00000000	0.00000000
1.25829124	1.00031173	1.00194395	0.99975705	0.98557281	0.00000000	0.00000000	0.00000000	0.00000000
1.36314881	0.99991143	1.01048279	0.99841696	1.01713693	0.00000000	0.00000000	0.00000000	0.00000000
1.46800637	1.00006759	1.01015854	1.00520039	0.99215126	0.00000000	0.00000000	0.00000000	0.00000000
1.57286406	1.00008929	1.00076628	1.00338721	1.01085210	0.00000000	0.00000000	0.00000000	0.00000000
1.67772162	1.00008726	0.99654788	0.99861807	0.99236602	0.00000000	0.00000000	0.00000000	0.00000000
1.88743675	1.00017691	1.00007069	0.98822874	0.99941987	0.00000000	0.00000000	0.00000000	0.00000000
2.09715199	0.99966896	1.00040805	1.00559175	0.99852246	0.00000000	0.00000000	0.00000000	0.00000000
2.30686712	1.00029838	0.97965544	0.99130595	1.00227273	0.00000000	0.00000000	0.00000000	0.00000000
2.51658249	1.00003505	0.97302926	0.99912030	1.00233722	0.00000000	0.00000000	0.00000000	0.00000000
2.72629762	1.00006855	1.00580454	1.00796318	0.99460220	0.00000000	0.00000000	0.00000000	0.00000000
2.93601274	0.99935663	0.98638123	1.00877428	1.00008965	0.00000000	0.00000000	0.00000000	0.00000000
3.14572811	1.00065506	0.98593765	1.01377416	0.99444640	0.00000000	0.00000000	0.00000000	0.00000000
3.35544324	0.99991208	1.01454043	0.99080521	1.00547349	0.00000000	0.00000000	0.00000000	0.00000000
3.77487350	0.00000000	0.00000000	0.00000000	0.00000000	0.00000000	0.00000000	0.00000000	0.00000000
4.19430399	0.00000000	0.00000000	0.00000000	0.00000000	0.00000000	0.00000000	0.00000000	0.00000000
4.61373425	0.00000000	0.00000000	0.00000000	0.00000000	0.00000000	0.00000000	0.00000000	0.00000000
5.03316498	0.00000000	0.00000000	0.00000000	0.00000000	0.00000000	0.00000000	0.00000000	0.00000000
5.45259523	0.00000000	0.00000000	0.00000000	0.00000000	0.00000000	0.00000000	0.00000000	0.00000000
5.87202549	0.00000000	0.00000000	0.00000000	0.00000000	0.00000000	0.00000000	0.00000000	0.00000000
6.29145622	0.00000000	0.00000000	0.00000000	0.00000000	0.00000000	0.00000000	0.00000000	0.00000000
6.71088648	0.00000000	0.00000000	0.00000000	0.00000000	0.00000000	0.00000000	0.00000000	0.00000000
7.54974699	0.00000000	0.00000000	0.00000000	0.00000000	0.00000000	0.00000000	0.00000000	0.00000000
8.38860798	0.00000000	0.00000000	0.00000000	0.00000000	0.00000000	0.00000000	0.00000000	0.00000000
9.22746849	0.00000000	0.00000000	0.00000000	0.00000000	0.00000000	0.00000000	0.00000000	0.00000000
10.06632996	0.00000000	0.00000000	0.00000000	0.00000000	0.00000000	0.00000000	0.00000000	0.00000000
10.90519047	0.00000000	0.00000000	0.00000000	0.00000000	0.00000000	0.00000000	0.00000000	0.00000000
11.74405098	0.00000000	0.00000000	0.00000000	0.00000000	0.00000000	0.00000000	0.00000000	0.00000000
12.58291245	0.00000000	0.00000000	0.00000000	0.00000000	0.00000000	0.00000000	0.00000000	0.00000000
13.42177296	0.00000000	0.00000000	0.00000000	0.00000000	0.00000000	0.00000000	0.00000000	0.00000000
15.09949398	0.00000000	0.00000000	0.00000000	0.00000000	0.00000000	0.00000000	0.00000000	0.00000000
16.77721596	0.00000000	0.00000000	0.00000000	0.00000000	0.00000000	0.00000000	0.00000000	0.00000000
18.45493698	0.00000000	0.00000000	0.00000000	0.00000000	0.00000000	0.00000000	0.00000000	0.00000000
20.13265991	0.00000000	0.00000000	0.00000000	0.00000000	0.00000000	0.00000000	0.00000000	0.00000000
21.81038094	0.00000000	0.00000000	0.00000000	0.00000000	0.00000000	0.00000000	0.00000000	0.00000000
23.48810196	0.00000000	0.00000000	0.00000000	0.00000000	0.00000000	0.00000000	0.00000000	0.00000000
25.16582489	0.00000000	0.00000000	0.00000000	0.00000000	0.00000000	0.00000000	0.00000000	0.00000000
26.84354591	0.00000000	0.00000000	0.00000000	0.00000000	0.00000000	0.00000000	0.00000000	0.00000000
30.19898796	0.00000000	0.00000000	0.00000000	0.00000000	0.00000000	0.00000000	0.00000000	0.00000000
33.55443192	0.00000000	0.00000000	0.00000000	0.00000000	0.00000000	0.00000000	0.00000000	0.00000000
36.90987396	0.00000000	0.00000000	0.00000000	0.00000000	0.00000000	0.00000000	0.00000000	0.00000000
40.26531982	0.00000000	0.00000000	0.00000000	0.00000000	0.00000000	0.00000000	0.00000000	0.00000000
43.62076187	0.00000000	0.00000000	0.00000000	0.00000000	0.00000000	0.00000000	0.00000000	0.00000000
46.97620392	0.00000000	0.00000000	0.00000000	0.00000000	0.00000000	0.00000000	0.00000000	0.00000000
50.33164978	0.00000000	0.00000000	0.00000000	0.00000000	0.00000000	0.00000000	0.00000000	0.00000000
53.68709183	0.00000000	0.00000000	0.00000000	0.00000000	0.00000000	0.00000000	0.00000000	0.00000000
60.39797592	0.00000000	0.00000000	0.00000000	0.00000000	0.00000000	0.00000000	0.00000000	0.00000000
67.10886383	0.00000000	0.00000000	0.00000000	0.00000000	0.00000000	0.00000000	0.00000000	0.00000000
73.81974792	0.00000000	0.00000000	0.00000000	0.00000000	0.00000000	0.00000000	0.00000000	0.00000000
80.53063965	0.00000000	0.00000000	0.00000000	0.00000000	0.00000000	0.00000000	0.00000000	0.00000000
87.24152374	0.00000000	0.00000000	0.00000000	0.00000000	0.00000000	0.00000000	0.00000000	0.00000000
93.95240784	0.00000000	0.00000000	0.00000000	0.00000000	0.00000000	0.00000000	0.00000000	0.00000000
100.66329956	0.00000000	0.00000000	0.00000000	0.00000000	0.00000000	0.00000000	0.00000000	0.00000000
107.37418365	0.00000000	0.00000000	0.00000000	0.00000000	0.00000000	0.00000000	0.00000000	0.00000000
120.79595184	0.00000000	0.00000000	0.00000000	0.00000000	0.00000000	0.00000000	0.00000000	0.00000000
134.21772766	0.00000000	0.00000000	0.00000000	0.00000000	0.00000000	0.00000000	0.00000000	0.00000000
147.63949585	0.00000000	0.00000000	0.00000000	0.00000000	0.00000000	0.00000000	0.00000000	0.00000000
161.06127930	0.00000000	0.00000000	0.00000000	0.00000000	0.00000000	0.00000000	0.00000000	0.00000000
174.48304749	0.00000000	0.00000000	0.00000000	0.00000000	0.00000000	0.00000000	0.00000000	0.00000000
187.90481567	0.00000000	0.00000000	0.00000000	0.00000000	0.00000000	0.00000000	0.00000000	0.00000000
201.32659912	0.00000000	0.00000000	0.00000000	0.00000000	0.00000000	0.00000000	0.00000000	0.00000000
214.74836731	0.00000000	0.00000000	0.00000000	0.00000000	0.00000000	0.00000000	0.00000000	0.00000000
241.59190369	0.00000000	0.00000000	0.00000000	0.00000000	0.00000000	0.00000000	0.00000000	0.00000000
268.43545532	0.00000000	0.00000000	0.00000000	0.00000000	0.00000000	0.00000000	0.00000000	0.00000000
295.27899170	0.00000000	0.00000000	0.00000000	0.00000000	0.00000000	0.00000000	0.00000000	0.00000000
322.12255859	0.00000000	0.00000000	0.00000000	0.00000000	0.00000000	0.00000000	0.00000000	0.00000000
348.96609497	0.00000000	0.00000000	0.00000000	0.00000000	0.00000000	0.00000000	0.00000000	0.00000000
375.80963135	0.00000000	0.00000000	0.00000000	0.00000000	0.00000000	0.00000000	0.00000000	0.00000000
402.65319824	0.00000000	0.00000000	0.00000000	0.00000000	0.00000000	0.00000000	0.00000000	0.00000000
429.49673462	0.00000000	0.00000000	0.00000000	0.00000000	0.00000000	0.00000000	0.00000000	0.00000000
483.18380737	0.00000000	0.00000000	0.00000000	0.00000000	0.00000000	0.00000000	0.00000000	0.00000000
536.87091064	0.00000000	0.00000000	0.00000000	0.00000000	0.00000000	0.00000000	0.00000000	0.00000000
590.55798340	0.00000000	0.00000000	0.00000000	0.00000000	0.00000000	0.00000000	0.00000000	0.00000000
644.24511719	0.00000000	0.00000000	0.00000000	0.00000000	0.00000000	0.00000000	0.00000000	0.00000000
697.93218994	0.00000000	0.00000000	0.00000000	0.00000000	0.00000000	0.00000000	0.00000000	0.00000000
751.61926270	0.00000000	0.00000000	0.00000000	0.00000000	0.00000000	0.00000000	0.00000000	0.00000000
805.30639648	0.00000000	0.00000000	0.00000000	0.00000000	0.00000000	0.00000000	0.00000000	0.00000000
858.99346924	0.00000000	0.00000000	0.00000000	0.00000000	0.00000000	0.00000000	0.00000000	0.00000000
966.36761475	0.00000000	0.00000000	0.00000000	0.00000000	0.00000000	0.00000000	0.00000000	0.00000000
1073.74182129	0.00000000	0.00000000	0.00000000	0.00000000	0.00000000	0.00000000	0.00000000	0.00000000
1181.11596680	0.00000000	0.00000000	0.00000000	0.00000000	0.00000000	0.00000000	0.00000000	0.00000000
1288.49023437	0.00000000	0.00000000	0.00000000	0.00000000	0.00000000	0.00000000	0.00000000	0.00000000
1395.86437988	0.00000000	0.00000000	0.00000000	0.00000000	0.00000000	0.00000000	0.00000000	0.00000000
1503.23852539	0.00000000	0.00000000	0.00000000	0.00000000	0.00000000	0.00000000	0.00000000	0.00000000
1610.61279297	0.00000000	0.00000000	0.00000000	0.00000000	0.00000000	0.00000000	0.00000000	0.00000000
1717.98693848	0.00000000	0.00000000	0.00000000	0.00000000	0.00000000	0.00000000	0.00000000	0.00000000
1932.73522949	0.00000000	0.00000000	0.00000000	0.00000000	0.00000000	0.00000000	0.00000000	0.00000000
2147.48364258	0.00000000	0.00000000	0.00000000	0.00000000	0.00000000	0.00000000	0.00000000	0.00000000
2362.23193359	0.00000000	0.00000000	0.00000000	0.00000000	0.00000000	0.00000000	0.00000000	0.00000000
2576.98046875	0.00000000	0.00000000	0.00000000	0.00000000	0.00000000	0.00000000	0.00000000	0.00000000
2791.72875977	0.00000000	0.00000000	0.00000000	0.00000000	0.00000000	0.00000000	0.00000000	0.00000000
3006.47705078	0.00000000	0.00000000	0.00000000	0.00000000	0.00000000	0.00000000	0.00000000	0.00000000
3221.22558594	0.00000000	0.00000000	0.00000000	0.00000000	0.00000000	0.00000000	0.00000000	0.00000000
3435.97387695	0.00000000	0.00000000	0.00000000	0.00000000	0.00000000	0.00000000	0.00000000	0.00000000
0	0	0	0	0	0	0	0	0
