%12/22/2018 12:31:46 PM
%Duration	ID1		ID2		ID3		ID4		ID5		ID6		ID7		ID8
1000.000000	188.207626	0.391006	0.543594	0.486374	0.000000	0.000000	0.000000	0.000000
%Tau		Tau1		Tau2		Tau3		Tau4		Tau5		Tau6		Tau7		Tau8
%		0.000096	0.000001	0.000001	0.000001	0.000000	0.000000	0.000000	0.000000
%Delaytime	D1		D2		D3		D4		D5		D6		D7		D8
0.00000020	1.71186590	109.59133911	118.55684662	0.00000000	0.00000000	0.00000000	0.00000000	0.00000000
0.00000040	1.50419605	0.00000000	59.27842331	0.00000000	0.00000000	0.00000000	0.00000000	0.00000000
0.00000060	1.49319172	0.00000000	0.00000000	0.00000000	0.00000000	0.00000000	0.00000000	0.00000000
0.00000080	1.51068568	0.00000000	0.00000000	0.00000000	0.00000000	0.00000000	0.00000000	0.00000000
0.00000100	1.50391388	0.00000000	0.00000000	0.00000000	0.00000000	0.00000000	0.00000000	0.00000000
0.00000120	1.48698425	0.00000000	0.00000000	0.00000000	0.00000000	0.00000000	0.00000000	0.00000000
0.00000140	1.45510018	0.00000000	0.00000000	0.00000000	0.00000000	0.00000000	0.00000000	0.00000000
0.00000160	1.48021233	0.00000000	0.00000000	0.00000000	0.00000000	0.00000000	0.00000000	0.00000000
0.00000180	1.46130764	0.00000000	0.00000000	0.00000000	0.00000000	0.00000000	0.00000000	0.00000000
0.00000200	1.47795510	0.00000000	59.27842331	0.00000000	0.00000000	0.00000000	0.00000000	0.00000000
0.00000220	1.45566440	0.00000000	0.00000000	0.00000000	0.00000000	0.00000000	0.00000000	0.00000000
0.00000240	1.47513354	0.00000000	0.00000000	0.00000000	0.00000000	0.00000000	0.00000000	0.00000000
0.00000260	1.47880161	0.00000000	0.00000000	0.00000000	0.00000000	0.00000000	0.00000000	0.00000000
0.00000280	1.45594656	0.00000000	0.00000000	0.00000000	0.00000000	0.00000000	0.00000000	0.00000000
0.00000300	1.43591321	0.00000000	0.00000000	0.00000000	0.00000000	0.00000000	0.00000000	0.00000000
0.00000320	1.46102548	0.00000000	0.00000000	0.00000000	0.00000000	0.00000000	0.00000000	0.00000000
0.00000360	1.47569788	0.00000000	0.00000000	0.00000000	0.00000000	0.00000000	0.00000000	0.00000000
0.00000400	1.46187198	0.00000000	0.00000000	0.00000000	0.00000000	0.00000000	0.00000000	0.00000000
0.00000440	1.42744839	0.00000000	0.00000000	0.00000000	0.00000000	0.00000000	0.00000000	0.00000000
0.00000480	1.45016229	0.00000000	0.00000000	0.00000000	0.00000000	0.00000000	0.00000000	0.00000000
0.00000520	1.42801273	0.00000000	0.00000000	0.00000000	0.00000000	0.00000000	0.00000000	0.00000000
0.00000560	1.45608771	0.00000000	0.00000000	0.00000000	0.00000000	0.00000000	0.00000000	0.00000000
0.00000600	1.44973910	0.00000000	0.00000000	0.00000000	0.00000000	0.00000000	0.00000000	0.00000000
0.00000640	1.44719970	0.00000000	0.00000000	0.00000000	0.00000000	0.00000000	0.00000000	0.00000000
0.00000720	1.43908751	0.00000000	0.00000000	0.00000000	0.00000000	0.00000000	0.00000000	0.00000000
0.00000800	1.45665205	0.00000000	0.00000000	0.00000000	0.00000000	0.00000000	0.00000000	0.00000000
0.00000880	1.43718290	0.00000000	0.00000000	0.00000000	0.00000000	0.00000000	0.00000000	0.00000000
0.00000960	1.44409585	0.00000000	0.00000000	0.00000000	0.00000000	0.00000000	0.00000000	0.00000000
0.00001040	1.44494236	0.00000000	0.00000000	0.00000000	0.00000000	0.00000000	0.00000000	0.00000000
0.00001120	1.41764331	13.69891739	14.81960583	0.00000000	0.00000000	0.00000000	0.00000000	0.00000000
0.00001200	1.43414974	0.00000000	0.00000000	0.00000000	0.00000000	0.00000000	0.00000000	0.00000000
0.00001280	1.41820765	0.00000000	14.81960583	0.00000000	0.00000000	0.00000000	0.00000000	0.00000000
0.00001440	1.42628455	0.00000000	0.00000000	0.00000000	0.00000000	0.00000000	0.00000000	0.00000000
0.00001600	1.40484035	0.00000000	0.00000000	0.00000000	0.00000000	0.00000000	0.00000000	0.00000000
0.00001760	1.39164937	0.00000000	0.00000000	0.00000000	0.00000000	0.00000000	0.00000000	0.00000000
0.00001920	1.41171801	6.84945869	0.00000000	0.00000000	0.00000000	0.00000000	0.00000000	0.00000000
0.00002080	1.39718676	0.00000000	0.00000000	0.00000000	0.00000000	0.00000000	0.00000000	0.00000000
0.00002240	1.38508916	0.00000000	0.00000000	0.00000000	0.00000000	0.00000000	0.00000000	0.00000000
0.00002400	1.36942923	6.84945869	0.00000000	0.00000000	0.00000000	0.00000000	0.00000000	0.00000000
0.00002560	1.36643124	0.00000000	0.00000000	0.00000000	0.00000000	0.00000000	0.00000000	0.00000000
0.00002880	1.35484254	3.28088284	0.00000000	4.10623693	0.00000000	0.00000000	0.00000000	0.00000000
0.00003200	1.33955705	0.00000000	0.00000000	0.00000000	0.00000000	0.00000000	0.00000000	0.00000000
0.00003520	1.33892918	0.00000000	0.00000000	0.00000000	0.00000000	0.00000000	0.00000000	0.00000000
0.00003840	1.33803976	3.28088284	0.00000000	0.00000000	0.00000000	0.00000000	0.00000000	0.00000000
0.00004160	1.30912292	0.00000000	0.00000000	0.00000000	0.00000000	0.00000000	0.00000000	0.00000000
0.00004480	1.31625617	3.28088284	0.00000000	0.00000000	0.00000000	0.00000000	0.00000000	0.00000000
0.00004800	1.28969383	0.00000000	0.00000000	0.00000000	0.00000000	0.00000000	0.00000000	0.00000000
0.00005120	1.28917062	0.00000000	0.00000000	0.00000000	0.00000000	0.00000000	0.00000000	0.00000000
0.00005760	1.26793134	3.29641366	0.00000000	0.00000000	0.00000000	0.00000000	0.00000000	0.00000000
0.00006400	1.24548542	3.29641366	1.93893492	0.00000000	0.00000000	0.00000000	0.00000000	0.00000000
0.00007040	1.23817444	0.00000000	1.93893492	2.02099729	0.00000000	0.00000000	0.00000000	0.00000000
0.00007680	1.22411287	0.00000000	0.00000000	4.04199457	0.00000000	0.00000000	0.00000000	0.00000000
0.00008320	1.20645487	1.64820683	0.00000000	0.00000000	0.00000000	0.00000000	0.00000000	0.00000000
0.00008960	1.19911778	1.64820683	1.93893492	4.04199457	0.00000000	0.00000000	0.00000000	0.00000000
0.00009600	1.19193769	0.00000000	0.00000000	0.00000000	0.00000000	0.00000000	0.00000000	0.00000000
0.00010240	1.17828417	0.00000000	0.00000000	0.00000000	0.00000000	0.00000000	0.00000000	0.00000000
0.00011520	1.15088511	0.00000000	0.93088561	0.00000000	0.00000000	0.00000000	0.00000000	0.00000000
0.00012800	1.13483298	1.63273084	0.00000000	0.00000000	0.00000000	0.00000000	0.00000000	0.00000000
0.00014080	1.12377274	0.81636542	1.86177123	1.01049864	0.00000000	0.00000000	0.00000000	0.00000000
0.00015360	1.10918200	0.81636542	0.93088561	1.01049864	0.00000000	0.00000000	0.00000000	0.00000000
0.00016640	1.09447217	0.00000000	0.00000000	0.00000000	0.00000000	0.00000000	0.00000000	0.00000000
0.00017920	1.08052790	0.00000000	0.00000000	1.01049864	0.00000000	0.00000000	0.00000000	0.00000000
0.00019200	1.07368410	0.00000000	0.93088561	1.01049864	0.00000000	0.00000000	0.00000000	0.00000000
0.00020480	1.06508470	0.00000000	0.00000000	1.01049864	0.00000000	0.00000000	0.00000000	0.00000000
0.00023040	1.05687439	0.80121279	2.30399990	1.01581001	0.00000000	0.00000000	0.00000000	0.00000000
0.00025600	1.04936910	1.20181918	0.00000000	2.03162003	0.00000000	0.00000000	0.00000000	0.00000000
0.00028160	1.04049587	1.20181918	1.38240004	0.50790501	0.00000000	0.00000000	0.00000000	0.00000000
0.00030720	1.03120947	0.80121279	0.92159998	0.50790501	0.00000000	0.00000000	0.00000000	0.00000000
0.00033280	1.02846563	1.60242558	0.46079999	0.00000000	0.00000000	0.00000000	0.00000000	0.00000000
0.00035840	1.02193832	0.40060639	1.38240004	0.50790501	0.00000000	0.00000000	0.00000000	0.00000000
0.00038400	1.01938319	0.00000000	0.92159998	1.52371502	0.00000000	0.00000000	0.00000000	0.00000000
0.00040960	1.01745462	0.80121279	1.38240004	2.03162003	0.00000000	0.00000000	0.00000000	0.00000000
0.00046080	1.00886536	1.59498107	1.83401847	1.26312327	0.00000000	0.00000000	0.00000000	0.00000000
0.00051200	1.00486112	0.79749054	1.37551379	1.01049864	0.00000000	0.00000000	0.00000000	0.00000000
0.00056320	1.00440466	1.79435372	1.14626157	1.01049864	0.00000000	0.00000000	0.00000000	0.00000000
0.00061440	1.00149596	0.79749054	0.68775690	1.51574790	0.00000000	0.00000000	0.00000000	0.00000000
0.00066560	1.00090635	1.79435372	1.60476613	0.75787395	0.00000000	0.00000000	0.00000000	0.00000000
0.00071680	1.00084627	1.39560843	0.22925231	1.01049864	0.00000000	0.00000000	0.00000000	0.00000000
0.00076800	1.00018001	0.79749054	1.83401847	1.01049864	0.00000000	0.00000000	0.00000000	0.00000000
0.00081920	1.00106883	0.59811789	0.91700923	1.01049864	0.00000000	0.00000000	0.00000000	0.00000000
0.00092160	1.00218475	1.09654951	0.57028294	0.75000000	0.00000000	0.00000000	0.00000000	0.00000000
0.00102400	1.00611353	1.19623578	1.14056587	1.00000000	0.00000000	0.00000000	0.00000000	0.00000000
0.00112640	1.00521374	1.19623578	1.36867905	0.37402597	0.00000000	0.00000000	0.00000000	0.00000000
0.00122880	1.00638688	1.09654951	0.91245264	0.74805194	0.00000000	0.00000000	0.00000000	0.00000000
0.00133120	1.00430799	1.79435372	1.02650928	1.12207794	0.00000000	0.00000000	0.00000000	0.00000000
0.00143360	1.00468373	0.89717686	1.71084869	0.74805194	0.00000000	0.00000000	0.00000000	0.00000000
0.00153600	1.00149012	1.69466734	1.14056587	0.49870130	0.00000000	0.00000000	0.00000000	0.00000000
0.00163840	0.99986339	0.59811789	0.68433952	0.87272727	0.00000000	0.00000000	0.00000000	0.00000000
0.00184320	1.00799596	1.00855792	1.14912713	0.93022007	0.00000000	0.00000000	0.00000000	0.00000000
0.00204800	1.00122654	0.55470681	0.86184537	0.93022007	0.00000000	0.00000000	0.00000000	0.00000000
0.00225280	0.99937689	0.90770209	1.32149625	0.86820537	0.00000000	0.00000000	0.00000000	0.00000000
0.00245760	0.99796641	1.36155307	0.74506998	1.11626410	0.00000000	0.00000000	0.00000000	0.00000000
0.00266240	0.99697638	1.21026945	1.20058060	0.86820537	0.00000000	0.00000000	0.00000000	0.00000000
0.00286720	1.00201559	1.05898571	0.91472811	1.11626410	0.00000000	0.00000000	0.00000000	0.00000000
0.00307200	0.99729794	1.10941362	0.85755759	0.99223471	0.00000000	0.00000000	0.00000000	0.00000000
0.00327680	0.99426395	1.10941362	0.74321657	0.93022007	0.00000000	0.00000000	0.00000000	0.00000000
0.00368640	0.99348307	0.96719033	0.76988190	1.27460277	0.00000000	0.00000000	0.00000000	0.00000000
0.00409600	0.99495459	0.99264270	0.62731123	0.90154833	0.00000000	0.00000000	0.00000000	0.00000000
0.00450560	0.99986982	0.89083314	1.08623958	0.74610895	0.00000000	0.00000000	0.00000000	0.00000000
0.00491520	0.99711215	1.14535689	1.11482489	0.90154833	0.00000000	0.00000000	0.00000000	0.00000000
0.00532480	0.99816477	0.89083314	1.08623958	1.27460277	0.00000000	0.00000000	0.00000000	0.00000000
0.00573440	1.00542331	1.04354739	0.71285367	0.90154833	0.00000000	0.00000000	0.00000000	0.00000000
0.00614400	1.00372577	1.06899977	0.96948093	0.74610895	0.00000000	0.00000000	0.00000000	0.00000000
0.00655360	0.99669021	1.11990452	1.34016490	0.90154833	0.00000000	0.00000000	0.00000000	0.00000000
0.00737280	1.00055671	1.16993248	1.18628800	1.09910560	0.00000000	0.00000000	0.00000000	0.00000000
0.00819200	1.00087535	0.99857032	0.82897234	0.90065593	0.00000000	0.00000000	0.00000000	0.00000000
0.00901120	1.00202692	1.11528635	1.01730716	1.00751340	0.00000000	0.00000000	0.00000000	0.00000000
0.00983040	1.00229859	0.97494370	1.12911749	1.08384013	0.00000000	0.00000000	0.00000000	0.00000000
0.01064960	1.00011551	1.23200238	1.12911749	0.76524514	0.00000000	0.00000000	0.00000000	0.00000000
0.01146880	1.00253844	1.12825477	0.84326500	1.05603826	0.00000000	0.00000000	0.00000000	0.00000000
0.01228800	1.00057936	1.00914741	0.94331336	1.07412589	0.00000000	0.00000000	0.00000000	0.00000000
0.01310720	1.00101221	1.27481341	1.07194698	0.81326675	0.00000000	0.00000000	0.00000000	0.00000000
0.01474560	1.00069988	1.05293918	1.04529464	1.00750005	0.00000000	0.00000000	0.00000000	0.00000000
0.01638400	1.00233769	1.02044106	0.89596683	0.88310283	0.00000000	0.00000000	0.00000000	0.00000000
0.01802240	0.99908984	1.04643965	1.05240548	1.00245118	0.00000000	0.00000000	0.00000000	0.00000000
0.01966080	0.99893492	1.16993248	0.87463427	1.00245118	0.00000000	0.00000000	0.00000000	0.00000000
0.02129920	0.99706638	0.93372810	0.96235836	1.13254023	0.00000000	0.00000000	0.00000000	0.00000000
0.02293760	0.99980432	1.06989682	1.11640310	0.92832690	0.00000000	0.00000000	0.00000000	0.00000000
0.02457600	0.99898928	1.04796076	1.02396202	0.90766197	0.00000000	0.00000000	0.00000000	0.00000000
0.02621440	1.00195599	1.03659070	0.93863189	1.19995999	0.00000000	0.00000000	0.00000000	0.00000000
0.02949120	0.99881005	1.11286640	0.97317922	1.02923417	0.00000000	0.00000000	0.00000000	0.00000000
0.03276800	0.99875700	1.00900245	1.05840659	0.91827583	0.00000000	0.00000000	0.00000000	0.00000000
0.03604480	0.99933666	0.99032885	0.99831671	0.93073815	0.00000000	0.00000000	0.00000000	0.00000000
0.03932160	0.99988413	1.03430343	1.00549877	1.13457751	0.00000000	0.00000000	0.00000000	0.00000000
0.04259840	1.00140250	0.98841834	1.04859161	0.89612395	0.00000000	0.00000000	0.00000000	0.00000000
0.04587520	1.00017321	0.87251264	0.98640615	0.98842853	0.00000000	0.00000000	0.00000000	0.00000000
0.04915200	0.99972528	0.97553998	1.05840659	0.98970389	0.00000000	0.00000000	0.00000000	0.00000000
0.05242880	1.00069654	1.03027320	0.87262934	0.96535236	0.00000000	0.00000000	0.00000000	0.00000000
0.05898240	0.99914193	0.90152007	0.99112219	1.02039242	0.00000000	0.00000000	0.00000000	0.00000000
0.06553600	1.00051844	0.99718499	0.99940300	0.98458248	0.00000000	0.00000000	0.00000000	0.00000000
0.07208960	0.99827731	1.01675534	1.03701496	1.02956295	0.00000000	0.00000000	0.00000000	0.00000000
0.07864320	1.00047076	0.98447746	0.98149252	1.12503779	0.00000000	0.00000000	0.00000000	0.00000000
0.08519680	0.99958098	0.93121880	0.95700747	0.94773817	0.00000000	0.00000000	0.00000000	0.00000000
0.09175040	0.99922454	1.06927288	1.00548625	1.06014884	0.00000000	0.00000000	0.00000000	0.00000000
0.09830400	0.99931973	0.98353696	0.99900001	1.02989697	0.00000000	0.00000000	0.00000000	0.00000000
0.10485760	1.00128996	1.00780189	1.07280004	0.96965772	0.00000000	0.00000000	0.00000000	0.00000000
0.11796480	1.00084078	0.98600358	1.00589931	1.02070081	0.00000000	0.00000000	0.00000000	0.00000000
0.13107200	0.99904627	0.99711168	0.99476171	0.96218568	0.00000000	0.00000000	0.00000000	0.00000000
0.14417920	0.99975801	0.97874928	1.00928342	0.98983073	0.00000000	0.00000000	0.00000000	0.00000000
0.15728641	1.00041783	1.00903094	0.95462948	0.96523541	0.00000000	0.00000000	0.00000000	0.00000000
0.17039360	0.99999702	1.01253045	1.02336812	0.99475163	0.00000000	0.00000000	0.00000000	0.00000000
0.18350080	1.00077546	1.04190075	1.09576619	0.97509110	0.00000000	0.00000000	0.00000000	0.00000000
0.19660801	0.99940127	1.05969071	1.00691247	0.97074294	0.00000000	0.00000000	0.00000000	0.00000000
0.20971520	0.99902040	1.02542818	0.98294657	0.99210882	0.00000000	0.00000000	0.00000000	0.00000000
0.23592959	0.99987531	0.97494298	1.01362467	0.98859823	0.00000000	0.00000000	0.00000000	0.00000000
0.26214400	0.99942797	1.01395392	0.99252605	1.00285709	0.00000000	0.00000000	0.00000000	0.00000000
0.28835839	1.00024605	1.02413809	1.02320969	1.01910412	0.00000000	0.00000000	0.00000000	0.00000000
0.31457281	0.99906778	1.04284620	1.02801979	1.00475276	0.00000000	0.00000000	0.00000000	0.00000000
0.34078720	1.00012457	1.02065980	0.97699690	1.00376785	0.00000000	0.00000000	0.00000000	0.00000000
0.36700159	1.00055921	0.98487580	1.00907421	0.99479377	0.00000000	0.00000000	0.00000000	0.00000000
0.39321601	1.00028145	1.02596664	0.99542660	1.00582385	0.00000000	0.00000000	0.00000000	0.00000000
0.41943040	0.99980861	0.99570042	1.02771032	1.01178455	0.00000000	0.00000000	0.00000000	0.00000000
0.47185919	1.00003731	0.99500972	0.99065572	0.97571999	0.00000000	0.00000000	0.00000000	0.00000000
0.52428800	0.99953103	0.99990499	0.99554992	0.99869478	0.00000000	0.00000000	0.00000000	0.00000000
0.57671678	0.99958873	1.02406490	0.99486005	1.00152516	0.00000000	0.00000000	0.00000000	0.00000000
0.62914562	0.99944925	0.96898997	1.00726008	0.99901021	0.00000000	0.00000000	0.00000000	0.00000000
0.68157440	1.00048447	1.02265787	0.97862470	1.00708747	0.00000000	0.00000000	0.00000000	0.00000000
0.73400319	1.00016868	0.98068368	1.01938772	1.00554872	0.00000000	0.00000000	0.00000000	0.00000000
0.78643203	1.00005543	1.01897943	1.00959623	0.99353534	0.00000000	0.00000000	0.00000000	0.00000000
0.83886081	1.00068676	0.99669665	0.98782343	1.00341153	0.00000000	0.00000000	0.00000000	0.00000000
0.94371837	0.99959326	1.00216961	1.01034975	0.99651742	0.00000000	0.00000000	0.00000000	0.00000000
1.04857600	1.00008452	0.99849200	1.01893377	1.00646067	0.00000000	0.00000000	0.00000000	0.00000000
1.15343356	1.00046408	0.99758166	1.01065087	0.98910254	0.00000000	0.00000000	0.00000000	0.00000000
1.25829124	0.99982524	0.98305553	0.99683130	0.99236643	0.00000000	0.00000000	0.00000000	0.00000000
1.36314881	0.99933934	1.00660467	1.01265287	1.05324078	0.00000000	0.00000000	0.00000000	0.00000000
1.46800637	1.00018239	1.00949526	0.99009901	1.00431871	0.00000000	0.00000000	0.00000000	0.00000000
1.57286406	1.00043082	0.97165132	0.99784791	0.93331474	0.00000000	0.00000000	0.00000000	0.00000000
1.67772162	0.99981791	1.00000000	0.97788697	1.07112467	0.00000000	0.00000000	0.00000000	0.00000000
1.88743675	0.00000000	0.00000000	0.00000000	0.00000000	0.00000000	0.00000000	0.00000000	0.00000000
2.09715199	0.00000000	0.00000000	0.00000000	0.00000000	0.00000000	0.00000000	0.00000000	0.00000000
2.30686712	0.00000000	0.00000000	0.00000000	0.00000000	0.00000000	0.00000000	0.00000000	0.00000000
2.51658249	0.00000000	0.00000000	0.00000000	0.00000000	0.00000000	0.00000000	0.00000000	0.00000000
2.72629762	0.00000000	0.00000000	0.00000000	0.00000000	0.00000000	0.00000000	0.00000000	0.00000000
2.93601274	0.00000000	0.00000000	0.00000000	0.00000000	0.00000000	0.00000000	0.00000000	0.00000000
3.14572811	0.00000000	0.00000000	0.00000000	0.00000000	0.00000000	0.00000000	0.00000000	0.00000000
3.35544324	0.00000000	0.00000000	0.00000000	0.00000000	0.00000000	0.00000000	0.00000000	0.00000000
3.77487350	0.00000000	0.00000000	0.00000000	0.00000000	0.00000000	0.00000000	0.00000000	0.00000000
4.19430399	0.00000000	0.00000000	0.00000000	0.00000000	0.00000000	0.00000000	0.00000000	0.00000000
4.61373425	0.00000000	0.00000000	0.00000000	0.00000000	0.00000000	0.00000000	0.00000000	0.00000000
5.03316498	0.00000000	0.00000000	0.00000000	0.00000000	0.00000000	0.00000000	0.00000000	0.00000000
5.45259523	0.00000000	0.00000000	0.00000000	0.00000000	0.00000000	0.00000000	0.00000000	0.00000000
5.87202549	0.00000000	0.00000000	0.00000000	0.00000000	0.00000000	0.00000000	0.00000000	0.00000000
6.29145622	0.00000000	0.00000000	0.00000000	0.00000000	0.00000000	0.00000000	0.00000000	0.00000000
6.71088648	0.00000000	0.00000000	0.00000000	0.00000000	0.00000000	0.00000000	0.00000000	0.00000000
7.54974699	0.00000000	0.00000000	0.00000000	0.00000000	0.00000000	0.00000000	0.00000000	0.00000000
8.38860798	0.00000000	0.00000000	0.00000000	0.00000000	0.00000000	0.00000000	0.00000000	0.00000000
9.22746849	0.00000000	0.00000000	0.00000000	0.00000000	0.00000000	0.00000000	0.00000000	0.00000000
10.06632996	0.00000000	0.00000000	0.00000000	0.00000000	0.00000000	0.00000000	0.00000000	0.00000000
10.90519047	0.00000000	0.00000000	0.00000000	0.00000000	0.00000000	0.00000000	0.00000000	0.00000000
11.74405098	0.00000000	0.00000000	0.00000000	0.00000000	0.00000000	0.00000000	0.00000000	0.00000000
12.58291245	0.00000000	0.00000000	0.00000000	0.00000000	0.00000000	0.00000000	0.00000000	0.00000000
13.42177296	0.00000000	0.00000000	0.00000000	0.00000000	0.00000000	0.00000000	0.00000000	0.00000000
15.09949398	0.00000000	0.00000000	0.00000000	0.00000000	0.00000000	0.00000000	0.00000000	0.00000000
16.77721596	0.00000000	0.00000000	0.00000000	0.00000000	0.00000000	0.00000000	0.00000000	0.00000000
18.45493698	0.00000000	0.00000000	0.00000000	0.00000000	0.00000000	0.00000000	0.00000000	0.00000000
20.13265991	0.00000000	0.00000000	0.00000000	0.00000000	0.00000000	0.00000000	0.00000000	0.00000000
21.81038094	0.00000000	0.00000000	0.00000000	0.00000000	0.00000000	0.00000000	0.00000000	0.00000000
23.48810196	0.00000000	0.00000000	0.00000000	0.00000000	0.00000000	0.00000000	0.00000000	0.00000000
25.16582489	0.00000000	0.00000000	0.00000000	0.00000000	0.00000000	0.00000000	0.00000000	0.00000000
26.84354591	0.00000000	0.00000000	0.00000000	0.00000000	0.00000000	0.00000000	0.00000000	0.00000000
30.19898796	0.00000000	0.00000000	0.00000000	0.00000000	0.00000000	0.00000000	0.00000000	0.00000000
33.55443192	0.00000000	0.00000000	0.00000000	0.00000000	0.00000000	0.00000000	0.00000000	0.00000000
36.90987396	0.00000000	0.00000000	0.00000000	0.00000000	0.00000000	0.00000000	0.00000000	0.00000000
40.26531982	0.00000000	0.00000000	0.00000000	0.00000000	0.00000000	0.00000000	0.00000000	0.00000000
43.62076187	0.00000000	0.00000000	0.00000000	0.00000000	0.00000000	0.00000000	0.00000000	0.00000000
46.97620392	0.00000000	0.00000000	0.00000000	0.00000000	0.00000000	0.00000000	0.00000000	0.00000000
50.33164978	0.00000000	0.00000000	0.00000000	0.00000000	0.00000000	0.00000000	0.00000000	0.00000000
53.68709183	0.00000000	0.00000000	0.00000000	0.00000000	0.00000000	0.00000000	0.00000000	0.00000000
60.39797592	0.00000000	0.00000000	0.00000000	0.00000000	0.00000000	0.00000000	0.00000000	0.00000000
67.10886383	0.00000000	0.00000000	0.00000000	0.00000000	0.00000000	0.00000000	0.00000000	0.00000000
73.81974792	0.00000000	0.00000000	0.00000000	0.00000000	0.00000000	0.00000000	0.00000000	0.00000000
80.53063965	0.00000000	0.00000000	0.00000000	0.00000000	0.00000000	0.00000000	0.00000000	0.00000000
87.24152374	0.00000000	0.00000000	0.00000000	0.00000000	0.00000000	0.00000000	0.00000000	0.00000000
93.95240784	0.00000000	0.00000000	0.00000000	0.00000000	0.00000000	0.00000000	0.00000000	0.00000000
100.66329956	0.00000000	0.00000000	0.00000000	0.00000000	0.00000000	0.00000000	0.00000000	0.00000000
107.37418365	0.00000000	0.00000000	0.00000000	0.00000000	0.00000000	0.00000000	0.00000000	0.00000000
120.79595184	0.00000000	0.00000000	0.00000000	0.00000000	0.00000000	0.00000000	0.00000000	0.00000000
134.21772766	0.00000000	0.00000000	0.00000000	0.00000000	0.00000000	0.00000000	0.00000000	0.00000000
147.63949585	0.00000000	0.00000000	0.00000000	0.00000000	0.00000000	0.00000000	0.00000000	0.00000000
161.06127930	0.00000000	0.00000000	0.00000000	0.00000000	0.00000000	0.00000000	0.00000000	0.00000000
174.48304749	0.00000000	0.00000000	0.00000000	0.00000000	0.00000000	0.00000000	0.00000000	0.00000000
187.90481567	0.00000000	0.00000000	0.00000000	0.00000000	0.00000000	0.00000000	0.00000000	0.00000000
201.32659912	0.00000000	0.00000000	0.00000000	0.00000000	0.00000000	0.00000000	0.00000000	0.00000000
214.74836731	0.00000000	0.00000000	0.00000000	0.00000000	0.00000000	0.00000000	0.00000000	0.00000000
241.59190369	0.00000000	0.00000000	0.00000000	0.00000000	0.00000000	0.00000000	0.00000000	0.00000000
268.43545532	0.00000000	0.00000000	0.00000000	0.00000000	0.00000000	0.00000000	0.00000000	0.00000000
295.27899170	0.00000000	0.00000000	0.00000000	0.00000000	0.00000000	0.00000000	0.00000000	0.00000000
322.12255859	0.00000000	0.00000000	0.00000000	0.00000000	0.00000000	0.00000000	0.00000000	0.00000000
348.96609497	0.00000000	0.00000000	0.00000000	0.00000000	0.00000000	0.00000000	0.00000000	0.00000000
375.80963135	0.00000000	0.00000000	0.00000000	0.00000000	0.00000000	0.00000000	0.00000000	0.00000000
402.65319824	0.00000000	0.00000000	0.00000000	0.00000000	0.00000000	0.00000000	0.00000000	0.00000000
429.49673462	0.00000000	0.00000000	0.00000000	0.00000000	0.00000000	0.00000000	0.00000000	0.00000000
483.18380737	0.00000000	0.00000000	0.00000000	0.00000000	0.00000000	0.00000000	0.00000000	0.00000000
536.87091064	0.00000000	0.00000000	0.00000000	0.00000000	0.00000000	0.00000000	0.00000000	0.00000000
590.55798340	0.00000000	0.00000000	0.00000000	0.00000000	0.00000000	0.00000000	0.00000000	0.00000000
644.24511719	0.00000000	0.00000000	0.00000000	0.00000000	0.00000000	0.00000000	0.00000000	0.00000000
697.93218994	0.00000000	0.00000000	0.00000000	0.00000000	0.00000000	0.00000000	0.00000000	0.00000000
751.61926270	0.00000000	0.00000000	0.00000000	0.00000000	0.00000000	0.00000000	0.00000000	0.00000000
805.30639648	0.00000000	0.00000000	0.00000000	0.00000000	0.00000000	0.00000000	0.00000000	0.00000000
858.99346924	0.00000000	0.00000000	0.00000000	0.00000000	0.00000000	0.00000000	0.00000000	0.00000000
966.36761475	0.00000000	0.00000000	0.00000000	0.00000000	0.00000000	0.00000000	0.00000000	0.00000000
1073.74182129	0.00000000	0.00000000	0.00000000	0.00000000	0.00000000	0.00000000	0.00000000	0.00000000
1181.11596680	0.00000000	0.00000000	0.00000000	0.00000000	0.00000000	0.00000000	0.00000000	0.00000000
1288.49023437	0.00000000	0.00000000	0.00000000	0.00000000	0.00000000	0.00000000	0.00000000	0.00000000
1395.86437988	0.00000000	0.00000000	0.00000000	0.00000000	0.00000000	0.00000000	0.00000000	0.00000000
1503.23852539	0.00000000	0.00000000	0.00000000	0.00000000	0.00000000	0.00000000	0.00000000	0.00000000
1610.61279297	0.00000000	0.00000000	0.00000000	0.00000000	0.00000000	0.00000000	0.00000000	0.00000000
1717.98693848	0.00000000	0.00000000	0.00000000	0.00000000	0.00000000	0.00000000	0.00000000	0.00000000
1932.73522949	0.00000000	0.00000000	0.00000000	0.00000000	0.00000000	0.00000000	0.00000000	0.00000000
2147.48364258	0.00000000	0.00000000	0.00000000	0.00000000	0.00000000	0.00000000	0.00000000	0.00000000
2362.23193359	0.00000000	0.00000000	0.00000000	0.00000000	0.00000000	0.00000000	0.00000000	0.00000000
2576.98046875	0.00000000	0.00000000	0.00000000	0.00000000	0.00000000	0.00000000	0.00000000	0.00000000
2791.72875977	0.00000000	0.00000000	0.00000000	0.00000000	0.00000000	0.00000000	0.00000000	0.00000000
3006.47705078	0.00000000	0.00000000	0.00000000	0.00000000	0.00000000	0.00000000	0.00000000	0.00000000
3221.22558594	0.00000000	0.00000000	0.00000000	0.00000000	0.00000000	0.00000000	0.00000000	0.00000000
3435.97387695	0.00000000	0.00000000	0.00000000	0.00000000	0.00000000	0.00000000	0.00000000	0.00000000
0	0	0	0	0	0	0	0	0
