%4/2/2019 11:26:23 AM
%Duration	ID1		ID2		ID3		ID4		ID5		ID6		ID7		ID8
1000.000000	0.000000	0.505447	412.197113	349.855438	138.950348	48.131943	0.467300	985.078857
%Tau		Tau1		Tau2		Tau3		Tau4		Tau5		Tau6		Tau7		Tau8
%		0.000000	0.000001	0.000333	0.000256	0.000179	0.000115	0.000001	0.000002
%Delaytime	D1		D2		D3		D4		D5		D6		D7		D8
0.00000020	0.00000000	273.97833252	1.54015064	1.50828481	1.64754891	3.24736023	85.80779266	1.07774472
0.00000040	0.00000000	0.00000000	1.48784328	1.47923338	1.50635827	1.64128101	85.80779266	1.00442970
0.00000060	0.00000000	0.00000000	1.47581315	1.45230758	1.51366127	1.43447077	42.90389633	1.00493062
0.00000080	0.00000000	0.00000000	1.46749818	1.46284759	1.50489771	1.46967256	0.00000000	1.00067759
0.00000100	0.00000000	0.00000000	1.46419585	1.46798480	1.50100279	1.49607384	0.00000000	1.00461376
0.00000120	0.00000000	0.00000000	1.46372402	1.44858766	1.47617269	1.50047398	0.00000000	1.00032997
0.00000140	0.00000000	0.00000000	1.46289837	1.47622192	1.48639679	1.50487423	0.00000000	1.00125003
0.00000160	0.00000000	0.00000000	1.46519828	1.47923338	1.46740913	1.55767691	0.00000000	1.00017655
0.00000180	0.00000000	0.00000000	1.45888841	1.47693050	1.42797315	1.50927448	0.00000000	1.00271213
0.00000200	0.00000000	0.00000000	1.47752333	1.43787050	1.46497476	1.38166821	0.00000000	0.99932802
0.00000220	0.00000000	0.00000000	1.47593105	1.44548762	1.50489771	1.40806949	0.00000000	1.01071727
0.00000240	0.00000000	0.00000000	1.46124721	1.46674478	1.44598711	1.52247512	0.00000000	1.00123990
0.00000260	0.00000000	0.00000000	1.44968891	1.47312200	1.47471213	1.50927448	0.00000000	1.00479770
0.00000280	0.00000000	0.00000000	1.46295738	1.45230758	1.44550025	1.53567576	0.00000000	1.00063670
0.00000300	0.00000000	0.00000000	1.46826482	1.45097911	1.46789598	1.45207167	0.00000000	1.00411272
0.00000320	0.00000000	0.00000000	1.44856846	1.48144770	1.47714639	1.45647192	0.00000000	1.00294721
0.00000360	0.00000000	0.00000000	1.46219075	1.46284759	1.44598711	1.46747243	0.00000000	0.99936378
0.00000400	0.00000000	0.00000000	1.46988654	1.45314908	1.47714639	1.37946808	0.00000000	0.99911839
0.00000440	0.00000000	0.00000000	1.47725797	1.45111191	1.47860706	1.42127013	0.00000000	1.00173056
0.00000480	0.00000000	0.00000000	1.46186638	1.46134198	1.47325146	1.53347564	0.00000000	1.00131655
0.00000520	0.00000000	0.00000000	1.45673597	1.44052768	1.47179091	1.54887640	21.45194817	0.99678737
0.00000560	0.00000000	0.00000000	1.47519398	1.46395481	1.44963861	1.55987692	0.00000000	1.00006926
0.00000600	0.00000000	0.00000000	1.46163058	1.45598340	1.48931801	1.47187257	0.00000000	0.99956822
0.00000640	0.00000000	0.00000000	1.45992041	1.44429195	1.47276461	1.34646642	0.00000000	0.99546337
0.00000720	0.00000000	0.00000000	1.45427394	1.44998264	1.43016398	1.44657135	10.72597408	0.99818039
0.00000800	0.00000000	0.00000000	1.45414126	1.46366692	1.45377696	1.46307218	0.00000000	0.99564487
0.00000880	0.00000000	0.00000000	1.45142853	1.44993830	1.45633292	1.51697481	0.00000000	0.99840271
0.00000960	0.00000000	0.00000000	1.45403802	1.45040333	1.43929267	1.41136968	0.00000000	0.99688959
0.00001040	0.00000000	13.69891739	1.45987618	1.44289696	1.46923482	1.33216572	0.00000000	0.99655479
0.00001120	0.00000000	0.00000000	1.45002794	1.44555402	1.44014478	1.43227065	0.00000000	1.00004363
0.00001200	0.00000000	0.00000000	1.45313871	1.43915474	1.45608950	1.43337071	0.00000000	0.99941486
0.00001280	0.00000000	0.00000000	1.44536924	1.45064688	1.43892753	1.40586936	0.00000000	0.99770749
0.00001440	0.00000000	0.00000000	1.45103049	1.43902194	1.43996215	1.41411972	5.36298704	0.99972546
0.00001600	0.00000000	0.00000000	1.44710147	1.44122517	1.45608950	1.43667090	0.00000000	1.00121939
0.00001760	0.00000000	0.00000000	1.44373274	1.43296587	1.42803395	1.42677045	5.36298704	1.00278878
0.00001920	0.00000000	0.00000000	1.44451416	1.42950046	1.42085278	1.41356969	5.36298704	1.00111330
0.00002080	0.00000000	6.84945869	1.44593680	1.42883623	1.42675591	1.43282068	0.00000000	1.00310063
0.00002240	0.00000000	0.00000000	1.44166875	1.42858148	1.41866183	1.37451780	0.00000000	1.00320280
0.00002400	0.00000000	0.00000000	1.44231749	1.42781758	1.42194819	1.35911703	16.08896065	1.00125265
0.00002560	0.00000000	6.84945869	1.43886769	1.42540407	1.41707957	1.36351728	0.00000000	1.00083339
0.00002880	0.00000000	0.00000000	1.44532919	1.42590845	1.41151178	1.41290927	0.00000000	1.00025153
0.00003200	0.00000000	0.00000000	1.44158328	1.41533315	1.40265560	1.37809086	2.64751506	0.99744970
0.00003520	0.00000000	3.47478557	1.43947744	1.42173004	1.39235353	1.35374391	0.00000000	0.99998873
0.00003840	0.00000000	0.00000000	1.43408048	1.41055131	1.37787414	1.38604462	0.00000000	1.00234497
0.00004160	0.00000000	0.00000000	1.42693007	1.40894425	1.38006318	1.33520091	2.64751506	1.00378013
0.00004480	0.00000000	0.00000000	1.42804170	1.39667904	1.37426913	1.33022702	0.00000000	1.00250399
0.00004800	0.00000000	0.00000000	1.42732275	1.39327776	1.36885667	1.29071259	0.00000000	1.00063074
0.00005120	0.00000000	0.00000000	1.41890633	1.39101124	1.36047244	1.30148923	0.00000000	0.99934089
0.00005760	0.00000000	0.00000000	1.41189158	1.38094068	1.34878969	1.32344389	0.00000000	1.00036716
0.00006400	0.00000000	0.00000000	1.40763092	1.36871409	1.33574164	1.30180490	1.32375753	1.00198174
0.00007040	0.00000000	0.00000000	1.40004885	1.36050963	1.33082974	1.28918219	2.64751506	1.00030518
0.00007680	0.00000000	1.73739278	1.39444673	1.35169399	1.31752527	1.27556074	1.32375753	0.99982280
0.00008320	0.00000000	0.00000000	1.38722837	1.33827233	1.30933452	1.27084470	1.32375753	1.00249314
0.00008960	0.00000000	1.73739278	1.38321590	1.33505559	1.29450667	1.24268699	0.00000000	1.00109184
0.00009600	0.00000000	1.73739278	1.37523866	1.32334518	1.28755271	1.24740303	1.32375753	0.99901050
0.00010240	0.00000000	0.00000000	1.36841702	1.31621003	1.28700054	1.24976110	1.32375753	1.00202668
0.00011520	0.00000000	0.88581318	1.35515380	1.30117404	1.25991440	1.21658409	0.66187876	1.00031602
0.00012800	0.00000000	0.00000000	1.34678340	1.28723121	1.24479389	1.21524072	1.32375753	1.00134981
0.00014080	0.00000000	0.88581318	1.33494413	1.27295291	1.22676694	1.18608284	1.32375753	1.00091136
0.00015360	0.00000000	0.00000000	1.32132328	1.26204920	1.21051991	1.16133523	0.00000000	0.99999082
0.00016640	0.00000000	0.88581318	1.31034350	1.24707556	1.19536328	1.14220262	0.66187876	1.00078475
0.00017920	0.00000000	0.88581318	1.30033147	1.23639631	1.19034517	1.12293136	1.98563635	1.00136125
0.00019200	0.00000000	1.77162635	1.28728962	1.22520089	1.17480445	1.11073089	0.66187876	1.00100255
0.00020480	0.00000000	0.00000000	1.27725685	1.21224260	1.16345847	1.09136665	0.66187876	1.00089133
0.00023040	0.00000000	0.87719214	1.25551188	1.18892312	1.13574469	1.08405864	1.01854885	1.00094700
0.00025600	0.00000000	1.31578827	1.23759115	1.17074668	1.11900818	1.08563709	0.67903256	1.00062931
0.00028160	0.00000000	0.00000000	1.21991646	1.15201354	1.10714781	1.05100834	0.67903256	1.00118458
0.00030720	0.00000000	1.75438428	1.20291376	1.13903904	1.08891904	1.04420769	0.00000000	1.00041568
0.00033280	0.00000000	0.43859607	1.18543828	1.12409925	1.07908881	1.03908968	0.33951628	1.00078487
0.00035840	0.00000000	1.31578827	1.16940379	1.11116326	1.06762278	1.01876855	1.01854885	1.00078380
0.00038400	0.00000000	0.87719214	1.15493250	1.10026300	1.05819106	1.01985300	1.01854885	1.00055563
0.00040960	0.00000000	0.00000000	1.14077687	1.09095669	1.05124152	1.01181793	2.03709769	1.00059092
0.00046080	0.00000000	1.30621505	1.11685300	1.07399774	1.03718603	1.00941610	1.34074676	1.00056601
0.00051200	0.00000000	1.08851254	1.09648466	1.05966914	1.02829981	0.99751556	0.50278002	1.00038743
0.00056320	0.00000000	0.87081003	1.07922077	1.04516792	1.02228451	1.01297462	0.83796674	1.00034344
0.00061440	0.00000000	0.43540502	1.06681120	1.03598917	1.02025414	1.00091434	1.00556004	1.00023210
0.00066560	0.00000000	0.43540502	1.05427396	1.02859306	1.01537514	0.99145585	0.50278002	1.00053966
0.00071680	0.00000000	1.08851254	1.04372668	1.02324414	1.01083660	0.99804896	0.50278002	1.00075555
0.00076800	0.00000000	1.30621505	1.03662145	1.01839685	1.01075041	0.98828286	0.33518669	1.00032723
0.00081920	0.00000000	1.30621505	1.03116703	1.01583171	1.00636816	0.99170345	0.83796674	1.00048983
0.00092160	0.00000000	0.97966129	1.02032506	1.01057076	1.00734615	1.00115633	1.25160706	1.00059545
0.00102400	0.00000000	0.65310752	1.01374745	1.00640070	1.00579703	1.00086176	1.00128567	1.00024843
0.00112640	0.00000000	1.30621505	1.01438951	1.00185466	1.00743639	0.99365962	0.91784519	1.00012279
0.00122880	0.00000000	0.43540502	1.01478386	0.99886513	1.00271523	0.99125022	0.66752374	1.00032496
0.00133120	0.00000000	1.08851254	1.01343119	0.99441308	1.00632906	0.99547523	1.41848803	1.00021160
0.00143360	0.00000000	1.08851254	1.01136911	0.99500030	1.01101518	0.99459559	0.75096422	1.00016654
0.00153600	0.00000000	0.76195878	1.00986326	0.99474329	1.00762761	0.99288380	1.66880941	1.00020909
0.00163840	0.00000000	0.43540502	1.00764167	0.99491990	1.00361800	0.99602538	1.00128567	1.00016046
0.00184320	0.00000000	0.90750694	1.00379610	1.00040054	1.00669920	0.99518442	0.80808526	1.00028801
0.00204800	0.00000000	0.90750694	1.00362253	0.99591392	1.00579703	0.99872106	0.76555449	1.00025332
0.00225280	0.00000000	0.80074143	1.00042474	0.99599910	1.00828481	0.98734081	1.06327009	1.00011337
0.00245760	0.00000000	1.44133461	1.00301671	0.99648458	1.00460351	0.98727399	1.06327009	1.00029349
0.00266240	0.00000000	1.01427245	1.00342441	0.99575216	1.00819182	0.99444324	0.46783885	1.00032747
0.00286720	0.00000000	0.74735868	1.00150990	0.99336874	1.00287759	1.01324642	1.53110898	1.00042522
0.00307200	0.00000000	0.48044485	1.00074208	0.99851584	0.99985802	1.00686646	0.93567771	1.00026035
0.00327680	0.00000000	1.38795185	0.99834579	1.00525832	1.00088072	1.00883460	0.93367410	1.00012970
0.00368640	0.00000000	1.09963334	0.99663740	1.00519168	0.99923635	0.99952024	1.05644941	1.00009882
0.00409600	0.00000000	1.31419587	1.00094521	1.00047314	1.00840604	0.99737453	1.03754210	1.00030041
0.00450560	0.00000000	0.96553171	1.00722408	0.99979919	1.00210333	0.99976218	1.05871654	1.00038993
0.00491520	0.00000000	0.99474901	1.00713956	0.99634939	1.00929058	0.99225718	0.78345019	1.00029457
0.00532480	0.00000000	1.07540429	1.00487316	0.99755996	1.00107646	1.00230694	1.27045977	1.00035238
0.00573440	0.00000000	0.91409367	1.00128496	0.99491966	1.00506294	1.00244212	0.97821754	1.00027716
0.00614400	0.00000000	0.91409367	0.99771237	0.99349731	1.00050235	1.00064349	1.12707675	1.00023091
0.00655360	0.00000000	0.77966815	0.98839283	0.99469876	0.99712569	1.00156152	0.95489395	1.00016797
0.00737280	0.00000000	0.95212156	1.00678492	0.99027610	0.99850082	0.99939120	1.03090549	1.00026882
0.00819200	0.00000000	0.96553171	1.00406349	0.99680340	1.00580299	0.99829626	0.96778876	1.00033903
0.00901120	0.00000000	1.07281303	0.99875474	0.99615198	0.99809331	0.99497718	1.14661932	1.00028706
0.00983040	0.00000000	1.05940282	0.99328470	1.00221050	0.99823070	0.99690092	1.03310823	1.00034428
0.01064960	0.00000000	1.05940282	1.00159061	1.00320494	0.99929005	1.00282574	0.95931476	1.00024390
0.01146880	0.00000000	0.84484023	1.00051141	0.99705791	1.00132048	0.99870831	0.95080447	1.00024855
0.01228800	0.00000000	0.97894186	0.99882138	0.99732977	0.99914050	0.99897832	1.18322337	1.00024819
0.01310720	0.00000000	1.05940282	0.99912691	0.99564266	1.00216675	1.00513244	0.86628854	1.00029671
0.01474560	0.00000000	1.02026057	1.00408971	0.99973863	1.00608563	0.99789101	1.06020319	1.00025868
0.01638400	0.00000000	0.94967312	1.00329471	1.00093699	1.00076735	1.00214839	0.96890342	1.00026977
0.01802240	0.00000000	0.77700531	0.99480373	1.00064385	0.99352604	0.99937713	1.07136047	1.00026357
0.01966080	0.00000000	1.04264808	0.99479771	0.99914330	1.00167346	0.99851602	0.94070679	1.00027740
0.02129920	0.00000000	0.95631421	0.99791503	1.00516200	0.99810582	1.00208473	0.95115912	1.00034881
0.02293760	0.00000000	0.89654458	1.00272882	0.99584854	0.99787021	1.00094807	1.07364976	1.00028002
0.02457600	0.00000000	0.78364635	0.99950588	0.99719393	0.99673182	1.00398910	1.10219145	1.00025153
0.02621440	0.00000000	0.94075972	0.99462610	0.99856591	0.99942338	1.00191581	0.87650460	1.00022328
0.02949120	0.00000000	1.03678930	0.99396670	1.00137019	0.99789900	1.00119686	1.03216445	1.00027061
0.03276800	0.00000000	0.92642140	0.99483633	1.00136638	0.99461192	0.99896210	1.04522979	1.00026119
0.03604480	0.00000000	0.95652175	0.99920726	0.99767417	0.99797630	1.00060797	0.97097820	1.00029743
0.03932160	0.00000000	0.99759036	1.00291884	1.00407290	0.99359810	0.99926782	0.93686271	1.00030756
0.04259840	0.00000000	0.93979931	1.00420487	1.00051463	0.99962503	0.99727660	0.92443138	1.00030720
0.04587520	0.00000000	0.98758107	0.99473989	0.99480933	1.00054979	1.00157356	1.07995033	1.00026107
0.04915200	0.00000000	1.16161239	0.99595517	0.99794596	0.99630141	1.00663233	1.04367876	1.00026762
0.05242880	0.00000000	1.02761817	0.99976641	0.99677891	0.99885613	0.99881047	0.99936080	1.00027847
0.05898240	0.00000000	1.01594067	1.00241768	1.00083411	1.00594473	1.00162852	0.98858559	1.00027561
0.06553600	0.00000000	0.98159963	0.99589908	0.99714154	1.00253451	0.99764162	0.98382306	1.00030243
0.07208960	0.00000000	1.01738214	0.99960285	0.99716467	0.99692595	0.99917412	1.01342058	1.00030708
0.07864320	0.00000000	1.00634944	0.99988782	0.99959576	1.00106323	0.99976754	0.99013805	1.00032067
0.08519680	0.00000000	1.01985753	1.00176132	1.00036836	0.99972433	0.99795043	1.01558149	1.00029778
0.09175040	0.00000000	0.96272147	0.99981153	0.99792451	0.99713236	0.99864149	1.02695596	1.00025046
0.09830400	0.00000000	1.00880396	0.99792594	1.00457776	1.00029159	1.00025380	1.03268409	1.00031018
0.10485760	0.00000000	0.94011515	0.99633771	0.99892485	1.00029492	0.99912214	0.93685418	1.00027406
0.11796480	0.00000000	0.96348113	1.00028121	1.00039351	0.99954742	0.99788553	0.97119731	1.00027645
0.13107200	0.00000000	1.05729353	0.99754500	1.00182879	1.00159490	1.00066173	0.98722005	1.00028324
0.14417920	0.00000000	1.06376302	1.00070262	0.99907225	1.00119233	0.99966657	1.01004517	1.00028789
0.15728641	0.00000000	0.96819693	1.00381601	1.00173318	0.99925035	0.99997896	1.01154089	1.00025320
0.17039360	0.00000000	0.95792854	1.00256467	0.99881542	0.99679285	1.00003922	1.02338207	1.00024986
0.18350080	0.00000000	1.01535249	0.99843454	1.00114906	1.00301349	1.00150478	1.01807439	1.00028288
0.19660801	0.00000000	1.01263249	0.99945849	1.00054514	1.00235021	1.00084865	0.99801868	1.00024700
0.20971520	0.00000000	1.00021529	0.99644780	0.99509400	0.99866766	1.00114846	1.03986895	1.00025952
0.23592959	0.00000000	1.00010169	0.99948043	0.99830914	1.00064898	1.00044250	0.99685115	1.00022542
0.26214400	0.00000000	1.01373482	0.99816477	1.00004554	0.99982584	1.00002325	0.97258300	1.00022709
0.28835839	0.00000000	0.98163456	0.99984390	1.00100100	0.99969751	0.99838209	0.97916323	1.00022769
0.31457281	0.00000000	1.00785184	1.00348544	0.99997336	1.00074649	0.99951577	0.96758330	1.00020528
0.34078720	0.00000000	0.97605836	1.00183511	0.99975413	1.00098109	0.99949235	0.97788751	1.00020480
0.36700159	0.00000000	1.01852667	0.99872684	1.00003040	0.99999863	0.99965572	0.99542379	1.00018787
0.39321601	0.00000000	1.00418854	1.00006413	1.00131595	0.99933386	1.00029755	1.00450873	1.00016439
0.41943040	0.00000000	0.99239349	0.99879116	0.99999386	1.00034142	1.00021327	0.99509889	1.00017774
0.47185919	0.00000000	0.98902375	1.00002253	0.99973899	1.00016153	0.99996048	0.97305048	1.00012076
0.52428800	0.00000000	0.99940389	0.99947315	1.00028324	1.00013852	0.99989676	0.97013581	1.00011897
0.57671678	0.00000000	0.99144918	0.99969947	0.99907875	0.99854755	1.00038111	1.00626445	1.00010872
0.62914562	0.00000000	1.00801384	1.00139821	0.99887156	1.00094914	0.99999315	1.03625822	1.00008738
0.68157440	0.00000000	1.00090957	0.99937117	1.00022840	1.00010324	0.99924153	0.98281336	1.00010467
0.73400319	0.00000000	0.98729891	0.99914765	0.99987185	0.99963242	0.99945742	1.01024926	1.00008023
0.78643203	0.00000000	1.00522339	1.00031078	1.00078881	1.00047863	1.00027430	1.03680122	1.00008154
0.83886081	0.00000000	0.98802233	0.99936455	1.00110459	0.99923658	0.99986881	1.00612164	1.00007796
0.94371837	0.00000000	1.00128508	0.99971759	0.99971253	1.00054538	1.00045753	1.00777447	1.00004053
1.04857600	0.00000000	1.00466180	0.99994421	1.00012505	0.99968660	0.99926174	0.97447878	1.00003123
1.15343356	0.00000000	1.00220954	0.99992275	1.00017691	1.00024509	1.00131583	1.00198102	1.00000310
1.25829124	0.00000000	0.99871695	1.00034535	1.00005257	1.00036228	0.99874264	0.99535650	1.00000858
1.36314881	0.00000000	1.00041664	0.99934322	0.99954671	1.00010931	1.00129199	1.00563776	0.99999189
1.46800637	0.00000000	0.99637681	1.00071704	0.99986219	0.99979150	0.99875009	0.99454546	1.00000823
1.57286406	0.00000000	1.00248444	0.99969959	1.00020003	0.99987715	1.00035810	1.00363874	1.00000274
1.67772162	0.00000000	1.00000000	0.99997342	0.99982059	1.00091255	0.99994421	0.99831653	1.00000584
1.88743675	0.00000000	0.00000000	0.00000000	0.00000000	0.00000000	0.00000000	0.00000000	0.00000000
2.09715199	0.00000000	0.00000000	0.00000000	0.00000000	0.00000000	0.00000000	0.00000000	0.00000000
2.30686712	0.00000000	0.00000000	0.00000000	0.00000000	0.00000000	0.00000000	0.00000000	0.00000000
2.51658249	0.00000000	0.00000000	0.00000000	0.00000000	0.00000000	0.00000000	0.00000000	0.00000000
2.72629762	0.00000000	0.00000000	0.00000000	0.00000000	0.00000000	0.00000000	0.00000000	0.00000000
2.93601274	0.00000000	0.00000000	0.00000000	0.00000000	0.00000000	0.00000000	0.00000000	0.00000000
3.14572811	0.00000000	0.00000000	0.00000000	0.00000000	0.00000000	0.00000000	0.00000000	0.00000000
3.35544324	0.00000000	0.00000000	0.00000000	0.00000000	0.00000000	0.00000000	0.00000000	0.00000000
3.77487350	0.00000000	0.00000000	0.00000000	0.00000000	0.00000000	0.00000000	0.00000000	0.00000000
4.19430399	0.00000000	0.00000000	0.00000000	0.00000000	0.00000000	0.00000000	0.00000000	0.00000000
4.61373425	0.00000000	0.00000000	0.00000000	0.00000000	0.00000000	0.00000000	0.00000000	0.00000000
5.03316498	0.00000000	0.00000000	0.00000000	0.00000000	0.00000000	0.00000000	0.00000000	0.00000000
5.45259523	0.00000000	0.00000000	0.00000000	0.00000000	0.00000000	0.00000000	0.00000000	0.00000000
5.87202549	0.00000000	0.00000000	0.00000000	0.00000000	0.00000000	0.00000000	0.00000000	0.00000000
6.29145622	0.00000000	0.00000000	0.00000000	0.00000000	0.00000000	0.00000000	0.00000000	0.00000000
6.71088648	0.00000000	0.00000000	0.00000000	0.00000000	0.00000000	0.00000000	0.00000000	0.00000000
7.54974699	0.00000000	0.00000000	0.00000000	0.00000000	0.00000000	0.00000000	0.00000000	0.00000000
8.38860798	0.00000000	0.00000000	0.00000000	0.00000000	0.00000000	0.00000000	0.00000000	0.00000000
9.22746849	0.00000000	0.00000000	0.00000000	0.00000000	0.00000000	0.00000000	0.00000000	0.00000000
10.06632996	0.00000000	0.00000000	0.00000000	0.00000000	0.00000000	0.00000000	0.00000000	0.00000000
10.90519047	0.00000000	0.00000000	0.00000000	0.00000000	0.00000000	0.00000000	0.00000000	0.00000000
11.74405098	0.00000000	0.00000000	0.00000000	0.00000000	0.00000000	0.00000000	0.00000000	0.00000000
12.58291245	0.00000000	0.00000000	0.00000000	0.00000000	0.00000000	0.00000000	0.00000000	0.00000000
13.42177296	0.00000000	0.00000000	0.00000000	0.00000000	0.00000000	0.00000000	0.00000000	0.00000000
15.09949398	0.00000000	0.00000000	0.00000000	0.00000000	0.00000000	0.00000000	0.00000000	0.00000000
16.77721596	0.00000000	0.00000000	0.00000000	0.00000000	0.00000000	0.00000000	0.00000000	0.00000000
18.45493698	0.00000000	0.00000000	0.00000000	0.00000000	0.00000000	0.00000000	0.00000000	0.00000000
20.13265991	0.00000000	0.00000000	0.00000000	0.00000000	0.00000000	0.00000000	0.00000000	0.00000000
21.81038094	0.00000000	0.00000000	0.00000000	0.00000000	0.00000000	0.00000000	0.00000000	0.00000000
23.48810196	0.00000000	0.00000000	0.00000000	0.00000000	0.00000000	0.00000000	0.00000000	0.00000000
25.16582489	0.00000000	0.00000000	0.00000000	0.00000000	0.00000000	0.00000000	0.00000000	0.00000000
26.84354591	0.00000000	0.00000000	0.00000000	0.00000000	0.00000000	0.00000000	0.00000000	0.00000000
30.19898796	0.00000000	0.00000000	0.00000000	0.00000000	0.00000000	0.00000000	0.00000000	0.00000000
33.55443192	0.00000000	0.00000000	0.00000000	0.00000000	0.00000000	0.00000000	0.00000000	0.00000000
36.90987396	0.00000000	0.00000000	0.00000000	0.00000000	0.00000000	0.00000000	0.00000000	0.00000000
40.26531982	0.00000000	0.00000000	0.00000000	0.00000000	0.00000000	0.00000000	0.00000000	0.00000000
43.62076187	0.00000000	0.00000000	0.00000000	0.00000000	0.00000000	0.00000000	0.00000000	0.00000000
46.97620392	0.00000000	0.00000000	0.00000000	0.00000000	0.00000000	0.00000000	0.00000000	0.00000000
50.33164978	0.00000000	0.00000000	0.00000000	0.00000000	0.00000000	0.00000000	0.00000000	0.00000000
53.68709183	0.00000000	0.00000000	0.00000000	0.00000000	0.00000000	0.00000000	0.00000000	0.00000000
60.39797592	0.00000000	0.00000000	0.00000000	0.00000000	0.00000000	0.00000000	0.00000000	0.00000000
67.10886383	0.00000000	0.00000000	0.00000000	0.00000000	0.00000000	0.00000000	0.00000000	0.00000000
73.81974792	0.00000000	0.00000000	0.00000000	0.00000000	0.00000000	0.00000000	0.00000000	0.00000000
80.53063965	0.00000000	0.00000000	0.00000000	0.00000000	0.00000000	0.00000000	0.00000000	0.00000000
87.24152374	0.00000000	0.00000000	0.00000000	0.00000000	0.00000000	0.00000000	0.00000000	0.00000000
93.95240784	0.00000000	0.00000000	0.00000000	0.00000000	0.00000000	0.00000000	0.00000000	0.00000000
100.66329956	0.00000000	0.00000000	0.00000000	0.00000000	0.00000000	0.00000000	0.00000000	0.00000000
107.37418365	0.00000000	0.00000000	0.00000000	0.00000000	0.00000000	0.00000000	0.00000000	0.00000000
120.79595184	0.00000000	0.00000000	0.00000000	0.00000000	0.00000000	0.00000000	0.00000000	0.00000000
134.21772766	0.00000000	0.00000000	0.00000000	0.00000000	0.00000000	0.00000000	0.00000000	0.00000000
147.63949585	0.00000000	0.00000000	0.00000000	0.00000000	0.00000000	0.00000000	0.00000000	0.00000000
161.06127930	0.00000000	0.00000000	0.00000000	0.00000000	0.00000000	0.00000000	0.00000000	0.00000000
174.48304749	0.00000000	0.00000000	0.00000000	0.00000000	0.00000000	0.00000000	0.00000000	0.00000000
187.90481567	0.00000000	0.00000000	0.00000000	0.00000000	0.00000000	0.00000000	0.00000000	0.00000000
201.32659912	0.00000000	0.00000000	0.00000000	0.00000000	0.00000000	0.00000000	0.00000000	0.00000000
214.74836731	0.00000000	0.00000000	0.00000000	0.00000000	0.00000000	0.00000000	0.00000000	0.00000000
241.59190369	0.00000000	0.00000000	0.00000000	0.00000000	0.00000000	0.00000000	0.00000000	0.00000000
268.43545532	0.00000000	0.00000000	0.00000000	0.00000000	0.00000000	0.00000000	0.00000000	0.00000000
295.27899170	0.00000000	0.00000000	0.00000000	0.00000000	0.00000000	0.00000000	0.00000000	0.00000000
322.12255859	0.00000000	0.00000000	0.00000000	0.00000000	0.00000000	0.00000000	0.00000000	0.00000000
348.96609497	0.00000000	0.00000000	0.00000000	0.00000000	0.00000000	0.00000000	0.00000000	0.00000000
375.80963135	0.00000000	0.00000000	0.00000000	0.00000000	0.00000000	0.00000000	0.00000000	0.00000000
402.65319824	0.00000000	0.00000000	0.00000000	0.00000000	0.00000000	0.00000000	0.00000000	0.00000000
429.49673462	0.00000000	0.00000000	0.00000000	0.00000000	0.00000000	0.00000000	0.00000000	0.00000000
483.18380737	0.00000000	0.00000000	0.00000000	0.00000000	0.00000000	0.00000000	0.00000000	0.00000000
536.87091064	0.00000000	0.00000000	0.00000000	0.00000000	0.00000000	0.00000000	0.00000000	0.00000000
590.55798340	0.00000000	0.00000000	0.00000000	0.00000000	0.00000000	0.00000000	0.00000000	0.00000000
644.24511719	0.00000000	0.00000000	0.00000000	0.00000000	0.00000000	0.00000000	0.00000000	0.00000000
697.93218994	0.00000000	0.00000000	0.00000000	0.00000000	0.00000000	0.00000000	0.00000000	0.00000000
751.61926270	0.00000000	0.00000000	0.00000000	0.00000000	0.00000000	0.00000000	0.00000000	0.00000000
805.30639648	0.00000000	0.00000000	0.00000000	0.00000000	0.00000000	0.00000000	0.00000000	0.00000000
858.99346924	0.00000000	0.00000000	0.00000000	0.00000000	0.00000000	0.00000000	0.00000000	0.00000000
966.36761475	0.00000000	0.00000000	0.00000000	0.00000000	0.00000000	0.00000000	0.00000000	0.00000000
1073.74182129	0.00000000	0.00000000	0.00000000	0.00000000	0.00000000	0.00000000	0.00000000	0.00000000
1181.11596680	0.00000000	0.00000000	0.00000000	0.00000000	0.00000000	0.00000000	0.00000000	0.00000000
1288.49023437	0.00000000	0.00000000	0.00000000	0.00000000	0.00000000	0.00000000	0.00000000	0.00000000
1395.86437988	0.00000000	0.00000000	0.00000000	0.00000000	0.00000000	0.00000000	0.00000000	0.00000000
1503.23852539	0.00000000	0.00000000	0.00000000	0.00000000	0.00000000	0.00000000	0.00000000	0.00000000
1610.61279297	0.00000000	0.00000000	0.00000000	0.00000000	0.00000000	0.00000000	0.00000000	0.00000000
1717.98693848	0.00000000	0.00000000	0.00000000	0.00000000	0.00000000	0.00000000	0.00000000	0.00000000
1932.73522949	0.00000000	0.00000000	0.00000000	0.00000000	0.00000000	0.00000000	0.00000000	0.00000000
2147.48364258	0.00000000	0.00000000	0.00000000	0.00000000	0.00000000	0.00000000	0.00000000	0.00000000
2362.23193359	0.00000000	0.00000000	0.00000000	0.00000000	0.00000000	0.00000000	0.00000000	0.00000000
2576.98046875	0.00000000	0.00000000	0.00000000	0.00000000	0.00000000	0.00000000	0.00000000	0.00000000
2791.72875977	0.00000000	0.00000000	0.00000000	0.00000000	0.00000000	0.00000000	0.00000000	0.00000000
3006.47705078	0.00000000	0.00000000	0.00000000	0.00000000	0.00000000	0.00000000	0.00000000	0.00000000
3221.22558594	0.00000000	0.00000000	0.00000000	0.00000000	0.00000000	0.00000000	0.00000000	0.00000000
3435.97387695	0.00000000	0.00000000	0.00000000	0.00000000	0.00000000	0.00000000	0.00000000	0.00000000
0	0	0	0	0	0	0	0	0
