%4/2/2019 11:21:18 AM
%Duration	ID1		ID2		ID3		ID4		ID5		ID6		ID7		ID8
1000.000000	0.000000	0.391006	370.483398	297.060028	141.525269	43.582916	0.457764	1197.214111
%Tau		Tau1		Tau2		Tau3		Tau4		Tau5		Tau6		Tau7		Tau8
%		0.000000	0.000001	0.000358	0.000230	0.000154	0.000115	0.000001	0.000002
%Delaytime	D1		D2		D3		D4		D5		D6		D7		D8
0.00000020	0.00000000	251.67300415	1.56751490	1.51918328	1.66741931	3.17586088	128.71168518	1.03642941
0.00000040	0.00000000	0.00000000	1.50853264	1.49116993	1.54189003	1.71876156	0.00000000	1.00012732
0.00000060	0.00000000	0.00000000	1.51312578	1.49138546	1.50291288	1.52379763	0.00000000	0.99724054
0.00000080	0.00000000	0.00000000	1.48877466	1.47274578	1.44100797	1.53405881	0.00000000	0.99764657
0.00000100	0.00000000	0.00000000	1.48039019	1.47457743	1.47597277	1.43144619	0.00000000	1.00085080
0.00000120	0.00000000	0.00000000	1.49766934	1.49009252	1.51609623	1.54432011	0.00000000	1.00088036
0.00000140	0.00000000	0.00000000	1.48337948	1.47134519	1.51838911	1.64693272	0.00000000	0.99607402
0.00000160	0.00000000	0.00000000	1.48753524	1.48686028	1.51609623	1.61101830	0.00000000	0.99258184
0.00000180	0.00000000	0.00000000	1.49067020	1.48244274	1.49259531	1.36987865	0.00000000	1.00014937
0.00000200	0.00000000	0.00000000	1.49314904	1.48352015	1.51838911	1.42631555	0.00000000	0.99857682
0.00000220	0.00000000	0.00000000	1.49176383	1.48438215	1.48342431	1.38013995	0.00000000	1.00103533
0.00000240	0.00000000	0.00000000	1.48979533	1.48416662	1.41120195	1.57510388	0.00000000	0.99712980
0.00000260	0.00000000	0.00000000	1.50262702	1.50485337	1.48055828	1.50327504	0.00000000	1.00290322
0.00000280	0.00000000	0.00000000	1.49322200	1.46207929	1.48686337	1.44170749	0.00000000	1.00627732
0.00000300	0.00000000	0.00000000	1.47893202	1.47156060	1.50749838	1.44170749	0.00000000	0.99857682
0.00000320	0.00000000	0.00000000	1.48811841	1.48804545	1.45476460	1.55458140	0.00000000	0.99408060
0.00000360	0.00000000	50.33460236	1.49690378	1.46450341	1.47167385	1.44940341	0.00000000	0.99935943
0.00000400	0.00000000	0.00000000	1.49161804	1.46849000	1.44043481	1.52892828	0.00000000	1.00176263
0.00000440	0.00000000	0.00000000	1.48396266	1.47102189	1.44931924	1.46222997	0.00000000	0.99581563
0.00000480	0.00000000	0.00000000	1.48265040	1.48400497	1.48141813	1.45196879	0.00000000	0.99979132
0.00000520	0.00000000	0.00000000	1.47805715	1.50646961	1.47998512	1.50327504	0.00000000	0.99989104
0.00000560	0.00000000	0.00000000	1.47882271	1.47150683	1.46680164	1.61614895	0.00000000	0.99690831
0.00000600	0.00000000	0.00000000	1.47375560	1.46859777	1.45562434	1.47505665	0.00000000	0.99676800
0.00000640	0.00000000	0.00000000	1.47966111	1.48308921	1.48084486	1.57510388	0.00000000	0.99917859
0.00000720	0.00000000	0.00000000	1.47698176	1.45890081	1.47525620	1.49942708	0.00000000	0.99882972
0.00000800	0.00000000	0.00000000	1.48250461	1.47533166	1.47038412	1.56484270	0.00000000	0.99724978
0.00000880	0.00000000	0.00000000	1.48560309	1.46364152	1.45605433	1.51097107	0.00000000	0.99941480
0.00000960	0.00000000	0.00000000	1.47856748	1.45873916	1.45906353	1.43144619	0.00000000	0.99829447
0.00001040	0.00000000	0.00000000	1.47357333	1.46692765	1.44043481	1.40707576	0.00000000	0.99628443
0.00001120	0.00000000	25.16730118	1.47947884	1.45084691	1.44659662	1.43785954	0.00000000	0.99389052
0.00001200	0.00000000	0.00000000	1.47299016	1.46329129	1.44186771	1.45709944	0.00000000	0.99977660
0.00001280	0.00000000	0.00000000	1.46888900	1.46048999	1.46164286	1.45068610	0.00000000	0.99776286
0.00001440	0.00000000	0.00000000	1.46969104	1.46075940	1.42983067	1.45261014	0.00000000	0.99802315
0.00001600	0.00000000	0.00000000	1.47235215	1.46063817	1.43663740	1.50648177	0.00000000	1.00139987
0.00001760	0.00000000	0.00000000	1.47388327	1.45351362	1.43305492	1.42503297	0.00000000	1.00205791
0.00001920	0.00000000	0.00000000	1.46178055	1.45216680	1.43563426	1.41669571	0.00000000	1.00004423
0.00002080	0.00000000	0.00000000	1.46187162	1.44660461	1.43076217	1.45389271	0.00000000	1.00202012
0.00002240	0.00000000	6.29182529	1.46446908	1.43857765	1.42560339	1.39617312	0.00000000	1.00109625
0.00002400	0.00000000	0.00000000	1.45550132	1.44601202	1.42904258	1.37372661	0.00000000	0.99975902
0.00002560	0.00000000	0.00000000	1.46666539	1.44428813	1.43520439	1.43080485	0.00000000	0.99988270
0.00002880	0.00000000	0.00000000	1.45909381	1.43678606	1.41081953	1.38864946	2.65876913	0.99850929
0.00003200	0.00000000	3.13143206	1.45177746	1.42678308	1.41119146	1.39184475	0.00000000	0.99741995
0.00003520	0.00000000	0.00000000	1.45457315	1.42906344	1.40657294	1.35190427	0.00000000	0.99932909
0.00003840	0.00000000	0.00000000	1.44678259	1.42094517	1.38770223	1.35541904	0.00000000	1.00044429
0.00004160	0.00000000	0.00000000	1.44427407	1.41531980	1.38641417	1.38960803	0.00000000	1.00178778
0.00004480	0.00000000	0.00000000	1.43753099	1.40996790	1.38450181	1.36372662	0.00000000	1.00149572
0.00004800	0.00000000	3.13143206	1.43715107	1.39964664	1.36880612	1.36244857	0.00000000	1.00016701
0.00005120	0.00000000	0.00000000	1.43081737	1.39899540	1.37641943	1.32669282	2.65876913	0.99697363
0.00005760	0.00000000	1.56571603	1.42500579	1.39299536	1.34857464	1.33539319	1.32375753	0.99969149
0.00006400	0.00000000	1.56571603	1.42118776	1.38159287	1.33638310	1.33170426	1.32375753	1.00197899
0.00007040	0.00000000	0.00000000	1.41236329	1.37468708	1.32636511	1.32785499	1.32375753	0.99900311
0.00007680	0.00000000	0.00000000	1.40717351	1.36168516	1.32024598	1.28390861	0.00000000	0.99952304
0.00008320	0.00000000	0.00000000	1.40112185	1.35325587	1.29769087	1.30235326	0.00000000	1.00037646
0.00008960	0.00000000	0.00000000	1.39525747	1.34138775	1.29548872	1.29289031	1.32375753	1.00042462
0.00009600	0.00000000	4.69714785	1.38543224	1.33384943	1.27418935	1.29532635	0.00000000	0.99826902
0.00010240	0.00000000	0.00000000	1.37726200	1.32303631	1.25922561	1.26661623	0.00000000	0.99995613
0.00011520	0.00000000	0.00000000	1.37134171	1.30879283	1.25148606	1.23942316	0.00000000	1.00013888
0.00012800	0.00000000	0.78285801	1.35804498	1.29423976	1.23407423	1.20986116	0.00000000	1.00002074
0.00014080	0.00000000	2.34857392	1.34850347	1.27690053	1.21774268	1.17572665	0.00000000	0.99965423
0.00015360	0.00000000	0.78285801	1.33383596	1.26665533	1.19925082	1.17786443	1.32375753	1.00013018
0.00016640	0.00000000	1.56571603	1.32473505	1.25381672	1.18924463	1.17666149	0.66187876	0.99997431
0.00017920	0.00000000	0.00000000	1.31502223	1.23519850	1.17054594	1.16326940	0.00000000	0.99966621
0.00019200	0.00000000	2.34857392	1.30214691	1.22527099	1.16402197	1.15134799	0.00000000	1.00007033
0.00020480	0.00000000	0.78285801	1.29248035	1.21520913	1.14512503	1.14589441	0.66187876	1.00007081
0.00023040	0.00000000	0.39506173	1.27364874	1.19062543	1.12843871	1.10877287	0.99281818	1.00003958
0.00025600	0.00000000	3.16049385	1.25652730	1.17084861	1.11694777	1.10351026	1.65469694	1.00012052
0.00028160	0.00000000	0.79012346	1.23862112	1.15435147	1.10380077	1.09010327	0.66187876	0.99985743
0.00030720	0.00000000	1.18518519	1.21996355	1.13927603	1.09027004	1.07415378	0.33093938	0.99981761
0.00033280	0.00000000	2.76543212	1.20343053	1.12332428	1.08214462	1.06162870	0.00000000	0.99987650
0.00035840	0.00000000	0.39506173	1.18813837	1.10799408	1.07037759	1.06134748	0.66187876	1.00003886
0.00038400	0.00000000	1.18518519	1.17763197	1.09766066	1.06155622	1.03794861	1.32375753	1.00005889
0.00040960	0.00000000	0.00000000	1.16199613	1.08806455	1.05444348	1.03621328	0.66187876	1.00009048
0.00046080	0.00000000	0.59396750	1.13942850	1.06986582	1.04229331	1.01686239	0.81693077	1.00028408
0.00051200	0.00000000	1.58391333	1.11671627	1.05573511	1.03102851	1.01666141	0.81693077	0.99993765
0.00056320	0.00000000	0.98994589	1.09858382	1.04272056	1.02379107	1.00856590	0.81693077	1.00051272
0.00061440	0.00000000	1.38592422	1.08347595	1.03363192	1.01554358	0.99583864	0.81521451	0.99982685
0.00066560	0.00000000	1.38592422	1.07036281	1.02402914	1.01297450	0.99786299	0.81521451	0.99989730
0.00071680	0.00000000	0.79195666	1.05928338	1.01956022	1.00742590	0.99291092	0.32608581	0.99996150
0.00076800	0.00000000	0.79195666	1.05180621	1.01423335	1.00393260	0.99210370	0.65217161	1.00037372
0.00081920	0.00000000	0.59396750	1.04311299	1.01104701	1.00339866	0.98876941	1.14130032	0.99995816
0.00092160	0.00000000	0.50075799	1.03108859	1.00773728	1.00487900	0.99349606	1.05977881	0.99998671
0.00102400	0.00000000	1.70257711	1.02046239	1.00113821	1.00398076	0.99203187	1.05977881	1.00001180
0.00112640	0.00000000	0.60090959	1.01294398	0.99451983	1.00476694	0.99385309	0.57065016	0.99996072
0.00122880	0.00000000	1.20181918	1.00855052	0.99328119	1.00162494	0.99666780	0.48912871	1.00036418
0.00133120	0.00000000	0.70106119	1.00124848	0.99554801	0.99952734	1.00368381	1.38586462	0.99992210
0.00143360	0.00000000	0.80121279	0.99609280	0.99856532	1.00048268	0.99827892	1.05977881	1.00000083
0.00153600	0.00000000	1.10166752	0.99469429	0.99838400	1.00156271	0.99910593	0.89673597	0.99997735
0.00163840	0.00000000	1.00151598	0.99343801	0.99639654	1.00195873	1.00717676	1.06200993	1.00001013
0.00184320	0.00000000	1.33333337	0.98903209	0.99299383	1.00259173	1.00929439	1.10985625	0.99998879
0.00204800	0.00000000	1.33333337	1.00015283	0.99498618	1.00097811	1.00444460	0.98653895	0.99980879
0.00225280	0.00000000	0.93827158	1.00597644	0.99720961	0.99593818	0.99639052	0.53437525	1.00002992
0.00245760	0.00000000	0.83950615	1.00610805	0.99252784	0.99232304	1.00465131	0.78100997	1.00001800
0.00266240	0.00000000	0.83950615	1.00276411	0.99409741	0.99766749	1.00847077	0.90432733	0.99993098
0.00286720	0.00000000	0.98765433	1.00170934	0.99799162	1.00374901	1.00743675	1.02764475	1.00011337
0.00307200	0.00000000	0.74074072	1.00243556	0.99818873	1.00322020	1.01409364	1.15096211	0.99989468
0.00327680	0.00000000	1.03703701	0.99817944	1.00474310	1.00328422	1.00401497	0.94543314	1.00008464
0.00368640	0.00000000	0.83370763	0.99649370	1.00530863	1.00837111	0.99792778	1.05263913	1.00001693
0.00409600	0.00000000	1.32412386	0.99993682	1.00015664	1.01024771	1.00303578	0.90815926	0.99992067
0.00450560	0.00000000	0.90727001	1.00081611	0.99952078	1.00427675	0.99596745	0.86871588	1.00001693
0.00491520	0.00000000	0.95410818	0.99836463	0.99102122	0.99986726	0.99547082	0.82734847	1.00008917
0.00532480	0.00000000	0.97857249	0.99465823	1.00315011	0.99254775	0.99914670	0.97213447	0.99988973
0.00573440	0.00000000	1.17428696	0.99132693	1.00236702	0.99647665	0.99899238	1.24102271	0.99999547
0.00614400	0.00000000	1.12535834	1.00104403	0.99796605	1.00167453	1.00553608	0.89318430	0.99990624
0.00655360	0.00000000	0.97857249	1.00955975	1.00436902	1.00452769	1.00047708	0.97419840	0.99987733
0.00737280	0.00000000	1.10387003	1.00234413	1.00260675	1.00367486	1.00209463	1.04674506	0.99994951
0.00819200	0.00000000	1.01704884	0.99978691	1.00201035	1.00732362	1.00322545	0.98665702	0.99994701
0.00901120	0.00000000	1.12867606	0.99973971	0.99469727	0.99625987	0.98949397	1.00528991	0.99998176
0.00983040	0.00000000	1.10131478	1.00563073	0.98832577	0.99801242	1.00347316	0.91201556	1.00000167
0.01064960	0.00000000	1.05181754	0.99951100	0.99753660	1.00173557	0.99818248	1.10657859	0.99996978
0.01146880	0.00000000	0.91569990	0.98902732	1.00582802	1.00196075	0.99265289	1.09623671	0.99993002
0.01228800	0.00000000	0.99770123	1.00176680	1.00905502	1.00073016	0.99831867	1.10657859	0.99996102
0.01310720	0.00000000	1.08894050	1.00600672	0.99493802	1.00287712	0.99568540	0.73427176	1.00002313
0.01474560	0.00000000	0.88885027	0.99928564	0.99848014	1.00051224	0.99743521	1.00223589	1.00002706
0.01638400	0.00000000	1.01404047	0.99695545	1.00283062	1.00175726	0.99832916	1.00011694	1.00001144
0.01802240	0.00000000	0.84112149	0.99763685	0.99650007	0.99917251	0.99844807	1.01171565	0.99994266
0.01966080	0.00000000	0.90552288	0.99945980	1.00771952	1.00266016	0.99974144	1.03558743	0.99998736
0.02129920	0.00000000	0.94923782	1.00021183	0.99803132	0.99235427	0.99630630	1.07721913	0.99997926
0.02293760	0.00000000	1.07788157	1.00025129	0.99484891	0.99962479	1.00079894	0.99184996	0.99999410
0.02457600	0.00000000	1.12252891	0.99508131	1.00516582	0.99911225	1.00079763	1.01781464	0.99997622
0.02621440	0.00000000	0.97819316	1.00124085	1.00297284	0.99937224	1.00350595	1.01566279	0.99995035
0.02949120	0.00000000	0.96829081	1.00258029	0.99571252	0.99740750	1.00334132	1.02736080	1.00001514
0.03276800	0.00000000	1.04185486	1.00187612	0.99915385	0.99922943	1.00233269	1.10063696	0.99999362
0.03604480	0.00000000	0.92995608	0.99588966	1.00276005	0.99637622	1.00330222	0.97367471	0.99998373
0.03932160	0.00000000	0.96829081	1.00470841	1.00219333	1.00056040	1.00043929	0.97938913	1.00005662
0.04259840	0.00000000	1.00078058	0.99802274	0.99865812	0.99731272	0.99921566	0.93088275	0.99999070
0.04587520	0.00000000	1.01925647	0.99631834	1.00337136	1.00051677	1.00208879	1.05119932	1.00000536
0.04915200	0.00000000	0.96829081	1.00118411	0.99940938	0.99631357	0.99467677	0.99704289	0.99996042
0.05242880	0.00000000	0.96519721	0.99619812	1.00097597	1.00231564	0.99742693	0.92819822	0.99997979
0.05898240	0.00000000	1.07253087	0.99617445	0.99768871	1.00036681	0.99945945	1.03611219	1.00000155
0.06553600	0.00000000	1.02160490	1.00118721	1.00146294	0.99986184	1.00299108	1.02523518	0.99998367
0.07208960	0.00000000	1.02719498	1.00327349	0.99400556	1.00108695	1.00024772	1.01612771	1.00000119
0.07864320	0.00000000	0.98914731	1.00112927	1.00000930	1.00047159	1.00025439	0.98412710	1.00002098
0.08519680	0.00000000	1.06109822	0.99973339	1.00114727	1.00216901	0.99920654	0.99191707	1.00000286
0.09175040	0.00000000	1.03480279	0.99631923	0.99738061	0.99962974	0.99975771	1.00360191	1.00000346
0.09830400	0.00000000	0.92901236	1.00213742	0.99806470	1.00323093	0.99893409	1.00606108	1.00000370
0.10485760	0.00000000	1.01616633	0.99943978	0.99765128	1.00013518	1.00087750	1.04093075	0.99999851
0.11796480	0.00000000	0.97929990	0.99654466	0.99803060	0.99860251	0.99797469	0.96599329	1.00000048
0.13107200	0.00000000	1.00154674	0.99890459	1.00338435	0.99775833	1.00107992	0.99716181	1.00000358
0.14417920	0.00000000	0.97753960	0.99557710	1.00163555	0.99992931	0.99827540	0.98026311	1.00000501
0.15728641	0.00000000	0.99373835	0.99857473	1.00082779	0.99993312	1.00064611	0.98027736	1.00000131
0.17039360	0.00000000	1.00310183	0.99945819	0.99726367	1.00083220	0.99953467	0.99952114	0.99999577
0.18350080	0.00000000	1.03510642	0.99801636	1.00215614	0.99888784	0.99780321	0.98551625	1.00000405
0.19660801	0.00000000	0.97147501	1.00136995	1.00282609	0.99918950	1.00124848	0.99009526	0.99997884
0.20971520	0.00000000	0.98957175	0.99917424	0.99977559	1.00112033	1.00028455	1.01303673	1.00001788
0.23592959	0.00000000	0.98019803	1.00088739	0.99906474	1.00025928	1.00030398	1.00202656	0.99999130
0.26214400	0.00000000	1.02254343	1.00097585	1.00001991	1.00026488	0.99961627	0.99071825	1.00000250
0.28835839	0.00000000	1.00512826	1.00125551	0.99676627	0.99853230	0.99907196	0.99764162	1.00000322
0.31457281	0.00000000	1.00741148	1.00091374	0.99887282	1.00059879	0.99927080	0.99678421	0.99999309
0.34078720	0.00000000	0.97978503	1.00002086	0.99921596	1.00069153	1.00021124	1.01336396	0.99999863
0.36700159	0.00000000	0.97056597	0.99894637	1.00013006	0.99885303	0.99969083	0.97878933	1.00000012
0.39321601	0.00000000	1.00297952	1.00022495	1.00047648	1.00142550	0.99955964	0.97832137	0.99999672
0.41943040	0.00000000	0.95635986	0.99898630	0.99957740	1.00040436	0.99969769	1.00155365	1.00000381
0.47185919	0.00000000	1.01737416	0.99893761	0.99937701	1.00036895	1.00053322	0.99870819	0.99999702
0.52428800	0.00000000	1.00758970	1.00188339	0.99918848	0.99943137	0.99885690	0.99583185	0.99999660
0.57671678	0.00000000	0.99237835	1.00168204	1.00128591	1.00101507	1.00077689	1.00487697	0.99999356
0.62914562	0.00000000	0.98255616	0.99979073	1.00175488	0.99904144	1.00011969	0.99098009	1.00000167
0.68157440	0.00000000	0.97867566	0.99756426	0.99858308	1.00001585	1.00000727	0.98804718	0.99999565
0.73400319	0.00000000	0.99298602	0.99932307	1.00017273	0.99915469	0.99942511	0.99510342	0.99999911
0.78643203	0.00000000	1.02730870	1.00089443	1.00154555	1.00056756	1.00040936	1.00184059	1.00000107
0.83886081	0.00000000	0.97629011	1.00193536	1.00011289	0.99947381	1.00013661	1.01128161	0.99999928
0.94371837	0.00000000	1.00079417	0.99942535	1.00058293	1.00050712	1.00012779	0.98958462	1.00000381
1.04857600	0.00000000	1.01592135	0.99992949	0.99913424	1.00076580	1.00083292	0.99845225	1.00000310
1.15343356	0.00000000	0.98856491	1.00128257	1.00053370	0.99975711	1.00073171	1.01869357	1.00000119
1.25829124	0.00000000	1.00772941	0.99786371	0.99933672	0.99869341	0.99983144	1.01970947	0.99999678
1.36314881	0.00000000	0.98451328	1.00215280	1.00109708	1.00044429	0.99867231	0.98760563	1.00000262
1.46800637	0.00000000	1.01204824	1.00023484	0.99937105	1.00085700	0.99932593	0.99207288	0.99999869
1.57286406	0.00000000	0.99209487	0.99699289	1.00064874	0.99961466	0.99961269	1.01145828	0.99999481
1.67772162	0.00000000	1.00621116	1.00432694	0.99756497	0.99940896	0.99992436	0.99494952	0.99999386
1.88743675	0.00000000	0.00000000	0.00000000	0.00000000	0.00000000	0.00000000	0.00000000	0.00000000
2.09715199	0.00000000	0.00000000	0.00000000	0.00000000	0.00000000	0.00000000	0.00000000	0.00000000
2.30686712	0.00000000	0.00000000	0.00000000	0.00000000	0.00000000	0.00000000	0.00000000	0.00000000
2.51658249	0.00000000	0.00000000	0.00000000	0.00000000	0.00000000	0.00000000	0.00000000	0.00000000
2.72629762	0.00000000	0.00000000	0.00000000	0.00000000	0.00000000	0.00000000	0.00000000	0.00000000
2.93601274	0.00000000	0.00000000	0.00000000	0.00000000	0.00000000	0.00000000	0.00000000	0.00000000
3.14572811	0.00000000	0.00000000	0.00000000	0.00000000	0.00000000	0.00000000	0.00000000	0.00000000
3.35544324	0.00000000	0.00000000	0.00000000	0.00000000	0.00000000	0.00000000	0.00000000	0.00000000
3.77487350	0.00000000	0.00000000	0.00000000	0.00000000	0.00000000	0.00000000	0.00000000	0.00000000
4.19430399	0.00000000	0.00000000	0.00000000	0.00000000	0.00000000	0.00000000	0.00000000	0.00000000
4.61373425	0.00000000	0.00000000	0.00000000	0.00000000	0.00000000	0.00000000	0.00000000	0.00000000
5.03316498	0.00000000	0.00000000	0.00000000	0.00000000	0.00000000	0.00000000	0.00000000	0.00000000
5.45259523	0.00000000	0.00000000	0.00000000	0.00000000	0.00000000	0.00000000	0.00000000	0.00000000
5.87202549	0.00000000	0.00000000	0.00000000	0.00000000	0.00000000	0.00000000	0.00000000	0.00000000
6.29145622	0.00000000	0.00000000	0.00000000	0.00000000	0.00000000	0.00000000	0.00000000	0.00000000
6.71088648	0.00000000	0.00000000	0.00000000	0.00000000	0.00000000	0.00000000	0.00000000	0.00000000
7.54974699	0.00000000	0.00000000	0.00000000	0.00000000	0.00000000	0.00000000	0.00000000	0.00000000
8.38860798	0.00000000	0.00000000	0.00000000	0.00000000	0.00000000	0.00000000	0.00000000	0.00000000
9.22746849	0.00000000	0.00000000	0.00000000	0.00000000	0.00000000	0.00000000	0.00000000	0.00000000
10.06632996	0.00000000	0.00000000	0.00000000	0.00000000	0.00000000	0.00000000	0.00000000	0.00000000
10.90519047	0.00000000	0.00000000	0.00000000	0.00000000	0.00000000	0.00000000	0.00000000	0.00000000
11.74405098	0.00000000	0.00000000	0.00000000	0.00000000	0.00000000	0.00000000	0.00000000	0.00000000
12.58291245	0.00000000	0.00000000	0.00000000	0.00000000	0.00000000	0.00000000	0.00000000	0.00000000
13.42177296	0.00000000	0.00000000	0.00000000	0.00000000	0.00000000	0.00000000	0.00000000	0.00000000
15.09949398	0.00000000	0.00000000	0.00000000	0.00000000	0.00000000	0.00000000	0.00000000	0.00000000
16.77721596	0.00000000	0.00000000	0.00000000	0.00000000	0.00000000	0.00000000	0.00000000	0.00000000
18.45493698	0.00000000	0.00000000	0.00000000	0.00000000	0.00000000	0.00000000	0.00000000	0.00000000
20.13265991	0.00000000	0.00000000	0.00000000	0.00000000	0.00000000	0.00000000	0.00000000	0.00000000
21.81038094	0.00000000	0.00000000	0.00000000	0.00000000	0.00000000	0.00000000	0.00000000	0.00000000
23.48810196	0.00000000	0.00000000	0.00000000	0.00000000	0.00000000	0.00000000	0.00000000	0.00000000
25.16582489	0.00000000	0.00000000	0.00000000	0.00000000	0.00000000	0.00000000	0.00000000	0.00000000
26.84354591	0.00000000	0.00000000	0.00000000	0.00000000	0.00000000	0.00000000	0.00000000	0.00000000
30.19898796	0.00000000	0.00000000	0.00000000	0.00000000	0.00000000	0.00000000	0.00000000	0.00000000
33.55443192	0.00000000	0.00000000	0.00000000	0.00000000	0.00000000	0.00000000	0.00000000	0.00000000
36.90987396	0.00000000	0.00000000	0.00000000	0.00000000	0.00000000	0.00000000	0.00000000	0.00000000
40.26531982	0.00000000	0.00000000	0.00000000	0.00000000	0.00000000	0.00000000	0.00000000	0.00000000
43.62076187	0.00000000	0.00000000	0.00000000	0.00000000	0.00000000	0.00000000	0.00000000	0.00000000
46.97620392	0.00000000	0.00000000	0.00000000	0.00000000	0.00000000	0.00000000	0.00000000	0.00000000
50.33164978	0.00000000	0.00000000	0.00000000	0.00000000	0.00000000	0.00000000	0.00000000	0.00000000
53.68709183	0.00000000	0.00000000	0.00000000	0.00000000	0.00000000	0.00000000	0.00000000	0.00000000
60.39797592	0.00000000	0.00000000	0.00000000	0.00000000	0.00000000	0.00000000	0.00000000	0.00000000
67.10886383	0.00000000	0.00000000	0.00000000	0.00000000	0.00000000	0.00000000	0.00000000	0.00000000
73.81974792	0.00000000	0.00000000	0.00000000	0.00000000	0.00000000	0.00000000	0.00000000	0.00000000
80.53063965	0.00000000	0.00000000	0.00000000	0.00000000	0.00000000	0.00000000	0.00000000	0.00000000
87.24152374	0.00000000	0.00000000	0.00000000	0.00000000	0.00000000	0.00000000	0.00000000	0.00000000
93.95240784	0.00000000	0.00000000	0.00000000	0.00000000	0.00000000	0.00000000	0.00000000	0.00000000
100.66329956	0.00000000	0.00000000	0.00000000	0.00000000	0.00000000	0.00000000	0.00000000	0.00000000
107.37418365	0.00000000	0.00000000	0.00000000	0.00000000	0.00000000	0.00000000	0.00000000	0.00000000
120.79595184	0.00000000	0.00000000	0.00000000	0.00000000	0.00000000	0.00000000	0.00000000	0.00000000
134.21772766	0.00000000	0.00000000	0.00000000	0.00000000	0.00000000	0.00000000	0.00000000	0.00000000
147.63949585	0.00000000	0.00000000	0.00000000	0.00000000	0.00000000	0.00000000	0.00000000	0.00000000
161.06127930	0.00000000	0.00000000	0.00000000	0.00000000	0.00000000	0.00000000	0.00000000	0.00000000
174.48304749	0.00000000	0.00000000	0.00000000	0.00000000	0.00000000	0.00000000	0.00000000	0.00000000
187.90481567	0.00000000	0.00000000	0.00000000	0.00000000	0.00000000	0.00000000	0.00000000	0.00000000
201.32659912	0.00000000	0.00000000	0.00000000	0.00000000	0.00000000	0.00000000	0.00000000	0.00000000
214.74836731	0.00000000	0.00000000	0.00000000	0.00000000	0.00000000	0.00000000	0.00000000	0.00000000
241.59190369	0.00000000	0.00000000	0.00000000	0.00000000	0.00000000	0.00000000	0.00000000	0.00000000
268.43545532	0.00000000	0.00000000	0.00000000	0.00000000	0.00000000	0.00000000	0.00000000	0.00000000
295.27899170	0.00000000	0.00000000	0.00000000	0.00000000	0.00000000	0.00000000	0.00000000	0.00000000
322.12255859	0.00000000	0.00000000	0.00000000	0.00000000	0.00000000	0.00000000	0.00000000	0.00000000
348.96609497	0.00000000	0.00000000	0.00000000	0.00000000	0.00000000	0.00000000	0.00000000	0.00000000
375.80963135	0.00000000	0.00000000	0.00000000	0.00000000	0.00000000	0.00000000	0.00000000	0.00000000
402.65319824	0.00000000	0.00000000	0.00000000	0.00000000	0.00000000	0.00000000	0.00000000	0.00000000
429.49673462	0.00000000	0.00000000	0.00000000	0.00000000	0.00000000	0.00000000	0.00000000	0.00000000
483.18380737	0.00000000	0.00000000	0.00000000	0.00000000	0.00000000	0.00000000	0.00000000	0.00000000
536.87091064	0.00000000	0.00000000	0.00000000	0.00000000	0.00000000	0.00000000	0.00000000	0.00000000
590.55798340	0.00000000	0.00000000	0.00000000	0.00000000	0.00000000	0.00000000	0.00000000	0.00000000
644.24511719	0.00000000	0.00000000	0.00000000	0.00000000	0.00000000	0.00000000	0.00000000	0.00000000
697.93218994	0.00000000	0.00000000	0.00000000	0.00000000	0.00000000	0.00000000	0.00000000	0.00000000
751.61926270	0.00000000	0.00000000	0.00000000	0.00000000	0.00000000	0.00000000	0.00000000	0.00000000
805.30639648	0.00000000	0.00000000	0.00000000	0.00000000	0.00000000	0.00000000	0.00000000	0.00000000
858.99346924	0.00000000	0.00000000	0.00000000	0.00000000	0.00000000	0.00000000	0.00000000	0.00000000
966.36761475	0.00000000	0.00000000	0.00000000	0.00000000	0.00000000	0.00000000	0.00000000	0.00000000
1073.74182129	0.00000000	0.00000000	0.00000000	0.00000000	0.00000000	0.00000000	0.00000000	0.00000000
1181.11596680	0.00000000	0.00000000	0.00000000	0.00000000	0.00000000	0.00000000	0.00000000	0.00000000
1288.49023437	0.00000000	0.00000000	0.00000000	0.00000000	0.00000000	0.00000000	0.00000000	0.00000000
1395.86437988	0.00000000	0.00000000	0.00000000	0.00000000	0.00000000	0.00000000	0.00000000	0.00000000
1503.23852539	0.00000000	0.00000000	0.00000000	0.00000000	0.00000000	0.00000000	0.00000000	0.00000000
1610.61279297	0.00000000	0.00000000	0.00000000	0.00000000	0.00000000	0.00000000	0.00000000	0.00000000
1717.98693848	0.00000000	0.00000000	0.00000000	0.00000000	0.00000000	0.00000000	0.00000000	0.00000000
1932.73522949	0.00000000	0.00000000	0.00000000	0.00000000	0.00000000	0.00000000	0.00000000	0.00000000
2147.48364258	0.00000000	0.00000000	0.00000000	0.00000000	0.00000000	0.00000000	0.00000000	0.00000000
2362.23193359	0.00000000	0.00000000	0.00000000	0.00000000	0.00000000	0.00000000	0.00000000	0.00000000
2576.98046875	0.00000000	0.00000000	0.00000000	0.00000000	0.00000000	0.00000000	0.00000000	0.00000000
2791.72875977	0.00000000	0.00000000	0.00000000	0.00000000	0.00000000	0.00000000	0.00000000	0.00000000
3006.47705078	0.00000000	0.00000000	0.00000000	0.00000000	0.00000000	0.00000000	0.00000000	0.00000000
3221.22558594	0.00000000	0.00000000	0.00000000	0.00000000	0.00000000	0.00000000	0.00000000	0.00000000
3435.97387695	0.00000000	0.00000000	0.00000000	0.00000000	0.00000000	0.00000000	0.00000000	0.00000000
0	0	0	0	0	0	0	0	0
