%4/2/2019 11:30:20 AM
%Duration	ID1		ID2		ID3		ID4		ID5		ID6		ID7		ID8
5000.000000	0.000000	0.352859	416.612640	332.202911	145.883560	50.258636	0.419617	3441.638916
%Tau		Tau1		Tau2		Tau3		Tau4		Tau5		Tau6		Tau7		Tau8
%		0.000000	0.000001	0.000358	0.000256	0.000166	0.000096	0.000001	0.000029
%Delaytime	D1		D2		D3		D4		D5		D6		D7		D8
0.00000020	0.00000000	137.06599426	1.52663064	1.45173478	1.58326423	3.14692473	182.52189636	15.63853550
0.00000040	0.00000000	0.00000000	1.49102688	1.47175932	1.49477899	1.73047090	38.42566299	15.36356735
0.00000060	0.00000000	0.00000000	1.48510003	1.46870208	1.52057588	1.46541345	19.21283150	15.36406898
0.00000080	0.00000000	0.00000000	1.46873438	1.47787368	1.50479102	1.48820496	0.00000000	16.18178749
0.00000100	0.00000000	0.00000000	1.47836936	1.47466362	1.48521793	1.48736084	9.60641575	15.79961014
0.00000120	0.00000000	0.00000000	1.47697616	1.47549582	1.49306524	1.47047818	9.60641575	15.28643417
0.00000140	0.00000000	10.54353905	1.48055577	1.46973813	1.46573484	1.47469890	0.00000000	15.27984810
0.00000160	0.00000000	10.54353905	1.47877669	1.46268964	1.47899413	1.50171113	0.00000000	15.81635952
0.00000180	0.00000000	10.54353905	1.47669744	1.46318221	1.48720229	1.50846410	0.00000000	15.88528633
0.00000200	0.00000000	0.00000000	1.47451115	1.46978915	1.47682941	1.49664629	0.00000000	15.50039101
0.00000220	0.00000000	0.00000000	1.47811222	1.46778500	1.47863328	1.49158156	9.60641575	15.32987404
0.00000240	0.00000000	0.00000000	1.48087728	1.46766603	1.46970367	1.44599843	0.00000000	15.61204052
0.00000260	0.00000000	0.00000000	1.47381449	1.46754718	1.47755098	1.50255525	0.00000000	15.82885742
0.00000280	0.00000000	0.00000000	1.47053492	1.46652806	1.47421360	1.47385478	0.00000000	15.63580513
0.00000300	0.00000000	0.00000000	1.48160613	1.46613753	1.47367239	1.42405093	0.00000000	15.42138004
0.00000320	0.00000000	0.00000000	1.47746909	1.46194232	1.48828459	1.47554302	0.00000000	15.51692867
0.00000360	0.00000000	0.00000000	1.46922195	1.46600163	1.49211812	1.44937491	0.00000000	15.65966225
0.00000400	0.00000000	0.00000000	1.47308564	1.46566188	1.48409033	1.48102987	4.80320787	15.53795528
0.00000440	0.00000000	0.00000000	1.47257125	1.45945418	1.47439396	1.46963406	0.00000000	15.65613270
0.00000480	0.00000000	0.00000000	1.46589422	1.46618843	1.47394300	1.48736084	0.00000000	15.55153656
0.00000520	0.00000000	5.27176952	1.47141373	1.46701217	1.46108961	1.46456933	0.00000000	15.64070320
0.00000560	0.00000000	0.00000000	1.47120476	1.46905029	1.46866632	1.43207026	0.00000000	15.57200050
0.00000600	0.00000000	0.00000000	1.46784472	1.45610821	1.46974874	1.46625757	4.80320787	15.61944103
0.00000640	0.00000000	0.00000000	1.46778584	1.45932674	1.46145046	1.48145187	0.00000000	15.59018517
0.00000720	0.00000000	0.00000000	1.46827614	1.45649457	1.47407830	1.45064116	0.00000000	15.60136414
0.00000800	0.00000000	2.63588476	1.46789837	1.45769203	1.48131680	1.44599843	2.40160394	15.60079670
0.00000880	0.00000000	0.00000000	1.46373725	1.45533121	1.46726823	1.44030046	2.40160394	15.60139084
0.00000960	0.00000000	0.00000000	1.46035326	1.45761979	1.46742606	1.46288097	2.40160394	15.60057831
0.00001040	0.00000000	0.00000000	1.46614873	1.44939089	1.46140528	1.40970075	0.00000000	15.60107422
0.00001120	0.00000000	0.00000000	1.46086228	1.45331001	1.45827091	1.45085216	0.00000000	15.60088253
0.00001200	0.00000000	0.00000000	1.46330857	1.45111907	1.44264388	1.40400279	2.40160394	15.60145187
0.00001280	0.00000000	2.63588476	1.46389532	1.44700468	1.45434725	1.43249226	0.00000000	15.60098934
0.00001440	0.00000000	1.31794238	1.45823777	1.44429994	1.45004022	1.42827165	1.20080197	15.60140705
0.00001600	0.00000000	3.95382690	1.45806229	1.44160569	1.44804454	1.40073180	3.60240579	15.60138512
0.00001760	0.00000000	0.00000000	1.45611441	1.44244015	1.44545138	1.41592622	1.20080197	15.60153675
0.00001920	0.00000000	0.00000000	1.45096600	1.43792224	1.43614960	1.39830494	0.00000000	15.60246563
0.00002080	0.00000000	1.31794238	1.45150316	1.43663990	1.43311667	1.39767182	0.00000000	15.60255718
0.00002240	0.00000000	0.00000000	1.44987142	1.43083763	1.43110967	1.39503396	1.20080197	15.60195923
0.00002400	0.00000000	0.00000000	1.44866836	1.42829645	1.42603600	1.39492834	0.00000000	15.60232258
0.00002560	0.00000000	0.00000000	1.44852102	1.42838764	1.42296922	1.39408422	0.00000000	15.60283184
0.00002880	0.00000000	0.00000000	1.44376731	1.41947091	1.41459966	1.37470376	0.00000000	1.00001752
0.00003200	0.00000000	2.62131500	1.44075203	1.41413617	1.40739405	1.36958480	1.79644096	1.00002944
0.00003520	0.00000000	1.96598625	1.43523037	1.41137004	1.40053213	1.35501921	1.19762731	1.00002825
0.00003840	0.00000000	1.31065750	1.43485022	1.40559709	1.39938843	1.36916256	0.00000000	1.00004923
0.00004160	0.00000000	1.96598625	1.43046105	1.39957285	1.38920259	1.34451723	1.79644096	1.00007653
0.00004480	0.00000000	1.31065750	1.42779386	1.39496422	1.38348997	1.33875930	2.39525461	1.00009370
0.00004800	0.00000000	0.00000000	1.42367220	1.38930607	1.37025046	1.33870661	0.00000000	1.00008750
0.00005120	0.00000000	0.65532875	1.42083263	1.38645697	1.36506736	1.32604086	1.19762731	1.00008786
0.00005760	0.00000000	0.65593374	1.41322935	1.37556350	1.35104120	1.30962586	1.50100243	1.00008047
0.00006400	0.00000000	0.32796687	1.40602660	1.36715710	1.34119475	1.28860033	0.30020049	1.00011611
0.00007040	0.00000000	0.65593374	1.40099859	1.35754800	1.33090687	1.27934062	0.30020049	1.00011075
0.00007680	0.00000000	0.65593374	1.39487898	1.34988666	1.31959164	1.25881624	0.30020049	1.00009573
0.00008320	0.00000000	0.32796687	1.38830245	1.34021306	1.30849898	1.26385498	1.20080197	1.00011325
0.00008960	0.00000000	1.63983428	1.38245738	1.33091867	1.29997134	1.25040078	1.20080197	1.00011659
0.00009600	0.00000000	1.63983428	1.37599444	1.32246220	1.28810000	1.23349071	0.90060145	1.00009716
0.00010240	0.00000000	1.63983428	1.36990654	1.31488407	1.27708340	1.21763575	0.60040098	1.00009370
0.00011520	0.00000000	0.49285963	1.35791576	1.29781342	1.25773847	1.19925308	2.25150371	1.00008500
0.00012800	0.00000000	1.15000582	1.34672379	1.28490806	1.24203968	1.18650615	0.90060145	1.00008726
0.00014080	0.00000000	0.98571926	1.33522165	1.27022588	1.22469389	1.17193341	0.75050122	1.00007069
0.00015360	0.00000000	1.80715203	1.32336092	1.25572217	1.20753133	1.15850878	0.60040098	1.00007868
0.00016640	0.00000000	0.98571926	1.31296480	1.24226975	1.19542420	1.13895786	1.20080197	1.00007188
0.00017920	0.00000000	0.82143271	1.30210173	1.22973895	1.18053293	1.13493788	1.20080197	1.00007391
0.00019200	0.00000000	1.15000582	1.29168940	1.21719980	1.16628802	1.11969697	1.80120289	1.00007308
0.00020480	0.00000000	0.82143271	1.28099716	1.20603406	1.15481877	1.11144984	0.90060145	1.00006986
0.00023040	0.00000000	0.65897119	1.26196861	1.18526077	1.13373744	1.09065461	1.12575185	1.00007236
0.00025600	0.00000000	0.74134254	1.24236202	1.16690922	1.11529768	1.06921101	1.57605255	1.00007284
0.00028160	0.00000000	0.74134254	1.22605526	1.14856470	1.09966195	1.06198621	0.90060145	1.00006723
0.00030720	0.00000000	0.98845673	1.20847809	1.13231242	1.08481729	1.04637313	0.67545110	1.00006568
0.00033280	0.00000000	1.40031374	1.19334543	1.11851811	1.07382655	1.04045701	0.97565156	1.00006402
0.00035840	0.00000000	1.23557091	1.17936695	1.10517514	1.06251681	1.03452349	1.20080197	1.00006437
0.00038400	0.00000000	1.40031374	1.16553807	1.09371555	1.05042291	1.02930689	0.60040098	1.00006282
0.00040960	0.00000000	1.31794238	1.15339398	1.08386862	1.04315627	1.02729881	0.97565156	1.00006056
0.00046080	0.00000000	1.06983829	1.13064229	1.06587458	1.03130746	1.01510859	0.74983895	1.00005937
0.00051200	0.00000000	1.15213346	1.11061060	1.05311584	1.02200782	1.01179361	1.57466173	1.00005746
0.00056320	0.00000000	1.02869058	1.09377098	1.04134381	1.01507592	1.00653410	0.97479063	1.00005746
0.00061440	0.00000000	0.86410010	1.07965302	1.03231466	1.01053631	1.00375664	0.86231476	1.00005662
0.00066560	0.00000000	1.19328105	1.06721294	1.02501357	1.00633085	1.00047648	1.34971011	1.00005472
0.00071680	0.00000000	0.94639534	1.05652976	1.02035975	1.00387704	0.99792421	0.93729866	1.00005496
0.00076800	0.00000000	0.98754299	1.04739809	1.01449943	1.00079823	0.99633890	1.19974232	1.00005138
0.00081920	0.00000000	1.02869058	1.03938389	1.01106405	1.00108075	0.99612296	0.59987116	1.00005233
0.00092160	0.00000000	1.03155005	1.02779531	1.00506055	0.99974525	0.99557883	1.07040918	1.00005114
0.00102400	0.00000000	0.94902605	1.01931512	1.00218558	1.00310755	0.99633980	0.97651362	1.00004756
0.00112640	0.00000000	0.96920836	1.01377010	1.00010121	1.00166965	0.99341953	1.20186293	1.00004697
0.00122880	0.00000000	0.86610109	1.01007020	0.99904954	0.99891794	0.99403208	0.95773453	1.00004768
0.00133120	0.00000000	1.05169415	1.00804996	0.99803799	0.99764925	0.99912727	1.05163002	1.00004590
0.00143360	0.00000000	0.84547961	1.00742590	0.99819946	0.99773985	1.00054860	0.92017633	1.00004733
0.00153600	0.00000000	0.92796546	1.00743926	0.99903393	0.99894255	1.00214815	1.03285098	1.00004792
0.00163840	0.00000000	0.90734398	1.00675988	1.00035083	0.99962163	1.00341690	1.10796738	1.00004613
0.00184320	0.00000000	0.99736881	1.00435877	1.00205958	0.99943167	1.00200295	1.08582854	1.00004768
0.00204800	0.00000000	0.90482944	1.00163627	1.00145030	0.99931508	1.00077486	0.92669845	1.00004697
0.00225280	0.00000000	1.18244755	1.00048423	1.00160229	1.00027728	0.99960744	0.96414083	1.00004613
0.00245760	0.00000000	1.12075460	0.99943018	1.00095975	1.00473595	0.99654198	0.91733783	1.00004601
0.00266240	0.00000000	0.92539370	0.99682987	1.00015342	1.00501812	0.99687481	0.87053490	1.00004351
0.00286720	0.00000000	0.82257217	0.99626398	1.00233042	1.00335932	0.99520087	1.02030432	1.00004125
0.00307200	0.00000000	0.90482944	0.99744612	1.00344098	1.00114286	0.99682701	0.98286200	1.00004160
0.00327680	0.00000000	1.07962596	0.99850661	1.00333250	0.99934483	0.99993670	1.00158322	1.00004017
0.00368640	0.00000000	1.01232469	0.99856633	1.00515306	1.00082159	1.00109565	1.08726645	1.00003791
0.00409600	0.00000000	0.83671731	1.00258648	1.00323951	1.00192571	0.99784827	0.97479063	1.00003481
0.00450560	0.00000000	1.03298438	1.00170553	0.99884182	0.99968302	0.99833035	1.03994262	1.00003231
0.00491520	0.00000000	1.05364406	0.99935484	1.00002265	1.00101006	0.99801642	0.85256553	1.00003052
0.00532480	0.00000000	1.06913877	0.99810225	1.00258279	1.00143421	1.00146890	1.10552454	1.00002801
0.00573440	0.00000000	1.03298438	0.99736589	1.00056303	1.00269103	1.00336802	1.03057373	1.00002587
0.00614400	0.00000000	1.09445620	1.00000691	0.99700242	1.00340283	1.00125146	0.97947711	1.00002396
0.00655360	0.00000000	0.88795507	1.00342369	0.99646062	0.99961597	1.00261807	0.99822307	1.00002253
0.00737280	0.00000000	0.95248669	1.00056839	0.99827707	1.00074339	0.99851745	1.02732480	0.44219631
0.00819200	0.00000000	0.90344262	0.99582058	1.00058329	1.00350451	0.99820119	0.98329556	0.44219479
0.00901120	0.00000000	0.84665483	0.99679029	1.00003147	0.99922371	0.99742424	1.01652050	0.44219401
0.00983040	0.00000000	1.07638741	1.00161576	0.99849290	1.00092673	0.99858809	1.00436616	0.44219372
0.01064960	0.00000000	0.98604310	0.99998808	0.99641275	1.00181711	0.99868155	1.04696929	0.44219410
0.01146880	0.00000000	1.01701832	1.00219774	1.00227129	1.00153482	0.99746352	1.00949383	0.44219750
0.01228800	0.00000000	1.06606233	0.99823827	0.99707431	0.99964279	0.99740702	1.13128889	0.44219869
0.01310720	0.00000000	1.07380605	0.99910742	0.99745923	1.00052369	0.99779212	1.06102252	0.44219962
0.01474560	0.00000000	1.08162630	1.00191438	0.99671531	0.99986392	1.00035894	0.96924865	0.16333367
0.01638400	0.00000000	1.09758639	1.00308776	0.99516040	0.99861568	0.99866164	1.02894878	0.16333446
0.01802240	0.00000000	1.00951779	1.00496078	0.99957883	0.99991351	0.99926543	0.98914868	0.16333005
0.01966080	0.00000000	0.98891544	1.00152922	1.00340068	0.99958420	0.99981004	1.00319576	0.16332236
0.02129920	0.00000000	0.99535370	1.00196803	0.99972516	1.00239170	0.99884582	0.98533523	0.16331291
0.02293760	0.00000000	1.08162630	0.99830246	0.99938369	1.00041842	1.00058627	1.00408125	0.16330430
0.02457600	0.00000000	1.03398323	0.99639875	0.99991131	0.99815774	0.99940717	0.99470824	0.16329893
0.02621440	0.00000000	1.01209307	0.99855769	1.00109649	0.99988383	0.99892604	1.00173795	0.16329439
0.02949120	0.00000000	1.00758636	1.00094867	1.00021470	1.00041103	1.00005722	0.96483260	0.02983114
0.03276800	0.00000000	0.97410744	0.99968398	0.99925393	1.00064766	1.00099957	1.05070186	0.02983394
0.03604480	0.00000000	0.97668272	0.99785680	1.00113380	1.00030637	0.99929595	1.01669478	0.02982270
0.03932160	0.00000000	1.02802110	1.00095248	0.99777007	0.99814105	0.99994040	1.03193939	0.02980277
0.04259840	0.00000000	0.99792898	0.99963403	0.99897134	0.99901766	1.00012398	1.01317680	0.02979610
0.04587520	0.00000000	1.01741636	0.99707538	1.00015104	1.00083709	1.00075984	1.02034879	0.02980426
0.04915200	0.00000000	0.98406112	1.00227499	1.00124836	0.99964964	1.00048077	1.04320550	0.02981362
0.05242880	0.00000000	0.96845025	0.99984425	1.00019658	0.99859697	0.99874151	1.01931310	0.02980760
0.05898240	0.00000000	1.01536250	0.99976724	1.00078678	1.00021493	0.99966365	0.99632096	1.00027645
0.06553600	0.00000000	0.99782991	1.00327516	0.99959427	1.00050616	1.00022578	0.99456120	1.00047052
0.07208960	0.00000000	0.98054487	0.99916285	1.00041342	0.99981934	0.99999851	1.01731789	1.00032556
0.07864320	0.00000000	0.98574847	1.00018048	1.00035357	1.00068259	0.99969757	1.00923634	1.00035310
0.08519680	0.00000000	0.99429375	0.99957818	1.00093603	0.99970573	1.00072122	0.98825133	1.00045967
0.09175040	0.00000000	1.00861490	1.00022459	0.99953783	0.99996471	1.00012767	0.98839408	1.00025928
0.09830400	0.00000000	0.95294380	0.99965793	0.99894738	1.00051391	0.99941742	1.00395238	1.00044501
0.10485760	0.00000000	1.02226126	1.00099516	1.00303698	0.99792743	1.00041485	1.01510751	1.00033796
0.11796480	0.00000000	0.97799003	1.00176501	1.00008559	0.99938929	1.00062370	0.98386014	1.00038350
0.13107200	0.00000000	0.98497432	0.99995470	0.99986166	1.00054157	0.99970198	0.99704772	1.00036931
0.14417920	0.00000000	0.99626076	0.99929315	0.99940115	0.99996430	0.99917579	0.99234742	1.00033081
0.15728641	0.00000000	0.99791825	0.99869734	1.00013316	1.00047326	1.00029433	1.00114596	1.00033200
0.17039360	0.00000000	1.01350045	0.99832660	1.00103903	1.00003636	0.99958652	1.00979805	1.00033545
0.18350080	0.00000000	1.00437975	1.00013256	0.99984777	1.00033867	1.00047946	1.02375972	1.00033426
0.19660801	0.00000000	1.02661049	1.00074673	0.99996895	1.00027072	1.00031710	1.00789833	1.00032580
0.20971520	0.00000000	1.01553488	0.99921405	0.99993575	0.99895263	0.99939960	0.99554449	1.00031209
0.23592959	0.00000000	1.00745535	1.00008333	1.00011384	0.99957746	1.00017357	1.00212502	1.00030506
0.26214400	0.00000000	1.01434910	0.99957025	0.99946916	1.00031149	0.99981356	1.00911522	1.00030136
0.28835839	0.00000000	0.98947901	0.99945748	1.00025964	0.99940372	1.00002491	1.00624967	1.00030184
0.31457281	0.00000000	0.97818762	1.00060201	0.99983454	0.99989527	0.99996567	0.99939221	1.00028908
0.34078720	0.00000000	0.98163038	1.00040627	1.00025392	1.00082731	1.00066924	1.01646042	1.00026131
0.36700159	0.00000000	0.99197733	0.99909651	0.99967146	1.00031376	0.99979901	1.00651491	1.00026643
0.39321601	0.00000000	0.98616612	1.00051689	0.99964106	1.00007856	1.00038993	0.99009115	1.00024927
0.41943040	0.00000000	1.00827146	0.99997413	1.00037336	1.00027704	1.00030088	1.00643647	1.00025761
0.47185919	0.00000000	1.00868583	0.99904329	0.99973422	0.99951249	0.99999785	0.99472392	1.00022042
0.52428800	0.00000000	0.99167526	0.99999350	0.99954343	0.99986660	0.99997765	1.00156021	1.00019622
0.57671678	0.00000000	0.98669213	1.00019634	1.00001073	1.00029898	0.99967349	0.99171722	1.00021040
0.62914562	0.00000000	1.01133621	0.99969411	0.99987984	0.99946624	1.00011182	0.98843849	1.00022781
0.68157440	0.00000000	0.99593776	0.99904138	0.99996763	0.99985123	1.00015020	1.00695169	1.00021946
0.73400319	0.00000000	1.01118362	0.99987638	1.00024831	1.00006151	0.99985802	1.00192463	1.00023019
0.78643203	0.00000000	1.00626731	0.99898648	1.00052738	0.99997473	0.99989754	0.99120498	1.00021231
0.83886081	0.00000000	0.99062663	0.99989974	0.99984092	0.99996275	1.00029325	0.98609591	1.00021172
0.94371837	0.00000000	1.00027227	0.99994516	1.00012970	1.00009310	0.99992156	0.98775309	1.00023293
1.04857600	0.00000000	1.00693750	1.00040901	1.00032055	1.00004780	0.99979091	1.00376058	1.00021183
1.15343356	0.00000000	0.99754053	1.00016987	1.00042093	0.99981463	1.00028348	0.99582386	1.00016940
1.25829124	0.00000000	1.00255191	1.00015903	1.00011587	0.99981695	0.99959272	0.99697798	1.00013971
1.36314881	0.00000000	0.99175608	0.99991870	0.99981713	1.00023723	0.99989873	1.00216162	1.00013340
1.46800637	0.00000000	1.00366950	1.00043464	0.99990559	0.99995148	0.99988371	0.99551702	1.00009942
1.57286406	0.00000000	0.99076885	1.00070536	1.00016892	0.99997640	0.99992925	0.99457490	1.00008011
1.67772162	0.00000000	1.00437677	0.99933487	1.00019240	0.99991208	0.99962217	1.00843751	1.00008953
1.88743675	0.00000000	1.00549829	0.99957496	1.00042832	0.99993730	0.99991608	1.00648642	1.00007999
2.09715199	0.00000000	1.00273097	0.99969935	0.99988019	0.99980628	0.99997628	1.00211179	1.00001168
2.30686712	0.00000000	0.99906796	0.99959487	1.00001395	1.00001442	0.99993527	0.99950659	0.99997056
2.51658249	0.00000000	0.99613857	0.99983770	1.00010455	0.99990535	1.00001466	0.99680024	0.99997067
2.72629762	0.00000000	1.00030839	1.00043249	1.00011182	1.00014091	0.99997109	1.00189042	0.99998492
2.93601274	0.00000000	1.00174844	1.00013876	1.00021207	0.99993855	1.00007963	0.99902457	0.99996430
3.14572811	0.00000000	1.00181186	0.99996048	1.00003195	0.99999720	0.99996156	0.99477077	0.99995059
3.35544324	0.00000000	0.99525487	0.99960971	1.00003827	0.99991941	0.99995798	0.99853486	0.99997443
3.77487350	0.00000000	0.99892616	0.99996036	1.00003076	0.99989307	1.00012028	1.00178003	0.99999315
4.19430399	0.00000000	0.99400336	1.00033319	1.00001431	1.00002563	1.00008738	0.99590075	0.99999279
4.61373425	0.00000000	1.00174642	0.99987841	1.00000083	0.99992859	1.00001013	0.99736494	1.00002503
5.03316498	0.00000000	0.99603480	0.99998313	1.00000191	0.99997008	1.00000393	1.00007629	1.00001490
5.45259523	0.00000000	1.00146604	1.00036323	1.00018001	1.00008929	0.99977469	1.00309730	1.00003219
5.87202549	0.00000000	0.99487019	1.00009513	0.99977940	1.00013649	0.99986780	1.00608897	0.99999613
6.29145622	0.00000000	0.99773872	0.99977881	1.00022280	1.00011265	0.99988455	1.00284338	1.00000358
6.71088648	0.00000000	1.00602341	1.00019932	0.99992377	0.99996614	1.00005567	0.99518824	0.99997634
7.54974699	0.00000000	0.99972063	0.99973214	0.99996364	0.99997598	0.99997544	1.00240219	0.99999285
8.38860798	0.00000000	1.00000000	1.00000000	1.00000000	1.00000000	1.00000000	1.00000000	1.00000000
9.22746849	0.00000000	0.00000000	0.00000000	0.00000000	0.00000000	0.00000000	0.00000000	0.00000000
10.06632996	0.00000000	0.00000000	0.00000000	0.00000000	0.00000000	0.00000000	0.00000000	0.00000000
10.90519047	0.00000000	0.00000000	0.00000000	0.00000000	0.00000000	0.00000000	0.00000000	0.00000000
11.74405098	0.00000000	0.00000000	0.00000000	0.00000000	0.00000000	0.00000000	0.00000000	0.00000000
12.58291245	0.00000000	0.00000000	0.00000000	0.00000000	0.00000000	0.00000000	0.00000000	0.00000000
13.42177296	0.00000000	0.00000000	0.00000000	0.00000000	0.00000000	0.00000000	0.00000000	0.00000000
15.09949398	0.00000000	0.00000000	0.00000000	0.00000000	0.00000000	0.00000000	0.00000000	0.00000000
16.77721596	0.00000000	0.00000000	0.00000000	0.00000000	0.00000000	0.00000000	0.00000000	0.00000000
18.45493698	0.00000000	0.00000000	0.00000000	0.00000000	0.00000000	0.00000000	0.00000000	0.00000000
20.13265991	0.00000000	0.00000000	0.00000000	0.00000000	0.00000000	0.00000000	0.00000000	0.00000000
21.81038094	0.00000000	0.00000000	0.00000000	0.00000000	0.00000000	0.00000000	0.00000000	0.00000000
23.48810196	0.00000000	0.00000000	0.00000000	0.00000000	0.00000000	0.00000000	0.00000000	0.00000000
25.16582489	0.00000000	0.00000000	0.00000000	0.00000000	0.00000000	0.00000000	0.00000000	0.00000000
26.84354591	0.00000000	0.00000000	0.00000000	0.00000000	0.00000000	0.00000000	0.00000000	0.00000000
30.19898796	0.00000000	0.00000000	0.00000000	0.00000000	0.00000000	0.00000000	0.00000000	0.00000000
33.55443192	0.00000000	0.00000000	0.00000000	0.00000000	0.00000000	0.00000000	0.00000000	0.00000000
36.90987396	0.00000000	0.00000000	0.00000000	0.00000000	0.00000000	0.00000000	0.00000000	0.00000000
40.26531982	0.00000000	0.00000000	0.00000000	0.00000000	0.00000000	0.00000000	0.00000000	0.00000000
43.62076187	0.00000000	0.00000000	0.00000000	0.00000000	0.00000000	0.00000000	0.00000000	0.00000000
46.97620392	0.00000000	0.00000000	0.00000000	0.00000000	0.00000000	0.00000000	0.00000000	0.00000000
50.33164978	0.00000000	0.00000000	0.00000000	0.00000000	0.00000000	0.00000000	0.00000000	0.00000000
53.68709183	0.00000000	0.00000000	0.00000000	0.00000000	0.00000000	0.00000000	0.00000000	0.00000000
60.39797592	0.00000000	0.00000000	0.00000000	0.00000000	0.00000000	0.00000000	0.00000000	0.00000000
67.10886383	0.00000000	0.00000000	0.00000000	0.00000000	0.00000000	0.00000000	0.00000000	0.00000000
73.81974792	0.00000000	0.00000000	0.00000000	0.00000000	0.00000000	0.00000000	0.00000000	0.00000000
80.53063965	0.00000000	0.00000000	0.00000000	0.00000000	0.00000000	0.00000000	0.00000000	0.00000000
87.24152374	0.00000000	0.00000000	0.00000000	0.00000000	0.00000000	0.00000000	0.00000000	0.00000000
93.95240784	0.00000000	0.00000000	0.00000000	0.00000000	0.00000000	0.00000000	0.00000000	0.00000000
100.66329956	0.00000000	0.00000000	0.00000000	0.00000000	0.00000000	0.00000000	0.00000000	0.00000000
107.37418365	0.00000000	0.00000000	0.00000000	0.00000000	0.00000000	0.00000000	0.00000000	0.00000000
120.79595184	0.00000000	0.00000000	0.00000000	0.00000000	0.00000000	0.00000000	0.00000000	0.00000000
134.21772766	0.00000000	0.00000000	0.00000000	0.00000000	0.00000000	0.00000000	0.00000000	0.00000000
147.63949585	0.00000000	0.00000000	0.00000000	0.00000000	0.00000000	0.00000000	0.00000000	0.00000000
161.06127930	0.00000000	0.00000000	0.00000000	0.00000000	0.00000000	0.00000000	0.00000000	0.00000000
174.48304749	0.00000000	0.00000000	0.00000000	0.00000000	0.00000000	0.00000000	0.00000000	0.00000000
187.90481567	0.00000000	0.00000000	0.00000000	0.00000000	0.00000000	0.00000000	0.00000000	0.00000000
201.32659912	0.00000000	0.00000000	0.00000000	0.00000000	0.00000000	0.00000000	0.00000000	0.00000000
214.74836731	0.00000000	0.00000000	0.00000000	0.00000000	0.00000000	0.00000000	0.00000000	0.00000000
241.59190369	0.00000000	0.00000000	0.00000000	0.00000000	0.00000000	0.00000000	0.00000000	0.00000000
268.43545532	0.00000000	0.00000000	0.00000000	0.00000000	0.00000000	0.00000000	0.00000000	0.00000000
295.27899170	0.00000000	0.00000000	0.00000000	0.00000000	0.00000000	0.00000000	0.00000000	0.00000000
322.12255859	0.00000000	0.00000000	0.00000000	0.00000000	0.00000000	0.00000000	0.00000000	0.00000000
348.96609497	0.00000000	0.00000000	0.00000000	0.00000000	0.00000000	0.00000000	0.00000000	0.00000000
375.80963135	0.00000000	0.00000000	0.00000000	0.00000000	0.00000000	0.00000000	0.00000000	0.00000000
402.65319824	0.00000000	0.00000000	0.00000000	0.00000000	0.00000000	0.00000000	0.00000000	0.00000000
429.49673462	0.00000000	0.00000000	0.00000000	0.00000000	0.00000000	0.00000000	0.00000000	0.00000000
483.18380737	0.00000000	0.00000000	0.00000000	0.00000000	0.00000000	0.00000000	0.00000000	0.00000000
536.87091064	0.00000000	0.00000000	0.00000000	0.00000000	0.00000000	0.00000000	0.00000000	0.00000000
590.55798340	0.00000000	0.00000000	0.00000000	0.00000000	0.00000000	0.00000000	0.00000000	0.00000000
644.24511719	0.00000000	0.00000000	0.00000000	0.00000000	0.00000000	0.00000000	0.00000000	0.00000000
697.93218994	0.00000000	0.00000000	0.00000000	0.00000000	0.00000000	0.00000000	0.00000000	0.00000000
751.61926270	0.00000000	0.00000000	0.00000000	0.00000000	0.00000000	0.00000000	0.00000000	0.00000000
805.30639648	0.00000000	0.00000000	0.00000000	0.00000000	0.00000000	0.00000000	0.00000000	0.00000000
858.99346924	0.00000000	0.00000000	0.00000000	0.00000000	0.00000000	0.00000000	0.00000000	0.00000000
966.36761475	0.00000000	0.00000000	0.00000000	0.00000000	0.00000000	0.00000000	0.00000000	0.00000000
1073.74182129	0.00000000	0.00000000	0.00000000	0.00000000	0.00000000	0.00000000	0.00000000	0.00000000
1181.11596680	0.00000000	0.00000000	0.00000000	0.00000000	0.00000000	0.00000000	0.00000000	0.00000000
1288.49023437	0.00000000	0.00000000	0.00000000	0.00000000	0.00000000	0.00000000	0.00000000	0.00000000
1395.86437988	0.00000000	0.00000000	0.00000000	0.00000000	0.00000000	0.00000000	0.00000000	0.00000000
1503.23852539	0.00000000	0.00000000	0.00000000	0.00000000	0.00000000	0.00000000	0.00000000	0.00000000
1610.61279297	0.00000000	0.00000000	0.00000000	0.00000000	0.00000000	0.00000000	0.00000000	0.00000000
1717.98693848	0.00000000	0.00000000	0.00000000	0.00000000	0.00000000	0.00000000	0.00000000	0.00000000
1932.73522949	0.00000000	0.00000000	0.00000000	0.00000000	0.00000000	0.00000000	0.00000000	0.00000000
2147.48364258	0.00000000	0.00000000	0.00000000	0.00000000	0.00000000	0.00000000	0.00000000	0.00000000
2362.23193359	0.00000000	0.00000000	0.00000000	0.00000000	0.00000000	0.00000000	0.00000000	0.00000000
2576.98046875	0.00000000	0.00000000	0.00000000	0.00000000	0.00000000	0.00000000	0.00000000	0.00000000
2791.72875977	0.00000000	0.00000000	0.00000000	0.00000000	0.00000000	0.00000000	0.00000000	0.00000000
3006.47705078	0.00000000	0.00000000	0.00000000	0.00000000	0.00000000	0.00000000	0.00000000	0.00000000
3221.22558594	0.00000000	0.00000000	0.00000000	0.00000000	0.00000000	0.00000000	0.00000000	0.00000000
3435.97387695	0.00000000	0.00000000	0.00000000	0.00000000	0.00000000	0.00000000	0.00000000	0.00000000
0	0	0	0	0	0	0	0	0
