%12/22/2018 5:55:13 PM
%Duration	ID1		ID2		ID3		ID4		ID5		ID6		ID7		ID8
13000.000000	2242.021729	442.895905	80.223083	11.291504	0.000000	0.000000	0.000000	0.000000
%Tau		Tau1		Tau2		Tau3		Tau4		Tau5		Tau6		Tau7		Tau8
%		0.000614	0.000333	0.000179	0.000102	0.000000	0.000000	0.000000	0.000000
%Delaytime	D1		D2		D3		D4		D5		D6		D7		D8
0.00000020	1.30865228	1.53658462	2.10085416	3.05412006	0.00000000	0.00000000	0.00000000	0.00000000
0.00000040	1.36835361	1.48199499	1.58223379	1.67896652	0.00000000	0.00000000	0.00000000	0.00000000
0.00000060	1.36489105	1.47426641	1.53289199	1.43911421	0.00000000	0.00000000	0.00000000	0.00000000
0.00000080	1.36498535	1.46937394	1.51959944	1.58302557	0.00000000	0.00000000	0.00000000	0.00000000
0.00000100	1.36509848	1.47259772	1.49078131	1.55104530	0.00000000	0.00000000	0.00000000	0.00000000
0.00000120	1.36436856	1.46734881	1.50130892	1.57236552	0.00000000	0.00000000	0.00000000	0.00000000
0.00000140	1.36451089	1.46756816	1.48163605	1.42312407	0.00000000	0.00000000	0.00000000	0.00000000
0.00000160	1.36446178	1.46395254	1.51438880	1.55637538	0.00000000	0.00000000	0.00000000	0.00000000
0.00000180	1.36450481	1.46953058	1.48865449	1.44977427	0.00000000	0.00000000	0.00000000	0.00000000
0.00000200	1.36428237	1.46828496	1.52332139	1.62033594	0.00000000	0.00000000	0.00000000	0.00000000
0.00000220	1.36343157	1.46430910	1.49971390	1.40713382	0.00000000	0.00000000	0.00000000	0.00000000
0.00000240	1.36358225	1.46700799	1.50896549	1.42845404	0.00000000	0.00000000	0.00000000	0.00000000
0.00000260	1.36383152	1.46801078	1.48227406	1.64165616	0.00000000	0.00000000	0.00000000	0.00000000
0.00000280	1.36411834	1.46285975	1.46334553	1.45510435	0.00000000	0.00000000	0.00000000	0.00000000
0.00000300	1.36408627	1.46466947	1.49099398	1.54571521	0.00000000	0.00000000	0.00000000	0.00000000
0.00000320	1.36267364	1.46322393	1.51289999	1.44977427	0.00000000	0.00000000	0.00000000	0.00000000
0.00000360	1.36388659	1.46625984	1.50285089	1.56170535	0.00000000	0.00000000	0.00000000	0.00000000
0.00000400	1.36299920	1.46604240	1.46823716	1.43378413	0.00000000	0.00000000	0.00000000	0.00000000
0.00000440	1.36288714	1.46394479	1.48780382	1.54038513	0.00000000	0.00000000	0.00000000	0.00000000
0.00000480	1.36315882	1.45968485	1.50375473	1.47908962	0.00000000	0.00000000	0.00000000	0.00000000
0.00000520	1.36270607	1.46168065	1.49402463	1.52439499	0.00000000	0.00000000	0.00000000	0.00000000
0.00000560	1.36253822	1.46013331	1.47233129	1.44710922	0.00000000	0.00000000	0.00000000	0.00000000
0.00000600	1.36240244	1.46065235	1.48876083	1.45243931	0.00000000	0.00000000	0.00000000	0.00000000
0.00000640	1.36194479	1.46114588	1.48471987	1.57236552	0.00000000	0.00000000	0.00000000	0.00000000
0.00000720	1.36161363	1.45506454	1.47674441	1.44311178	0.00000000	0.00000000	0.00000000	0.00000000
0.00000800	1.36102331	1.45785356	1.47642541	1.45377183	0.00000000	0.00000000	0.00000000	0.00000000
0.00000880	1.36074030	1.45787513	1.47142744	1.44311178	0.00000000	0.00000000	0.00000000	0.00000000
0.00000960	1.36014509	1.45496464	1.48628843	1.44044673	0.00000000	0.00000000	0.00000000	0.00000000
0.00001040	1.35997212	1.45542789	1.46557868	1.47908962	0.00000000	0.00000000	0.00000000	0.00000000
0.00001120	1.35953283	1.45471394	1.46331894	1.43511665	0.00000000	0.00000000	0.00000000	0.00000000
0.00001200	1.35894465	1.45163214	1.46682823	1.39647377	0.00000000	0.00000000	0.00000000	0.00000000
0.00001280	1.35850501	1.45078313	1.45295084	1.50440729	0.00000000	0.00000000	0.00000000	0.00000000
0.00001440	1.35750461	1.44846320	1.45167470	1.43644917	0.00000000	0.00000000	0.00000000	0.00000000
0.00001600	1.35690677	1.44722629	1.44999993	1.43644917	0.00000000	0.00000000	0.00000000	0.00000000
0.00001760	1.35597622	1.44478250	1.44465625	1.36249471	0.00000000	0.00000000	0.00000000	0.00000000
0.00001920	1.35482514	1.44120216	1.45195389	1.40913260	0.00000000	0.00000000	0.00000000	0.00000000
0.00002080	1.35426629	1.44091475	1.44934857	1.40047133	0.00000000	0.00000000	0.00000000	0.00000000
0.00002240	1.35360074	1.43801069	1.44680965	1.43311787	0.00000000	0.00000000	0.00000000	0.00000000
0.00002400	1.35265148	1.43744612	1.44901621	1.43711543	0.00000000	0.00000000	0.00000000	0.00000000
0.00002560	1.35173607	1.43432903	1.43695998	1.39247620	0.00000000	0.00000000	0.00000000	0.00000000
0.00002880	1.35041547	1.43003869	1.42572689	1.41517842	0.00000000	0.00000000	0.00000000	0.00000000
0.00003200	1.34856141	1.42688191	1.42103744	1.39487600	0.00000000	0.00000000	0.00000000	0.00000000
0.00003520	1.34694695	1.42228234	1.41488802	1.37557209	0.00000000	0.00000000	0.00000000	0.00000000
0.00003840	1.34530151	1.41870153	1.40628099	1.35160851	0.00000000	0.00000000	0.00000000	0.00000000
0.00004160	1.34367979	1.41465044	1.40443981	1.29402959	0.00000000	0.00000000	0.00000000	0.00000000
0.00004480	1.34204423	1.40961051	1.39429712	1.35360551	0.00000000	0.00000000	0.00000000	0.00000000
0.00004800	1.34042430	1.40715528	1.39347351	1.33130610	0.00000000	0.00000000	0.00000000	0.00000000
0.00005120	1.33881867	1.40408397	1.38231456	1.31499767	0.00000000	0.00000000	0.00000000	0.00000000
0.00005760	1.33550060	1.39610171	1.37123692	1.33548021	0.00000000	0.00000000	0.00000000	0.00000000
0.00006400	1.33237302	1.38931799	1.35828030	1.33830965	0.00000000	0.00000000	0.00000000	0.00000000
0.00007040	1.32930708	1.38209569	1.34792566	1.27672839	0.00000000	0.00000000	0.00000000	0.00000000
0.00007680	1.32599330	1.37449336	1.33701289	1.28971040	0.00000000	0.00000000	0.00000000	0.00000000
0.00008320	1.32315767	1.36835563	1.32741749	1.26541078	0.00000000	0.00000000	0.00000000	0.00000000
0.00008960	1.31994772	1.36060202	1.31880975	1.26441216	0.00000000	0.00000000	0.00000000	0.00000000
0.00009600	1.31684315	1.35443580	1.30338204	1.25625682	0.00000000	0.00000000	0.00000000	0.00000000
0.00010240	1.31382716	1.34894693	1.29852295	1.23944688	0.00000000	0.00000000	0.00000000	0.00000000
0.00011520	1.30771625	1.33618701	1.27902305	1.20417964	0.00000000	0.00000000	0.00000000	0.00000000
0.00012800	1.30180466	1.32390094	1.26342714	1.18494940	0.00000000	0.00000000	0.00000000	0.00000000
0.00014080	1.29598105	1.31158233	1.24787009	1.17046428	0.00000000	0.00000000	0.00000000	0.00000000
0.00015360	1.29017878	1.30020142	1.23386145	1.16430402	0.00000000	0.00000000	0.00000000	0.00000000
0.00016640	1.28443766	1.28968763	1.22152019	1.13699865	0.00000000	0.00000000	0.00000000	0.00000000
0.00017920	1.27896082	1.27881408	1.20543671	1.12925661	0.00000000	0.00000000	0.00000000	0.00000000
0.00019200	1.27332556	1.26946342	1.19632900	1.11901712	0.00000000	0.00000000	0.00000000	0.00000000
0.00020480	1.26768017	1.25995708	1.18215537	1.12434506	0.00000000	0.00000000	0.00000000	0.00000000
0.00023040	1.25713432	1.24114561	1.16356027	1.08674443	0.00000000	0.00000000	0.00000000	0.00000000
0.00025600	1.24680769	1.22414386	1.14603543	1.09390330	0.00000000	0.00000000	0.00000000	0.00000000
0.00028160	1.23677540	1.20826006	1.12838209	1.07379997	0.00000000	0.00000000	0.00000000	0.00000000
0.00030720	1.22706771	1.19369912	1.11358058	1.05603433	0.00000000	0.00000000	0.00000000	0.00000000
0.00033280	1.21771038	1.18010020	1.10110021	1.05449426	0.00000000	0.00000000	0.00000000	0.00000000
0.00035840	1.20866871	1.16738319	1.08981466	1.04220903	0.00000000	0.00000000	0.00000000	0.00000000
0.00038400	1.19981873	1.15573657	1.07946622	1.04229236	0.00000000	0.00000000	0.00000000	0.00000000
0.00040960	1.19126654	1.14482665	1.07025933	1.02748823	0.00000000	0.00000000	0.00000000	0.00000000
0.00046080	1.17535281	1.12497044	1.05834627	1.02899528	0.00000000	0.00000000	0.00000000	0.00000000
0.00051200	1.16024625	1.10764992	1.04401684	1.02332914	0.00000000	0.00000000	0.00000000	0.00000000
0.00056320	1.14639699	1.09305477	1.03505492	1.01943815	0.00000000	0.00000000	0.00000000	0.00000000
0.00061440	1.13346076	1.08053267	1.02949238	1.01317513	0.00000000	0.00000000	0.00000000	0.00000000
0.00066560	1.12141287	1.06958580	1.02251363	1.00932574	0.00000000	0.00000000	0.00000000	0.00000000
0.00071680	1.11030066	1.05974364	1.01765525	1.00468564	0.00000000	0.00000000	0.00000000	0.00000000
0.00076800	1.09992981	1.05147183	1.01243973	0.99865150	0.00000000	0.00000000	0.00000000	0.00000000
0.00081920	1.09040380	1.04453719	1.01105666	1.00447762	0.00000000	0.00000000	0.00000000	0.00000000
0.00092160	1.07405961	1.03283167	1.00680709	1.00205398	0.00000000	0.00000000	0.00000000	0.00000000
0.00102400	1.06000614	1.02418244	1.00441623	1.00811100	0.00000000	0.00000000	0.00000000	0.00000000
0.00112640	1.04835355	1.01850724	1.00244117	1.00226998	0.00000000	0.00000000	0.00000000	0.00000000
0.00122880	1.03882742	1.01402843	1.00121343	1.00338113	0.00000000	0.00000000	0.00000000	0.00000000
0.00133120	1.03089309	1.01088977	1.00182402	1.00607908	0.00000000	0.00000000	0.00000000	0.00000000
0.00143360	1.02432930	1.00804234	1.00070214	1.00169122	0.00000000	0.00000000	0.00000000	0.00000000
0.00153600	1.01905215	1.00564933	1.00180829	1.00528169	0.00000000	0.00000000	0.00000000	0.00000000
0.00163840	1.01481068	1.00379980	1.00167286	1.00134778	0.00000000	0.00000000	0.00000000	0.00000000
0.00184320	1.00847793	1.00161588	1.00030732	0.99906421	0.00000000	0.00000000	0.00000000	0.00000000
0.00204800	1.00455260	1.00092649	0.99876201	1.00418758	0.00000000	0.00000000	0.00000000	0.00000000
0.00225280	1.00216269	1.00228941	0.99855101	0.99907464	0.00000000	0.00000000	0.00000000	0.00000000
0.00245760	1.00034440	1.00309765	0.99954116	1.00122440	0.00000000	0.00000000	0.00000000	0.00000000
0.00266240	0.99895424	1.00394547	0.99891371	1.00497627	0.00000000	0.00000000	0.00000000	0.00000000
0.00286720	0.99877167	1.00455773	0.99945343	0.99909824	0.00000000	0.00000000	0.00000000	0.00000000
0.00307200	0.99877322	1.00510335	0.99991316	0.99964082	0.00000000	0.00000000	0.00000000	0.00000000
0.00327680	0.99844843	1.00442266	1.00128019	1.00125444	0.00000000	0.00000000	0.00000000	0.00000000
0.00368640	0.99984568	1.00307703	0.99907786	1.00111735	0.00000000	0.00000000	0.00000000	0.00000000
0.00409600	1.00045800	1.00130963	0.99922222	1.00271702	0.00000000	0.00000000	0.00000000	0.00000000
0.00450560	0.99879938	1.00100684	1.00105262	1.00164592	0.00000000	0.00000000	0.00000000	0.00000000
0.00491520	0.99703693	1.00014353	1.00063705	1.00365150	0.00000000	0.00000000	0.00000000	0.00000000
0.00532480	0.99720079	0.99911541	0.99938762	0.99973083	0.00000000	0.00000000	0.00000000	0.00000000
0.00573440	0.99795610	0.99931824	0.99969113	1.00002766	0.00000000	0.00000000	0.00000000	0.00000000
0.00614400	0.99877715	1.00014150	1.00187194	1.00077856	0.00000000	0.00000000	0.00000000	0.00000000
0.00655360	0.99891746	1.00036848	1.00100470	1.00374126	0.00000000	0.00000000	0.00000000	0.00000000
0.00737280	0.99820852	1.00384331	0.99889505	1.00257766	0.00000000	0.00000000	0.00000000	0.00000000
0.00819200	0.99919862	0.99943870	0.99862874	1.00039768	0.00000000	0.00000000	0.00000000	0.00000000
0.00901120	0.99914986	0.99864602	1.00020874	0.99901563	0.00000000	0.00000000	0.00000000	0.00000000
0.00983040	0.99948871	0.99962968	0.99939084	0.99894768	0.00000000	0.00000000	0.00000000	0.00000000
0.01064960	0.99981922	0.99934679	1.00017214	1.00616324	0.00000000	0.00000000	0.00000000	0.00000000
0.01146880	0.99944866	0.99899733	0.99904674	1.00089324	0.00000000	0.00000000	0.00000000	0.00000000
0.01228800	0.99980909	1.00016117	0.99861044	1.00005782	0.00000000	0.00000000	0.00000000	0.00000000
0.01310720	0.99905425	1.00008631	1.00094950	1.00080884	0.00000000	0.00000000	0.00000000	0.00000000
0.01474560	1.00145280	0.99980789	1.00069129	0.99911797	0.00000000	0.00000000	0.00000000	0.00000000
0.01638400	0.99920362	0.99999732	0.99904913	0.99847168	0.00000000	0.00000000	0.00000000	0.00000000
0.01802240	1.00039828	0.99872124	0.99984539	1.00028574	0.00000000	0.00000000	0.00000000	0.00000000
0.01966080	0.99768674	0.99811262	1.00084782	1.00167871	0.00000000	0.00000000	0.00000000	0.00000000
0.02129920	0.99925333	0.99891603	0.99826729	1.00096297	0.00000000	0.00000000	0.00000000	0.00000000
0.02293760	0.99986237	1.00048506	0.99749178	1.00012684	0.00000000	0.00000000	0.00000000	0.00000000
0.02457600	0.99973416	0.99962795	0.99896586	0.99890149	0.00000000	0.00000000	0.00000000	0.00000000
0.02621440	1.00141943	1.00111353	0.99914372	0.99687302	0.00000000	0.00000000	0.00000000	0.00000000
0.02949120	1.00050128	0.99971437	0.99853969	0.99983072	0.00000000	0.00000000	0.00000000	0.00000000
0.03276800	0.99839854	0.99958086	1.00055563	1.00045264	0.00000000	0.00000000	0.00000000	0.00000000
0.03604480	0.99986684	1.00089252	1.00129855	0.99831527	0.00000000	0.00000000	0.00000000	0.00000000
0.03932160	0.99935317	0.99909586	1.00015688	0.99835837	0.00000000	0.00000000	0.00000000	0.00000000
0.04259840	0.99973863	1.00011587	0.99909008	0.99939966	0.00000000	0.00000000	0.00000000	0.00000000
0.04587520	1.00075853	0.99994498	0.99942303	0.99823892	0.00000000	0.00000000	0.00000000	0.00000000
0.04915200	0.99907386	0.99940437	0.99996388	1.00048316	0.00000000	0.00000000	0.00000000	0.00000000
0.05242880	0.99956995	0.99978292	0.99946952	0.99667948	0.00000000	0.00000000	0.00000000	0.00000000
0.05898240	1.00059044	0.99985218	1.00006926	0.99960113	0.00000000	0.00000000	0.00000000	0.00000000
0.06553600	0.99981833	0.99998349	0.99939924	0.99921203	0.00000000	0.00000000	0.00000000	0.00000000
0.07208960	0.99937189	1.00049770	1.00018930	1.00031209	0.00000000	0.00000000	0.00000000	0.00000000
0.07864320	1.00014555	0.99896824	1.00013375	1.00003290	0.00000000	0.00000000	0.00000000	0.00000000
0.08519680	0.99963725	0.99958038	1.00036538	1.00000453	0.00000000	0.00000000	0.00000000	0.00000000
0.09175040	0.99927658	1.00042379	0.99993342	1.00113750	0.00000000	0.00000000	0.00000000	0.00000000
0.09830400	0.99879819	0.99981534	1.00035405	0.99983960	0.00000000	0.00000000	0.00000000	0.00000000
0.10485760	1.00017524	0.99990273	0.99946034	0.99952602	0.00000000	0.00000000	0.00000000	0.00000000
0.11796480	0.99985051	0.99987715	0.99997914	0.99964839	0.00000000	0.00000000	0.00000000	0.00000000
0.13107200	0.99934715	0.99972218	0.99907655	0.99941272	0.00000000	0.00000000	0.00000000	0.00000000
0.14417920	0.99958694	0.99999493	0.99969119	0.99984413	0.00000000	0.00000000	0.00000000	0.00000000
0.15728641	1.00043881	1.00072014	0.99994445	1.00071561	0.00000000	0.00000000	0.00000000	0.00000000
0.17039360	1.00054157	0.99916923	1.00039017	1.00094748	0.00000000	0.00000000	0.00000000	0.00000000
0.18350080	1.00042927	1.00113034	1.00055432	1.00056195	0.00000000	0.00000000	0.00000000	0.00000000
0.19660801	1.00092793	1.00156093	1.00021589	0.99974501	0.00000000	0.00000000	0.00000000	0.00000000
0.20971520	0.99942327	0.99941933	0.99953836	0.99987406	0.00000000	0.00000000	0.00000000	0.00000000
0.23592959	1.00069189	0.99959987	1.00033200	0.99962538	0.00000000	0.00000000	0.00000000	0.00000000
0.26214400	0.99979103	0.99902415	1.00028169	1.00023794	0.00000000	0.00000000	0.00000000	0.00000000
0.28835839	1.00061786	0.99958271	1.00012815	0.99940193	0.00000000	0.00000000	0.00000000	0.00000000
0.31457281	0.99932706	1.00019264	0.99951744	0.99987066	0.00000000	0.00000000	0.00000000	0.00000000
0.34078720	1.00041533	1.00048316	1.00005257	1.00019860	0.00000000	0.00000000	0.00000000	0.00000000
0.36700159	0.99967813	0.99986380	1.00032556	0.99975455	0.00000000	0.00000000	0.00000000	0.00000000
0.39321601	1.00007439	0.99986148	0.99996972	0.99926990	0.00000000	0.00000000	0.00000000	0.00000000
0.41943040	1.00025439	1.00007200	1.00023794	1.00075603	0.00000000	0.00000000	0.00000000	0.00000000
0.47185919	0.99987334	0.99972606	0.99999094	0.99983573	0.00000000	0.00000000	0.00000000	0.00000000
0.52428800	0.99994111	1.00065362	1.00003612	0.99995685	0.00000000	0.00000000	0.00000000	0.00000000
0.57671678	0.99963784	0.99988347	1.00004816	0.99997306	0.00000000	0.00000000	0.00000000	0.00000000
0.62914562	1.00005472	0.99993694	1.00021839	1.00008535	0.00000000	0.00000000	0.00000000	0.00000000
0.68157440	1.00026548	0.99995625	0.99983078	0.99957043	0.00000000	0.00000000	0.00000000	0.00000000
0.73400319	0.99959779	0.99995750	0.99983710	1.00004625	0.00000000	0.00000000	0.00000000	0.00000000
0.78643203	1.00008118	0.99946553	1.00001717	1.00027001	0.00000000	0.00000000	0.00000000	0.00000000
0.83886081	0.99993616	0.99976391	1.00009847	1.00007463	0.00000000	0.00000000	0.00000000	0.00000000
0.94371837	0.99986446	1.00018489	0.99996549	1.00002718	0.00000000	0.00000000	0.00000000	0.00000000
1.04857600	0.99993205	0.99991482	0.99998593	0.99993241	0.00000000	0.00000000	0.00000000	0.00000000
1.15343356	1.00031650	0.99979895	1.00003076	0.99978727	0.00000000	0.00000000	0.00000000	0.00000000
1.25829124	1.00031781	1.00027192	0.99998891	0.99991500	0.00000000	0.00000000	0.00000000	0.00000000
1.36314881	1.00002289	1.00008035	0.99989593	1.00011206	0.00000000	0.00000000	0.00000000	0.00000000
1.46800637	1.00014448	0.99999195	1.00005162	0.99970549	0.00000000	0.00000000	0.00000000	0.00000000
1.57286406	0.99972492	0.99995625	1.00019312	0.99992979	0.00000000	0.00000000	0.00000000	0.00000000
1.67772162	1.00031173	1.00004876	1.00000906	0.99992377	0.00000000	0.00000000	0.00000000	0.00000000
1.88743675	0.99989718	1.00004792	1.00007367	0.99998289	0.00000000	0.00000000	0.00000000	0.00000000
2.09715199	0.99982399	0.99993294	0.99993318	0.99989849	0.00000000	0.00000000	0.00000000	0.00000000
2.30686712	0.99963862	1.00015533	1.00004387	1.00002086	0.00000000	0.00000000	0.00000000	0.00000000
2.51658249	0.99987924	1.00011384	0.99981451	1.00001478	0.00000000	0.00000000	0.00000000	0.00000000
2.72629762	1.00001967	1.00000525	0.99992663	1.00000608	0.00000000	0.00000000	0.00000000	0.00000000
2.93601274	0.99985874	0.99995595	0.99993318	0.99999624	0.00000000	0.00000000	0.00000000	0.00000000
3.14572811	0.99992162	0.99979019	0.99994326	0.99991226	0.00000000	0.00000000	0.00000000	0.00000000
3.35544324	0.99980748	1.00007129	0.99989909	0.99990171	0.00000000	0.00000000	0.00000000	0.00000000
3.77487350	0.99996823	1.00007355	1.00000155	0.99995202	0.00000000	0.00000000	0.00000000	0.00000000
4.19430399	1.00014281	0.99996400	0.99988151	1.00016904	0.00000000	0.00000000	0.00000000	0.00000000
4.61373425	0.99998260	0.99983430	0.99993455	0.99999058	0.00000000	0.00000000	0.00000000	0.00000000
5.03316498	1.00012040	1.00001395	1.00000417	1.00008488	0.00000000	0.00000000	0.00000000	0.00000000
5.45259523	1.00015998	0.99976772	1.00000691	0.99988335	0.00000000	0.00000000	0.00000000	0.00000000
5.87202549	0.99994212	0.99993497	1.00001502	0.99989825	0.00000000	0.00000000	0.00000000	0.00000000
6.29145622	1.00017047	0.99985939	0.99993604	0.99987185	0.00000000	0.00000000	0.00000000	0.00000000
6.71088648	1.00001931	1.00003278	1.00005043	1.00003576	0.00000000	0.00000000	0.00000000	0.00000000
7.54974699	0.99991596	1.00005829	1.00002372	1.00000036	0.00000000	0.00000000	0.00000000	0.00000000
8.38860798	0.99984437	0.99992132	0.99998653	1.00009775	0.00000000	0.00000000	0.00000000	0.00000000
9.22746849	0.99998319	0.99995995	0.99994928	1.00004590	0.00000000	0.00000000	0.00000000	0.00000000
10.06632996	1.00013685	1.00009549	1.00005615	0.99984473	0.00000000	0.00000000	0.00000000	0.00000000
10.90519047	1.00012136	1.00002778	0.99996930	1.00008118	0.00000000	0.00000000	0.00000000	0.00000000
11.74405098	0.99997956	1.00006843	1.00005329	0.99995852	0.00000000	0.00000000	0.00000000	0.00000000
12.58291245	0.99986577	1.00020671	1.00007498	1.00006819	0.00000000	0.00000000	0.00000000	0.00000000
13.42177296	0.99980789	0.99993110	1.00000453	1.00000179	0.00000000	0.00000000	0.00000000	0.00000000
15.09949398	1.00014222	1.00002646	0.99992824	1.00000036	0.00000000	0.00000000	0.00000000	0.00000000
16.77721596	1.00003588	0.99989378	0.99996758	1.00008202	0.00000000	0.00000000	0.00000000	0.00000000
18.45493698	0.99974734	0.99992299	1.00006616	1.00002217	0.00000000	0.00000000	0.00000000	0.00000000
20.13265991	0.99989337	0.99996769	1.00002837	1.00000083	0.00000000	0.00000000	0.00000000	0.00000000
21.81038094	1.00000000	1.00000000	1.00000000	1.00000000	0.00000000	0.00000000	0.00000000	0.00000000
23.48810196	0.00000000	0.00000000	0.00000000	0.00000000	0.00000000	0.00000000	0.00000000	0.00000000
25.16582489	0.00000000	0.00000000	0.00000000	0.00000000	0.00000000	0.00000000	0.00000000	0.00000000
26.84354591	0.00000000	0.00000000	0.00000000	0.00000000	0.00000000	0.00000000	0.00000000	0.00000000
30.19898796	0.00000000	0.00000000	0.00000000	0.00000000	0.00000000	0.00000000	0.00000000	0.00000000
33.55443192	0.00000000	0.00000000	0.00000000	0.00000000	0.00000000	0.00000000	0.00000000	0.00000000
36.90987396	0.00000000	0.00000000	0.00000000	0.00000000	0.00000000	0.00000000	0.00000000	0.00000000
40.26531982	0.00000000	0.00000000	0.00000000	0.00000000	0.00000000	0.00000000	0.00000000	0.00000000
43.62076187	0.00000000	0.00000000	0.00000000	0.00000000	0.00000000	0.00000000	0.00000000	0.00000000
46.97620392	0.00000000	0.00000000	0.00000000	0.00000000	0.00000000	0.00000000	0.00000000	0.00000000
50.33164978	0.00000000	0.00000000	0.00000000	0.00000000	0.00000000	0.00000000	0.00000000	0.00000000
53.68709183	0.00000000	0.00000000	0.00000000	0.00000000	0.00000000	0.00000000	0.00000000	0.00000000
60.39797592	0.00000000	0.00000000	0.00000000	0.00000000	0.00000000	0.00000000	0.00000000	0.00000000
67.10886383	0.00000000	0.00000000	0.00000000	0.00000000	0.00000000	0.00000000	0.00000000	0.00000000
73.81974792	0.00000000	0.00000000	0.00000000	0.00000000	0.00000000	0.00000000	0.00000000	0.00000000
80.53063965	0.00000000	0.00000000	0.00000000	0.00000000	0.00000000	0.00000000	0.00000000	0.00000000
87.24152374	0.00000000	0.00000000	0.00000000	0.00000000	0.00000000	0.00000000	0.00000000	0.00000000
93.95240784	0.00000000	0.00000000	0.00000000	0.00000000	0.00000000	0.00000000	0.00000000	0.00000000
100.66329956	0.00000000	0.00000000	0.00000000	0.00000000	0.00000000	0.00000000	0.00000000	0.00000000
107.37418365	0.00000000	0.00000000	0.00000000	0.00000000	0.00000000	0.00000000	0.00000000	0.00000000
120.79595184	0.00000000	0.00000000	0.00000000	0.00000000	0.00000000	0.00000000	0.00000000	0.00000000
134.21772766	0.00000000	0.00000000	0.00000000	0.00000000	0.00000000	0.00000000	0.00000000	0.00000000
147.63949585	0.00000000	0.00000000	0.00000000	0.00000000	0.00000000	0.00000000	0.00000000	0.00000000
161.06127930	0.00000000	0.00000000	0.00000000	0.00000000	0.00000000	0.00000000	0.00000000	0.00000000
174.48304749	0.00000000	0.00000000	0.00000000	0.00000000	0.00000000	0.00000000	0.00000000	0.00000000
187.90481567	0.00000000	0.00000000	0.00000000	0.00000000	0.00000000	0.00000000	0.00000000	0.00000000
201.32659912	0.00000000	0.00000000	0.00000000	0.00000000	0.00000000	0.00000000	0.00000000	0.00000000
214.74836731	0.00000000	0.00000000	0.00000000	0.00000000	0.00000000	0.00000000	0.00000000	0.00000000
241.59190369	0.00000000	0.00000000	0.00000000	0.00000000	0.00000000	0.00000000	0.00000000	0.00000000
268.43545532	0.00000000	0.00000000	0.00000000	0.00000000	0.00000000	0.00000000	0.00000000	0.00000000
295.27899170	0.00000000	0.00000000	0.00000000	0.00000000	0.00000000	0.00000000	0.00000000	0.00000000
322.12255859	0.00000000	0.00000000	0.00000000	0.00000000	0.00000000	0.00000000	0.00000000	0.00000000
348.96609497	0.00000000	0.00000000	0.00000000	0.00000000	0.00000000	0.00000000	0.00000000	0.00000000
375.80963135	0.00000000	0.00000000	0.00000000	0.00000000	0.00000000	0.00000000	0.00000000	0.00000000
402.65319824	0.00000000	0.00000000	0.00000000	0.00000000	0.00000000	0.00000000	0.00000000	0.00000000
429.49673462	0.00000000	0.00000000	0.00000000	0.00000000	0.00000000	0.00000000	0.00000000	0.00000000
483.18380737	0.00000000	0.00000000	0.00000000	0.00000000	0.00000000	0.00000000	0.00000000	0.00000000
536.87091064	0.00000000	0.00000000	0.00000000	0.00000000	0.00000000	0.00000000	0.00000000	0.00000000
590.55798340	0.00000000	0.00000000	0.00000000	0.00000000	0.00000000	0.00000000	0.00000000	0.00000000
644.24511719	0.00000000	0.00000000	0.00000000	0.00000000	0.00000000	0.00000000	0.00000000	0.00000000
697.93218994	0.00000000	0.00000000	0.00000000	0.00000000	0.00000000	0.00000000	0.00000000	0.00000000
751.61926270	0.00000000	0.00000000	0.00000000	0.00000000	0.00000000	0.00000000	0.00000000	0.00000000
805.30639648	0.00000000	0.00000000	0.00000000	0.00000000	0.00000000	0.00000000	0.00000000	0.00000000
858.99346924	0.00000000	0.00000000	0.00000000	0.00000000	0.00000000	0.00000000	0.00000000	0.00000000
966.36761475	0.00000000	0.00000000	0.00000000	0.00000000	0.00000000	0.00000000	0.00000000	0.00000000
1073.74182129	0.00000000	0.00000000	0.00000000	0.00000000	0.00000000	0.00000000	0.00000000	0.00000000
1181.11596680	0.00000000	0.00000000	0.00000000	0.00000000	0.00000000	0.00000000	0.00000000	0.00000000
1288.49023437	0.00000000	0.00000000	0.00000000	0.00000000	0.00000000	0.00000000	0.00000000	0.00000000
1395.86437988	0.00000000	0.00000000	0.00000000	0.00000000	0.00000000	0.00000000	0.00000000	0.00000000
1503.23852539	0.00000000	0.00000000	0.00000000	0.00000000	0.00000000	0.00000000	0.00000000	0.00000000
1610.61279297	0.00000000	0.00000000	0.00000000	0.00000000	0.00000000	0.00000000	0.00000000	0.00000000
1717.98693848	0.00000000	0.00000000	0.00000000	0.00000000	0.00000000	0.00000000	0.00000000	0.00000000
1932.73522949	0.00000000	0.00000000	0.00000000	0.00000000	0.00000000	0.00000000	0.00000000	0.00000000
2147.48364258	0.00000000	0.00000000	0.00000000	0.00000000	0.00000000	0.00000000	0.00000000	0.00000000
2362.23193359	0.00000000	0.00000000	0.00000000	0.00000000	0.00000000	0.00000000	0.00000000	0.00000000
2576.98046875	0.00000000	0.00000000	0.00000000	0.00000000	0.00000000	0.00000000	0.00000000	0.00000000
2791.72875977	0.00000000	0.00000000	0.00000000	0.00000000	0.00000000	0.00000000	0.00000000	0.00000000
3006.47705078	0.00000000	0.00000000	0.00000000	0.00000000	0.00000000	0.00000000	0.00000000	0.00000000
3221.22558594	0.00000000	0.00000000	0.00000000	0.00000000	0.00000000	0.00000000	0.00000000	0.00000000
3435.97387695	0.00000000	0.00000000	0.00000000	0.00000000	0.00000000	0.00000000	0.00000000	0.00000000
0	0	0	0	0	0	0	0	0
